124.496 294.188
152.626 471.373
165.577 518.571
191.561 552.584
206.032 588.385
209.149 606.921
249.247 971.512
361.065 1027.06
361.242 989.722
390.106 2592.64
472.136 3116.5
477.75 2778.09
484.001 2856.09
531.92 2934.86
535.128 2849.93
537.626 2944.44
556.26 2999.97
556.922 2868.09
578.347 2938
629.491 3366.18
629.224 3630.2
658.161 3907.28
691.843 4281.01
700.151 4020.25
730.966 5677.22
744.686 5239.99
786.531 5354.02
794.885 6016.79
795.834 5568.41
797.479 5757.74
800.194 6846.27
808.521 6448.96
808.546 6105.66
809.139 5906.87
810.896 5710.79
828.412 6859.9
844.373 6639.37
849.773 6800.34
856.315 6991.47
857.748 6917.1
859.125 9119.78
860.285 8478.3
861.507 8167.52
864.634 8396.22
865.301 8677.59
873.626 8707.77
883.131 9064.14
885.277 9005.48
886.075 9094.93
885.895 9201.43
887.137 9130.08
889.768 10734.5
900.578 9882.56
895.866 10404.7
904.472 10179.2
916.777 9873.55
916.5 9513.38
916.121 9588.25
916.068 9554.67
927.08 10158.4
927.521 9970.85
928.051 9929.4
926.272 9717.56
925.611 9768.16
929.455 9979.14
929.505 9906.66
925.864 9867.27
947.392 9986.8
948.432 9990.82
948.956 9981.2
949.262 9922.04
984.582 10028.3
982.257 10863.6
986.433 10612.7
983.927 10714.1
992.52 13474.3
993.217 12878.2
996.136 12733.4
993.398 12176.2
998.443 11846.2
995.484 11579.9
998.247 11991.3
1011.26 12746.5
1013.12 13001.1
1013.92 12750.7
1017.01 12572.2
1021.7 12714.4
1025.31 12550
1030.7 12431.4
1033.16 12277.8
1035.58 12517.6
1037.96 12572.4
1033.19 12352.6
1042.14 12521.4
1044.12 12556.1
1053.47 12393
1049.55 12400.7
1050.13 12407.1
1058.86 12848.8
1058.14 12537.6
1058.13 12305.1
1060.25 12102.7
1060.7 12042.1
1078.05 12282.6
1075.71 12279.5
1079.64 12073.4
1075.22 12041.4
1075.97 11900.7
1075.8 11853.7
1075.75 12074.7
1077.25 12100.6
1082.28 12141.5
1082.4 12096
1082.99 12150
1082.96 12121.1
1084.83 12159.4
1084.31 11934.1
1085.06 11925.9
1083.29 12098.6
1082.96 12113.3
1084.31 12217.6
1085.48 12267.1
1086.97 12336.8
1087.22 12391.3
1088.35 12251.7
1088.73 12165.2
1089.66 12096.9
1089.55 12045.1
1090.07 11987.4
1090.35 11941.1
1090.91 11931.6
1090.46 11944
1091.31 11928.2
1091.92 11882.9
1092.45 11774.5
1092.07 11759
1094.89 11734.6
1093.71 11797.2
1094.33 11764.4
1095.35 11794.1
1095.3 11818.1
1099.27 11954.8
1099.5 11945.4
1099.82 11898.2
1099.06 11944.8
1099.21 11940.7
1098.35 11965
1097.92 12051.1
1098.4 12014.1
1098.54 12080.1
1098.74 12189.9
1100.03 12174.4
1105.6 12195.6
1106.72 12127.6
1104.43 12446.1
1106.49 12524.9
1109.58 12549.1
1109.77 12529
1110.3 12560.4
1111.44 12593.6
1111.82 12658.4
1111.6 12739
1113.97 13013.4
1115.04 12981.8
1115.07 13064.6
1105.54 13355.4
1105.89 13481.9
1105.76 13311.1
1104.85 13184
1104.76 13113.3
1105.05 13070.9
1107.31 13085.8
1107.3 13092.6
1107.34 13038.7
1106.89 12973.3
1112.19 13174.8
1113.3 13146.8
1113.1 13032.1
1113.05 13017.8
1114.68 13046.4
1114.64 13035.6
1114.24 13043.6
1115.68 13045.8
1115.64 13358.2
1120.05 13247.4
1120.39 13115.7
1120.58 13208.7
1121.35 13234.3
1121.91 13358.1
1122.15 13285.1
1126.16 13283.1
1128.26 13201
1127.97 13293.4
1127.92 13260.5
1127.85 13200.2
1128.11 13135
1128.13 13113.7
1128.26 13032.9
1128.25 12991.1
1131.72 12989.9
1133.77 12952.6
1134.02 12939.5
1133.39 12963.3
1133.62 12934.4
1133.94 13536.9
1133.31 13778.2
1137.52 13974.7
1137.52 13984.1
1137.02 13940.9
1136.65 13865.4
1136.5 13770.1
1136.59 13644.3
1137.14 13610.5
1136.75 13505.1
1138.59 13481.9
1138.58 13451.6
1139.14 13449.5
1144.24 13557
1144.98 13641.6
1145.55 13708.9
1145.18 13704.1
1145.49 13849
1145.91 13663.7
1145.07 13614.4
1145.38 13564.1
1146.88 13424.4
1147.85 13333
1148.12 13301.2
1148.08 13317.6
1148.36 13325.2
1148.39 13327.4
1148.42 13325.1
1148.47 13318
1148.49 13290.9
1147.73 13245.5
1147.57 13226.7
1149.24 13215.3
1149.26 13186.3
1147.94 13030.5
1148.86 13096.8
1148.27 13123.3
1148.86 13126.3
1148.33 13189.4
1149.72 13170.5
1150.81 13301.7
1150.7 13326.8
1150.7 13325.5
1150.95 13312.9
1150.67 13327.3
1150.71 13353.1
1152.07 13289.9
1152.5 13171.3
1152.37 13098.4
1153.21 13074.1
1156.95 13031.3
1157.43 13132.4
1157.92 13145.6
1157.79 13124.6
1159.61 13158.8
1159.45 13162.7
1161.34 13101.2
1160.7 13184.6
1161.04 13197.8
1160.83 13198.6
1161.2 13202.6
1161.96 13161.2
1163.07 13165.2
1163.11 13166.8
1161.76 13244.3
1161.8 13366.3
1161.75 13418.9
1161.42 13349.6
1161.03 13407.2
1160.97 13357
1161.03 13361.3
1166.13 13445.7
1166.07 13365.9
1166 13698.2
1167.27 13784.9
1167.27 13789.6
1166 13826.6
1165.02 14510.2
1164.86 14356.5
1165.2 14361.2
1165.31 14383.1
1165.19 14414.4
1165.46 14442.4
1165.53 14379.2
1165.76 14527.6
1166.81 14465.9
1166.8 14336.1
1167.5 14251.8
1166.96 14238.8
1166.37 14205.1
1166.66 14186
1166.5 14174.4
1166.27 14201.1
1165.09 14212.1
1165.29 14248.2
1165.85 14214
1165.55 14190.1
1165.61 14161.3
1165.99 14029.8
1165.97 13969.9
1166.3 13967.9
1166.47 13963.2
1166.23 13960.2
1166.89 13981.5
1167.93 13994.6
1167.93 13995.9
1167.29 13994.2
1167.09 14055.1
1166.98 14099.2
1167.29 14058.5
1167.14 14066.8
1167.12 14110.9
1167.02 14137.3
1167.59 14166.9
1168.09 14196.4
1168.07 14143.4
1168.72 14163.7
1169.62 14114.9
1169.2 14096.8
1171.65 14062.2
1172.4 14046.1
1172.64 14118.8
1172.12 14108.6
1172.11 14093.4
1172.15 14094.8
1172.85 14067.9
1172.18 14083.9
1172 14035
1172.54 14004
1172.9 13994.6
1172.94 13993.9
1173.97 13971.5
1174.74 13962.6
1175.41 13934.3
1175.31 13973
1177.39 14013.3
1177.21 14004.8
1177.68 14013.1
1177.76 14010.3
1178.19 14001.5
1178.27 13975.8
1178.5 13983.6
1178.56 13966.1
1178.68 13983.2
1178.75 13987.3
1178.74 13953.4
1178.66 13969.1
1179.47 13983.8
1179.6 14092.8
1179.45 14092.2
1179.5 14094.2
1179.74 14101.4
1180 14102
1180.25 14094.2
1180.25 14090.9
1180.24 14076.7
1180.36 14074.1
1180.39 14065
1179.45 14082.2
1180.53 14088
1180.5 14078.3
1180.68 14075.2
1180.83 14075.4
1180.95 14053.4
1181.01 14087
1185.76 14162.2
1185.77 14178
1186.55 14212.1
1185.87 14247.7
1185.86 14267.8
1185.93 14246.5
1185.75 14215.5
1185.8 14220.5
1185.26 14257.5
1185.35 14227.6
1185.45 14203.1
1186.53 14243.9
1186.5 14260.7
1186.39 14262.3
1186.5 14249.3
1186.15 14245.7
1187.38 14360
1187.51 14244
1187.61 14242.4
1187.62 14252.7
1187.39 14251.8
1187.5 14245.9
1187.14 14222
1187.28 14187.8
1187.94 14181.6
1187.85 14163.9
1187.84 14131
1187.96 14103
1187.95 14088.7
1188.48 14072
1188.72 14051.3
1188.69 14021.1
1188.36 14048.8
1187.94 14073.3
1187.88 14132.2
1188.09 14154.5
1187.45 14245.9
1187.05 14312.6
1187.53 14348.3
1187.52 14349.2
1187.55 14345.5
1188.23 14324.4
1188.11 14358
1188.07 14368.9
1188.07 14381.6
1191.95 14404.9
1191.92 14470.8
1191.9 14502.6
1192.36 14511.8
1196.81 14645.8
1196.72 14643.8
1196.64 14642.1
1196.63 14589.9
1197.58 14612
1197.54 14635.3
1197.16 14653.2
1197.17 14699.6
1196 14755.5
1196.08 14770.9
1196.08 14763.2
1196.29 14769.3
1196.34 14762.8
1196.32 14745.9
1196.28 14726.4
1196.18 14822.1
1196.23 14790.8
1196.18 14762.5
1195.97 14781.6
1196.19 14795.8
1196.24 14834
1195.85 14855
1196.02 14864.5
1195.75 15056.6
1196.23 15157.6
1196.79 15217.2
1196.79 15214.6
1196.73 15183.8
1196.49 15366
1196.46 15404.4
1196.45 15422.2
1198.06 15499.8
1198.04 15544.4
1197.94 15500.3
1197.8 15447.9
1198.17 15497.4
1198.36 15483.6
1198.52 15480.5
1198.51 15484.8
1199.07 15379.7
1199.21 15352.6
1197.39 15459.6
1196.85 15499.4
1196.04 15507.4
1196.74 15555.9
1196.65 15582.7
1195.68 15624.5
1195.51 15615.4
1195.53 15611.6
1196.51 15642.4
1195.49 15623.4
1195.95 15687
1196.41 15580.8
1196.45 15601.9
1196.29 15609.8
1196.39 15633.6
1196.92 15663.2
1197.85 15695.9
1197.65 15703.6
1197.81 15693.2
1198.02 15730.5
1199.21 15740
1199.06 15763.3
1199.96 15810.7
1200.14 15836.5
1200.23 15859.1
1200.83 15904.2
1200.59 15921.9
1200.79 15921.1
1200.83 15993.5
1200.81 15999.9
1200.79 16021.3
1200.76 16039.5
1200.8 16322.4
1200.34 16315.7
1200.12 16319.9
1200.22 16319.7
1200.2 16327.8
1200.33 16311.1
1200.81 16296.4
1200.98 16276.9
1200.73 16273.7
1201.08 16272.4
1201.19 16273.4
1201.24 16296.2
1204.28 16282.8
1205.52 16407.7
1206.21 16490.5
1206.36 16543.9
1207.07 16760.4
1205.9 16809.5
1205.64 16835.9
1205.64 16863.4
1205.53 16861.2
1205.31 16858.9
1205.48 16872.2
1205.8 16878.1
1205.8 16891.8
1204.74 16877.5
1204.5 16898.5
1204.83 16923.4
1204.64 16933.2
1205.05 16942
1205.09 16958
1205.23 16934.4
1205.16 16950.1
1205.71 16975.4
1205.71 16900.4
1205.57 16813.9
1205.76 16805.9
1206.28 16793.4
1205.9 16807.8
1205.46 16898.3
1205.46 16947.4
1205.71 16983.7
1206.05 16984.8
1206.47 16967.4
1206.48 16978.9
1206.47 16955.6
1206.47 16934.9
1206.34 16931.7
1206.34 16928.5
1206.82 16908.8
1207.45 16910.1
1208.08 16862
1208.06 16863
1208.82 16902.8
1208.84 16937.8
1208.89 16966.1
1208.93 16986.4
1208.66 16928.1
1208.04 16942.1
1207.99 16923.3
1208.08 16931.1
1208.51 16939.7
1208.59 16952.2
1208.44 16945.9
1207.44 16874.5
1207.43 16895.4
1207.6 16862.5
1207.64 16805.4
1208.31 16815.1
1208.37 16818.5
1208.44 16815.9
1208.92 16841
1208.92 16832.9
1208.55 16839.7
1208.55 16858.1
1208.53 16875
1209.53 16895.9
1210.05 16885.5
1210.05 16905.5
1210.05 16931.4
1210.05 16930.5
1210.52 16931.3
1211.28 16951.8
1211.65 17011.9
1212 17039.2
1211.96 17020.5
1211.58 17008.2
1211.58 17025.3
1211.58 17016.1
1211.91 16990.3
1211.9 17000.3
1212.27 16968.6
1213.04 16958
1213.07 16968.6
1213.07 16980.6
1212.65 16947
1212.17 16945.1
1212.23 16949.3
1211.9 16913.7
1211.95 16878.9
1211.84 16888.1
1211.89 16860.2
1212.53 16845.1
1212.61 16829.1
1212.57 16848.3
1213.08 16970.5
1214.19 17006.7
1214.62 17007.1
1214.28 17037.2
1215.15 17085.8
1215.11 17105.7
1215.25 17072.9
1214.8 17060.9
1215.28 17046
1215.67 17058.6
1215.98 17090
1215.94 17113.1
1216.01 17099.3
1215.93 17087.3
1215.3 17079.9
1215.96 17087.5
1216.05 17067.2
1216.08 17065.8
1216.04 17058.5
1215.99 17063.8
1215.98 17060.6
1215.86 17064.4
1215.72 17067.2
1215.67 17064.1
1215.69 17061.8
1215.67 17077.7
1215.68 17087
1216.03 17117.1
1216.13 17129.8
1216.15 17137.8
1217.84 17096.9
1218.06 17040.9
1218.14 17038.4
1218.38 17032.6
1218.44 17036.8
1218.14 17050.5
1218.18 17054.9
1218.01 17069
1218.13 17063.7
1218.1 17070.1
1218.08 17072
1218.08 17079.1
1217.4 17179.2
1217.84 17128.9
1217.9 17126.6
1217.84 17157.5
1217.77 17184
1217.76 17205.9
1217.87 17214.8
1217.72 17239.4
1217.74 17254.8
1218.08 17241.5
1217.16 17264
1216.93 17262.7
1216.97 17254.7
1216.55 17311.6
1217.27 17367.5
1217.18 17384.8
1216.91 17362.7
1216.99 17386.2
1216.96 17417.3
1216.96 17395.3
1217.1 17460.6
1217.91 17461.8
1218.2 17139.7
1218.11 17076.9
1218.11 17042.2
1218.03 16920.5
1217.85 16891.5
1218.05 16862.7
1218.26 16875.7
1218.16 16892.2
1218.42 16890
1218.43 16916.6
1218.3 16898
1219.23 16903.7
1219.28 16881.2
1219.32 16872.6
1219.37 16877.3
1221 16816
1222.89 16894.8
1222.99 16940.6
1223.7 16949.1
1223.71 16934.7
1223.71 16936.4
1223.51 16948.3
1223.56 16981
1224.03 16980.3
1223.74 16997.7
1223.18 16964
1223.18 16990.8
1223.03 17001.3
1222.73 17000.2
1222.75 17043.9
1222.92 17060.7
1222.78 17074.1
1222.89 17073.6
1221.95 17148.1
1222.11 17222.7
1222.21 17249.4
1222.72 17253
1224.38 17274.2
1224.4 17315.6
1225.92 17323.3
1224.47 17379.8
1224.84 17398.3
1224.8 17379.2
1224.82 17367.8
1225.13 17344.4
1225.15 17342.1
1225.14 17329.3
1225.14 17326.8
1225.52 17246.6
1225.63 17242.2
1225.63 17250.8
1225.26 17251.1
1225.28 17255.7
1225.53 17244.5
1225.58 17253.8
1225.23 17221
1225.68 17179.3
1225.94 17177.2
1224.5 17175.1
1224.33 17181.4
1224.48 17207.8
1224.49 17240.2
1224.36 17253.8
1224.29 17250.8
1224.45 17237.1
1224.35 17247.9
1224.63 17493.9
1224.1 17526.1
1223.84 17456.5
1223.7 17465.9
1224.33 17442.8
1224.36 17412.9
1224.43 17407
1224.4 17414.7
1224.51 17462.7
1224.66 17494
1225.03 17509.3
1224.25 17511.3
1224.13 17522.3
1224.2 17521.8
1224.13 17525.5
1224.93 17514.3
1224.83 17516.8
1225.05 17509.9
1225.05 17496.2
1224.07 17546.8
1224.19 17528.1
1224.16 17510.4
1224.3 17515.6
1224.28 17526.7
1224.36 17549.2
1224.7 17526.6
1224.67 17503.5
1224.69 17488.4
1224.7 17479
1224.2 17487.4
1224.23 17478.5
1224.58 17488.5
1224.54 17484.6
1224.49 17480.5
1224.01 17499.8
1224.05 17595.8
1224.24 17613.3
1224.22 17623.5
1223.74 17633.4
1223.91 17643
1223.67 17634.8
1223.96 17613.9
1223.92 17605
1222.27 17587.2
1222.22 17614.9
1222.27 17601.9
1222.28 17592
1221.79 17705.6
1221.8 17757
1221.84 17782.5
1221.81 17780.7
1221.76 17840.1
1222.07 17858.5
1221.97 17864.7
1222.08 17885.7
1222.36 17750.9
1223.13 17610.8
1223.51 17586.4
1223.63 17585.1
1223.6 17570.6
1223.74 17713.2
1223.68 17741.7
1224.34 17836.1
1224.34 17932.1
1224.24 17925.5
1224.25 17842.1
1224.19 17902.5
1224.76 17908.4
1224.76 17916.8
1225.07 17912.5
1225.03 17926.6
1225.12 17933.5
1224.79 17939.6
1225.15 17955.3
1225.49 17970.5
1225.8 17980.8
1225.97 17999.1
1225.98 17997.1
1225.92 18023.8
1226.12 18027.1
1226.15 17997.8
1226.1 17996
1226.54 18007
1226.43 18038.6
1229.65 18037.9
1229.27 18179.3
1229.24 18185.8
1229.04 18209.5
1228.69 18203.3
1228.71 18181.6
1228.56 18182.5
1228.65 18204
1228.56 18248.8
1228.6 18261.6
1228.29 18278.8
1226.97 18307.6
1227.33 18338.1
1227.7 18352
1227.48 18369.3
1227.81 18359.3
1227.91 18350
1228.08 18378.9
1228.05 18285.5
1227.99 18356.2
1228.01 18358.1
1228.03 18336.2
1228.06 18340.1
1229.2 18331.3
1229.3 18351
1229.3 18393
1229.32 18393.3
1231.06 18369
1230.95 18361.8
1231.28 18368.4
1231.3 18359.9
1230.95 18357
1232.09 18341.1
1231.9 18410.8
1231.97 18430.4
1232.07 18433.7
1232.13 18467.9
1231.97 18476.7
1231.98 18475.8
1232.22 18477.7
1232.64 18488.9
1232.59 18493
1231.87 18537.3
1232.27 18582.1
1232.14 18614
1232.17 18642.6
1232.2 18649.4
1232.16 18656.6
1232.4 18655.8
1232.4 18652.2
1232.03 18645.2
1232.04 18615
1231.82 18701.7
1231.16 18734.7
1231.58 18753.9
1231.5 18775.5
1231.67 18804.9
1230.45 18833.2
1230.39 18802.2
1230.38 18811.3
1230.85 18843.1
1231.51 18884.6
1231.47 18869.4
1231.48 18877.2
1231.47 18836.1
1231.04 18847.1
1230.99 18864.4
1230.85 18998.8
1230.38 19016.8
1230.35 19048
1230.39 19078.3
1231.34 19100.9
1231.65 19067.3
1230.98 19074.4
1231.07 19073.2
1230.46 19069.9
1230.53 19088.6
1230.42 19072.2
1230.57 19063
1230.71 19061.1
1230.79 19060.1
1230.9 19049.5
1230.47 18997.6
1230.59 19069.9
1230.61 19119.6
1230.57 19142
1230.34 19156.3
1230.22 19210.8
1230.18 19240.9
1230.2 19237.9
1230.41 19248.1
1230.42 19251.1
1230.42 19263.5
1230.86 19272.1
1230.85 19281.8
1232.15 19261.5
1232.18 19264.1
1232.15 19250.1
1231.87 19300.8
1231.86 19268.4
1231.82 19244.1
1231.92 19264.9
1232.13 19277.2
1233.07 19283.1
1233.27 19297
1233.25 19296.5
1233.19 19312.9
1233.34 19358.2
1233.41 19369.2
1233.86 19394.8
1233.23 19382.9
1233.25 19413.8
1233.24 19404.3
1233.38 19163.9
1233.72 19158.2
1233.95 19166.4
1233.95 19162.3
1233.9 19153.4
1234.02 19130.3
1234.06 19093.1
1234.07 19089.5
1233.2 19065.8
1233.17 19044.2
1233.35 19036.3
1233.34 19011.4
1233.34 19023.7
1233.4 19018.2
1233.36 19008.1
1233.34 18993
1233.41 18993.4
1233.46 19002.7
1233.53 18996.6
1233.72 19000.6
1234 19014.3
1234.13 19020
1234.13 19017.9
1234.19 19018.9
1234.24 19044.4
1234.25 19065.8
1238.65 19039.8
1238.46 19005.7
1238.57 19018.2
1238.36 18997.7
1238.64 19031.5
1238.8 19041.9
1238.76 19000.1
1238.88 18988.8
1238.88 18981.9
1238.94 18965.4
1239.26 18971.7
1239.41 18999.2
1239.42 18987
1239.44 18972.2
1239.36 18964.2
1239.23 18955.2
1238.8 18956.8
1240.1 18987.4
1239.92 18995.6
1239.99 18998.9
1239.88 19003.8
1240.03 18995.7
1240.05 18989.9
1239.73 18986.3
1239.77 18978.1
1239.73 18947.5
1239.74 18933.3
1239.98 18924.8
1240.04 18906.9
1239.89 18898.6
1239.87 18824.4
1239.82 18854.7
1239.82 18871.5
1240.05 18865.4
1240.07 18858.6
1240.09 18849.6
1240.22 18862.4
1240.24 18852
1242.9 18843.9
1242.98 18821.4
1243.26 18796
1243.3 18794
1243.13 18809.9
1242.42 18858.7
1242.52 19000.4
1242.8 19000.9
1243.76 19013.1
1243.77 18981.8
1243.86 18990.6
1243.92 19011.2
