4.69468 0
96.1822 85.8615
96.2474 85.8615
96.259 85.8615
143.155 268.585
205.397 384.268
207.563 390.755
213.057 623.182
233.556 820.481
233.814 765.49
234.569 748.717
254.287 869.817
379.957 3686.45
381.38 2890.27
381.627 2437.17
382.342 2229.82
384.222 2144.87
383.081 2098.25
392.831 2558.39
400.569 2285.52
406.171 2329.34
406.234 2301.78
417.528 3915.69
434.358 4009.01
452.562 3784.46
453.193 3501.52
454.426 3563.81
491.291 4092.04
491.598 3924.24
493.365 3900.1
493.896 3943.61
494.071 4147.29
494.653 4116.45
495.224 3981.79
497.204 3935.55
515.972 3920.73
521.501 4035.65
522.217 4066.52
538.314 4446.89
564.475 4103.18
564.965 4105.67
564.975 4424.62
580.311 5212.96
590.431 5570.79
591.598 5608.87
592.114 5613.41
600.137 5761.61
599.815 5890.42
601.437 6161.37
598.918 6535.22
607.401 7400.59
610.883 8771.3
613.167 8167.88
613.811 8044.88
612.234 7933.76
623.309 8133.27
623.557 8294.49
627.547 8181.69
624.072 8548.55
624.795 8337.46
623.396 8321.83
624.804 8366.4
628.853 8372.54
629.057 8392.17
640.046 8414.85
640.519 8258.69
648.653 8368.59
650.395 8389.92
665.059 8459.03
663.243 9424.91
668.295 9866.09
669.342 9590.77
671.682 9214.36
671.714 8891.68
685.064 8912.51
683 9184.23
689.028 8617.05
696.286 8818.52
701.152 8834.93
700.817 8724.87
701.056 8570.36
700.303 8529.05
707.507 8546.5
707.721 8569.1
707.122 8202.18
707.642 8260.78
708.125 8180.91
710.429 8049.59
710.181 7979.39
709.625 8016.86
708.175 8102.43
713.141 8500.09
715.353 8308.45
720.097 8428.36
723.306 8548.61
723.441 8924.91
729.854 9143.85
746.166 8979.17
746.724 8704.22
747.815 8656.5
761.8 8674.37
760.937 8581.48
759.83 8607.64
760.022 8591.99
762.944 8533.93
765.933 8654.1
765.84 8677.88
786.038 8800.85
787.795 8946.38
787.801 8991.01
790.626 9017.33
790.537 8971.99
810.758 10176.8
815.084 10050.2
816.728 10038.2
816.842 9819.19
817.046 9605.75
820.773 9546.83
821.844 9556.78
822.258 9543.58
822.01 9537.18
821.826 9550.07
822.786 9578.04
822.827 9573.18
823.152 9346.81
832.124 9301.44
831.109 9304.95
831.903 9282.94
831.964 9224.48
833.279 9250.37
833.879 9250.08
833.629 9247.43
834.363 9289.69
833.726 9250.92
829.405 9436.63
843.459 9582.51
844.294 9458.09
845.301 9617.37
845.153 9625.54
845.343 9593.18
845.625 9610.56
845.636 9633.85
846.351 9697.26
847.09 10084.1
846.428 10160.8
845.74 10366.7
845.795 10250.8
846.196 10247.4
845.031 10315.4
845.016 10331.3
843.176 10725
843.399 10685.9
843.986 10818.7
844.05 10874.2
844.636 10869
848.577 10926
851.27 11020.1
851.478 10992.5
850.279 10859.3
850.302 10761.7
850.011 10576.1
850.204 10506.3
846.688 10521.7
846.234 10369.4
846.187 10299
846.196 10323
845.722 10675.6
846.566 10633.5
850.175 10670.1
849.935 10962.6
850.917 10994
851.14 11003.2
852.467 11028.3
847.977 11267.9
848.622 11421.3
850.944 11370.4
852.469 11368.1
850.528 12019
847.729 12024.6
857.324 12469.7
857.766 12682.1
858.023 12723.6
859.7 12848.7
859.7 12776
859.547 12819.9
861.679 12853.6
862.186 12961.5
863.018 12986.2
862.923 12928
860.475 13218.5
862.153 13552.3
861.73 13514.3
861.689 13435.1
861.89 13293.3
864.38 13292.3
864.608 13271.4
861.399 13347.4
861.374 13291.6
862.305 13236.5
863.06 13228.3
862.861 13235.7
862.449 13222.9
863.988 13361.2
865.419 13386.6
865.429 13377.2
864.967 13380.3
865.671 13541.4
869.519 13755.6
870.772 13608.2
871.735 13580.5
873.431 13618.9
873.442 13560.2
874.175 13525.6
875.053 13472.2
872.125 13575.6
872.467 13619
874.665 13879.8
874.771 14075.5
876.385 14239.1
874.565 14603
874.791 14661.6
875.405 14641.2
875.744 14562.8
875.47 14954
876.841 14910
877.282 14852.9
877.585 14981.4
877.372 14968.8
878.469 14990.4
879.132 15065.3
879.138 15081.8
878.813 15085.4
879.552 15090
882.865 15112.1
881.671 15248.5
881.523 15211.3
880.348 15134.7
890.764 15798.7
890.537 15138.1
890.234 15085.3
891.221 15024.5
891.053 14957
890.48 14918.7
890.379 14852.8
891.076 14768.4
891.419 14920
892.184 14899.6
892.146 14789
892.407 14715.9
892.544 14669.2
892.514 14620.4
894.072 14612.1
894.56 14544.9
895.628 14584.2
895.792 14591.5
905.843 14658.4
905.838 14880.6
905.608 14856.2
905.773 14841.1
906.911 14828.2
906.68 14823.5
907.817 14862.8
908.108 14913.3
908.312 14926
912.05 14992.4
911.438 14773.2
911.408 14717.7
911.092 14719.4
913.297 14725.5
914.196 14701.5
914.269 14670.6
914.353 14668.4
914.079 14664
921.193 14659.9
921.777 14732.5
917.517 14749.2
917.687 14708.3
918.67 14674.5
918.746 14570.4
919.559 14596.6
919.714 14593.9
919.695 14605.9
919.293 14588.1
919.815 14591.6
919.96 14646
920.547 14670.7
921.065 14717.2
921.583 14746.4
921.22 14580.9
921.233 14633.1
922.359 14613
922.126 14592.7
922.195 14605
921.965 14661.6
922.558 14644
923.923 14777.9
923.924 14772.3
923.115 14758.6
923.55 14779.1
923.654 14765.4
923.394 14764.7
923.854 14957.5
923.727 15129.1
923.583 15088.1
923.023 15013.8
925.615 15095.9
925.557 15097.9
926.578 15153.7
929.545 15173.2
929.546 15048.2
930.531 15004.9
931.015 15017.1
931.894 15011.9
932.226 15042.7
933.502 15059
935.65 15040.7
936.339 15017.1
935.953 14860.6
937.566 14848.4
937.912 14745.9
937.452 14655.3
937.641 14689
938.008 14706.4
938.678 14727.2
938.583 14736.5
939.461 14803.6
941.013 14878.7
940.401 14906.8
939.688 14908.5
939.635 14921.2
940.609 14942.5
941.219 14938.5
941.189 14885.6
941.831 14906.9
941.612 14959.1
942.365 14985.3
942.355 15002.8
941.849 14991.6
941.853 14956.9
941.71 14926.3
942.524 14891.2
942.499 14873.2
942.443 14890.1
943.492 15050
949.916 15440.6
949.9 15238.5
950.089 15145.5
952.706 15392.6
952.823 15283
952.645 15273.6
954.533 15281.4
954.672 15328
955.11 15313.4
953.975 15297.3
955.051 15287.9
955.166 15288
955.299 15280.8
955.976 15275.8
963.71 15485
963.819 15360.9
963.94 15246.4
964.183 15237.1
963.945 15251.3
965.307 15328.1
968.95 15399.6
969.193 15314.3
968.363 15233.4
968.512 15238.8
969.507 15240
969.647 15229.4
968.421 15243.7
968.451 15272.7
968.556 15268
968.537 15282.6
969.57 15376.7
971.447 15748.6
971.448 15885.1
970.666 15962.1
970.514 16015.5
971.034 16063.4
971.026 16081.7
971.136 16116.7
971.166 16094
971.19 16098.1
971.059 16199.8
971.146 16220.2
971.734 16288.9
971.66 16292.5
974.189 16412.4
974.202 16443.9
973.615 16421.3
973.334 16417.1
973.473 16435.6
973.158 16495.9
973.324 16578.4
973.315 16693.6
973.133 16729.4
973.275 16765.3
973.268 16795.3
973.359 16882.5
973.592 17156.9
973.774 17148.2
975.897 17358.4
975.723 17196.9
976.621 17160.5
976.773 17031.4
976.513 17009.1
976.509 16986.6
976.57 16958.1
976.507 16960.8
976.925 16965.4
977.005 17006.1
977.01 16996.1
977.539 16997.6
977.791 16937.9
977.782 16941.6
977.75 17011.6
977.794 17063.4
977.79 17070.6
977.866 17092.3
977.059 17098.9
976.996 17074.6
976.988 17076.3
977.213 17035.8
976.316 17057.4
975.893 17144.9
975.959 17144.8
975.561 17165.9
975.689 17199.9
976.056 17238.8
977.615 17270.4
977.285 17265.8
977.287 17293.1
977.398 17310
977.408 17264.5
977.923 17242.3
982.038 17195.4
982.012 17036.2
982.152 16999.4
982.216 17024.5
982.127 17011.4
981.868 17013.2
982.195 17035.7
983.554 17098.8
983.261 17076.9
982.748 17080.5
982.552 17037.4
982.5 17045.6
981.668 17070
981.621 17085.9
981.697 17100.2
981.697 17034.3
981.582 17033.3
981.51 17061.7
981.471 17084.6
981.551 17103.5
983.883 17134.1
983.739 17108.1
985.046 17070.3
987.423 17106.4
987.843 16983.7
987.861 17075.7
988.195 17063.1
988.363 17039.2
988.745 16991.6
988.751 16959
988.482 16919.9
988.317 16908.8
988.177 16967.1
988.319 16864.5
988.162 16833.2
989.548 16862.9
991.001 16799.7
990.999 16832.6
991.086 16856.5
990.319 16856.9
989.297 16863.8
989.81 16872.1
989.213 16854.9
989.491 16812.2
989.892 16823.6
989.827 16903.2
989.631 16933.7
989.882 16950.5
990.025 17062.3
990.031 17059.4
989.834 17035.3
989.749 17034.1
990.274 16996.4
990.325 16993.4
990.382 16985.1
990.451 16979.3
990.497 16961.3
991.806 16986.5
993.135 17023.7
993.649 17042.7
996.647 17002.6
996.04 17029.6
996.022 16961.5
996.734 16953.9
996.665 16898.2
996.407 16829.8
996.635 16853.9
997.254 16856.6
997.216 16837.3
997.262 16808.4
998.695 16833.2
998.462 16861.7
998.931 16841.5
998.996 16845.7
999.152 16843.6
999.722 16836.9
1000.41 16826.8
1000.59 16814.9
1000.62 16816.2
1000.6 16806.9
1000.82 16820.9
1000.61 16829.7
1000.52 16825.4
1001.28 16760.2
1001.23 16771.2
1001.03 16740
1002.2 16725
1003.46 16702.7
1003.45 16681.4
1003.41 16694
1003.73 16669.5
1003.86 16689.8
1003.51 16799.4
1003.62 16818.5
1004.54 16762.1
1004.44 16788.7
1004.08 16808.6
1004.12 16808.1
1004.19 16826.9
1003.35 16865.8
1003.46 16893.9
1003.47 16913.5
1004.98 16893
1005.04 16887.2
1005.31 16910
1005.31 16957.8
1005.42 16948.9
1005.22 16934.6
1005.85 16907.2
1006.11 16964.3
1006.03 16997.7
1006.26 17034
1006.29 17032.9
1005.6 17092.4
1005.85 17109.7
1005.63 17160.7
1006.01 17183
1005.79 17178.1
1005.76 17113.6
1005.74 17134.7
1005.82 17156.2
1005.67 17178.2
1009.28 17219
1008.78 17313.8
1008.74 17336.5
1008.01 17341.9
1008.02 17354.9
1008.46 17377
1008.43 17365
1008.43 17369.2
1008.52 17421
1008.68 17341.8
1009.34 17285.7
1009.17 17259.5
1009.74 17317.4
1009.74 17358.8
1009.7 17374.8
1010.06 17368.1
1010.61 17366.3
1008.93 17425.8
1008.57 17438.8
1008.58 17421.4
1009.39 17462.2
1009.82 17451.5
1010.09 17453
1010.49 17452.7
1010.3 17432.3
1010.67 17401.5
1010.84 17399.5
1011.06 17396.4
1011.3 17408.5
1011.36 17406.2
1011.39 17393.8
1011.22 17369.2
1011.21 17391.6
1010.33 17415.7
1010.63 17470.3
1010.84 17484
1011.04 17476.8
1010.75 17473
1011.11 17429.9
1010.97 17424.6
1011.96 17433.1
1011.97 17408.1
1014.17 17365.8
1014.16 17349.9
1014.13 17340.6
1014.27 17373.3
1014.76 17497.5
1014.88 17512.2
1014.84 17507.6
1016.62 17485.8
1016.68 17523.6
1016.31 17529.2
1016.29 17525
1016.44 17507.3
1016.27 17421
1016.49 17419.4
1016.5 17375.2
1015.95 17375.9
1015.71 17354.7
1015.87 17354.7
1015 17319.2
1015.24 17309.5
1015.03 17312.3
1015.05 17320.9
1015.07 17309.6
1014.97 17292.2
1014.95 17317.9
1015.44 17305.1
1015.33 17304.5
1015.21 17307.5
1015.06 17329.9
1015.6 17326.8
1015.57 17330.4
1016.85 17380.1
1016.56 17344.5
1016.57 17355.7
1016.1 17370.2
1015.88 17451
1016.84 17461
1016.49 17476.1
1016.24 17496.9
1016.55 17494.3
1016.22 17507.4
1016.3 17501.5
1016.81 17502.4
1016.8 17501.7
1016.79 17493.5
1017.11 17491.7
1019.43 17473.6
1019.41 17681.3
1021.04 17675.6
1023.81 17667.4
1023.62 17707
1023.5 17750.3
1023.56 17739.2
1022.83 17740.9
1022.77 17752
1023.91 17860.2
1024.39 17798.3
1025.12 17859.8
1025.59 17889.1
1025.23 17898.5
1025.1 17877.5
1024.69 17883.2
1024.69 17910.2
1024.9 17932.2
1025.4 17958.8
1025.34 17953.3
1025.34 17961
1025.97 17867.4
1026.24 17937.3
1026.2 17907.3
1026.16 17902.3
1026.38 17900.2
1026.33 17895.6
1025.81 17931.6
1026.86 17948.2
1027.18 18029.5
1027.21 17885.6
1027.22 17863.1
1027.27 17858.6
1026.98 17905.9
1027.02 17918.4
1027.03 17968.8
1027.04 18004.1
1027.1 18027.6
1027.01 18052.8
1028.06 18047.6
1028.09 18077.8
1027.51 18015.6
1027.33 18082.8
1027.95 18030.8
1027.07 17970.4
1027.14 17997.1
1027.15 18040.9
1027.09 18059.4
1027.09 18072
1027.35 18089.3
1027.57 18109.6
1027.56 18108.8
1027.56 18122.8
1027.76 18147.6
1027.34 18116.6
1027.14 17923.5
1027.32 17914.9
1027.3 17964.8
1027.27 18001.3
1027.52 18040.9
1027.11 18053.3
1027.86 18064.6
1027.82 18080.5
1027.75 18071.9
1027.12 18145.2
1027.02 18181.3
1026.78 18169
1027.21 18087
1027.2 18052.1
1027.59 18044.9
1027.6 18037
1027.63 18016.4
1028.98 18136.9
1029.25 18168.2
1028.19 18281.3
1028.28 18326.8
1028.14 18330
1028.15 18330
1028.14 18319.3
1028.21 18313.1
1028.21 18314.9
1029.02 18351
1029.02 18352.4
1028.9 18339.9
1028.79 18334.1
1029.26 18316.2
1029.27 18330.2
1029.24 18344.4
1029.24 18350.8
1028.95 18368.8
1029.29 18380.8
1029.27 18381.8
1029.23 18383.7
1029.02 18361.9
1028.89 18340
1028.86 18319.8
1029.24 18316.3
1028.23 18255.2
1028.21 18292.4
1028.06 18295
1027.93 18294.8
1028.02 18290.5
1028.01 18314.2
1028.04 18296.4
1028.06 18296.3
1028.08 18198.6
1028 18119
1028.14 18111.1
1029.38 18135.4
1029.33 18144.3
1029.62 18137.8
1029.24 18133.1
1029.5 18143
1029.47 18145.7
1029.45 18119.2
1029.15 18080.2
1030.2 18047.3
1030.22 18074.3
1030.96 18075.8
1031.18 18068.1
1031.05 18060.2
1031.03 18033.8
1032.2 18036.2
1032.11 18011.8
1031.84 18016.3
1031.39 18061.3
1031.98 18083.5
1031.94 18117.5
1032 18126.2
1031.64 18112.8
1031.88 18123.2
1031.96 18124.3
1032.74 18111.6
1032.53 18097.7
1032.56 18123.9
1032.15 18122.8
1032.11 18125
1032.49 18129.5
1034.18 18202
1034.15 18201
1034.75 18204.8
1034.69 18258.8
1034.68 18268.5
1034.65 18272.1
1034.67 18282.7
1034.62 18297
1035.32 18317.7
1035.52 18332.3
1037.04 18343.8
1037.1 18407.6
1037.03 18386.1
1037.02 18394.2
1037.63 18397
1037.52 18415.7
1037.37 18413.9
1037.39 18409.6
1037.39 18425
1037.17 18383.7
1037.07 18382.6
1037 18411.5
1037.46 18399.4
1037.63 18411.6
1037.61 18414.9
1037.82 18472.5
1037.46 18506.9
1038.11 18562.9
1038.68 18606.1
1038.83 18618.8
1038.86 18613.1
1038.96 18616.5
1039.07 18617.7
1039.42 18577.4
1039.16 18540.8
1038.58 18505.6
1038.96 18540.2
1038.91 18549.4
1037.19 18507.2
1037.32 18460.5
1037.27 18366.4
1037.26 18314.3
1037.44 18336
1038.21 18373.1
1037.95 18422.5
1037.65 18363.9
1037.83 18363.9
1037.8 18351.3
1037.44 18347.8
1037.32 18342.3
1037.25 18354.9
1037.56 18358.8
1037.56 18354.8
1038.34 18384
1038.34 18385.3
1038.29 18398.6
1038.36 18395.8
1038.61 18411.5
1038.31 18389.6
1038.53 18383.5
1038.37 18418
1037.94 18527.2
1038.82 18542.1
1038.74 18602.4
1038.92 18571.6
1038.35 18597.3
1038.32 18590.4
1038.12 18560.5
1038.11 18533.2
1038.63 18533.9
1038.67 18520.4
1038.69 18500.2
1038.69 18516.4
1038.8 18531.2
1038.62 18531.2
1038.88 18537.3
1039.1 18549.3
1038.12 18553.7
1037.77 18539.6
1037.87 18592.3
1037.86 18573.4
1037.78 18566.6
1037.83 18534.7
1036.42 18521.3
1037.01 18504.3
1039.74 18679.4
1039.69 18593.4
1040.54 18554.2
1040.49 18529.7
1040.45 18319.3
1040.89 18383.1
1041.52 18382.2
1041.14 18335.3
1041.12 18309.8
1040.61 18492.1
1040.61 18496.7
1039.53 18455.8
1038.99 18610.3
1039.26 18629.2
1039.64 18639.8
1039.37 18650.2
1039.52 18636.4
1039.47 18644.1
1038.68 18515.1
1039.27 18485.4
1039.15 18451
1039.09 18447.1
1039.74 18502.6
1039.26 18490.1
1039.48 18496.5
1039.48 18492.1
1038.85 18497.2
1039.23 18554.2
1039.53 18580
1039.45 18587.7
1040.37 18615.9
1040.3 18598
1040.59 18639.4
1040.43 18616
1040.97 18610.3
1040.92 18581.4
1040.92 18562.9
1040.93 18577.2
1040.33 18596.2
1040.4 18603
1041.35 18609
1041.35 18636.2
1041.32 18644.5
1041.41 18660.6
1041.84 18676.1
1042.31 18710.6
1042.2 18698.1
1042.17 18707.2
1042.17 18712
1042.25 18722.4
1041.79 18725.2
1042.05 18717.6
1042.04 18711.2
1042.08 18738.5
1042.08 18759.9
1041.92 18757.5
1041.73 18766
1042.06 18765.5
1042.78 18781.2
1042.69 18806.2
1042.55 18791.1
1042.55 18815
1042.96 18860.4
1043.23 18897.1
1042.77 18961.3
1042.66 18990.7
1042.66 19005.4
1042.91 19015.9
1042.68 18991.3
1042.72 18982.9
1042.8 18982.3
1042.73 18998.7
1042.73 18995.5
1042.73 18983.1
1042.69 18972.4
1042.6 18978.4
1042.68 19022.2
1042.64 18994
1042.7 18983.3
1042.53 19004
1042.58 18979.5
1042.81 18964.6
1042.77 18960
1042.65 18940.9
1042.92 18942.4
1042.91 18923.3
1042.9 18914.9
1042.88 18974.3
1043.02 18968.3
1043.65 18966.6
1043.67 18958.5
1044.38 18955.8
1044.15 18989.5
1046.06 18970.9
1046.17 18936.4
1046.18 18928.4
1046.39 18938.7
1046.36 18920.1
1046.28 18903.4
1046.27 18924.7
1046.31 18871.4
1046.44 18858.4
1046.43 18840.8
1045.87 18760.9
1045.87 18789.7
1046.4 18836.8
1046.16 18851.5
1046.32 18851.9
1046.01 18810.3
1046.05 18775.8
1045.97 18712.6
1046.51 18720.5
1046.63 18719.9
1046.93 18775.7
1046.72 18766.7
1046.6 18791.4
1046.46 18828.7
1046.23 18950.2
1046.25 19002.2
1045.99 19014.3
1046.39 18990.3
1046.52 19011.9
1046.31 18987.8
1046.21 18995
1046.17 19040.3
1046.2 19000.6
1045.67 19004.5
1045.88 19022.4
1046.07 19031.1
1046.2 19014.2
