438.866 3542.55
442.696 2267.68
472.729 2815.29
599.693 2590.08
611.947 2544.21
698.444 7588.29
699.33 5188.51
699.371 3945
708.251 4064.83
713.503 4096.12
738.781 7155.07
738.659 5843
745.93 5565.29
746.625 5302.24
747.38 5147.45
754.061 5227.94
757.911 5141.21
755.492 5563.72
808.78 6562.55
811.622 6767.81
815.281 6665.75
817.907 6383.58
865.516 7311.91
898.301 7664.69
900.117 8669.37
942.212 8808.17
946.866 8257.49
948.255 8140.1
954.409 7934.55
964.569 8042.77
992.456 8417.19
1019.49 8302.57
1030.35 8145.07
1043.03 8677.08
1058.67 11264.5
1064.16 8999.64
1073.5 10405.8
1079.15 9967.81
1079.66 9802.28
1086.67 9498.02
1084.85 10328.3
1085.42 10110.3
1104.53 9999.21
1143.92 10674.2
1157.35 11434.5
1168.88 14277.4
1167.6 12603
1174.57 12929.3
1180.1 12776.2
1203.88 12430.6
1204.7 12016.7
1207.83 12058.4
1218.8 12993.4
1221.41 12540.5
1240.5 12617.6
1240.93 12069.5
1241.2 11878.4
1240.85 12136.6
1242.05 11997.6
1242.19 11949.7
1248.64 11875.3
1249.34 11858.3
1254.1 11763.5
1254.16 11715.3
1254.59 11681.6
1271.17 12928.2
1271.2 12613
1285.09 13304.1
1316.37 15564.9
1318.92 13917.4
1319.46 13698.9
1317.35 14424.4
1322.31 14427.8
1322.5 14360.6
1328.68 14098.4
1328.72 14009.1
1361.8 14334.9
1361.5 14295.8
1361.89 14283.5
1363.29 14184.9
1410.55 14403.7
1424.35 14105.3
1425.3 13792.4
1428 13774.3
1428.85 13784.5
1427.27 14412.1
1430.61 14462
1430.34 14452.1
1431.86 14434.1
1432.2 14646.8
1432.52 14585.1
1432.54 14641.5
1432.49 14673
1434.51 14714.7
1434.2 14672.3
1439.85 14518
1443.33 14519
1445.26 14575.1
1444.9 14711.5
1445.36 14756.4
1445.22 14769
1443.85 14827.6
1443.8 14835.2
1442.95 14862.1
1446.12 14963.3
1447.74 14898
1450.35 14866.6
1452.18 14853.7
1452.53 14833.8
1452.54 14784.1
1457.06 14763.5
1458.64 14857.9
1458.66 14661.1
1461.55 14579.6
1461.7 14522.4
1465.13 14494.9
1476.56 15066.3
1476.3 14863.4
1477.39 14793.3
1477.3 14760.1
1477.65 14760.5
1477.63 14742.9
1483.21 14791.8
1482.89 15101.4
1483.75 15116.2
1483.72 14954.7
1483.77 14823.4
1483.82 14758
1484.34 14719.3
1485.08 14680.8
1484.81 14635.6
1484.85 14593.3
1484.85 14601
1493.34 14596.2
1493.8 14591.6
1496.45 14572.3
1498.29 14566.5
1500.29 14519.3
1500.55 14539.9
1500.11 14551.1
1500.07 14543.8
1500.31 14529.5
1499.18 14985.7
1499.38 14922.2
1501.04 14885.8
1502.32 14818.5
1506.88 14771.1
1506.66 14756.2
1510.51 14853.7
1510.98 14813.4
1511.46 14754.3
1512.16 14693.5
1511.46 14647.4
1511.2 14716.3
1513.71 14689.8
1513.52 14713.5
1513.73 14714
1513.58 14693.9
1517.18 14686.4
1518.14 14729.3
1517.83 14718.9
1518.44 14711.4
1523.81 14591.3
1523.82 14571.8
1523.85 14569
1523.95 14556.9
1524.34 14575.8
1525.48 14536.5
1526.21 14545.6
1526.25 14536.2
1526.19 14515.1
1536.88 14653.4
1536.97 14676.7
1537.69 14649.1
1537.77 14633.7
1538.41 14658.1
1538.41 14687.4
1538.19 14736.9
1539.54 14791.3
1544.78 14777.5
1545.33 14779.1
1544.92 14775.5
1545.05 14776.8
1545.3 14840
1545.45 14802
1545.99 14804.8
1551.47 14776.4
1551.28 14809.5
1551.2 14817.4
1553.14 15180.6
1551.96 15086.4
1551.89 15027.6
1552.16 15009.1
1553.48 14971.5
1553.5 14954.5
1553.62 14961.3
1553.24 14955.4
1553.27 14937.9
1554.07 14942.1
1553.29 15049.9
1553.27 15159.1
1552.72 15202.4
1552.99 15272.9
1554.32 15248.5
1554.43 15265.9
1554.78 15289.5
1556.56 15295.5
1557.34 15413.7
1558.58 15707.9
1559.57 15562.4
1560.13 15952.9
1560.98 16040
1561.58 16001.7
1561.55 15992.4
1561.68 15996.6
1561.68 15966.7
1561.97 15976.5
1561.95 15950.4
1562.07 15943.7
1563.22 15955.9
1562.98 15966.1
1563.05 15930.3
1562.93 15972.1
1564.09 15960.3
1565.43 15921.4
1565.98 15942.2
1565.37 15926.5
1565.68 15924.9
1566.9 15996.8
1567 15997
1567.06 16020.9
1566.98 16061.6
1566.99 16136
1567.04 16168.5
1566.9 16204.9
1567.32 16241.6
1569.83 16254.6
1569.5 16287.6
1570.02 16334.4
1569.58 16372.3
1569.6 16392.3
1569.77 16412.7
1569.76 16413.7
1569.92 16418.3
1570.25 16322.6
1571.43 16339.1
1571.11 16350.6
1571.07 16337.6
1572.33 16383.8
1572.26 16451.5
1572.66 16449.6
1572.69 16415.2
1572.63 16414.3
1572.75 16393.6
1573.01 16374.4
1573.54 16372.2
1573.55 16342.1
1574.66 16335.1
1574.53 16301.1
1575.57 16393.2
1576.63 16376.7
1578.65 16899.8
1578.84 16811.6
1578.96 16869.3
1579.03 16891.6
1578.97 16800.6
1578.93 16729.1
1579.28 16686.4
1579.21 16612.6
1579.21 16572.5
1579.55 16577.8
1578.96 16585.6
1579.24 16639.2
1579.25 16649.8
1579.33 16661.3
1579.32 16666.8
1579.05 16660.1
1579.05 16661.6
1581.29 16638.5
1581.5 16636.1
1581.53 16636.2
1582.05 16663.8
1582.75 16587.4
1582.58 16559.7
1583.04 16555.1
1583.04 16536
1583.05 16526.3
1583.19 16516.5
1583.03 16539
1582.94 16543.2
1583.23 16600.7
1583.41 16606.1
1583.46 16597.7
1583.62 16596.4
1583.75 16702.2
1586.99 16734.1
1586.97 16723.4
1587.03 16721.3
1586.52 16671.2
1586.22 16582.7
1587.49 16652.3
1587.95 16589.7
1588.04 16595.3
1587.48 16616.6
1587.61 16660.1
1588.88 16681.4
1588.63 16706.8
1588.89 16733.4
1590.03 16760.6
1589.89 16760.3
1589.82 16725.9
1590.2 16703.7
1590.49 16698.9
1590.7 16672.5
1590.78 16658.9
1590.86 16657.2
1590.74 16612.6
1590.96 16642.6
1591.12 16633.8
1591.46 16629.6
1594.49 16620.7
1594.59 16600.7
1594.59 16598.5
1594.53 16580
1594.53 16573.2
1597.86 16691.8
1598.28 16650.4
1598.29 16643.8
1598.73 16663.5
1600.27 16595.1
1600.61 16492
1600.66 16457.2
1600.84 16446
1600.9 16454.7
1600.85 16435.7
1600.72 16411.1
1600.98 16407.2
1600.9 16413.1
1601.08 16416.1
1601.59 16379.7
1601.43 16359.1
1602.84 16359.8
1602.82 16346
1603.22 16334.3
1610.73 16320.8
1611.02 16103.2
1611.21 16103.4
1611.68 16128.3
1618.31 16121.1
1618.36 16070
1619.12 16080.5
1619.21 16089.4
1619.08 16079.8
1619.98 16078.1
1620.88 16120.8
1621.54 16109.1
1621.46 16098.5
1627.43 16025.8
1627.45 15936.9
1626.61 15976.2
1627.06 16012
1627.07 16000.1
1626.96 16017.5
1631.5 16022.3
1631.69 15989.7
1631.36 15962.5
1631.64 15948.9
1633.53 15945.8
1633.54 15945.4
1633.52 15953.8
1636.73 15928.1
1636.69 15963.4
1636.91 15996.1
1636.45 16012.7
1636.47 15981.9
1636.13 15988.3
1635.93 16019.4
1639.65 16187
1639.64 16200.1
1639.81 16223.7
1639.91 16231.6
1640.92 16133.1
1641.34 16143.1
1641.46 16116.4
1641.48 16119.7
1642 16090.6
1641.3 16118.8
1641.32 16148.1
1641.59 16171.3
1641.86 16169.6
1641.7 16189.3
1642.55 16208.3
1647.5 16185.1
1650.3 16137.1
1650.29 16143.5
1650.51 16152.6
1650.52 16160.8
1650.27 16177.1
1650.46 16170.3
1650.45 16167.5
1650.69 16176
1651.83 16162.6
1651.36 16070.5
1652.78 15859.6
1652.77 15871.4
1653.39 15904.6
1653.35 15904.9
1653.14 15813.1
1653.21 15798.7
1653.27 15796.1
1653.23 15793.2
1653.43 15788.2
1653.16 15754.2
1653.09 15725.4
1653.02 15692.5
1652.97 15676.6
1651.82 15730.7
1651.83 15755.3
1651.62 15777.5
1651.66 15780.6
1651.64 15805.1
1651.72 15796.4
1650.73 15866.1
1650.78 15897.8
1650.87 15912.6
1650.89 15901.7
1651.46 15919.3
1651.41 15921.5
1651.79 15947.8
1651.51 15989.3
1651.5 15972.8
1651.37 15956
1650.99 15933.2
1650.77 15950.3
1651.21 15928.2
1651.69 15924.8
1651.65 15922.7
1651.91 16217.9
1651.93 16138.2
1651.72 16142
1653.13 16191.8
1653.83 16213.1
1653 16225.9
1652.75 16173.2
1652.75 16175.5
1652.72 16179.2
1652.55 16177.5
1652.19 16167
1652.18 16175.9
1652.41 16200.5
1652.41 16209.2
1652.56 16223.3
1652.76 16241.7
1652.67 16257.2
1652.69 16264.2
1652.61 16273.1
1652.62 16278.2
1652.14 16313.7
1652.1 16301.8
1652.13 16303.6
1652.15 16300.2
1652.24 16285.3
1652.37 16282.7
1652.31 16279.1
1652.64 16271.6
1652.83 16268.2
1654.16 16297.6
1655.46 16273.1
1656.01 16213.9
1656.01 16206.5
1656.57 16192.9
1656.04 16180.3
1655.99 16188.3
1656.62 16197.7
1656.67 16202.3
1656.84 16201.3
1656.94 16215.8
1656.98 16211.6
1657.11 16213.6
1656.88 16228.3
1656.79 16192.9
1657 16246.7
1657.66 16279.9
1657.6 16283.7
1657.59 16332.3
1657.59 16279.6
1657.59 16283
1656.95 16281.5
1657.03 16265.3
1657.98 16244.3
1657.98 16269.8
1658.45 16354.2
1658.4 16410.1
1658.37 16388.8
1658.3 16391.8
1658.23 16353
1658.28 16343.2
1658.2 16319.8
1658.29 16281.9
1658.52 16301.2
1658.51 16299
1658.9 16283.4
1659.49 16284.3
1660.48 16268.4
1661.23 16228.7
1661.73 16239.8
1661.87 16258.1
1662.43 16209.2
1662.41 16218.4
1662.46 16220.1
1663.06 16193.2
1663.33 16202.8
1663.25 16201.9
1663.59 16226.6
1663.18 16228.1
1662.75 16261.7
1662.85 16433.8
1662.92 16468
1663.06 16468.3
1663.05 16457.5
1664.17 16443.8
1664.65 16446.7
1666.79 16458.4
1667.13 16500.5
1667.46 16517.2
1667.58 16510.6
1667.66 16497
1667.51 16469.3
1667.51 16460.9
1667.62 16444.9
1668.9 16442.6
1668.73 16396.2
1669.13 16376
1669.2 16361.5
1669.3 16350.2
1669.39 16355.8
1668.39 16409.8
1668.31 16385.7
1668.18 16361.3
1668.2 16354.9
1668.3 16360.4
1668.25 16371.3
1668.24 16376.4
1668.16 16372.1
1668.13 16371.9
1667.95 16371.6
1667.95 16362.3
1667.95 16372.2
1668.44 16379.6
1668.45 16391.3
1668.48 16376.9
1668.43 16363.1
1668.6 16343.3
1668 16314.8
1667.9 16289.9
1668.12 16281.6
1668.22 16283.6
1669.64 16273.2
1670.44 16270.7
1670.43 16275.8
1669.57 16301.1
1669.4 16307.6
1669.43 16279
1669.7 16290.4
1669.77 16275.6
1669.72 16192.7
1669.84 16164.4
1669.9 16213.2
1669.6 16234.2
1669.59 16248.1
1669.91 16271.1
1669.69 16278.3
1669.62 16306.2
1669.46 16291.2
1669.45 16292.7
1669.28 16215
1668.72 16118.4
1669.12 16037.2
1668.59 15971.9
1668.65 15896.1
1668.8 15845.2
1668.79 15803.1
1668.77 15757.9
1668.77 15730.2
1669.05 15716.8
1669.06 15701.3
1669.46 15686.9
1669.16 15668.7
1669.44 15658.4
1669.34 15647.3
1669.27 15644.8
1669.52 15646.4
1669.59 15658.9
1669.58 15653.5
1669.61 15686.8
1669.88 15762.7
1670.01 15803.3
1670.04 15822.5
1670.69 15833.3
1670.48 15978.3
1671.05 15990
1671.16 15983.4
1671.25 15992.7
1671.15 15977.8
1671.82 15967.6
1671.82 15994.5
1671.66 15994.3
1671.48 16026.5
1671.73 16011.3
1671.72 16000.4
1671.34 16002.9
1670.99 16043.9
1671.76 16070.5
1671.04 16067
1671.04 16069.8
1670.86 16085.6
1670.84 16083.4
1670.98 15988.4
1671 15946.5
1671.3 15925.3
1671.08 15915.3
1671.09 15913.3
1671.15 15901.6
1671.11 15896.5
1671.16 15892.4
1671.1 15877.7
1671.03 15987.6
1671.18 16009.7
1671.38 16008.1
1671.45 16008.4
1671.47 16007.2
1672.36 16037.9
1672.4 16036.6
1674.23 15974.1
1674.48 15985.6
1674.48 15988.6
1674.84 15988.9
1674.53 15992.3
1674.7 15994.7
1674.69 15985.4
1674.69 15984.1
1674.85 15975.5
1674.86 15957.9
1674.98 15949.6
1674.98 15946.7
1674.96 15946.6
1675.06 15943.3
1676.35 15979.9
1676.99 16020.9
1677.13 16026.1
1677.09 16036.5
1677.17 16047.2
1678.55 16059.8
1678.69 16054
1678.84 16052.9
1679.05 16059.9
1679.21 16053.9
1679.17 16050.6
1679.79 16051.8
1679.77 16014.7
1679.77 16009.8
1680.44 15987.2
1680.41 15988.8
1680.43 15985.6
1680.5 15984.9
1681.14 15965.8
1681.13 15960.4
1681.05 15963.3
1680.94 15958.6
1681.16 16028.1
1681.09 15909.6
1681.01 15915.7
1681.08 15929
1682.15 15973.3
1682.14 16009.9
1682.14 16017
1682.14 15989.7
1682.22 15986.4
1682.28 15989.3
1682.28 15990.3
1682.9 15978
1682.95 15966.9
1682.9 15970.3
1682.8 15970.4
1682.88 15979.3
1682.95 15982.8
1683.07 15984.2
1683.88 15980.8
1683.88 15995.2
1683.86 15994.8
1683.63 15992.1
1683.58 15995.2
1683.52 15981.6
1683.49 15977.8
1683.64 15983.3
1683.61 15981.3
1683.31 16000.8
1683.27 16066.9
1683.26 16085.5
1683.48 16110.5
1683.41 16121.8
1683.38 16120.1
1683.52 16103.4
1683.5 16099.1
1683.62 16086.4
1683.68 16081.6
1683.67 16076.1
1683.73 16052
1684.38 16047.5
1684.71 16045.2
1684.65 16041.5
1685.19 16048.8
1685.15 16050
1686.69 16051
1686.88 16046
1686.9 16038.7
1686.99 16027
1687.15 16026.2
1687.13 16014.8
1687.27 16017.4
1687.29 16019.2
1687.3 15927.2
1687.3 15930.1
1687.41 15899
1687.72 15884.5
1688.03 15846.3
1688.01 15843
1688.06 15839.8
1687.97 15842.3
1687.9 15838.5
1687.92 15836.7
1688.05 15838.5
1688.07 15838.8
1688.14 15835.9
1688.21 15831.8
1688.28 15844.8
1688.62 15853.4
1689.15 15853.1
1689.43 15842.7
1688.93 15863.8
1688.79 15862.9
1689.08 15888.9
1689.08 15935.4
1689.11 15956.7
1689.02 15980.2
1689.14 15984.5
1689.4 15981.6
1689.3 15978.7
1689.31 15969.9
1689.44 15958.9
1689.43 15946.8
1689.25 15933.5
1689.39 15916.3
1689.28 15914.6
1689.39 15913.6
1690 15937.6
1690.3 15920
1690.23 15933.6
1690.45 15939.9
1690.47 15928.8
1690.5 15919.5
1690.5 15908.4
1690.56 15908.2
1690.68 15923.3
1690.61 15937.1
1690.62 15961.5
1690.66 15980.3
1693.91 15872.4
1693.59 15898.9
1693.6 15894.4
1693.53 15910.8
1693.58 15925.2
1693.7 15928.7
1693.59 15929.2
1693.71 15924.5
1693.73 15924.1
1693.79 15920.4
1694.14 15922.4
1694.14 15924.2
1694.13 15920.6
1693.85 15905.1
1694.53 16010.8
1694.74 15980.7
1694.6 15977.5
1694.81 15960.3
1694.69 15923.4
1695.4 15898.5
1695.45 15888
1696.06 15882.4
1696.16 15882.9
1695.93 15884.2
1696.01 15882
1696.47 15872.1
1696.47 15890
1696.24 15928
1696.43 15934.6
1696.41 15933.3
1696.52 15925.8
1696.3 15931.9
1696.38 15938.4
1696.51 15946.2
1696.44 15939
1696.66 15939.1
1696.56 15938.3
1697.24 15927.7
1697.22 15917.1
1697.1 15926.3
1697.06 15948
1697.14 15946.4
1697.11 15954
1697.11 15955
1697.17 15938.4
1697.37 15946.7
1697.44 15937.4
1697.6 15935.4
1697.49 15941.2
1697.46 15940.5
1697.72 15931.1
1697.68 15931.2
1697.97 15926.7
1697.91 15895.7
1697.98 15851.3
1697.67 15872.5
1698.27 15890.7
1698.41 15927.2
1698.48 15918.2
1698.41 15928
1698.38 15911.9
1698.56 15907.2
1698.62 15859.6
1698.56 15857.6
1698.39 15829.8
1698.21 15804.3
1698.24 15761.9
1698.3 15765.3
1697.83 15771.1
1697.88 15793.8
1697.48 15770.8
1697.67 15780.3
1697.67 15804.1
1697.7 15806.4
1698 15792.4
1698.31 15778.6
1698.37 15757.2
1698.05 15762.1
1698.06 15749.2
1698.15 15732.8
1697.91 15718.5
1697.95 15713
1697.88 15710.9
1697.85 15701.4
1697.59 15688.5
1697.55 15686.3
1697.7 15698.3
1698.88 15704.4
1698.89 15710.6
1699.77 15711.1
1699.94 15696.4
1699.94 15686.3
1700.28 15685.3
1700.23 15674.6
1700.21 15674.9
1700.22 15672.4
1700.17 15674
1700.06 15669
1700.06 15655.8
1700.02 15644.2
1700.11 15628.9
1700.11 15635.1
1700.15 15677.3
1700.14 15685.9
1700.08 15671.5
1700.36 15684.2
1700.49 15687.6
1700.82 15640.1
1701.01 15637.2
1701.2 15642.4
1701.19 15638
1701.51 15627.2
1701.46 15626
1701.49 15623.8
1701.03 15610.9
1701.19 15595.2
1701.43 15583.2
1701.44 15580.9
1701.84 15595.6
1701.84 15598.5
1701.69 15606
1701.5 15603.7
1701.63 15597.8
1701.64 15594.8
1701.57 15588.3
1701.58 15597.8
1701.4 15594.8
1701.68 15586.6
1702.22 15580.5
1702.09 15572.3
1701.85 15572.3
1702.05 15614.3
1702.1 15609.6
1702.14 15598.7
1702.11 15596.8
1702.02 15586.4
1702.43 15596.6
1702.39 15616
1702.18 15616.6
1702.16 15676.5
1702.06 15656.7
1702.17 15648.3
1702.47 15636.4
1702.68 15626.6
1702.73 15615.7
1702.69 15611.3
1702.84 15601.3
1702.93 15601.7
1703.14 15600.4
1703.22 15599.1
1703.39 15599.4
1703.45 15587.4
1703.23 15574.7
1703.14 15538.3
1703.17 15529.2
1703.6 15522.4
1703.59 15515.5
1703.49 15507.2
1703.48 15506.4
1703.47 15516.7
1703.74 15531.6
1703.57 15532.1
1703.99 15538.1
1703.99 15550
1703.5 15588.3
1703.58 15642.6
1703.57 15633.8
1703.55 15622.5
1703.8 15610.6
1703.67 15614.5
1703.67 15573.7
1703.77 15571.1
1703.52 15590
1703.56 15593.1
1703.56 15594
1703.77 15621.5
1703.99 15635.7
1704.25 15653.7
1704.17 15697.1
1704.3 15699.7
1704.32 15695.2
1704.28 15692.2
1704.21 15692.2
1704.3 15694.8
1704.33 15704.4
1705.4 15733.3
1705.25 15745.5
1705.21 15772.6
1705.23 15777.2
1705.38 15780.2
1705.45 15789.4
1705.45 15781.3
1705.42 15784.4
1705.43 15789.9
1705.44 15794.1
1705.41 15797.2
1705.43 15796.3
1705.48 15792.9
1705.19 15802
1705.21 15801.8
1705.21 15806.3
1705.36 15816
1705.44 15829.2
1705.49 15845.3
1705.83 15841.9
1705.71 15852.4
1705.66 15870
1705.71 15886.9
1705.67 15894.1
1705.77 15898.3
1705.96 15897.2
1705.84 15904.4
1706.66 15903
1706.8 15886.8
1707.01 15872.5
1707.2 15874
1708.62 15848.6
1708.57 15856.5
1708.6 15825.8
1708.77 15795
1708.67 15776
1708.65 15760.6
1708.56 15759.4
1708.74 15756.7
1708.8 15764.1
1708.98 15772.3
1709.1 15773.7
1709 15768.9
1709.04 15765.8
1709.03 15770.8
1709.03 15763.1
1709.03 15752.1
