29.356 28.4463
159.55 183.618
279.04 1746.12
373.995 2104.2
376.979 1408.83
441.442 2882.35
485.689 2776.51
492.491 2513.86
492.896 2318.17
497.952 2415.34
499.68 2377.76
500.204 2252.83
500.638 2200.5
561.745 4401.42
589.675 6415.09
613.495 5875.18
630.554 8141.28
628.04 7180.72
636.784 8812.78
636.924 6549.51
667.12 7340.41
685.992 7408.69
711.429 7377.07
714.921 7120.49
717.951 6952.69
732.931 6884.25
765.191 6897.14
792.045 9546.37
849.623 9641.32
860.085 9019.06
870.012 8639.84
879.032 9337.87
882.751 9247.85
883.628 9175.88
900.295 8905.32
891.474 11893.5
891.423 11318.4
910.176 10614.1
909.544 10375.1
922.198 10230
959.963 10224.3
974.293 12299.4
985.337 11870.1
986.535 11755.6
987.897 12349.7
999.109 11834.6
997.451 11691.9
996.965 11496.7
998.117 11239.3
998.207 11057.9
1035.07 10867.9
1034.1 11777.1
1032.73 11583.5
1080.01 11953.9
1082.85 12502.5
1082.39 12714.7
1100.94 12769.5
1099.53 12451.3
1102.08 12388
1104.52 12347.8
1106.11 12241.9
1110.14 12216.9
1127.22 12247.2
1129.54 13647.4
1138.25 12815.8
1142.29 13294.8
1141.06 13619.6
1137.05 13686.3
1137.7 13675.8
1142.16 14334.9
1144.18 14079.9
1143.41 13807
1140.86 13634.7
1140.17 13621
1140.31 13760
1141.59 13828.6
1144.31 13862.7
1145.15 13761.1
1149.24 13959.3
1150.71 13876.6
1155.98 13933.6
1155.15 13704.1
1157.44 13618.2
1174.78 13293.7
1175.11 13041.5
1177.78 13499.8
1183.53 14288.2
1186.74 14246.8
1186.8 13815.4
1185.2 13591.5
1194.11 13444
1195.72 13473.2
1194.95 13750.1
1201.57 13872.5
1211.89 13906.1
1217.4 13656.3
1222.59 13781.6
1232.93 13654.7
1233.41 13549.6
1234.84 13576.9
1241.64 13482.5
1246.23 13401.9
1247.26 13406.1
1248.71 13485.2
1257.34 13448.5
1267.02 13412.2
1276.1 13369.1
1281.5 13091.6
1283.52 12985.8
1288.25 13956.8
1294.97 14285.7
1295.92 14058.4
1295.13 14201.5
1294.47 14204.9
1306.04 14290.5
1309.91 14010.6
1309.92 13956.9
1309.94 13963.6
1309.96 13946.7
1313.65 13840.5
1315.53 13942.7
1316.91 14019.5
1319.52 13933.5
1334.46 13949.5
1335.62 13864.4
1335.5 13898.2
1349.92 13633.4
1350.52 13507
1350.13 13439.9
1372.21 13312.9
1396.1 13496.5
1396.23 13265.5
1396.88 13118.1
1396.44 13061.5
1396.76 13044.9
1396.96 13050.6
1399.03 13057.1
1398.79 13064.4
1404.33 13106
1404.03 13095.4
1403.95 13102.4
1424.62 13105.9
1425.6 12880.3
1426.38 12793.8
1426.38 12836.1
1426.45 12872.2
1428.73 12933.5
1429.7 12927.2
1429.69 12891.4
1431.57 12983.9
1432.59 12643
1433.44 12582.1
1432.49 12818.6
1439.04 13807.6
1439.03 13776.6
1439.92 13656.5
1440.91 13522.1
1442.94 13389.5
1442.16 14335.8
1442.4 14010.5
1442.5 13777.2
1440.54 13666.4
1440.91 13793.3
1440.54 13860.6
1439.93 13853.7
1441.03 13837.7
1441.08 13826.1
1441.39 13806.2
1442.22 13812.1
1442.22 13783.6
1451.65 13708.3
1453.05 13722
1452.82 13938.1
1453.13 13748.6
1453.13 13694.1
1453.4 13694.5
1453.25 13700.4
1453.33 13720
1452.81 13722
1453.45 13707
1456.73 13725.1
1458.8 13684.5
1458.76 13737.9
1458.78 13707.2
1458.49 13661.3
1458.49 13627.1
1458.22 13585.8
1458.46 13618.2
1458.51 13615.1
1458.32 13591.3
1458.8 13607.7
1458.23 13690.6
1458.27 13629.5
1458.07 13629.8
1457.45 13685
1458.67 13697
1458.89 13657.5
1459.62 13757.8
1459.6 13714.4
1459.9 13667.9
1460.99 13688.9
1460.68 13695.1
1460.47 13737.8
1460.51 13746.3
1462.46 13807.4
1462.5 13782.6
1465.12 13818.6
1465.5 13814.8
1466.17 13799.9
1465.85 13812.3
1466.85 13770.1
1480.52 14381.9
1486.76 14354.9
1488.37 14387.5
1489.17 14382.9
1501.3 14261.8
1501.53 14279.5
1501.25 14286
1501.41 14290.1
1507.51 14189.5
1507.5 14202.7
1532.64 14378.9
1537.59 14181.8
1537.04 13999.4
1536.36 14160.7
1537.11 14103.2
1537.11 14031.5
1540.32 14451.2
1542.03 14410.4
1542.03 14434.8
1542 14468.2
1541.85 14486.4
1542.15 14485
1548.96 14407.6
1548.92 14503.5
1549.23 14550.5
1549.95 14588.3
1551.07 14645.6
1551.04 14634.3
1551.17 14652
1564.95 14667.2
1565.43 14583.1
1565.81 14587.4
1566.18 14483.4
1566.37 14422
1565.67 14448.5
1565.57 14488.6
1565.33 14508.4
1565.34 14520.8
1565.74 14545.4
1566.54 14560.3
1566.67 14579.7
1568.51 14627.5
1568.22 14593.2
1568.42 14602.3
1568.15 14567.2
1567.83 14582.5
1571.56 14508.5
1571.64 14572.1
1571.59 14576.6
1571.66 14575.7
1572.3 14577.3
1572.17 14603.4
1571.93 14600.5
1571.91 14611.9
1571.82 14609.5
1571.85 14607.7
1573.78 14694.4
1574.5 14698.9
1575.07 14705.3
1575.41 14704.4
1574.66 14715.1
1575.47 14715.7
1575.49 14723.6
1575.92 14692.7
1576.44 14684.9
1576.3 14724
1576.61 14745.8
1576.61 14730.1
1577.51 14723.5
1578.16 14798.8
1578.52 14798.1
1579.16 14822.3
1579 14836
1579.95 14848.1
1580.83 14766.4
1582.02 14708.9
1582.71 14660.5
1582.71 14626.1
1581.78 14659.3
1581.62 14694.2
1581.63 14709.1
1581.8 14715.1
1581.83 14758.7
1581.84 14780
1581.61 14784
1581.79 14802.1
1581.61 14796.8
1581.47 14800.8
1581.48 14801.5
1581.43 14793.2
1582.39 14827.1
1582.39 14806.6
1582.51 14777.2
1581.13 14741.8
1581.48 14687.1
1582.08 14651.2
1582.08 14640.3
1581.99 14597.8
1581.61 14604.3
1581.77 14618.3
1581.67 14601.6
1582.1 14631.7
1582.12 14623.8
1582.17 14605.8
1582.02 14602.5
1581.9 14592
1582.53 14595.1
1582.54 14580.9
1582.49 14587.9
1582.54 14587.1
1582.6 14588.4
1582.91 14608.2
1582.92 14589.8
1582.38 14620.9
1582.56 14624.5
1582.55 14624.7
1582.52 14629.8
1582.58 14630
1582.64 14629.2
1582.67 14626.3
1582.81 14600.9
1582.93 14613.5
1582.79 14610.4
1582.47 14593.9
1582.3 14591.4
1582.24 14577.9
1582.19 14568.3
1581.92 14563
1582.37 14559.8
1582.26 14532.3
1582.07 14539.7
1584.25 14563.7
1584.16 14592.8
1583.85 14591
1584.02 14573.4
1583.34 14592
1583.33 14620.8
1583.08 14617.7
1583.81 14587.2
1583.72 14624.9
1583.76 14624.5
1583.46 14552.6
1583.47 14540.4
1583.1 14554.9
1583.13 14558.9
1583.66 14589.6
1584.06 14602.1
1584.27 14586
1584.24 14553.4
1584.33 14554.1
1584.21 14640.4
1584.37 14594.6
1584.05 14566.9
1583.94 14565.1
1584.38 14562.2
1584.34 14538.9
1584.29 14529.5
1584.03 14519.7
1584.43 14524
1584.45 14532.2
1584.49 14561.5
1584.33 14625.2
1584.32 14648.7
1584.23 14652.4
1584.66 14719.7
1584.73 14723.6
1584.87 14722.7
1584.64 14730.4
1584.62 14757.7
1585.87 14782.6
1585.88 14783.4
1585.87 14794.4
1585.86 14799.5
1585.93 14798
1586.1 14795.2
1586.21 14796.1
1586.89 14681.7
1586.88 14653.9
1586.71 14531.4
1587.57 14496.7
1587.2 14400
1587.2 14315.1
1587.2 14244.2
1587.36 14267
1587.03 14279.4
1588.21 14249.1
1589.2 14302.3
1589.37 14321.7
1589.26 14340
1589.39 14347.2
1589.35 14344.6
1589.34 14340
1589.41 14333.1
1589.21 14321.3
1589.22 14324.7
1589.19 14331.3
1589.19 14321.1
1589.23 14306.9
1589.24 14302.5
1589.68 14293.5
1589.7 14292.8
1590.48 14270.7
1590.59 14261.6
1590.61 14256.9
1590.62 14244
1590.61 14237.5
1590.81 14225.6
1590.59 14215.7
1591.42 14249.3
1591.51 14243.1
1591.51 14246.3
1591.39 14259
1591.34 14267.3
1591.02 14252.4
1590.99 14254.9
1591.7 14209.6
1591.87 14238.4
1591.95 14094.7
1591.85 14159.6
1591.81 14188.7
1592.85 14228.2
1592.87 14226.7
1592.79 14202.8
1592.7 14153.4
1592.93 14195.4
1592.82 14185.1
1592.89 14164.6
1592.73 14146.8
1592.87 14164.1
1592.9 14168.9
1592.89 14161.6
1592.69 14139.1
1593.01 14113.6
1593.03 14145
1592.76 14146.5
1592.92 14150.8
1592.84 14144.8
1592.97 14112.5
1593.37 14118.7
1593.41 14128.4
1593.46 14128.7
1593.52 14115.3
1593.51 14104.3
1593.62 14103.1
1593.62 14112.9
1593.72 14139.4
1593.63 14140.6
1593.61 14062.1
1593.61 14068.4
1593.58 14064.9
1593.71 14064
1593.72 14060.3
1593.92 14241.7
1594 14244.1
1592.74 14430.4
1592.63 14410.4
1592.7 14456
1592.69 14482.6
1592.5 14497.7
1592.63 14495.8
1592.7 14483.7
1592.73 14479.4
1592.61 14485.4
1592.28 14470.3
1592.13 14486.4
1592.23 14495.4
1592.17 14542.9
1592.28 14541.2
1592.29 14529.8
1592.49 14523.4
1592.48 14527.2
1592.14 14396.3
1592.38 14375.5
1592.63 14422.8
1592.57 14408.9
1592.5 14409.5
1592.49 14417.9
1592.62 14430
1592.82 14419.3
1592.82 14420.5
1592.82 14420.5
1592.59 14332.9
1592.03 14368.5
1592.02 14414.9
1592.01 14437.8
1592.38 14442.9
1592.64 14463.9
1592.62 14468.8
1592.36 14411.8
1592.18 14420.3
1594.61 14357.3
1595.07 14405.7
1596.09 14555.8
1596.12 14598.3
1596.1 14581.2
1598.35 14603.8
1598.16 14596.1
1597.99 14626.5
1597.92 14595.4
1597.7 14580.1
1597.72 14577.5
1597.83 14585.2
1597.81 14571.7
1597.83 14579.8
1598.17 14616.6
1598.35 14640.7
1598.74 14639.7
1598.71 14649.3
1598.35 14610.9
1598.44 14591.7
1598.46 14588.3
1598.62 14589.1
1598.59 14592.4
1599.02 14595.3
1599.07 14593.9
1599.12 14606.5
1599.14 14610.8
1599.43 14611.8
1599.23 14632.8
1599.53 14680.5
1599.56 14700.5
1599.44 14708.7
1599.94 14738.3
1599.95 14761.1
1599.92 14761.6
1599.91 14767.5
1599.89 14773.6
1599.96 14776.2
1599.9 14776.6
1600.19 14802.9
1600.7 14800.4
1600.62 14830.4
1600.59 14837.1
1600.6 14840.8
1600.58 14844.1
1600.84 14837
1600.96 14813
1601.48 14793.4
1601.32 14823.7
1601.08 14823.1
1601.16 14740.2
1601.24 14743
1601.23 14730.9
1601.32 14709.4
1601.32 14695.5
1601.37 14686.7
1601.36 14689.5
1601.58 14694.6
1601.97 14687.2
1602.09 14694.3
1602.02 14701
1602.12 14698.9
1601.8 14671.6
1601.51 14678.1
1601.49 14674.9
1601.39 14684.5
1601.56 14763.9
1601.5 14752.6
1601.5 14759.6
1601.5 14755.5
1602.02 14792.5
1602.01 14735.4
1602.05 14743.7
1602.06 14758.4
1602.06 14763.2
1602.18 14763.2
1602.22 14761.7
1602.38 14769.8
1602.6 14781.9
1602.63 14804.9
1602.63 14790.5
1602.78 14805.2
1602.83 14834.8
1602.81 14814.3
1603.12 14824.1
1603.1 14841.8
1603.18 14836.4
1603.85 14874
1603.81 14869.5
1603.93 14874.5
1603.9 14867.8
1603.89 14836.6
1603.83 14846.5
1603.78 14843.2
1603.67 14864.5
1603.82 14884.6
1603.83 14891.2
1604.12 14898.5
1604.07 14916.2
1604.05 14915.4
1604.13 14920.2
1604.2 14954.8
1604.18 14960.1
1604.22 14957.9
1604.41 14961.5
1604.42 14964.6
1604.6 14963.6
1604.8 14963.1
1604.84 14929
1604.77 14978.8
1604.83 14975.4
1604.73 14970.5
1604.65 14975.4
1604.84 14953.7
1604.31 14920.9
1604.03 14925.9
1604.41 14882.6
1604.26 14881.5
1604.31 14899.8
1604.33 14896
1604.25 14895.8
1604.19 14894
1604.11 14901.5
1603.72 14887.4
1603.49 14973.1
1603.35 14973.7
1603.32 14992.2
1603.67 14998.7
1603.66 15000.9
1603.67 15007.2
1602.95 15020.4
1603.84 15044.1
1603.87 15063
1603.92 15084.3
1604.08 15088.1
1604.12 15084.2
1604.24 15087.1
1604.14 15087.3
1604.08 15082.4
1604.49 15085.2
1604.09 15073.2
1603.95 15047
1603.94 15020
1603.89 15015.1
1603.91 15015.5
1603.92 15018.5
1603.97 15016
1603.93 15009.6
1603.93 14985.2
1603.57 14962.4
1603.85 14954.4
1603.9 14956.5
1603.91 14963.4
1603.91 14965
1603.88 14968.5
1603.61 14989.3
1603.68 14985.3
1603.73 14980.4
1603.31 14978.8
1603.3 14984.2
1603.22 14984.4
1603.96 15030.2
1604.24 15055.6
1604.11 15045.3
1604.25 15035.8
1604.35 15011.6
1604.4 14997.9
1604.38 15034.8
1604.48 15030.2
1604.98 15046.7
1604.94 15044.4
1605 15042
1606.4 15028.6
1606.33 15017
1606.32 15012.3
1606.14 15024.8
1606.02 15031.7
1606.12 15031.3
1606.13 15022.7
1606.25 15021
1606.35 15018.9
1606.43 15026.4
1606.24 15081.1
1606.32 15103.7
1606.37 15083.5
1606.19 15070.6
1606.18 15053.1
1606.21 15030.8
1606.33 15020.3
1606.7 15017.1
1606.59 14999.2
1606.48 14986
1606.48 14972
1606.62 14974.5
1606.79 14968.2
1606.83 14968.3
1607.07 14960.6
1607.19 14972.5
1607.49 14983.1
1608.03 15012.9
1608.02 15021.7
1608.03 15026.8
1608.03 15032.1
1608.03 15032.9
1608.07 15033.1
1608.11 15035.4
1608.33 15033.8
1608.32 15035.6
1608.87 15047.2
1608.61 15064.1
1608.96 15075.6
1609.12 15079.3
1609.2 15081
1609.53 15167.2
1609.52 15186.4
1609.45 15186
1609.36 15183.1
1609.27 15162.5
1609.23 15156.9
1609.38 15152.7
1609.19 15119.6
1608.98 15126.1
1609.11 15167.6
1609.09 15191.3
1609.23 15204.6
1609.3 15214.9
1609.3 15231.3
1609.31 15237.7
1609.32 15246.4
1609.23 15257.5
1609.23 15269.4
1609.24 15277.6
1609.43 15294.5
1609.89 15278.5
1610.08 15291.8
1610.12 15277
1610.11 15269
1610.22 15272.7
1610.16 15265.6
1610.18 15230.5
1610.18 15209.2
1610.11 15199.1
1610.11 15191.8
1610.1 15189.8
1610.25 15195.5
1610.4 15208.5
1610.4 15211.1
1610.36 15219.9
1610.4 15224.7
1610.36 15230.8
1610.25 15229.5
1610.11 15240.2
1610.35 15222.8
1610.35 15208.7
1610.45 15213.9
1610.48 15218
1610.31 15212.1
1610.36 15213.6
1610.35 15212.8
1610.56 15192.9
1610.52 15190.8
1610.83 15170.9
1611.09 15207.2
1610.78 15218.7
1610.91 15220.5
1610.75 15224.6
1610.77 15229.9
1610.89 15234.8
1610.7 15247.4
1610.8 15237.7
1611.08 15290
1611.21 15318.2
1611.18 15322.8
1611.43 15374.9
1611.53 15365.7
1611.47 15363.1
1611.41 15350.6
1611.51 15369.3
1611.51 15371.9
1611.65 15366.9
1611.7 15370.4
1611.66 15383.4
1611.69 15385.7
1611.65 15404.2
1611.1 15394.5
1611.19 15398.9
1611.21 15380
1611.19 15389.8
1611.15 15391.8
1610.92 15404.7
1610.84 15407.7
1610.85 15418.6
1611.15 15432.3
1611.23 15426.9
1611.01 15369.6
1611.01 15413.7
1611.73 15421.6
1611.73 15419.1
1611.78 15416.6
1611.77 15414.4
1611.78 15413.9
1612.03 15463.3
1612.24 15440.8
1612.27 15424.8
1612.29 15399.5
1612.41 15389.4
1612.68 15391.8
1612.65 15392.6
1612.75 15386.5
1612.65 15374.7
1612.56 15363.8
1612.55 15351
1612.43 15333.8
1612.38 15334
1612.46 15339.9
1612.51 15346.8
1613.13 15335.4
1613.33 15332.4
1613.39 15329
1613.47 15315.8
1613.38 15308.5
1614.3 15335.6
1614.33 15347.1
1614.21 15332
1614.64 15341.7
1614.83 15342.4
1614.78 15335.6
1614.76 15331.5
1614.93 15312.7
1615.2 15294.1
1615.18 15297
1615.41 15302.5
1615.52 15289
1615.64 15284.6
1615.95 15293.8
1615.95 15284.7
1615.82 15274.4
1615.84 15312.9
1615.78 15311
1615.78 15309.2
1615.8 15312.5
1616.09 15320.9
1616.18 15333.2
1616.52 15359
1616.5 15358.9
1616.39 15368.5
1616.17 15391.5
1616.63 15430.1
1616.66 15421.2
1617 15393
1617.17 15402.9
1617.13 15409.8
1617.13 15419.2
1617.21 15427.9
1618.1 15439.1
1618.31 15442.9
1618.47 15475.1
1618.48 15479.1
1618.48 15470.6
1618.38 15469.4
1618.42 15512.3
1618.37 15495.1
1618.37 15488
1618.37 15505.2
1618.41 15500.9
1618.42 15502
1618.44 15501.9
1618.4 15500.2
1618.42 15500.6
1618.54 15452.1
1618.54 15434.1
1618.54 15448.8
1618.73 15457.3
1618.82 15470.8
1618.78 15474.4
1618.76 15486.4
1618.74 15491.5
1618.74 15483.6
1618.76 15477.4
1618.75 15476.4
1618.75 15475.8
1618.64 15454.7
1618.41 15450.3
1618.66 15450.1
1618.64 15421.8
1618.55 15413.4
1618.5 15407.4
1618.5 15411.4
1618.59 15403.1
1618.53 15392
1618.62 15414.2
1618.47 15415
1618.44 15404.3
1618.43 15395.7
1618.41 15396.2
1618.4 15400.7
1618.4 15402.6
1618.16 15401.9
1618.2 15401.7
1618.49 15337.7
1618.46 15346.6
1618.55 15357.7
1618.56 15352.5
1618.56 15357.2
1618.7 15368
1619.52 15400.3
1619.44 15412.2
1619.34 15421.9
1619.41 15427.7
1619.4 15433.6
1619.42 15435.8
1619.41 15436.2
1619.38 15442.9
1619.39 15456.1
1619.43 15463
1619.45 15487
1619.41 15494.5
1619.3 15492.1
1619.26 15491.4
1619.27 15492.3
1619.26 15489.1
1619.29 15495
1619.12 15486
1619.09 15493.2
1619.16 15498.3
1619.32 15498.6
1619.41 15502.1
1619.51 15499.7
1619.46 15495.2
1619.49 15489.9
1619.55 15488.9
1619.61 15481.6
1619.8 15474.9
1619.78 15471.2
1620.08 15478.3
1620.1 15466.7
1620.38 15449.2
1620.39 15451.1
1620.4 15449.3
1620.41 15448.9
1620.4 15450.3
1620.4 15446.8
1620.11 15436.9
1620.29 15439.1
1620.37 15438.8
1620.4 15440.9
1621.04 15437.8
1621.26 15442.8
1621.09 15451.2
1620.95 15439.5
1620.92 15437.3
1620.83 15423
1620.82 15417.6
1620.82 15415.1
1620.69 15368.4
1621.16 15411.4
1621.33 15393.3
1621.45 15376.9
1621.54 15347.5
1621.54 15339.2
1621.59 15324
1621.88 15352.5
1621.92 15366.2
1622.11 15381.9
1622.11 15389.8
1622.13 15388.6
1622.12 15394.9
1622.15 15399.2
1622.23 15401.2
1622.18 15406.7
1622.18 15401.9
1622.19 15406.2
1622.31 15411.3
1622.27 15413.8
1622.33 15415.7
1622.1 15385.8
1621.89 15391.1
1621.93 15400.5
1621.83 15405.2
1621.81 15406.3
1621.94 15402
1621.95 15393.9
1621.93 15389.8
1621.92 15392.2
1621.84 15392.5
1621.87 15391
1621.75 15374.9
1621.78 15390.5
1621.87 15408.6
1621.79 15411.4
1621.8 15414.5
1621.91 15416.1
1622.18 15424.9
1622.13 15434.4
1622.34 15455.9
1622.34 15432
1622.67 15446.7
1622.65 15459.1
