30.9091 25.3609
31.7398 19.5174
176.329 467.315
186.938 488.193
212.41 1135.27
214.053 926.137
366.519 1358.21
382.96 2453.94
389.665 2259.73
389.688 2036.84
407.726 2566.49
409.701 2966.18
414.148 3935.95
428.629 4137.95
517.184 6392.54
527.038 7245.55
556.641 6394.27
574.379 6313.93
574.4 5907.39
591.157 6452.49
603.776 6295.15
614.488 5997.13
614.246 5776.96
641.178 7542.61
659.126 7203.2
661.775 7102.8
662.342 7013.48
664.713 7262.23
685.28 8500.74
664.018 8680.74
671.107 8871.2
677.951 9215.56
678.008 9123.15
678.938 8960.94
686.088 9069.92
688.329 8883.47
717.427 9153.72
726.783 9333.62
797.49 9621.12
833.633 12649.2
833.199 12180.6
833.287 11962.8
849.185 11876.1
850.303 11997.7
866.293 11895.4
874.621 12680.1
875.282 12504.2
875.509 12376.6
879.04 12257.6
899.32 12108.8
954.298 12287.6
958.286 12174
999.842 12415.2
999.671 12413
999.673 12478.1
1001.06 12424.5
1007.14 12416.9
1003.11 12659.8
1015.7 14364.8
1023.24 13524.1
1031.13 13464.6
1053.88 12780.2
1057.48 12463.8
1071.08 12428.5
1071.09 12178.4
1078.41 12113.2
1078.42 12136.3
1093.63 12312.5
1091.92 12344.3
1091.76 12589
1093.75 12889
1121.57 12778
1126.1 12633.8
1127.44 12613.9
1128.17 12783.4
1131.49 12817.6
1132.48 12779.2
1137.83 12717.1
1145.5 12972.3
1158.89 14938.6
1161.72 14165.4
1161.19 13742.6
1172.25 13796.6
1178.13 13738.9
1181.31 14198.1
1182.02 14570.7
1186.72 14054.9
1197.29 14210.1
1196.6 14006.8
1201.55 14255.9
1201.41 14038.1
1204.5 14131.9
1204.77 14061.8
1208.41 14088.1
1203.69 14233.9
1200.85 14490.9
1201.27 14445
1201.04 14586
1200.32 14664
1198.42 14637.9
1200.13 14601.1
1200.63 14534.6
1202.95 14266.4
1207.85 14197.3
1215.35 14217.9
1215.44 14020.7
1222.01 14095.5
1221.8 14020.4
1226.16 14034.3
1234.23 14004.2
1234.71 13961.9
1235.62 13962.6
1237.06 13955.8
1238.7 14564.3
1240.02 14645.9
1239.65 14550.2
1241.72 14519.8
1242.22 14478.1
1241.54 14770.5
1243.51 15072.4
1249.74 15334.2
1253.13 15378
1256.31 15385.4
1256.55 15455
1256.43 15469.7
1256.07 15622.4
1257.25 15632.9
1258.68 15632
1258.68 15638.9
1258.95 15565
1261.36 15652.3
1261.23 15352.5
1269.47 15439.2
1267.49 15410
1267.95 15461.1
1269.45 15546.3
1271.23 15616.3
1271.59 15524.2
1271.45 15595.6
1271.93 15734.3
1272.31 15705.2
1273.42 15765
1278.26 15711.7
1278.26 15652.7
1278.32 15620.6
1278.28 15562.4
1277.03 15885.4
1278.98 15966.3
1279.02 15946.6
1281.87 16031.6
1282.11 16047.9
1283.97 16101.9
1288.79 16162.7
1289.68 16216
1287.67 16403.2
1287.65 16393
1288.44 16483.1
1289.04 16506.6
1288.01 16533.4
1291.19 16559
1292.2 16766.2
1292.71 16781.7
1294.49 17649.6
1339.89 19470.5
1337.09 18717.4
1338.11 18261.6
1338.31 18495.7
1340.32 18349.6
1339.91 18142
1341.64 18076.2
1341.71 17957.4
1342.82 17804.5
1342.9 17683.4
1342.96 17590.9
1344.09 17396.4
1346.86 17777.6
1350.14 17533.4
1350.46 17448
1350.38 17357
1353.07 17302.6
1352.29 17234.7
1352.23 17184.9
1354.59 17124.3
1353.2 17080.6
1353.43 17058
1353.45 17069.1
1353.86 17088.9
1355.86 17128
1361.21 17048.8
1366.63 17015.1
1368.87 16989.1
1368.85 16946.9
1366.45 16924.7
1372.94 17016.3
1373.98 17048.1
1373.86 17001.5
1374.08 17072.6
1374.37 17133.8
1374.28 17170.7
1374.23 17241
1374.17 17274.6
1376.65 17365
1378.38 17414.1
1377.66 17601.2
1376.27 17577.7
1376.23 17552.8
1382.41 17580.7
1384.82 17613.1
1386.72 17576
1386.71 17451.8
1390.29 17581
1392.3 17543.1
1392.3 17530.4
1397.9 17704.6
1397.99 17633.3
1399.65 17677.3
1400.73 17693.9
1401.19 17749.1
1402.73 17731.9
1402.67 17722
1403.44 17731.9
1403.29 17705.1
1404.7 17780
1405.89 17689.4
1406.06 17679.9
1406.04 17631
1408.27 17585.6
1408.42 17388.8
1410.65 17525.7
1410.56 17524.5
1410.06 17451.1
1409.39 17551.4
1409.84 17656.8
1409.48 17682.5
1409.35 17648.9
1409.78 17643.9
1411.51 17641.3
1411.47 17644.3
1413.6 17705.6
1414.02 17773.5
1415.16 17752.8
1414.87 17750.2
1416.56 17809.9
1417.26 17879.8
1417.16 17896.5
1416.96 17834
1416.86 17861.1
1418.66 17958.4
1418.19 17948.4
1418.05 17969.3
1418.13 17922.6
1418.15 17937.8
1418.13 17970.2
1417.42 18077.4
1415.84 18146.9
1415.85 18161.1
1417.23 18206
1417.83 18213.8
1418.39 18204.1
1418.33 18189.4
1418.42 18187.4
1418.4 18186.3
1418.02 18337
1418.96 18186
1419.19 18178.8
1420.01 18247.2
1420.24 18241.9
1421.14 18255.2
1420.62 18262.4
1420.75 18293.7
1421.85 18311.8
1423.5 18245.1
1423.58 18309
1422.98 18314
1423.14 18353.8
1423 18480.1
1423.31 18488.4
1423.21 18521.6
1423.39 18594.8
1424.07 18621.4
1424.58 18647.2
1424.49 18633.3
1424.41 18576.8
1424.47 18582.5
1424.52 18716.6
1425.23 18798
1424.57 18883.8
1424.58 18932.7
1425.25 18987.4
1426.11 19060.3
1426.21 19003
1425.07 19087.4
1425.01 19230.8
1425.66 19239
1425.79 19251.8
1427.18 19342.4
1430.46 19357.9
1430.4 19334.5
1431 19346
1431.2 19399.7
1430.52 19415.5
1430.54 19391.4
1430.72 19410.6
1430.2 19412.1
1431.81 19506.5
1432.32 19484.5
1433.08 19431.3
1434.42 19444.9
1434.33 19395.9
1434.43 19391.6
1434.01 19379.1
1434.05 19292.7
1433.39 19241.3
1433.36 19251.5
1433.46 19232.2
1433.6 19234.4
1433.78 19240
1435.88 19292.1
1435.87 19285.1
1437.8 19357.5
1437.77 19297.4
1437.87 19270
1437.89 19252.4
1437.92 19203
1437.87 19251
1437.88 19271.8
1438.49 19324.9
1438.04 19273.4
1437.87 19267.8
1437.88 19283.4
1437.7 19287.1
1439.03 19315.3
1438.73 19358
1438.77 19352.9
1439.57 19373.8
1440.79 19372.2
1441.25 19322
1441.28 19286.5
1441.3 19285.7
1442.19 19315.9
1442.45 19322.5
1442.67 19352.2
1443.04 19379
1442.96 19379.2
1443.89 19332
1444.26 19284.4
1443.98 19290.1
1443.73 19299
1446.17 19393.7
1446.07 19407
1445.88 19436.5
1446.54 19495.7
1448.31 19627.1
1450.85 19669.6
1450.48 19575.1
1450.07 19607.6
1450.15 19636.4
1450.11 19651.9
1450.1 19690.8
1451.13 19735.6
1452.42 19773.7
1455.26 19867.9
1455.84 19848.2
1456.79 19792.7
1456.79 19758.1
1457.62 19720.2
1458.01 19571.4
1458.96 19611.1
1459.02 19621.6
1459.15 19638.3
1459.23 19643.1
1459.2 19665.1
1459.05 19798.7
1460.13 19822.1
1460.6 19827.3
1462.44 19858.2
1467.65 19953.6
1467.72 19928
1467.7 19907.2
1467.7 19878.1
1467.66 19834.2
1468.11 19843.9
1468 19823.5
1470.32 19815.2
1470.41 19834.6
1470.57 19862.9
1470.78 19852
1471.25 19868.3
1472.82 19912.5
1474.12 19972.5
1473.95 19966.6
1474.11 19982.1
1474.5 19965.2
1474.44 19951.9
1474.31 19935.2
1473.96 19911.5
1474.18 19911.9
1474.17 19887.7
1475.78 19909.5
1475.92 19877.6
1475.96 19884.4
1476.84 19884.5
1476.94 19854.3
1476.95 19899.9
1477.36 19969.6
1477.43 20010
1477.51 20041.3
1478.32 20074.5
1478.51 20097.4
1479.31 20101.8
1479.4 20114.2
1478.81 20115.9
1478.82 20123.2
1478.86 20097.3
1479.32 20229.1
1479.27 20204.5
1479.24 20261.7
1479.5 20282.5
1479.47 20294.6
1478.87 20291.7
1479.03 20297.8
1480.28 20332.9
1480.58 20330.8
1480.69 20291.9
1480.82 20261
1480.76 20253.9
1480.43 20276
1480.47 20277.6
1481.62 20296
1481.45 20269.9
1481.94 20445
1481.93 20407.9
1482.05 20403
1482.23 20465.4
1482.41 20497.8
1482.42 20512.5
1482.44 20503.9
1488.98 20461.2
1488.96 20454
1488.96 20452.5
1489.16 20452.9
1490.07 20441.6
1490.11 20433.8
1490.11 20436.5
1490.08 20437.4
1490.53 20500.5
1493.23 20637.5
1493.28 20577.7
1493.3 20607.9
1493.3 20647.5
1493.32 20655
1493.31 20650.6
1493.48 20638.8
1493.41 20616.9
1493.41 20661.3
1494.18 20746.4
1495.26 20759.7
1495.26 20777.8
1496.02 20749
1496.01 20765.8
1495.89 20779.4
1496.97 20835.1
1498.75 21299.9
1498.7 21200.3
1498.83 21201.1
1498.55 21198
1498.64 21196.8
1499.04 21208.8
1498.94 21188.4
1499.03 21201.7
1499.36 21214.2
1499.19 21226.3
1499.35 21213.7
1500.29 21229.8
1500.31 21177.1
1501.11 21059
1501.42 21040.1
1501.41 20995.4
1501.6 21120.8
1501.52 21120.8
1501.47 21150.9
1501.63 21175.3
1501.5 21166.1
1502.42 21199
1502.34 21162.1
1502.55 21158.7
1502.52 21173.6
1503.35 21177
1503.22 21148.6
1503.22 21137.8
1503.82 21145.4
1504.65 21341.7
1504.72 21296.2
1504.87 21233.4
1504.23 21233.3
1504.18 21234.5
1504.16 21219.9
1504.14 21136.5
1504.27 21187.6
1504.2 21102.5
1510.8 21212.4
1511.1 21251.7
1534.97 21678.3
1536.49 21376.9
1537.06 21146.6
1537.08 21062
1536.76 21067.4
1536.7 21106.3
1536.7 21131.4
1536.67 21148.2
1536.68 21151.3
1536.65 21151.2
1537.39 21073
1537.39 21075.7
1537.38 21053.8
1536.85 21063.6
1536.94 21082.1
1536.71 21103.9
1536.55 21135.3
1536.76 21170.7
1536.76 21193.6
1536.61 21195.7
1538.32 21069
1538.62 21054.5
1538.63 21011.3
1538.21 21015.2
1537.9 20967
1537.95 20987.1
1538.33 21048.6
1539.59 21010.5
1539.61 21005.7
1539.74 21009.3
1539.71 20996.8
1540.09 20993.7
1540.08 20978
1539.97 20970.5
1540.77 20970
1540.78 20953.3
1541.06 20951.3
1541.25 20954.9
1541.27 20987.3
1541.27 21003
1541.41 21019.9
1541.72 21039.2
1541.87 21023
1541.86 21027.8
1541.98 21013.5
1541.94 21003
1541.89 20997.4
1543.35 21075.7
1543.33 21081.4
1543.37 21065.8
1544 21150.3
1543.82 21137
1544.34 21116.9
1544.94 21134.4
1545.32 21126.6
1545.35 21101.6
1545.04 21109
1545.08 21136.7
1545.08 21147.5
1545.42 21183.2
1545.68 21193.7
1546.38 21221
1546.39 21213
1547.17 21277.5
1547.61 21270.2
1549.84 21308.4
1549.9 21270.3
1549.85 21255.7
1549.87 21248.6
1550.15 21244.7
1550.15 21245.8
1550.3 21241.8
1549.95 21246.4
1549.94 21256.1
1549.93 21261.2
1549.85 21253
1550.08 21245.8
1550.11 21251.2
1550.13 21256.6
1550.13 21260.9
1549.43 21335.5
1549.62 21284.8
1549.31 21238.4
1549.44 21246.9
1549.7 21238
1549.7 21211.4
1548.4 21304.9
1548.55 21275.8
1548.47 21335.6
1548.47 21373.8
1548.49 21372.9
1548.41 21353.8
1548.41 21364
1548.4 21366.7
1548.33 21348.9
1548.2 21331.2
1548.61 21336.7
1548.54 21326.7
1550.41 21387.8
1550.77 21412.3
1550.82 21401.6
1549.88 21413.5
1549.96 21431.8
1550.99 21408.2
1551.02 21378.1
1551.23 21391.8
1551.22 21401.6
1551.3 21406.8
1551.62 21415.6
1550.75 21432.2
1549.79 21443.2
1550.08 21448.4
1550.13 21430
1550.1 21433.8
1552.36 21425.8
1552.18 21405.6
1552.59 21387.9
1552.69 21467.6
1551.8 21681
1551.82 21623.3
1551.82 21607.2
1553.35 21665
1553.42 21655
1554.62 21661.6
1554.77 21710.6
1554.73 21657.2
1553.26 21659.6
1553.29 21650.4
1553.06 21659.6
1554.94 21580
1554.93 21528
1555.19 21525.2
1555.27 21514.6
1555.97 21518.5
1555.91 21495.5
1555.93 21455.5
1555.71 21433.6
1555.51 21457.9
1555.56 21466.4
1556.89 21480.6
1556.69 21489.6
1556.91 21495.6
1556.79 21463.1
1556.82 21442
1556.84 21431.4
1556.86 21449.8
1556.79 21460.1
1556.83 21455.2
1556.83 21457.5
1556.83 21451.7
1556.87 21431.6
1557.05 21409.2
1557.4 21376.2
1556.78 21406.8
1556.83 21357.6
1556.69 21183.1
1556.78 21192.2
1556.78 21175
1556.34 21169.8
1556.28 21161.8
1560.61 21219.9
1559.94 21167.5
1559.95 21142.2
1560.06 21136.2
1560.11 21140.7
1560.09 21124
1560.15 21126.8
1560.04 21108.9
1560.43 21102.3
1561.12 21074.5
1561.11 21098.3
1560.95 21112.5
1560.75 21114.8
1560.77 21138.4
1560.73 21139.9
1561.15 21151.2
1561.19 21131.1
1561.28 21080.8
1561.45 21062.6
1561.71 21074.1
1561.78 21083.2
1561.81 21134.9
1561.74 21132.4
1561.63 21132.5
1561.69 21136.7
1561.61 21126.1
1561.68 21134.8
1562.02 21134.5
1561.92 21199.3
1562.33 21275.2
1562.53 21277.9
1562.64 21277.9
1563.93 21264
1563.93 21243.6
1563.92 21253.5
1564.2 21243.4
1564.19 21266.2
1564.08 21286.1
1564.34 21323.6
1564.1 21336.8
1564.36 21417.2
1564.39 21405.9
1564.41 21396.7
1563.4 21418.9
1563.32 21415.7
1563.26 21408.5
1563.23 21404.9
1563.23 21407
1563.25 21400
1563.44 21384.5
1563.76 21387.3
1563.78 21393.9
1565.77 21391.3
1565.63 21386.7
1565.86 21333.5
1565.9 21302.4
1565.88 21303.9
1566.04 21296.2
1565.59 21342.2
1565.79 21371.8
1565.99 21399.7
1566.05 21389.5
1565.96 21388.1
1566.04 21387.6
1565.85 21376.7
1565.75 21373.4
1565.75 21373.9
1565.72 21367
1567.28 21446.3
1567.3 21415.1
1567.26 21412.6
1567.88 21434.1
1567.89 21450.6
1567.93 21460
1567.56 21464
1567.52 21461.5
1567.47 21465.6
1567.62 21455.2
1567.49 21462.9
1567.73 21435.4
1567.67 21446
1568.06 21491.5
1568.23 21525.9
1569.18 21546.2
1569.23 21533.7
1569.18 21537.4
1569.33 21539.3
1575.13 21579
1575.1 21658
1575.14 21675.1
1575.15 21688.2
1575.16 21708.4
1575.1 21710.7
1575.6 21702.5
1576.81 21696.3
1576.97 21625.5
1582.94 21609.6
1588.89 21676.2
1588.94 21696.1
1588.9 21685.7
1589.77 21693.3
1590.28 21696.4
1590.23 21692.1
1590.21 21698.2
1590.1 21694.6
1592.43 21696.7
1592.59 21711.5
1592.64 21704.1
1592.65 21682
1594.06 21727.2
1594.1 21709.8
1594.74 21728
1595.51 21807.7
1595.91 21801.8
1595.97 21735.8
1595.94 21710.8
1595.75 21704.3
1595.75 21722.9
1595.64 21726.7
1595.61 21729.7
1595.48 21722.7
1595.28 21734.6
1595.42 21742.4
1595.7 21754.1
1595.79 21745.4
1595.74 21749.7
1595.85 21751.6
1595.86 21745.1
1595.89 21739.9
1596.04 21735.9
1595.77 21714.1
1596.54 21789.4
1596.68 21797.1
1596.66 21756
1596.39 21712
1597.59 21742.4
1597.71 21727
1597.66 21729
1597.31 21752.1
1597.39 21754.5
1597.37 21735.9
1597.63 21668
1597.72 21651
1597.72 21652.5
1597.47 21656.1
1597.64 21641.9
1598.41 21640.9
1598.36 21632.6
1599.4 21626.2
1599.41 21635.2
1599.54 21635.9
1599.41 21636.7
1599.81 21643.9
1599.9 21638.7
1599.88 21642.6
1599.88 21638.2
1600.2 21638
1600.25 21641.3
1599.67 21660.2
1600.14 21668.6
1600.18 21654.7
1603.56 21692.7
1603.43 21655.9
1603 21631.1
1603.18 21637.5
1603.09 21743.2
1603.08 21843
1604.57 21924.1
1604.88 21903.8
1604.52 21901.2
1604.59 21905.2
1604.63 21925.7
1605.59 21906.2
1605.75 21891.1
1605.79 21898.2
1605.88 21896.7
1607.18 21877.8
1607.18 21892.4
1607.19 21900.1
1607.12 21901
1607.17 21908.8
1607.94 21940.2
1608.13 21952.3
1608.14 21936.6
1608.19 21940.4
1608.16 21944.4
1608.16 21952.2
1608.09 21958.2
1608.26 21961.6
1608.31 21957.6
1608.44 21966
1608.49 21961.8
1608.57 21971.6
1608.48 22040.7
1608.79 22047
1608.77 22064
1608.78 22059.9
1608.84 22081.4
1608.84 22096.5
1609.67 22121.7
1609.54 22094.2
1609.5 22092.7
1610.55 22156.6
1610.98 22226.7
1610.93 22265.9
1610.91 22303.8
1610.65 22324.5
1610.75 22340
1610.74 22345
1609.18 22326.8
1609.03 22330.6
1610.37 22358.6
1611.28 22394.8
1611.4 22405.9
1611.19 22405
1611.98 22426.9
1611.96 22420.8
1611.92 22429.3
1611.35 22415
1610.81 22411.7
1610.76 22409.4
1610.7 22417
1610.74 22418.3
1610.87 22412.8
1611.1 22407.8
1610.7 22399.2
1610.68 22403.7
1611.03 22428.2
1611.03 22417.4
1610.84 22430.8
1610.82 22408.5
1610.74 22377.6
1610.81 22383.3
1610.79 22389.3
1610.91 22392.4
1610.98 22376.4
1612.37 22386.2
1612.37 22362.5
1612.39 22329.7
1612.37 22318.9
1612.32 22297.9
1612.36 22294
1612.3 22298.6
1612.31 22297.8
1612.31 22289.7
1612.61 22314.2
1612.56 22314.7
1612.48 22293.7
1612.54 22272.1
1612.54 22265.2
1612.72 22267.7
1612.79 22252.2
1612.8 22278.5
1613.37 22300.9
1613.35 22305.2
1613.16 22358.3
1613.52 22355.1
1613.52 22324.5
1613.63 22176.5
1614.28 22148.5
1614.12 22176.1
1614.11 22147.7
1614.74 22153
1614.71 22139.7
1614.66 22124.6
1614.87 22121
1615.05 22153.5
1615 22150.9
1615.08 22150.2
1614.84 22137.9
1614.74 22140.9
1614.95 22178.3
1614.96 22177.8
1615.15 22167.4
1615.79 22192.6
1615.81 22197.5
1615.92 22205.2
1616.14 22233.1
1616.13 22237.5
1615.29 22151.5
1615.29 22134.9
1616.18 22124.9
1616.3 22128.3
1616.25 22237.3
1616.43 22257.5
1616.38 22272.1
1616.49 22297.3
1615.9 22350.2
1615.7 22392.4
1615.77 22387.2
1615.77 22387.5
1615.89 22391.4
1616.06 22398.3
1616.57 22415.5
1616.59 22397.5
1616.44 22395.5
1616.53 22424.9
1616.53 22415.2
1616.25 22400.4
1616.31 22394.6
1616.32 22398.9
1616.29 22407.2
1616.32 22413.2
1616.41 22420.6
1616.5 22484.9
1616.57 22459.3
1616.85 22460.6
1616.83 22459
1616.86 22456.8
1616.9 22453.1
1616.98 22442.5
1617.25 22443.3
1617.29 22464.4
1617.3 22460.3
1617.46 22458.9
1617.49 22466.1
1617.47 22467.4
1617.47 22471.5
1617.48 22480.9
1618.23 22496.1
1619.27 22507.8
1619.33 22453.4
1619.13 22397.8
1619.44 22404.4
1619.69 22413.9
1619.66 22403.7
1619.13 22387.1
1619.17 22378.1
1619.36 22380.7
1619.18 22382
1619.18 22381.5
1619.17 22370.9
1619.21 22380.8
1619.25 22381.2
1619.25 22387.2
1619.24 22396.1
1619.25 22396
