114.223 644.487
128.353 881.218
129.051 659.13
226.672 829.618
385.216 1539.02
392.086 2106.68
455.076 3653.45
567.173 3238.86
574.159 3266.08
606.516 5296.27
610.744 4202.35
616.828 9403.05
616.808 8032.07
676.758 7884.13
738.371 8481.55
734.65 7431.62
747.722 6838.84
749.943 6465.68
742.608 6628.83
742.65 6351.22
781.775 8565.55
805.322 7366.77
824.605 10205
826.102 8945.38
862.185 7869.2
863.317 7502.13
894.87 7299.49
902.99 7291.17
901.711 7139.76
901.938 7062.31
911.941 7051.49
933.186 7238.85
921.359 8141.87
927.76 8011.42
927.709 7976.89
933.386 8839.43
933.326 8107.98
936.843 7768.11
938.505 7709.55
952.24 8200.59
952.397 7985.52
954.693 7971.51
981.173 8266.82
981.284 8446.86
981.369 8488.66
986.37 8418.02
997.031 8595.11
1018.75 8468.65
1023.16 8727.27
1024.59 8698.89
1026.57 9175.06
1031.62 9698.73
1033.57 9918.61
1046.68 10039.1
1066.56 9595.85
1068.93 9403.8
1068.81 9367.27
1080.01 9924.09
1083.83 10223.7
1108.5 14367
1123.24 12855
1133.34 12659
1133.1 12270.7
1129.56 11965.8
1137.82 11833.5
1153.16 12929.2
1163.4 12219.1
1163.06 12059.9
1176.85 11881.5
1176.06 11460.5
1181.59 11150.9
1187.36 10983.9
1188.73 10917.2
1193.4 11435.4
1211.14 11135.1
1199.68 12069.4
1202.33 12546.3
1200.06 12454.6
1209.81 12504.2
1228.8 12654.4
1229.36 12469.3
1228.69 13403.5
1234.21 13497.3
1236.96 13347.3
1236.82 13458.2
1249.64 15572.1
1251 15001.3
1268.12 15844.3
1270.75 15928
1273.73 15459.6
1279.4 15157.4
1291.34 15142.2
1298.92 15140.6
1301.83 14991.2
1310.84 14771.6
1313.86 14957.8
1328.03 15084.7
1335.75 15311.6
1338.33 14838.2
1344.34 14323
1357.47 14020.7
1362.69 13729.6
1363.77 13443.4
1364.17 13407.4
1381.83 12981.8
1382.72 13082.3
1393.43 13138.9
1390.78 13350.4
1390.84 13250.1
1389.48 13166.3
1392.56 13210.2
1392.18 13353.2
1397.99 13373.9
1400.69 13297.1
1401.2 13359
1398.35 13297.9
1407.23 13139
1413.83 13526.7
1415.52 13089.9
1417.26 13863.8
1418.36 13276.3
1420.21 13340.6
1419.75 13357.9
1420.92 13339.2
1422.96 13344.6
1422.06 13289.3
1423.63 13360
1421.47 13631.2
1424.8 13757.7
1426.58 13737.7
1428.11 13651.8
1429.13 13658.6
1429.78 13686.5
1430.44 13717.3
1435.94 14624.7
1435.99 14520.2
1436.5 14535.7
1436.42 14503.7
1436.48 14487.9
1436.97 14488.1
1433.48 14857.2
1433.94 15386.7
1435.27 15335.5
1435.38 15258.8
1435.71 15260.4
1436.73 15393.6
1439.37 15404.7
1439.73 15381
1440.01 16367.9
1440.45 16188.9
1440.87 16014.5
1441.76 16055.3
1441.77 16060.6
1453.88 16204
1453.54 16007.4
1455.56 16065.4
1455.67 16126.7
1455.58 16071.8
1456.2 16079.5
1459.43 16157.3
1458.04 16245.1
1458.87 16096
1461.37 16278.1
1464.87 16231.4
1462.48 16323.4
1462.42 16442.1
1463.83 16390.3
1468.55 16393.3
1470.32 16664
1472.47 16787.7
1472.49 16715.8
1482.28 16686.9
1482.4 16851.8
1480.94 16931.6
1480.89 17333.3
1480.51 17427.4
1487.8 17317.9
1486.87 17299.8
1486.57 17343.5
1486.56 17439.1
1488.66 17523.2
1488.67 17583.8
1487.8 17642.7
1488.49 17714.5
1488.4 17753.4
1488.73 17857.4
1489.62 18242.7
1489.79 18440.4
1496.65 18584.8
1495.15 18685.2
1495.3 18689.4
1495.59 18791.8
1495.98 18841.4
1495.16 19072.2
1494.76 18991.1
1494.78 18850.9
1495.69 18852.7
1495.62 18836.5
1495.59 18820.1
1496.47 19095.1
1498.85 19006.8
1500.27 18999.7
1500.62 18973.3
1501.88 18999.1
1502.35 19076.4
1506.16 19202.3
1506.12 19200.2
1507.7 19092.1
1506.39 19034.9
1506.62 19056.9
1508.1 19044.1
1510.01 19015.8
1510.91 19162.5
1514.81 19376.9
1513.56 19533.8
1513.53 19553.5
1512.96 19549.1
1516.57 19539.8
1516.68 19536.8
1518.16 19644.6
1520.04 19639.6
1522.19 19668.3
1524.59 19735.4
1524.64 19683.8
1524.54 19640.4
1524.87 19594.9
1528.2 19497.6
1528.49 19519.2
1529.45 19434.5
1532.15 19385.5
1533.47 19323.2
1533.4 19150.5
1533.4 19136.8
1535.61 19107.7
1535.63 19159.1
1536.33 19132.7
1536.71 19227.4
1538.41 18989.1
1538.56 19140.5
1538.97 19115.6
1539.8 19136.2
1542.15 19250
1541.9 19211.1
1544.09 19207.5
1544.18 19201.9
1544.99 19204.6
1547.78 19384.1
1548.03 19417.5
1549.87 19341.4
1550.03 19366
1552.14 19296.1
1552.67 19395.8
1553.02 19363
1554.35 19345.6
1554.64 19375.1
1554.42 19384.5
1554.37 19360.8
1555.16 19364.2
1555.28 19402.4
1555.22 19390.9
1555.37 19404.1
1555.47 19383
1555.43 19359.2
1556.5 19383.2
1556.43 19360.8
1556.32 19357.7
1556.81 19372.5
1558.19 19306.2
1558.23 19330.5
1558.53 19349.5
1562.21 19429.1
1562.82 19435
1563.49 19428.3
1564.93 19552.4
1565.03 19537.2
1565.92 19553.9
1566.57 19606
1566.65 19594.3
1569.6 19833.4
1569.5 19764.1
1569.42 19683.7
1569.65 19657.2
1570.44 19627.3
1571.72 19662.5
1572.7 19630.8
1572.8 19627.5
1574.64 19720
1577.93 19799.3
1577.64 19766.9
1577.78 19711.1
1579.62 19603.8
1579.81 19585.4
1581.01 19548.2
1583.33 19591.7
1583.44 19515
1583.32 19494.3
1583.58 19509.1
1583.72 19498.8
1584.01 19531.2
1584.05 19550.3
1584.05 19571
1584.01 19578.8
1584.13 19581.8
1584.16 19579.6
1584.19 19569.7
1587.47 19736.1
1589.08 19691.5
1591.59 19825.6
1591.76 19844.7
1591.9 19822.8
1592.17 19793.8
1592.48 19765.2
1592.87 19721.6
1593.06 19720.2
1592.88 19745.3
1595.73 19652.4
1594.96 19750.7
1595.24 19705.9
1595.43 19692.2
1595.49 19670.4
1595.62 19649.5
1595.55 19647.8
1595.64 19655.8
1596.35 19686.6
1596.14 19697.5
1596.16 19702.8
1596.16 19704.4
1595.9 19664.2
1595.85 19582.8
1595.87 19592.4
1596.76 19612.6
1595.19 19591.2
1595.24 19723.4
1595.69 19748.9
1594.77 19636.2
1595.02 19655.6
1595.23 19635.2
1595.48 19648.6
1595.47 19646.6
1596.49 19605.5
1596.5 19628.2
1597.13 19614.4
1597.29 19492
1597.36 19431.6
1597.55 19406.2
1599.38 19467.1
1599.8 19444.7
1599.7 19412.6
1599.54 19401
1600.3 19408.3
1600.41 19414.5
1600.18 19384.5
1600.3 19353.9
1599.75 19298.4
1599.66 19320.6
1600.04 19332.6
1603.05 19307.9
1603.81 19318
1602.28 19347.6
1602.19 19336.7
1602.2 19319.2
1602.21 19306.6
1602.1 19335.9
1602.35 19351.9
1602.87 19356.2
1604.5 19401.7
1604.23 19400.8
1603.99 19386.4
1604.17 19389.7
1604.19 19371.2
1604.73 19364.6
1605.05 19356.7
1605.27 19351.8
1605.62 19436.1
1605.32 19420.9
1605.93 19479
1605.86 19460.8
1606.01 19479.1
1609.51 19505.7
1609.49 19436.4
1609.34 19515.2
1609.48 19557.4
1609.46 19573.4
1610.86 19648
1610.9 19637
1610.9 19632.5
1610.98 19623.4
1610.81 19627.9
1610.74 19621.8
1610.75 19629.8
1611.03 19635.8
1610.42 19625.9
1610.53 19637.4
1610.91 19652.5
1610.58 19694.3
1610.68 19672.7
1612.05 19665.6
1611.32 19730.9
1610.94 19698.1
1611.13 19743.9
1611.33 19731.1
1611.27 19722.6
1611.23 19723.4
1611.15 19726.4
1611.01 19707.9
1611.87 19722.6
1609.97 19745.3
1610.15 19652.3
1610.2 19629.8
1610.41 19609
1610.5 19595.1
1610.49 19620.7
1610.63 19627.1
1611.03 19589.7
1611.32 19604.1
1611.96 19604.7
1612.07 19598.5
1612.34 19669
1613.08 19676.5
1613.25 19651.2
1613.21 19641.7
1612.64 19649.6
1615.56 19729.3
1616.03 19666.6
1615.52 19661.2
1615.45 19731.8
1617.28 19755.2
1617.07 19803.4
1617.22 19696.6
1617.17 19696.1
1616.99 19682.3
1617.02 19691.8
1617.02 19712.8
1617.43 19704.5
1617.48 19716.4
1617.49 19688.1
1617.49 19679.1
1616.72 19662.1
1617.22 19663.9
1617.21 19679.9
1618.59 19687
1620.62 19673.4
1620.57 19651
1620.72 19621.9
1620.76 19629.2
1621.59 19573.7
1621.58 19588.8
1621.47 19623.6
1622.49 19651.4
1622.31 19616.2
1622.91 19598.3
1623.47 19572.2
1623.13 19559.9
1622.76 19558.3
1622.99 19549.4
1623.42 19583
1623.49 19566.3
1623.48 19845.2
1623.89 19900.1
1623.85 19885.9
1623.85 19898.7
1623.89 19884.4
1623.99 19876
1624.76 19901.6
1625.08 19864.2
1626.84 19626.3
1627.24 19720.1
1626.06 19738.5
1626.22 19760.7
1626.05 19934.9
1626.19 20046.3
1626.18 20100.7
1626.24 20117.3
1626.34 20122.8
1627.66 20146.2
1628.84 20046.8
1628.88 20104.3
1628.83 20081.5
1628.8 20069.4
1628.82 20061.7
1628.84 20035.4
1630.91 20092.2
1630.9 20085
1630.88 20066.2
1630.87 20076.4
1631.96 20117.8
1631.96 20066.3
1631.96 20070.9
1632.31 20093.1
1632.79 20080.9
1632.86 20103.5
1633.4 20137.7
1633.87 20174.2
1633.87 20185.8
1633.91 20187.4
1634.96 20195.6
1635.03 20212.3
1635.03 20222.1
1635.64 20221.4
1635.47 20209.1
1635.4 20479.2
1635.11 20286.5
1635.16 20363
1637.5 20306.3
1637.56 20277.7
1637.73 20323
1637.71 20359.7
1637.61 20364.9
1637.63 20363.4
1639.01 20327.2
1639.2 20309.4
1639.7 20304.5
1640.25 20338.5
1640.28 20329
1639.4 20342.3
1639.38 20365.1
1639.5 20384.1
1639.84 20379.5
1639.95 20383.7
1640.24 20388
1640.17 20417.5
1640.22 20427.7
1640.89 20458.7
1641.03 20407.7
1640.93 20426.1
1641.25 20428.8
1641.24 20463.4
1641.45 20489.9
1641.5 20481.4
1641.48 20471
1641.71 20487.4
1641.71 20514
1642.36 20535.3
1643.07 20531.1
1643.86 20573.5
1643.87 20571.3
1644.26 20713.5
1644.26 20753.8
1644.25 20719.4
1644.49 20728.5
1644.58 20715
1644.6 20680.4
1645.01 20667.5
1645.13 20667.5
1645.13 20648.5
1645.55 20656
1645.52 20593.4
1645.73 20579.8
1646.02 20598.2
1646.04 20553.7
1646.21 20560.2
1646.47 20562.3
1647.27 20595.7
1649.03 20593.9
1650.11 20668.8
1650.76 20641.2
1650.42 20623.8
1650.55 20591.1
1650.83 20565.6
1652.53 20642.6
1652.57 20640.6
1652.52 20681.3
1652.64 20674.3
1652.79 20693.9
1652.89 20693.4
1653.58 20726.7
1653.75 20746
1653.88 20753.4
1653.8 20743.9
1653.75 20738
1653.81 20729.7
1653.93 20729.4
1653.97 20741.5
1653.97 20745.8
1652.66 20722.3
1652.51 20747
1652.46 20765.6
1653.03 20784.4
1653.05 20780.4
1653.23 20825.1
1654.77 20831
1654.91 20787.5
1654.96 20698.6
1654.76 20676.5
1654.98 20653.9
1655.09 20635.7
1655.08 20627.1
1655.09 20600.1
1655.09 20586.3
1655.03 20646
1656.46 20665.6
1656.83 20562.1
1657.34 20581.3
1658.12 20567.7
1658.28 20569.4
1659.19 20593
1659.43 20452.2
1659.45 20477.6
1659.56 20478.7
1659.57 20479.3
1660.4 20500.4
1660.65 20404.9
1660.65 20420.9
1660.52 20435.4
1660.46 20442.6
1660.83 20464.1
1660.88 20472.7
1660.91 20460.5
1660.85 20449.8
1660.57 20474.5
1660.97 20419.9
1661.67 20587.8
1661.97 20629.5
1661.96 20655.1
1661.96 20642
1662.03 20607.9
1663.01 20547.9
1663.21 20574.2
1663.05 20573
1663.23 20580.2
1663.66 20597.1
1663.67 20587.5
1664.31 20598.7
1665.25 20673.5
1665.28 20671.1
1665.43 20695
1665.41 20669.7
1666.09 20635.3
1666.26 20639.7
1665.66 20637.1
1666.09 20646.8
1666.47 20648.7
1666.89 20671.2
1666.84 20682.7
1666.62 20667.3
1666.47 20672.9
1666.56 20675.7
1666.7 21033.1
1666.67 20877.9
1666.73 20890.2
1666.75 20901.2
1666.75 20873.2
1666.79 20885.7
1666.98 20881.5
1666.99 20879.2
1666.98 20917.1
1667.13 20929.9
1667.15 20928.8
1667.48 20941.5
1667.48 20929.6
1669.53 20904.8
1669.64 20905.4
1670.05 20939.5
1669.98 20914.3
1669.99 20938.9
1670 20955.4
1670.01 20970.9
1670.08 20947.7
1670.71 20955.5
1671.13 20988.1
1671.2 20949.8
1671.85 20960.1
1672.13 20928
1672.2 20928.7
1672.18 20930
1672.13 20918.1
1672.96 20934.1
1672.98 20950.3
1673.05 20957.1
1673.07 20912.3
1673.17 20908.3
1673.17 20876.8
1673.26 20833.8
1673.35 20876.5
1672.72 20877.4
1672.73 20861.8
1673.29 20835.4
1672.91 20828.7
1672.95 20835.2
1672.95 20838.9
1673.14 20834.8
1673.04 20828.1
1673.08 20832
1673.11 20841
1673.88 20806.2
1673.88 20812.4
1673.8 20803.7
1674.07 20806.7
1674.03 20818
1674.44 20811.4
1674.63 20808
1674.52 20796.9
1673.91 20769.3
1673.91 20790.9
1673.89 20827.1
1673.99 20866.4
1674.06 20892.4
1674.01 20924.1
1674.04 20947.5
1674.18 20963.3
1674.23 20956.1
1674.35 20978.1
1674.33 20991.1
1674.33 20991.9
1674.41 20976.3
1674.69 20927.2
1674.86 20937.4
1674.86 20905.8
1675.12 20895.4
1675.17 20887.4
1675.45 20882.9
1675.14 20879.8
1675.01 20903.4
1675.09 20903.8
1674.96 20893.5
1674.98 20885.2
1674.4 20894.5
1674.38 20898
1674.38 20914.1
1674.88 20908.4
1674.92 20925.1
1674.36 20942.2
1674.39 20913.5
1674.39 20882.5
1674.38 20869.8
1674.42 20867.1
1675.97 20893
1675.93 20918.7
1676.01 20936.7
1676.01 20953.9
1676 20968.1
1676.14 20986.5
1676.15 20981.1
1675.9 20997.1
1675.61 21017.9
1675.61 21043.5
1675.8 21050.6
1676.68 21071.5
1676.63 21095.3
1676.68 21115.7
1677.53 21098
1677.6 21095.6
1678.01 21098.8
1677.86 21121.4
1677.83 21137.1
1677.96 21141.5
1678.71 21149.1
1678.7 21209.5
1679.11 21183.9
1679.97 21261.5
1680.04 21258.5
1680.06 21277.9
1679.79 21283.8
1679.72 21284.1
1680.17 21282.5
1680.16 21271.1
1680.42 21266.4
1681.98 21558.7
1681.94 21571.2
1681.98 21503.6
1682.92 21475.5
1682.92 21481.9
1682.79 21490.6
1682.71 21497.3
1682.71 21504.9
1682.94 21508.7
1682.93 21510.5
1683.68 21511.8
1685.07 21521.8
1685.29 21516.8
1685.45 21508
1685.91 21519.6
1686.06 21486.2
1685.99 21482.6
1686.14 21473.2
1686.17 21453.9
1686.17 21436.4
1686.25 21567.1
1686.42 21572.9
1686.55 21577.1
1686.77 21606.2
1686.8 21633.2
1686.63 21623.9
1686.59 21640.7
1686.54 21629.4
1687.08 21620.4
1687.08 21628.2
1687.19 21633.4
1687.77 21692.1
1688 21700.9
1688.11 21699.2
1688.61 21680.5
1688.96 21691.3
1688.79 21671.3
1688.9 21655.9
1689.46 21695.8
1689.6 21678.6
1690.06 21659.2
1689.99 21636.9
1690.02 21639.5
1690.63 21673.4
1690.61 21663.9
1690.07 21856.1
1690.14 21950.2
1689.78 21973.7
1689.99 21970
1690.26 21983.3
1690.76 22004.8
1690.72 21994.7
1690.61 21999.5
1690.6 22006.6
1690.66 22031.1
1690.81 22045.2
1691.06 22067
1691.07 22099.6
1691.07 22106.7
1690.93 22093.7
1690.91 22094
1690.89 22008.2
1690.97 22016.4
1691.65 22049.1
1691.98 22062.5
1692.58 22050.7
1693.17 22075.2
1693.36 22074.5
1693.54 22084.3
1693.68 22097
1693.69 22135.7
1692.91 22106.7
1692.67 22109.2
1692.69 22147.3
1692.75 22161.1
1692.85 22166.7
1692.95 22162.5
1692.96 22172.1
1693.35 22172.8
1693.41 22161.4
1693.39 22157.9
1693.36 22096.5
1693.35 22105.1
1693.36 22107
1694.24 22168.8
1694.35 22165
1694.32 22169.9
1694.36 22167
1694.35 22172.5
1694.38 22172.7
1694.25 22169.2
1694.11 22160.4
1694.07 22167.7
1694.16 22177.9
1694.15 22184.9
1694.21 22186.6
1694.27 22197
1694.27 22209.4
1694.71 22203.5
1694.49 22216.3
1694.22 22228.7
1694.39 22236.6
1694.23 22244.3
1694.55 22255
1694.32 22247
1693.76 22353.6
1693.78 22392.5
1693.62 22353.1
1693.71 22317.6
1693.76 22318.2
1693.94 22320.6
1693.94 22313.2
1694 22300.8
1694.04 22309.1
1694 22312.6
1694.03 22314
1694.19 22327.7
1694.21 22308.1
1693.61 22326.4
1692.65 22349.6
1692.66 22335.7
1692.62 22364.5
1692.49 22373.2
1692.47 22380.8
1692.47 22390.4
1692.31 22359.2
1693.08 22417.9
1693.07 22457
1693.38 22483.4
1693.4 22477
1693.56 22478.3
1693.6 22478.2
1694.55 22492.6
1694.57 22498.8
1694.5 22478.4
1695.08 22473
1695.11 22468.4
1694.91 22464
1695.09 22541.7
1695.47 22538
1695.91 22520.8
1696.05 22519
1696.24 22512
1696.24 22511.9
1696.28 22514.1
1696.28 22510.8
1696.35 22505.4
1696.27 22503.4
1696.35 22516.9
1696.14 22495.4
1696.3 22476.1
1696.07 22480.2
1696.17 22476.7
1696.28 22467.8
1696.22 22468.9
1696.47 22444.4
1696.56 22446.5
1696.58 22443.9
1696.36 22439.1
1697.29 22456.3
1697.36 22476.2
1697.38 22473.2
1697.19 22460.1
1697.77 22476.4
1697.72 22466.8
1698.04 22448.7
1697.81 22435.6
1697.77 22399
1697.72 22382
1697.76 22397
1698.1 22384.8
1697.72 22347
1697.8 22368.4
1697.6 22419.9
1697.6 22402.6
1698.12 22400.8
1698.12 22379
1698.17 22385.1
1698.3 22467.6
1698.37 22461.5
1698.41 22445.1
1698.46 22439.7
1698.78 22444.9
1698.81 22419.2
1698.78 22418
1698.8 22419.3
1698.8 22408.7
1699.11 22415.9
1698.9 22433.4
1698.92 22430.9
1698.86 22409.6
1698.8 22413.2
1699.04 22457.5
1699.25 22476.7
1699.46 22500.6
1699.92 22523.3
1699.86 22510.3
1700 22520.1
1701.39 22600.5
1701.77 22626.2
1702.26 22654.9
1702.68 22649.9
1702.99 22651.4
1703 22639.6
1703 22650.4
1703.2 22676.5
1703.32 22669
1703.36 22632.4
1703.83 22625.9
1704.06 22640
1704.11 22643.2
1704.34 22641.7
1704.38 22628.2
1704.56 22630.5
1704.67 22584.9
1705.01 22639.9
1705.04 22655.7
1705.04 22649.8
1705.12 22648.1
1705.36 22631.3
1705.03 22619.5
1705.59 22648.8
1705.69 22651.5
1705.72 22729.9
1705.85 22746.1
1706.45 22761.5
1706.91 22742.2
1706.98 22741.4
1707.16 22719
1707.65 22732.8
1707.74 22714.4
1709.22 22724.3
1709.21 22747.9
1709.09 22745.7
1709.2 22754.1
1709.26 22756.2
1709.1 22752.7
1709.02 22728.2
1709.32 22724.8
1709.32 22696.4
1709.41 22691.8
1708.53 22718.2
