197.261 177.752
226.047 1496.1
236.403 1259.91
248.748 986.369
262.055 1038
286.854 1276.75
332.03 1444.23
365.596 1586.72
371.195 1667.07
372.427 1604.2
414.476 2233.03
428.254 3980.85
442.999 4362.78
450.133 4371.5
448.471 6296.35
474.966 5807.05
480.006 5720.84
507.882 6167.49
529.528 7857.52
530.371 7189.64
542.571 6798.54
542.59 6357.32
557.076 6098.65
557.988 5901.86
557.929 5748.36
559.719 5719.47
573.335 5743.06
580.632 5631.59
592.559 5370.38
594.815 5457.27
620.045 6008.12
643.767 6242.44
648.699 6151.63
661.062 6233.3
664.105 6099.87
664.149 6063.55
667.471 6072.06
688.518 6955.53
689.269 7205.81
692.981 7151.64
691.24 7233.95
704.564 7103.95
705.203 6908.46
706.993 6838.46
710.317 6861.86
715.653 7095.14
717.62 6862.41
719.034 6659.7
718.854 6565.82
720.822 6644.01
722.89 6607.45
726.595 6961.21
726.755 7017.66
727.875 7138.5
737.901 7068.31
740.918 7030.58
760.665 7005.21
760.651 7082.22
761.161 6973.64
764.359 6902.11
764.101 6998.88
798.68 7369.96
797.206 7907.98
797.854 7731.01
800.015 7591.37
801.588 7697.91
810.09 8461.71
825.052 8409.83
830.815 8438.77
843.293 8351.14
845.986 8549.13
846.966 8538.87
860.382 8757.17
866.806 8677.12
868.174 8681.03
871.98 9017.85
877.11 9265.01
896.092 9222.86
897.213 9294.96
897.092 8989.64
898.521 8850.2
900.638 8805.56
904.688 8541.27
904.249 8537.39
916.497 8816.85
917.274 8759.99
916.508 8757.24
918.311 8719.33
921.487 8739.61
921.274 8749.96
920.534 8743.15
924.009 8784.99
923.659 8846.85
922.396 8968.58
922.145 8938.89
922.35 8872.25
923.522 8799.18
924.357 8768.13
923.45 8743.46
924.814 8739.78
930.078 9017.41
932.567 8970.73
934.904 8877.62
935.043 8841.9
935.894 8767.7
935.849 8732.91
936.959 8697.72
953.957 8791.48
951.986 9595.82
953.538 9387.39
969.052 9786.18
974.947 9999.64
976.054 9925.08
976.039 9848.8
978.516 9668.48
998.984 9580.21
999.033 9539.42
1005.93 9606.56
1006.29 9611.64
1011.85 9655.56
1018.43 9614.05
1019.92 9673.29
1020.68 9673.95
1020.98 9674.45
1020.86 9670.5
1019.93 9687.46
1019.81 9714.09
1043.12 9712.5
1043.21 9483.37
1043.2 9577.62
1042.63 9642.73
1042.49 9688.03
1042.74 9736.62
1043.59 9748.9
1043.51 9766.24
1046.07 9782.55
1045.22 9774.9
1045.55 9648.9
1045.12 9619.8
1043.75 9632.14
1043.33 9676.11
1043.37 9692.36
1044.5 9672.44
1047.87 9711.15
1056.01 9787.5
1056.02 9950.02
1060.18 9957.11
1059.08 10070.2
1060.62 10171.8
1061.56 10099.7
1061.56 10061.2
1062.51 10024.6
1063.1 9972.63
1063.1 9971.23
1062.94 9979.88
1067.51 10090
1067.1 10014.3
1067.21 10044
1067.53 10015.3
1070.67 10017.3
1067.97 10199.3
1069.29 10193.6
1069.59 10172.8
1073.86 10126.5
1074.1 10055.2
1074.18 10146.4
1076.18 10218.4
1076.56 10245.8
1077.79 10252.5
1080.65 10545.3
1079.22 10596.1
1079.21 10758.3
1077.78 10624.3
1077.13 10642
1077.79 10740.4
1077.7 10810.1
1077.71 10852.7
1078.63 10873.5
1078.94 10910.5
1080.57 10891.9
1079.48 10954.7
1079.52 10860.6
1079.68 10828.6
1079.95 10970.5
1081.24 11025.6
1081.25 10859
1082.98 10807.7
1083.18 10719
1083.68 10686.4
1084.27 10660.4
1084.21 10554.8
1085.53 11082.7
1085.7 10991.7
1086.59 10924.2
1086.15 11049.3
1086.22 11118.4
1084.6 11183.2
1084.43 11254.1
1084.28 11289.3
1088.72 11195.7
1089.72 11137.9
1089.73 11160.9
1091.19 11106.2
1090.17 11015.1
1090.86 11066.9
1090.17 11106.1
1090.25 11123.7
1091.43 11116.1
1092.52 11130.3
1092.85 11249.1
1093.06 11352.9
1093.81 11456.3
1093.83 11513.3
1095.57 11574.6
1094.89 11557.1
1095.56 11611.1
1095.48 11622.4
1095.34 11711.6
1095.51 11727.9
1096.22 11682
1097.04 11663.3
1097.04 11670.7
1098.21 11650.9
1097.72 11648.2
1099.19 11669.9
1101.17 11708.2
1101.24 11649.6
1103.34 11595.2
1103.34 11581.8
1102.92 11569.3
1103.87 11609.6
1105.57 11628
1105.53 11553.8
1105.54 11572
1105.71 11540.5
1105.16 11507.5
1104.94 11531.9
1104.9 11523.4
1104.71 11517.6
1104.91 11524.7
1105.08 11529
1106.36 11521.2
1106.59 11525.9
1107.38 11539.8
1108.53 11558.5
1108.37 11570.2
1109.49 11543.3
1109.45 11538.1
1109.33 11551.9
1110.1 11568.8
1111.38 11601.1
1111.42 11614.2
1111.06 11628.8
1110.59 11627
1111.26 11643.6
1110.84 11670.4
1110.49 11676.2
1113.67 11749.1
1114.92 11858.8
1114.51 11891.2
1114.22 11845.6
1112.99 11893.7
1112.98 11897.5
1112.87 11912.4
1112.89 11952.4
1113.16 11999.9
1113.36 12028.9
1113.18 12085.4
1113.1 12106.3
1113.16 12122.1
1113.34 12137.7
1112.87 12464
1113.65 12439.8
1114.53 12421.7
1115.69 12429.8
1115.39 12485.5
1115.26 12488.4
1115.66 12820.2
1115.64 12739.8
1115.78 12839.5
1115.86 12855.2
1116.16 12804.2
1116.1 12780.5
1115.83 12760.4
1115.77 12574.2
1115.7 12478.5
1115.79 12396.4
1115.84 12389.1
1117.47 12320.2
1117.76 12325.9
1117.79 12299.2
1117.33 12294.4
1117.82 12284.8
1117.63 12278.3
1118.31 12299.6
1119.19 12272.3
1120.19 12269.7
1120.19 12267.3
1119.86 12214.5
1119.65 12203
1119.57 12227.6
1120.01 12245.1
1120 12252.9
1119.86 12204.3
1119.63 12058.9
1119.66 12019.7
1119.87 11975.2
1122.04 11920.1
1121.44 11935.6
1121.73 11872.1
1122 11882
1122.36 11859.1
1123.35 11856.7
1125.93 11874.9
1125.79 11942.5
1125.55 11970
1126.43 12031
1126.61 12110.3
1126.4 12127.9
1126.46 12136.6
1126.62 12160.7
1126.34 12201.4
1126.66 12255.5
1127.59 12281.4
1127.48 12297.9
1126.8 12258.6
1126.44 12245.7
1126.22 12255.2
1126.05 12218.5
1125.4 12201.8
1125.38 12214.2
1127.89 12200.4
1128.14 12169.8
1129.8 12310.8
1130.4 12288.4
1130.41 12279.8
1130.49 12308.3
1130.36 12343.9
1130.37 12358.8
1130.32 12373.5
1130.34 12382.3
1130.27 12362.9
1130.3 12385.6
1130.17 12402.3
1129.23 12436.1
1129 12506.9
1129.32 12547.8
1129.88 12563.6
1129.94 12551.6
1129.87 12546.4
1130.5 12565.5
1130.83 12586.4
1131.51 12538
1131.29 12466.1
1130.97 12372.6
1130.9 12247.2
1130.96 12347.1
1130.5 12193.6
1130.69 12061.1
1131.03 12027.1
1131.27 11978.4
1131.18 12011.4
1131.16 12006.1
1131.22 12003.5
1131.72 12007.9
1130.91 12031.9
1132.63 12085.2
1132.71 12067.8
1132.95 12083.7
1133.11 12126.8
1133.71 12109.6
1133.6 12137.1
1134.25 12138.4
1134.26 12179.1
1134.93 12218.9
1134.96 12283.5
1134.87 12308.5
1134.6 12340.2
1135.93 12336.4
1136.75 12309.5
1136.83 12317.4
1136.82 12322.8
1136.93 12326.5
1137.62 12328.5
1137.74 12314.3
1137.69 12311.4
1137.46 12299.4
1137.3 12296.3
1137.21 12326.5
1138.19 12321.3
1136.49 12444
1136.91 12510.5
1136.32 12634.2
1136.44 12690.8
1136.24 12711.5
1136.14 12699.5
1135.46 12688.9
1135.25 12660.2
1135.12 12653.7
1135.28 12601.8
1134.93 12558.3
1134.66 12560.3
1134.82 12562.4
1135.56 12559.1
1135.41 12539.3
1135.61 12529.1
1136.37 12514.3
1135.71 12477
1136.14 12494.7
1136.85 12460.6
1137.39 12463.5
1137.53 12439
1137.21 12401.6
1136.83 12391.5
1136.75 12386.9
1137.59 12389
1137.75 12368.6
1138.17 12333.9
1138.14 12319.3
1138.2 12321.8
1138.29 12285.6
1138.08 12287.1
1138.03 12272.2
1139.37 12331.9
1139 12331.3
1138.99 12392.1
1139.07 12330.3
1139.07 12295.3
1139.13 12287.7
1139.05 12345.7
1138.81 12332.5
1139.31 12333.5
1140.03 12343
1140.08 12342.8
1140.06 12347.7
1140.54 12343.2
1140.91 12335.8
1140.72 12311.5
1140.84 12346.7
1140.84 12341.6
1141.34 12261.5
1143.3 11895.4
1145 12148.7
1145.27 12158.8
1145.6 12283.4
1145.59 12325.9
1145.53 12382.5
1145.22 12402.5
1145.46 12472
1145.1 12491.6
1145.62 12510
1146.87 12581.3
1146.68 12565.4
1147.35 12586.9
1147.74 12621.4
1147.68 12653.3
1147.7 12665.2
1148 12681.8
1148.12 12670.2
1146.89 12721.5
1150.04 12774.6
1149.48 12762.8
1149.5 12775.7
1149.78 12770.5
1149.89 12762.1
1150.53 12782.1
1150.41 12770.5
1150.4 12774.4
1150.3 12782.1
1150.13 12744.2
1150.24 12750.6
1150.24 12735.6
1150.38 12740.7
1153.22 12789.2
1153.71 12738.5
1153.88 12733.8
1155.15 12815.8
1156.34 12851.1
1156.16 13200.3
1156.98 13146.9
1156.15 12962.6
1156.35 12998.1
1156.51 12967.5
1156.5 13050.3
1158.5 13057.5
1159.2 13052.7
1159.28 12997.3
1159.38 13016
1159.62 13024.4
1159.68 13060.8
1160.18 13093
1159.84 13079.2
1159.67 13103.4
1160.44 13088.5
1161.17 13121.4
1161.32 13152.6
1161.07 13142
1161.22 13105.2
1161.45 13107.4
1161.47 13089.4
1161.63 13074.9
1161.57 13051.4
1161.94 13045.3
1161.51 13043.9
1161.53 13052.4
1161.58 13042.7
1161.28 13027.1
1160.99 13020.1
1160.83 12996.8
1161.02 12994.1
1161.06 12964.2
1161.51 12957.2
1161.38 12960.5
1161.79 12981.3
1162.76 13010.1
1162.58 13016.3
1162.55 13009.3
1162.22 13010.6
1162.53 13013.2
1163.26 13030.5
1163.08 13032.7
1163.24 13006.8
1163.34 13012.7
1163.42 13032.3
1162.2 13092.7
1162.28 13139.2
1162.47 13145.6
1162.53 13134.1
1163.01 13120.8
1163.77 13135.8
1163.9 13167.1
1163.87 13181.5
1163.17 13201.4
1163.02 13197.4
1163.05 13256.2
1163.79 13279.9
1163.6 13273.2
1163.99 13271.2
1165.29 13273.2
1165.25 13274.9
1165.23 13261
1165.21 13258.6
1165.29 13266.8
1165.24 13266.7
1165.26 13276.9
1165.4 13295
1165.26 13306.4
1165.55 13313.6
1165.28 13351.9
1165.92 13381.2
1165.93 13418.4
1164.81 13382.7
1164.86 13388
1165.01 13405.9
1164.93 13449.5
1164.93 13477.9
1164.64 13460.7
1164.6 13477.1
1164.6 13472.3
1164.69 13477
1164.88 13439.8
1164.83 13417.5
1165.48 13406.3
1165.47 13390.8
1165.62 13380.2
1165.3 13383.8
1165.24 13388.7
1163.93 13400.2
1163.93 13397.9
1163.93 13373.1
1164.07 13409.3
1164.6 13501
1164.83 13548.3
1164.89 13616.3
1164.83 13604.5
1164.75 13608.4
1166.18 13668.1
1166.32 13668.6
1166.16 13686.6
1165.91 13695.8
1165.68 13716.7
1165.91 13740.8
1165.85 13737.8
1165.81 13750.7
1166.2 13722.3
1166.63 13760.9
1167.06 13783.4
1167 13796.7
1167.04 13788.1
1166.92 13779.1
1166.86 13784.1
1167.42 13795.6
1167.49 13817.1
1167.36 13805.7
1167.35 13797
1167.43 13804
1167.47 13898.2
1167.47 13886.2
1167.75 13864.2
1167.99 13858.6
1168.62 13815.3
1168.8 13801.2
1168.84 13800.5
1169.27 13776.9
1168.82 13762.3
1168.94 13814.3
1168.91 13791.3
1168.86 13754.3
1168.7 13742.3
1168.77 13727.6
1168.76 13696.8
1169.24 13712.4
1169.77 13700.3
1169.55 13677
1169.98 13677.2
1170.42 13669.8
1170.14 13673.6
1170.21 13670.7
1170.31 13678.5
1170.35 13716.1
1170.38 13735.4
1170.65 13732.5
1170.78 13720.6
1170.46 13714
1170.44 13792.8
1170.38 13804.2
1170.31 13788.5
1170.32 13794.8
1169.94 13797.3
1169.7 13787
1169.93 13772
1169.94 13769.1
1169.76 13719.6
1171.48 13951.2
1171.11 14001
1171.07 14007.5
1171.32 14006.3
1171.32 14027.5
1171.88 14043.7
1171.9 14009.1
1171.88 13866.5
1172.04 13832.6
1172.1 13808
1172.28 13771.2
1172.45 13746.3
1172.88 13760.9
1172.87 13713.8
1173.37 13667.8
1173.39 13644.2
1173.35 13637.2
1173.44 13597.3
1173.49 13594
1173.48 13590
1173.46 13614.8
1173.7 13627.3
1173.9 13610.6
1174.05 13595.3
1174.06 13590.2
1174.02 13600.3
1174.18 13641.1
1173.89 13644.9
1174.09 13703.7
1174.78 13757.3
1174.66 13791.2
1174.71 13788.8
1175.01 13780.1
1175.39 13789
1175.33 13793.3
1175.23 13797.5
1175.28 13805.9
1176.14 13813
1176.3 13837.5
1176.29 13829.4
1176.32 13853.8
1176.36 13884.6
1176.54 13903.9
1176.53 13913
1176.54 13921
1176.5 13916.9
1176.45 13930.9
1176.38 13946.7
1177.48 13952.7
1177.44 13942.1
1177.44 13933.2
1177.6 13927.9
1178.42 13916.5
1178.28 13886.5
1178.25 13894.3
1178.27 13872.7
1178.07 13825.6
1178.04 13786.7
1177.99 13764.9
1176.4 13791.1
1177.17 13804.4
1177.38 13787.9
1177.55 13812.9
1177.59 13870
1177.57 13853.9
1177.53 13892.6
1178.09 13924.6
1178.04 13936
1178.34 13936.8
1178.26 13877.7
1179.38 13881
1179.7 13893.9
1178.87 13969.1
1178.6 13970.9
1178.7 13982
1178.7 13983
1179.23 14009
1179.22 14054.4
1179.51 14051.6
1179.43 14044.1
1179.25 14046.9
1179.29 14052.7
1179.37 14094.9
1179.45 14085.9
1179.76 14068.7
1181.32 14075.4
1181.34 14084.1
1181.89 14047.7
1180.71 14000.7
1180.95 13980
1180.89 13963.2
1180.83 13948.4
1180.3 13947.9
1180.08 13941
1180.34 13934.6
1180.32 13924.4
1181.14 13930.4
1180.75 13946.6
1180.76 13983.9
1180.22 14014.6
1180.28 14030.8
1180.6 14030.3
1180.41 14036.1
1180.42 14025.4
1180.51 14006.4
1180.04 14031.2
1180.06 14033.1
1179.94 14033.6
1180.32 14044.3
1178.45 14045.5
1178.46 14065.8
1178.42 14085.9
1178.23 14096.7
1178.24 14037
1178.17 14014.8
1178.12 13992.8
1179.86 14044.2
1180 14053.8
1180.29 14034.6
1179.62 13985.5
1179.83 13929.1
1179.77 13926.5
1179.91 13925.4
1180.69 13943.1
1180.64 13962.4
1180.38 13970.6
1180.34 13987.3
1180.44 13995.4
1180.39 13998.9
1181.15 14000.2
1181.05 13996.7
1181.05 13995
1181.31 14003.2
1181.11 13988.9
1181.18 13996.8
1181.22 13990.3
1181.17 13991.8
1181.3 13998.3
1181.29 13960.8
1181.29 13934
1180.86 13918.2
1180.74 13916.9
1181.18 13920.6
1181.48 13914.9
1181.41 13900.4
1181.81 13948.6
1181.79 13940.7
1181.92 13923.5
1181.83 13917.7
1182.11 13886.2
1182.07 13896.4
1182.13 13913.9
1182.47 13935.8
1182.12 13954.3
1182.03 13960.1
1182.12 13986.9
1182.13 14010.8
1182.23 14008.2
1182.27 14027
1182.44 14030.4
1183.08 14008.2
1183.17 13975.7
1183.23 13983.1
1183.16 13979.4
1183.23 13975.8
1183.31 13964.7
1183.32 13936.3
1183.28 13934.6
1183.17 13922.8
1183.63 13882.3
1182.94 13869.8
1183.07 13879.1
1183.82 13868.1
1183.82 13872.9
1183.72 13882
1183.69 13865.4
1184.07 13858.8
1184.17 13862.9
1183.95 13855
1183.95 13858.2
1183.65 13858.1
1183.6 13845.2
1183.88 13846.5
1183.81 13837.5
1183.81 13818.3
1184.25 13805.3
1184.46 13795.6
1184.58 13777
1184.61 13766.5
1184.57 13753.9
1184.6 13775.1
1184.63 13753.8
1184.75 13727.9
1184.14 13728.3
1183.95 13760.4
1183.98 13767.2
1184.02 13754.8
1183.72 13748.3
1183.71 13746.9
1183.7 13754.6
1183.95 13740.2
1183.96 13754.8
1183.95 13754.1
1184 13766.6
1184.03 13772.9
1183.4 13818.7
1184.12 13856.4
1184.05 13885.5
1183.83 13893.9
1183.84 13870.1
1183 13818.7
1183 13816.3
1183.35 13816.4
1183.25 13817.9
1183.19 13816.4
1183.32 14078
1183.3 14099.5
1183.22 14100
1183.24 14093.9
1183.3 14102.6
1183.26 14089.3
1183.63 14067.2
1183.03 14077.6
1182.87 14111
1183.22 14129
1183.15 14138.5
1183.11 14151.7
1183.28 14173.1
1183.32 14196
1183.07 14200.4
1183.07 14213.3
1183.09 14216.9
1183.03 14182.4
1183.06 14159.2
1182.99 14146.3
1182.96 14152
1183.02 14176.6
1182.86 14183.8
1183.02 14194.5
1183.13 14204.9
1183.13 14208.6
1183.13 14231.8
1183.25 14242.6
1183.25 14246.3
1183.53 14253
1184.61 14251.4
1184.63 14259.5
1184.45 14275.2
1185.53 14325.5
1185.66 14350.4
1185.4 14375.3
1185.65 14447.2
1185.5 14423.9
1185.53 14392
1185.6 14377
1185.43 14366
1185.44 14362.9
1185.37 14339.7
1186.87 14376.5
1186.84 14371.7
1187.17 14363.7
1187.25 14368.7
1187.35 14370.1
1187.39 14342.8
1187.38 14343
1187.29 14328.5
1187.47 14345.1
1187.44 14332.5
1187.19 14319.4
1187.17 14327.6
1187.66 14340.2
1187.87 14348.9
1187.83 14358.2
1187.78 14307.3
1187.81 14282.7
1187.85 14286.9
1188.17 14287.5
1188.62 14254.4
1188.57 14259.5
1188.73 14267.1
1188.73 14260.1
1188.79 14231.8
1188.79 14206
1188.85 14208.7
1188.9 14197.4
1189.31 14279.7
1190.75 14281.2
1190.41 14235.7
1190.8 14242.1
1190.94 14249.6
1191.3 14268.2
1190.94 14265.7
1191.24 14249.5
1191.27 14245.7
1191.36 14241.3
1191.33 14238.9
1191.09 14242.3
1191.13 14233.3
1191.02 14241.3
1190.92 14242.9
1191.14 14243.2
1191.13 14241.9
1191.23 14250.9
1191.22 14269.8
1191.2 14257.4
1192.46 14183.4
1192.45 14022.7
1192.99 14073.6
1192.78 14157.8
1192.37 14192.7
1192.42 14239.2
1192.45 14264.1
1192.38 14264
1192.38 14257.1
1193.01 14194.5
1192.81 14180.3
1192.74 14170.9
1192.82 14181.6
1193.31 14214.2
1193.03 14229.1
1193.18 14228
1193.22 14229.6
1192.23 14215.2
1192.23 14225.5
1192.12 14233.9
1192.31 14241.7
1192.33 14247.1
1192.54 14235.7
1192.67 14238.2
1192.61 14238.9
1193.26 14177.4
1193.79 14173.6
1193.44 14175.5
1193.47 14195.6
1193.83 14214.2
1193.73 14233.5
1193.77 14246.7
1194.11 14251.7
1193.49 14254.4
1193.47 14257.7
1193.51 14249
1193.56 14237.3
1193.58 14221
1193.62 14231.8
1193.41 14252.2
1193.35 14258.4
1193.14 14264
1193.02 14270
1192.56 14295.2
1192.44 14300.1
1192.64 14300.2
1192.51 14294.9
1192.64 14306.4
1192.72 14294.1
1193.41 14296.6
1193.42 14327
1194.1 14331.1
1194.16 14311.4
1194.06 14290.4
1194.16 14280.7
1193.99 14266.5
1193.82 14264.7
1193.62 14273
1193.69 14311.3
1193.68 14301.9
1193.55 14269.8
