156.654 1671.2
193.763 1402.7
195.439 1253.09
383.384 1491.91
392.811 1745.08
407.001 2548.77
443.958 2450.81
445.484 2432.68
467.123 2438.82
467.325 2369.73
473.528 2399.96
474.755 2393.32
477.965 2355.29
501.477 2927.15
550.953 3377.98
581.032 3671.43
656.863 4163.11
668.936 5219.57
669.368 4867.31
693.495 5578.15
711.471 5388.69
721.276 6803.45
726.15 6504.52
775.43 7387
791.555 7620.92
787.914 8358.06
816.131 8268.66
819.495 8969.18
831.938 9415.55
859.887 8932.6
927.778 9753.41
935.275 10394.1
949.326 10226.7
952.029 9865.02
1000.64 12228.3
1018.75 14325.5
1046.07 15944
1040.34 16019
1040.11 15497.2
1059.49 17138
1073.66 16203.4
1080.18 15600.3
1079.54 15013.3
1089.89 14497.6
1099.58 14194.7
1104.76 13898.2
1106.97 13684.4
1121.71 13227
1135.06 15462
1135.24 14271.6
1159.87 14003.6
1160.35 13537.7
1187.3 13168.9
1213.39 13926.5
1226.34 14785.8
1226.9 14140.6
1227.81 14455.6
1245.29 14071.8
1242.21 14840.7
1248.14 16515.2
1252.97 16191.8
1254.88 15696.7
1281.07 15345.7
1314.39 14657.3
1339.74 14670.8
1350.57 14064
1365.37 13678
1367.75 13385.7
1369.36 13460.1
1383.02 13488.6
1382.34 13671.9
1397.56 13354.3
1414.98 13318.8
1429.08 13210.8
1431.01 13123.5
1430.9 13112.1
1435.23 13053.6
1443.82 12869.1
1446.02 12858.5
1446.03 12946.4
1446.89 12896.2
1448.62 12892.2
1449.05 13093.5
1458.22 13068.6
1464.97 13294.9
1464.94 13155.7
1464.94 13112.2
1464.82 13005.9
1488.3 13985
1489.63 14081.4
1499.12 14133.6
1499.19 13715.9
1500.94 13569.6
1501.26 13522
1510.52 13380.4
1512.89 13216.3
1519.26 13356.8
1519.06 13354.7
1564.68 12989.8
1566.46 12970.9
1567.72 13059.5
1567.6 13064.6
1568.23 13057.3
1606.37 13606.9
1607.03 13314.3
1608.96 13690.3
1610.86 13706.9
1611.34 13603.1
1611.83 13444.4
1613.46 13596.3
1613.81 13504.5
1614.21 13378.5
1614.16 13294.1
1615.97 13340.7
1624.06 13760.1
1630.04 13507.5
1635.67 13580.5
1642.08 13379.6
1651.66 13153
1654.13 13252
1654.26 13199.4
1658.18 13049.6
1658.73 12994.6
1659.2 12963.4
1665.87 13103.5
1665.92 13261.6
1667.22 13112.6
1667.58 13022.5
1667.57 13005.5
1667.95 12901.3
1671.05 12589.5
1672.85 12714.7
1673.49 12678.6
1673.6 12653.7
1674.91 12760.1
1674.75 12681.8
1675.87 12685.8
1685.17 12401.1
1685.37 12645.6
1685.59 12629.7
1687.72 12720.6
1688.91 12755.1
1688.01 12749.5
1688.17 12694.5
1687.8 12712
1688.88 12668.8
1689.42 12683.8
1690.86 12685.2
1692.43 12651.9
1695.09 12611.1
1697.42 12646.6
1695.6 12718.7
1695.88 12693.2
1699.1 12661.4
1700.01 12656.6
1699.02 12846.9
1700.77 12768.7
1700.73 12845.8
1701.07 12877.8
1701.03 12899.1
1702.51 12931.7
1703.6 12998.6
1704.24 12899.7
1704.34 12938
1704.34 12949.1
1704.36 12951.2
1705.25 12975.6
1705.15 13000.2
1705.03 13011.4
1705.08 13047.8
1706 13086.5
1706.24 13088.8
1706.27 13097.3
1706.4 13090.8
1706.11 13042.5
1706.45 13032.5
1706.5 13079.4
1707.07 13095.7
1707.03 13110
1706.49 13133.2
1706.33 13270.2
1706.41 13267.2
1706.66 13262.8
1706.74 13192.6
1707.52 13204.7
1707.31 13173.1
1712.57 13916.4
1712.67 13729.6
1712.84 13632.5
1712.92 13557.6
1712.99 13562.4
1712.98 13545.8
1712.27 13379.1
1713.15 13414.9
1714.9 13420.5
1714.92 13431.5
1715.96 13402
1714.89 13411.7
1715.81 13412.5
1715.82 13410.3
1717.79 13380.4
1718.02 13406.1
1717.9 13361.2
1718.43 13383.7
1718.41 13397.6
1717.81 13205.3
1717.56 13265.2
1718.1 13207.6
1718.17 13242.7
1718.79 13282.1
1718.75 13328.2
1718.43 13353
1718.76 13421.6
1719.71 13441.8
1720.65 13356.1
1720.77 13336.8
1720.57 13345.9
1720.41 13355
1720.23 13357.8
1720.02 13352.8
1720.52 13353.6
1720.24 13369.9
1720.81 13374.8
1720.95 13394.4
1721.3 13394.6
1721.34 13380.9
1721.27 13366.8
1721.33 13392
1721.29 13493.2
1721.15 13481.8
1721.17 13476.5
1721.14 13453.4
1722.7 13464.8
1722.9 13447.9
1722.87 13427.8
1721.85 13444.2
1722.07 13488.9
1721.77 13508.2
1722.01 13527.5
1722 13514.1
1721.99 13508.5
1721.98 13504.3
1722.26 13498
1722.14 13471.2
1722.27 13475
1722.11 13425.3
1722.24 13462.3
1722.28 13467.2
1722.09 13440.9
1722.79 13436.1
1722.9 13459
1722.88 13455.4
1722.81 13429.3
1722.8 13415.8
1722.97 13407.1
1722.73 13414.1
1722.96 13422.2
1722.66 13437.4
1722.51 13466.2
1722.26 13496.6
1722.25 13519.8
1722.38 13535.3
1722.56 13523.1
1722.17 13506.8
1721.65 13607.4
1721.25 13564.4
1721.67 13623.2
1721.64 13617.6
1722.26 13631.6
1722.35 13657.9
1722.49 13670.7
1722.63 13681.8
1723.05 13688.7
1723.08 13706.8
1723.24 13715
1723.27 13712.8
1723.06 13697.8
1723.04 13693.7
1723.3 13712.7
1723.02 13744.1
1722.88 13820.4
1722.34 13838.6
1722.36 13854.8
1722.14 13908.8
1722.23 13914.2
1722.23 13936.5
1722.35 13954.9
1722.53 13886.6
1722.75 13953.3
1722.89 13969.3
1722.88 13990.5
1723.21 14021.6
1723.61 14055.8
1723.96 14056.6
1724.6 14079.6
1724.54 14204.8
1724.43 14166.4
1724.42 14145.2
1724.47 14149.4
1724.43 14163.2
1724.47 14176.9
1724.44 14187.6
1724.58 14196
1724.78 14211.1
1724.96 14221.7
1724.99 14148.9
1724.7 14103.2
1724.89 14144
1724.89 14164.5
1725.04 14183.8
1725.05 14200.9
1725.07 14212.2
1725.04 14203.4
1725 14185.3
1725 14177.5
1724.94 14176.1
1725.07 14215.6
1724.87 14229.7
1725.07 14273.7
1725.27 14249.7
1725.37 14254.8
1725.29 14272.7
1725.24 14288.3
1725.71 14295.8
1725.26 14505.2
1725.26 14635.4
1725.46 14579.2
1725.42 14643.6
1725.79 14836.1
1725.55 14826.4
1725.37 14834.7
1725.32 14834.9
1725.59 14894.7
1725.52 14881.5
1725.48 14866.8
1727.27 16099.9
1727.36 15737.2
1727.33 15597.7
1727.87 15438.5
1727.6 15334.6
1727.58 15301.5
1727.48 15305.5
1728.13 15288.6
1728.34 15280.6
1728.36 15279.3
1728.42 15301.7
1728.79 15312
1728.93 15324
1729.04 15368.9
1729.23 15407.4
1729 15455.9
1729.08 15419.2
1729.06 15406.4
1729.17 15452.8
1729.8 15433.3
1729.71 15420.4
1730.2 15392.1
1730.55 15371.5
1730.49 15357.8
1730.48 15318.2
1730.34 15295
1730.31 15324
1730.16 15328.2
1729.97 15332.4
1729.98 15346.4
1729.99 15368.5
1736.01 15227.4
1736.36 15222.3
1736.44 15217.4
1736.47 15221.2
1736.13 15192.9
1736.12 15193.7
1735.88 15163.7
1735.72 15170.4
1735.81 15188
1735.77 15229
1735.82 15228.3
1736.06 15224.2
1736.05 15216.9
1736.34 15209.8
1736.33 15209.8
1736.41 15211.2
1736.47 15205.7
1736.46 15214.8
1736.45 15203.2
1736.43 15208
1736.54 15217.6
1736.56 15222.4
1736.98 15239.9
1736.63 15225.3
1737.1 15247.4
1737.34 15258.7
1737.6 15265.1
1737.84 15274.4
1737.91 15270.8
1737.82 15262.8
1737.84 15258.8
1737.71 15251
1737.76 15265.3
1741.37 15147.3
1741.42 15106.3
1741.45 15085.1
1741.55 15090
1741.5 15086.8
1741.69 15117.6
1742.63 15133.3
1742.69 15158.7
1742.64 15165.2
1742.76 15189.7
1742.73 15185.3
1742.81 15185.2
1742.93 15197.2
1742.94 15198.9
1743.1 15200.7
1743.06 15191.9
1743.67 15180.4
1743.67 15176.7
1743.95 15220.6
1744.2 15249
1744.33 15257.3
1744.25 15294.6
1744.59 15296.8
1744.6 15290.5
1744.55 15292.9
1744.61 15302.8
1744.56 15299.4
1745.42 15382.6
1745.9 15340.1
1746.1 15347.8
1746.05 15367.9
1745.98 15383.6
1745.96 15446.7
1745.81 15439.6
1745.81 15440.8
1745.79 15439
1745.79 15431.5
1745.79 15445
1745.8 15460.4
1746.2 15486.5
1748.94 15395.4
1748.71 15430.9
1748.61 15433.1
1749.15 15431.4
1748.94 15385.4
1748.93 15385.1
1749.02 15368.6
1749.07 15358.8
1749.13 15350.7
1749.42 15373.3
1749.48 15385.7
1749.75 15382.1
1750.32 15392.6
1750.54 15394.8
1750.52 15389.2
1750.93 15388.6
1751.08 15397
1751.08 15404.7
1750.97 15427.8
1751.13 15444.5
1751.34 15439.2
1751.26 15444.6
1751.56 15440.8
1751.57 15447
1751.64 15437.9
1751.64 15437.1
1751.66 15438
1752.36 15393.5
1752.16 15377.8
1752.02 15388.3
1752 15398.4
1751.95 15389.1
1751.95 15385.7
1752.07 15396.2
1752.1 15403.8
1752.47 15419.7
1752.68 15426.5
1752.67 15426.3
1752.99 15536.3
1758.11 15252.8
1757.96 15364.5
1758.04 15360.9
1758.05 15359
1757.98 15337.5
1758.06 15335.6
1758 15343.4
1757.99 15339.7
1757.9 15334.2
1757.76 15338.9
1757.8 15327
1758.03 15331.6
1757.95 15330.9
1758.03 15303.1
1758.04 15305.8
1758.26 15319.5
1758.37 15327.1
1758.46 15336.4
1758.63 15377.8
1758.64 15376.1
1758.98 15350.9
1759.33 15325.7
1759.34 15288.8
1759.27 15289.6
1759.09 15285.8
1759.11 15261.2
1759.38 15254.1
1759.37 15192.3
1759.38 15188.3
1759.32 15188.2
1759.41 15181.9
1759.18 15159.8
1759.3 15134.2
1759.13 15134
1759.6 15119.9
1759.58 15117
1760.18 15048.5
1760.26 15045.7
1760.33 15035.4
1760.39 15029.3
1760.38 15022.5
1760.38 15014.4
1760.29 15011.8
1760.31 15008.4
1760.22 15007.3
1760.27 15004.2
1760.39 15013.8
1760.56 15005.4
1760.63 14978.5
1760.66 14976.9
1760.64 14978.2
1760.71 14981.7
1760.97 14987.6
1760.96 14978.6
1760.9 14967.6
1760.9 14952
1760.93 14948.6
1760.75 14947.5
1760.76 14945.3
1760.78 14940.6
1760.73 14936.4
1760.92 14966.4
1760.79 14942
1760.6 14869.5
1760.86 14868.4
1760.9 14873.8
1760.84 14879.9
1760.7 14863.5
1760.77 14862.4
1760.76 14869.3
1762.24 14839.7
1762.22 14966.5
1762.35 14986
1763.06 14975.1
1763.09 14979.9
1763.23 14971.7
1763.2 14942.5
1763.23 14937.9
1763.18 14930.4
1763 14905.3
1762.99 14893.4
1763.88 14869.4
1763.77 14835.4
1763.73 14825
1763.59 14806
1763.55 14798
1763.17 14970.6
1763.17 14965.9
1763.1 14972.7
1763.05 14957.6
1763 14961.7
1763 14970.7
1762.98 14967.2
1763.18 14972.3
1763.19 14964.9
1763.21 14964.1
1763.18 14970.8
1765.32 14977.9
1765.23 15019
1765.49 15023.3
1765.61 15040.4
1765.58 15043.5
1765.57 15049.3
1765.65 15033.9
1765.61 15016.9
1765.54 15011.4
1765.55 14992.5
1765.64 14978.5
1765.77 14968.1
1765.66 14942.3
1765.51 14904.2
1765.94 14874.4
1766.48 14954.6
1766.68 14954
1766.68 14941.9
1766.71 14942.4
1766.57 15012.7
1766.39 15060.5
1766.57 15063.6
1766.57 15056.2
1766.65 15047.8
1767.59 15054.4
1767.73 15043.1
1768.24 15028.2
1768.24 15004.3
1768.14 14985.7
1767.98 15033
1767.96 15021.8
1768.02 15000.7
1768.04 15010.4
1767.99 14992.5
1767.85 14961.9
1767.87 14946.8
1768 14948.4
1767.87 14956.6
1767.64 15479.6
1767.65 15357.4
1767.36 15316.6
1767.37 15295
1767.36 15308.5
1767.36 15307.3
1767.45 15288.2
1767.45 15290.7
1767.45 15284
1767.38 15273.2
1767.46 15264.1
1767.61 15275.7
1767.69 15265.7
1767.74 15259.1
1767.73 15220.8
1767.76 15210.6
1767.62 15204.4
1767.52 15204.8
1767.54 15175.9
1767.71 15172.3
1767.66 15180.3
1767.55 15172.1
1767.52 15167.6
1767.49 15163.6
1767.75 15146.4
1767.76 15163.1
1768 15163.5
1767.93 15146.7
1767.81 15119
1767.79 15134.2
1767.95 15136.6
1767.98 15136.1
1767.99 15139.3
1767.94 15119.4
1767.92 15117.1
1768.59 15146.9
1768.47 15141.7
1768.84 15046.8
1768.85 15064.3
1768.78 15058.8
1768.84 15045.8
1768.74 15048.5
1768.74 15046
1768.55 15012
1768.55 15008
1768.53 15009.9
1768.49 15013.4
1768.36 15001.3
1768.35 15001.4
1768.21 14985.5
1768.2 15003.2
1768.2 15013.6
1768.22 15002.2
1768.65 14983.2
1769.15 14978.6
1769.34 14990.5
1769.62 14946.2
1769.72 14933.9
1769.74 14932.3
1769.73 14979.3
1769.82 14999.9
1769.68 15024.9
1769.68 15022.7
1769.57 15012.4
1769.56 15018.9
1769.41 15023.9
1769.34 15017.2
1769.38 15012.9
1769.29 15020.7
1769.3 15013.3
1769.23 14991
1769.08 14979.1
1769.06 14997.8
1769.04 14995.9
1769.07 14995.5
1769.07 14995.8
1769.08 14985.3
1769.23 14974.4
1769.33 14976.9
1769.53 14983.2
1769.75 14987.8
1769.8 14985.3
1769.79 14994.5
1769.7 15172
1769.72 15135.2
1769.72 15126
1769.91 15149.4
1769.79 15157.2
1769.82 15151.6
1770.38 15126.6
1770.73 15120
1770.98 15129.7
1770.98 15130.3
1771.06 15152.2
1771.16 15149.5
1771.19 15147
1771.36 15151.5
1771.37 15145.8
1771.3 15119.4
1771.21 15138
1771.22 15138.8
1771.32 15148.8
1771.14 15147.3
1770.87 15126.5
1770.84 15135.1
1770.82 15138.9
1770.87 15158.6
1771.06 15166.9
1770.86 15171.7
1770.83 15199.9
1770.83 15205.1
1770.9 15207.4
1770.93 15203.9
1770.93 15210.9
1770.8 15230.1
1770.81 15239.9
1770.87 15241.1
1770.85 15237.4
1770.7 15221.8
1770.7 15222.6
1770.61 15233
1770.59 15238.7
1770.49 15248
1770.49 15236
1770.49 15222.1
1770.48 15219
1771.56 15226.1
1771.56 15241.7
1771.52 15199
1771.54 15204.2
1771.6 15234.8
1771.61 15231.5
1771.6 15199.9
1771.64 15186.9
1771.72 15173.3
1771.83 15160.8
1771.95 15175.2
1771.98 15173
1771.97 15170.2
1771.94 15164.8
1771.94 15158.1
1772.04 15164
1772.25 15159.7
1772.22 15151.8
1772.24 15146.2
1772.27 15144
1772.38 15149.3
1772.51 15147.3
1772.31 15141.7
1772.65 15142.7
1772.61 15146
1772.47 15152.4
1772.41 15148.7
1772.51 15151
1772.49 15154.4
1772.49 15148.1
1772.53 15148.5
1772.53 15156
1772.55 15161.3
1772.55 15162.4
1772.5 15162.5
1772.44 15159.7
1772.39 15155.1
1772.55 15158
1772.51 15162.4
1772.5 15167.2
1772.53 15170.5
1773.04 15186.5
1773.46 15197.2
1773.44 15196.8
1773.48 15158.7
1773.44 15170.5
1773.5 15164.4
1773.77 15151.1
1773.82 15177.1
1773.84 15204.1
1773.88 15230.6
1774.17 15257.3
1774.12 15358.6
1774.23 15361.5
1774.45 15354.4
1774.39 15339.6
1774.36 15314.4
1774.02 15310.4
1774.27 15309.4
1774.32 15329.8
1774.3 15340.7
1773.96 15336.6
1773.83 15114.9
1773.85 15172.1
1774.04 15194.8
1774.02 15187.8
1774.16 15208.8
1774.11 15221.2
1774.03 15223.6
1774.04 15238.1
1774.09 15240.4
1774.28 15215.4
1774.32 15229.8
1774.26 15238.3
1774.2 15244.7
1774.27 15247.4
1774.22 15244.2
1774.35 15254.4
1774.36 15258.9
1774.33 15259.4
1774.24 15258.4
1774.21 15257.9
1774.19 15259.5
1774.3 15265.2
1774.31 15261.1
1774.41 15264.5
1774.41 15262.8
1774.53 15269.5
1774.51 15272.4
1774.38 15300.6
1774.47 15327.4
1774.46 15338.2
1774.33 15337.2
1774.7 15354
1774.79 15347.9
1774.29 15342.2
1774.6 15361
1774.61 15394
1774.6 15387.9
1774.09 15372.9
1774.07 15385.8
1774 15389.4
1774.05 15404.1
1774 15412.3
1773.98 15450.4
1773.99 15452.8
1773.99 15459.2
1774.2 15467.1
1774.2 15455.5
1774.41 15448.4
1774.43 15442.6
1774.47 15422.2
1774.81 15430.4
1774.75 15425.7
1774.74 15426.8
1774.97 15426
1774.91 15430.5
1775.03 15420.3
1775.01 15416
1775.59 15405.2
1775.88 15421.3
1775.86 15419.7
1775.86 15420.5
1775.92 15422.4
1776.07 15419.8
1776.11 15427.9
1776.1 15428.7
1776.22 15370.8
1776.28 15361.5
1776.2 15353.8
1776.03 15353.9
1776.02 15341.6
1775.9 15314.1
1775.83 15300
1775.83 15307.4
1776.22 15301
1776.23 15299.1
1776.34 15313
1776.35 15308.3
1776.32 15311.4
1776.31 15309.5
1776.39 15280.5
1776.62 15280.9
1776.62 15260.5
1776.09 15293.7
1776.02 15205.3
1776.04 15157.6
1776.16 15144.8
1776.14 15126.8
1776.8 15122.9
1776.81 15122
1776.81 15125.3
1776.8 15132.5
1776.82 15137.6
1777 15149.6
1777.25 15167.4
1777.32 15153.3
1777.27 15159.9
1777.28 15157.8
1777.24 15150.6
1777.19 15138.4
1777.2 15138.6
1777.26 15115.1
1777.38 15077.1
1777.43 15078.9
1777.52 15082.9
1777.44 15083
1777.41 15077.9
1777.3 15050.1
1777.23 15053.4
1777.27 15056
1777.36 15057.9
1777.47 15066.7
1777.43 15060.8
1777.41 15039.1
1777.58 14996.3
1777.57 14993.7
1777.54 14987.7
1777.57 14979
1777.29 14971.7
1777.3 14989.9
1777.26 15010.5
1777.41 15028.9
1777.41 15036.3
1777.44 15038.8
1777.37 15043.1
1777.35 15039.3
1777.64 15060.3
1777.6 15054.2
1777.59 15048
1777.72 15045.7
1777.71 15036.9
1777.74 15025.8
1777.82 15028.1
1777.89 15025.4
1777.84 15016.1
1777.86 15015
1778.07 15009.8
1778.05 15009.3
1778.07 15011.2
1778.08 15003.1
1778.32 15000.6
1778.31 15004.2
1778.66 14992.7
1778.67 15001.2
1778.65 14998.2
1778.53 15008.8
1778.41 15008.2
1778.35 14993.7
1778.91 14995.4
1778.95 14993.9
1778.96 14993.9
1778.94 14997.2
1778.98 15000.3
1778.99 15002.3
1778.98 15006.2
1779.44 14969.5
1779.48 14984.5
1779.7 14992.8
1779.68 15003.8
1779.64 15000.2
1779.67 14987.9
1779.66 14969.6
1779.7 14961.8
1779.74 14959.3
1779.96 14958.2
1779.96 14964
1780.06 14976.9
1780.29 14957.6
1780.36 14937.5
1780.58 14933.5
1780.6 14923.9
1780.62 14922.1
1780.81 14936.5
1781.18 14940.3
1781.2 14956.5
1781.21 14958.7
1781.16 14966.4
1781.16 14963.1
1781.03 14959.3
1781.04 14958.3
1780.91 14960
1780.89 14968.1
1780.93 14994.8
1781.28 15002.9
1781.39 15006.1
1781.51 15000.1
1781.53 14997.5
1781.6 14975.5
1781.62 14966.2
1781.61 14941.1
1781.63 14927
1781.6 14919.4
1781.61 14916.3
1781.63 14913.4
1781.58 14915
1781.49 14938.4
1781.42 14949.3
1781.41 14947.8
1781.41 14949.7
