14.1381 0
19.0612 0
21.7394 0
25.7819 0
61.5182 81.5005
71.4979 135.918
195.603 1635.38
200.654 1267.55
201.371 1087.89
226.381 1290.51
235.077 1580.41
238.271 1533.93
246.067 1734.88
257.54 2596.79
267.552 2831.32
382.31 2514.66
387.305 2830.87
444.611 3970.1
460.762 3962.58
506.983 4093.26
640.89 7118.06
644.125 6140.33
644.322 5697.87
644.431 5401.49
654.104 5476.47
700.323 7268.33
696.337 8336.21
701.859 9176.41
731.161 10492.2
738.342 10540.9
763.625 11236.1
766.069 10629.4
766.738 10218.8
791.146 10728.9
801.648 10815.9
806.815 11233.9
811.538 10689.5
811.722 10463.9
810.156 10434.1
808.641 10319.3
809.256 10203.8
819.7 10366.5
822.966 10501.7
834.685 14428.9
842.459 13060.6
857.499 12301.8
853.444 12357.1
853.475 12139.3
854.338 12161.9
858.2 11979.3
859.88 12642.7
962.339 19860
968.116 14199.1
970.53 13648.9
970.823 12987.6
972.83 12839.7
978.268 12462.7
995.248 12133.8
997.047 12410.7
983.388 15139.8
986.22 15322.9
977.176 20729.9
989.938 18634.6
990.273 18341
1030.27 18886.6
1029.63 18017.8
1053.7 18420.4
1079.26 18488.8
1082.55 16951.7
1082.85 16560.3
1090.31 16382.1
1124.73 17828.7
1128.14 17263.6
1134.24 16985.6
1142.65 16502.2
1144.01 16130.7
1143.26 16361.7
1143.89 16019.4
1164.59 16164.4
1168.29 15825.8
1181.13 15485
1180.85 15098.1
1180.62 15248.4
1180.57 15803.5
1180.26 16387.5
1191.25 16769.6
1200.31 16706.1
1199.28 17205.8
1197.35 16952.5
1193.49 17097.7
1200.44 17189.1
1203.5 17159.7
1199.2 17684.9
1205 17700.2
1204.85 17808.4
1210.99 17943.4
1216.02 18024.5
1217.43 17838.5
1215.7 17964.4
1227.72 18281.4
1228.9 18109.7
1228.77 17990.4
1228.99 17861.2
1228.83 17802.2
1242.07 18182.5
1243.27 18443
1244.15 18407.6
1246.2 18384.4
1243.55 18471.3
1243.98 18560.7
1252.91 18538.9
1253.79 18571.1
1253.19 18606.3
1253.25 18643
1255.18 18703.8
1258.38 18836.4
1285.12 18619.4
1286.57 18589.2
1288.57 18564.8
1323.85 18656.7
1325.38 18464
1323.81 18603.1
1327.51 18610.1
1332.54 18717.1
1332.94 18612.7
1334.66 18747.7
1334.75 18510.2
1335.58 18455.7
1336.62 18377
1337.34 18346.5
1338.37 18326.3
1338.92 18303.6
1343.58 18295.7
1343.41 18402.1
1343.77 18276
1345.88 18387.1
1345.98 18357
1348.91 18374.5
1349.42 18252
1356.64 18177.9
1356.6 18169.8
1356.91 18198.1
1357.42 18261.6
1356.97 18240.5
1357.19 18232
1360.56 18458.2
1362.14 18465.8
1362.3 18412.5
1369.14 18249.5
1376.5 18104.8
1378.64 18025.8
1378.89 17982.8
1378.54 17922
1381.95 18009.8
1380.44 18226.3
1387.08 18149.3
1387.04 18112.8
1402.25 18477.8
1401.83 18424.3
1403.86 18457.1
1404 18445.9
1403.9 18437.6
1406.01 18575.7
1405.79 18585.8
1407.83 18524.3
1409.92 18543.1
1409.88 18579
1416.12 18589
1422.08 18779.1
1421.5 18907.9
1421.56 18993.9
1423.2 19073.5
1423.39 19120.3
1429.87 18983.1
1431.36 18958.2
1421.65 20227.3
1428.72 19397.3
1429.16 19491.6
1429.31 19555.8
1430.28 19522.7
1428.98 19539.2
1429.49 19521.5
1429.46 19519.2
1429.54 19499.2
1429.3 19500.9
1428.42 19718.7
1435.8 20296.1
1436.13 20518.3
1466.76 20510.3
1465.71 20300.3
1466.53 20508.3
1466.92 20537.2
1467.21 20616.2
1467.27 20650.6
1476.22 20681.2
1476.02 21654.3
1478.05 21493.2
1478.15 21493
1477.82 21529.4
1478.79 21576.7
1480.22 21472
1482.54 21413.1
1482.42 21357
1484.03 21351.7
1485.45 21301.9
1485.59 21301
1486.2 21294.1
1485.75 21304.4
1485.95 21288.2
1486.98 21279.3
1486.96 21263.9
1488.38 21314.5
1489.64 21175.8
1488.96 21168.4
1488.44 21246.6
1490.65 21431
1491.45 21531.8
1492.23 21638.7
1492.76 21684.7
1492.83 21734.5
1493.02 21788.9
1493.36 21815.5
1494.43 21774.7
1494.48 21777.9
1493.74 21754.6
1494.2 21756.7
1498.03 21598
1497.39 21645.3
1496.93 21659.3
1496.74 21610.2
1496.45 21649.7
1496.44 21662.9
1496.78 21681.8
1496.96 21640.2
1503.15 21838.3
1503.52 21698.3
1507.57 21683.8
1509.06 21643.3
1509.85 21673.4
1518.71 21449.9
1518.84 21527.4
1519.44 21601.1
1520.9 21595.2
1523.15 21728
1523.23 21717.6
1523.23 21668.5
1522.79 21673.2
1527.04 21734.4
1526.3 21707.9
1527.79 21673
1528.21 21660.4
1528.24 21670.9
1528.45 21616.8
1528.85 21549.4
1533.33 21335.9
1533.32 21300.8
1533.13 21325.2
1534.92 21291.4
1535.12 21273.4
1534.85 21257.6
1534.78 21235
1534.45 21299.5
1534.74 21341.4
1535.02 21309.9
1535.54 21349.4
1536.12 21378.2
1540.31 21382.7
1540.43 21393.7
1539.61 21407.1
1539.68 21411.7
1539.74 21386.3
1541.61 21389.9
1541.32 21392.5
1545.74 21551.1
1545.89 21438.4
1545.6 21586.9
1549.38 21630.2
1548.72 21679.9
1548.87 21691.7
1549.57 21680.4
1550.23 21694.2
1550.62 21710.8
1553.21 21725.6
1554.22 21687.9
1556.03 21689.1
1555.96 21622.1
1556.02 21608.5
1556.11 21596.3
1555.85 21565.1
1555.93 21566.2
1555.94 21561.8
1555.97 21555.4
1555.97 21560.1
1556.14 21570.7
1557.51 21616.7
1557.51 21603
1557.39 21595.9
1557.06 21585
1557.6 21583.1
1557.16 21585.3
1557.5 21354.9
1557.3 21383.1
1559.61 21342.9
1559.62 21370.7
1559.86 21461.2
1557.34 21506.4
1557.67 21828.9
1558.36 21839.7
1558.34 21886.5
1559.43 21917.4
1561.51 21926.5
1561.88 21955.7
1573.46 22255.9
1573.49 22166.9
1574.77 22103.2
1574.36 22038.9
1574.33 21921.6
1576.42 21960.9
1576.08 21961.2
1576.08 21948.4
1577.17 21912.8
1576.96 21890.4
1578.5 21722.1
1578.49 21734.2
1578.52 21758.1
1578.92 21787.7
1581.43 21665.7
1581.89 21716.1
1583.78 21849.1
1584.98 21855.7
1586.03 21830.8
1584.87 21845.2
1585.15 21844.2
1585.21 21846.7
1585.26 21863.3
1585.29 21854.1
1584.71 21843.2
1592.2 21719.1
1591.39 21710.1
1591.68 21662.8
1592.42 21665.5
1591.74 21666.4
1592.86 21678.9
1592.92 21717.9
1592.78 21753.9
1592.91 21761.9
1593.64 21784.4
1594.03 21802.7
1596.15 21826.1
1596.36 21802.6
1596.35 21798.5
1598.44 21823.6
1599.53 21808.4
1603.29 21839.6
1603.3 21854.2
1603.31 21819.6
1604.6 21716.4
1604.48 21699.2
1604.49 21688
1604.42 21640.8
1604.29 21652.2
1604.16 21655.8
1604.17 21652.2
1605.06 21688.4
1605.08 21687.1
1605.09 21679.2
1606.12 21699
1607.3 21934.4
1607.46 21942
1608.58 21791.3
1608.56 21793.5
1608.58 21798.4
1608.55 21817.8
1609.29 21799.1
1609.63 21772.8
1609.49 21801.5
1609.63 21825
1609.57 21866.6
1612.65 21879.5
1612.67 21815.8
1612.75 21887.6
1613.52 21966.5
1614.4 22013.4
1614.22 22044.4
1613.81 22209.6
1613.93 22137
1613.86 22133.8
1618.21 21966.4
1618.21 22064.4
1618.33 22125.1
1618.92 22137.6
1618.71 22233.7
1618.74 22215
1618.75 22188.9
1618.63 22115.7
1618.56 22122.1
1618.6 22115.2
1618.65 22107.2
1618.71 22091.3
1618.64 22186.8
1618.83 22197.1
1618.84 22198.1
1620.58 22235.7
1620.7 22219.3
1625.25 22174.8
1625.67 22206.6
1627.6 22351.1
1628.79 22480.4
1629.26 22440.9
1629.27 22399.8
1629.68 22459.2
1630.17 22399.9
1633.98 22337.8
1633.48 22317.6
1633.75 22225.8
1633.56 22246
1633.65 22269.1
1633.93 22290.6
1633.94 22286.4
1633.45 22278.4
1634.09 22289.9
1634.93 22230.9
1635.09 22240.7
1635.18 22243.6
1635.25 22224.9
1635.31 22210.9
1635.95 22196.9
1635.71 22190.8
1636.11 22171.8
1636.22 22176.8
1638.54 22256.5
1638.51 22203.2
1638.51 22177.6
1638.47 22169.4
1638.42 22174.7
1638.41 22172
1639.45 22199.2
1639.56 22173.6
1640.27 22127.6
1640.29 22110.8
1640.28 22119.6
1640.47 22132.9
1640.52 22120.6
1640.52 22111.1
1640.34 22103.9
1640.14 22094
1643.66 22036
1643.65 22041.6
1643.7 22046.9
1643.71 22022
1643.62 22001.1
1643.78 21989.1
1644.32 21968.3
1644.36 21963.3
1643.81 21962.7
1644.71 21996.7
1644.8 21993.1
1644.81 21923.6
1645.52 21848.5
1645.12 21882.1
1645.69 21881.6
1647.13 21906.7
1646.95 21915.7
1647.01 21936.6
1647.57 21933.1
1647.64 21914.4
1647.66 21911.4
1647.72 21904.7
1647.81 21887
1648.03 21872
1648.34 21844
1648.01 21908.8
1648.11 21936.6
1649.3 21907.1
1649.57 21931.3
1649.92 21909
1650.2 21913.4
1649.77 21921
1650.65 21905.5
1651.05 21977.3
1651.53 22005.2
1651.55 22010.1
1651.64 22011.9
1651.38 22085.9
1650.97 22127.4
1650.69 22091.3
1650.56 22103.7
1650.61 22106.2
1651.18 22051.5
1651.46 22039
1651.6 22023
1651.58 22000.6
1651.33 21964.3
1651.25 21927.4
1651.89 21871.7
1651.83 21872.6
1654 21803.3
1654.85 21855.1
1655.18 21941.7
1655.33 21900.5
1654.4 21869.3
1654.53 21860.2
1654.43 21904.7
1654.36 21948
1654.27 21984.5
1654.36 21993.5
1654.64 21981.7
1654.99 21947
1655.35 21995.2
1655.35 22025.4
1655.42 22044.7
1655.98 22026.7
1655.98 22045.2
1656.24 22074.8
1656.31 22088.6
1656.31 22094.3
1656.7 22120.7
1658.71 22141.1
1660.37 22100
1660.67 22097.8
1660.75 22126.6
1660.99 22134.7
1661.46 22142.4
1661.7 22151.2
1661.99 22168.5
1661.98 22163.8
1661.99 22176.4
1662.14 22181.4
1662.16 22187.7
1662.82 22106
1663.39 22122.2
1663.71 22129.4
1663.71 22146.7
1663.76 22143.3
1663.3 22160.5
1663.41 22093.8
1663.42 22104.7
1664.26 22097.6
1664.76 22113.5
1664.96 22139.6
1666.19 22181.9
1666.34 22149.8
1666.64 22127.5
1666.86 22140.5
1666.92 22141.2
1666.9 22133.8
1666.9 22107
1668.01 22075.7
1667.97 22101.1
1668.09 22093.8
1668.15 22114.2
1668.11 22121.4
1667.6 22132.2
1668.53 22137
1668.07 22110.5
1668.09 22089.2
1667.51 22176.6
1667.75 22145.3
1668.41 22144.6
1668.44 22125.3
1668.82 22154.5
1669.14 22163.4
1669.45 22152.5
1669.43 22152.8
1669.31 22159.3
1669.26 22167.3
1669.29 22178.3
1669.4 22169.1
1669.28 22165.8
1669.31 22175.8
1669.66 22164.6
1669.88 22176.2
1671.53 22214.4
1671.53 22253.2
1671.48 22276.4
1673.85 22378.9
1674.01 22405.2
1674.02 22359.2
1673.62 22336.7
1674.03 22304.6
1674.34 22314.8
1674.26 22309.9
1674.19 22309.1
1674.23 22367.9
1674.56 22362.2
1675.06 22372
1674.85 22385.6
1674.89 22382.2
1675.1 22391.1
1675.56 22334.3
1675.58 22336.3
1675.58 22345.4
1676.31 22538.1
1676.31 22657.7
1676.88 22634.2
1677.48 22567.6
1677.52 22513.4
1677.6 22512.2
1677.58 22493.7
1677.41 22493
1677.48 22479
1677.61 22580.2
1677.87 22594.9
1677.88 22566.7
1677.84 22553.8
1678.12 22554.4
1678.15 22601
1678.36 22645.6
1678.36 22637.6
1678.37 22654.4
1678.97 22650.8
1678.21 22642.7
1678.18 22641.7
1678 22657
1678.99 22601.9
1678.97 22626.2
1679.1 22585.6
1679.05 22583.6
1679.1 22597.3
1679.19 22622.1
1679.26 22641.8
1679.07 22597.5
1679.33 22596.8
1679.51 22605.8
1679.55 22600.9
1679.58 22602.8
1679.6 22603.9
1680.34 22604
1680.16 22620.1
1680.52 22622.1
1681.3 22638.9
1681.24 22641.3
1681.09 22611.6
1681.01 22630.8
1680.99 22650.6
1681.02 22654.5
1681.02 22652
1682.33 22639.8
1682.14 22643.8
1681.96 22692.5
1682.2 22778.6
1682.29 22787.5
1682.75 22783.5
1683.05 22788.3
1683.23 22782.6
1683.25 22788.2
1683.24 22754
1683.73 22774.1
1683.74 22766.7
1684.03 22774.9
1683.97 22781.9
1684.09 22743.1
1684.16 22742.9
1684.28 22761.4
1684.17 22781.7
1684.09 22798.9
1684.57 22756.1
1684.42 22785.8
1684.3 22824.6
1684.04 22846.8
1684.16 22846.5
1684 22833.7
1684.01 22840.8
1684.13 22881
1683.72 22912
1684.05 22946.7
1683.93 22932.3
1683.4 22961.7
1683.28 22972.9
1683.25 22945.9
1683.34 22942.2
1683.28 22937.4
1683.48 22935.1
1684.22 22958.3
1684.19 22955.9
1684.2 22959.9
1684.51 22971.7
1684.54 22985.9
1684.34 23015.3
1684.27 23042.8
1684.33 23051
1684.61 23052.8
1684.57 23019.7
1684.58 23024.6
1683.58 22975.3
1683.59 22983.4
1685.39 22960.8
1685.54 22867.6
1685.55 22872.7
1685.54 22872.1
1685.66 22866.1
1685.93 22869.6
1685.89 22870.8
1685.44 22882.5
1685.5 22898.2
1685.52 22897.9
1685.88 22891.8
1685.7 22854.3
1686.72 22882.3
1686.68 22887.9
1686.68 22878.2
1686.71 22849.4
1686.82 22848.3
1686.81 22851
1686.45 22855.1
1686.17 22863.2
1686.74 22841.6
1687.43 22777.3
1687.45 22757
1687.44 22763.9
1687.38 22757.7
1687.38 22637.9
1687.4 22642.4
1687.23 22649.6
1687.21 22650.9
1688.56 22575.1
1688.43 22571.3
1688.43 22604
1689.06 22604.1
1689.04 22610
1689.23 22618.9
1689.2 22619.1
1689.45 22629.3
1689.43 22632.7
1689.37 22557
1689.45 22590.2
1689.39 22596.3
1689.34 22624.3
1689.19 22635.9
1689.27 22646.7
1689.21 22646.1
1689.81 22660.8
1689.93 22668.9
1689.86 22683
1690.01 22715.8
1690.07 22742.3
1689.67 22769.8
1690.05 22756
1690.23 22736.9
1690.21 22720.7
1690.33 22714.2
1690.28 22720.8
1690.28 22724.9
1690.28 22727.5
1690.41 22731.2
1690.4 22737.1
1690.42 22737.8
1690.42 22739.8
1690.93 22767.9
1691.2 22786.5
1691.53 22784.4
1691.61 22780.5
1691.61 22787.5
1691.55 22779.7
1691.34 22800.3
1691.54 22794.4
1691.92 22785.9
1691.92 22737.5
1692.23 22765.1
1692.15 22761.1
1692.35 22770.9
1692.4 22755.9
1692.4 22745.9
1692.25 22736
1692.35 22725
1692.55 22739.7
1693.67 22750.3
1693.67 22708.9
1693.6 22723.8
1693.61 22728.2
1694.13 22747.1
1694.24 22740.1
1694.26 22738.3
1694.31 22727.1
1694.38 22716.8
1694.33 22684.6
1694.33 22671.3
1694.56 22668.2
1694.56 22666.3
1694.5 22657.8
1694.58 22660.3
1694.65 22641.9
1694.93 22657.8
1696.45 22605.1
1696.41 22577.3
1696.43 22560.1
1696.41 22528.7
1696.79 22523.2
1696.89 22532.7
1697.11 22560.4
1697.12 22574.6
1697.73 22553.3
1698.62 22551.5
1698.83 22535.5
1699.11 22536.2
1699.08 22549.8
1699.21 22561.1
1699.41 22577.1
1701.05 22602
1701.15 22592.6
1701.06 22599.5
1700.71 22608.3
1700.56 22617.3
1700.6 22612.8
1700.6 22612.3
1700.65 22617.3
1700.73 22635.2
1700.89 22662.6
1701.16 22679.3
1700.48 22660.6
1700.47 22644.2
1700.24 22744.5
1700.23 22727.7
1700.1 22725.6
1700.11 22729
1700.8 22823.5
1701.03 22841.4
1700.85 22901.8
1701.01 22952.3
1700.82 22976.5
1700.46 23000.7
1700.46 23006.4
1700.52 23010.3
1700.37 22969.5
1700.64 22959.4
1700.31 23120.1
1700.3 23119.2
1700.24 23138.9
1700.24 23142.5
1700.26 23147.8
1700.33 23150.1
1700.35 23126.4
1700.49 23143.3
1700.49 23148.5
1700.51 23143
1700.56 23150.9
1701.16 23134.4
1701.22 23144.6
1701.22 23136.4
1701.06 23132.3
1701.03 23150.2
1701.08 23151.7
1701.14 23153.9
1701.52 23152.8
1701.5 23156.7
1702.04 23151.8
1702.01 23141.2
1701.95 23142
1701.91 23138.6
1705.12 23066.5
1705.16 23081.1
1706.71 23080.6
1706.72 23077.5
1706.87 23083.4
1707.07 23059.9
1707.08 23054.6
1706.54 23060
1706.51 23059.8
1706.57 23057
1706.62 23002.8
1706.54 22996.2
1706.95 23002.3
1706.96 23017.5
1706.95 23040.6
1707.03 23047.7
1706.86 23063.3
1706.97 23068.9
1708.11 23068.7
1708.24 23056.2
1708.12 23052.1
1708.05 23048
1708.16 23087.1
1709.04 23074
1708.72 23073.4
1708.74 23076.9
1708.6 23078.2
1708.76 23074.6
1708.52 23071.6
1708.55 23073.1
1708.56 23026.8
1708.68 23022.8
1708.78 23006.9
1709.13 23044.9
1709.13 23027.9
1709.29 23023.1
1709.29 22946.2
1709.34 22920.9
1709.62 22891.7
1709.55 22877.2
1710.1 22882.4
1710.02 22917.8
1710.02 22918.7
1710.05 22912.6
1710.13 22904.1
1710 22902.3
1710.02 22901.7
1710.19 22897.8
1710 22879.2
1710.2 22861.7
1710.28 22857.1
1710.26 22869.1
1710.3 22888.9
1710.45 22893.5
1710.59 22926.6
1710.96 22934.3
1711.47 22958.3
1711.77 22946.1
1711.91 22950
1711.92 22975.5
1711.92 22986.1
1712.01 22981.5
1711.75 23004.8
1711.72 22996.6
1711.86 22997.5
1711.93 22992.4
1711.95 22998.9
1711.96 23003.2
1711.54 23065.4
1711.6 23048.2
1711.5 23071.9
1711.7 23055.7
1711.66 23024.1
1711.76 22984.1
1711.54 22994.5
1711.85 22965.8
1711.61 22973.9
1711.62 22982.5
1711.65 22981.5
1711.63 22966.5
1711.59 22955.6
1711.67 22947.9
1711.75 22936.2
1711.73 22929.4
1711.71 22916.2
1711.91 22918.7
1711.98 22914.6
1712.04 22905.6
1711.7 22896.6
1711.95 22792.2
1712.06 22781.2
1712.06 22781
1712.57 22751.3
1712.61 22755.3
1712.6 22750.1
1712.57 22719.9
1712.67 22624
1712.68 22613.4
1712.45 22615.4
1712.43 22607.7
1712.41 22593.1
1712.42 22590.5
1712.56 22593.2
1712.47 22596.8
1712.53 22596.4
1712.39 22609.9
1712.45 22591.4
1712.51 22587.8
1712.8 22583.4
1712.94 22591.6
1712.67 22593.9
1713.29 22603.2
1714.21 22609
1714.25 22616.7
1714.23 22619.7
1714.07 22662.7
1714.07 22666.7
1713.92 22676.2
1714.18 22679.7
1714.48 22684.5
1714.47 22650.6
1714.48 22650.7
1714.59 22603.9
1714.54 22602
1714.56 22529.4
1714.39 22507.4
1714.44 22501.7
1714.85 22505.3
1715.1 22502
1714.95 22495.8
1714.65 22496.4
1714.68 22486.3
1714.75 22488.5
1714.68 22493.5
1714.74 22490.3
1714.94 22481.8
1714.73 22509.4
1714.74 22525.8
1715.57 22553.7
1715.48 22529
1715.44 22518.4
1715.2 22508.1
1715.44 22501.9
1715.52 22500.5
1715.81 22448
1715.71 22467.2
1715.92 22488.1
1715.96 22506
1717.43 22475.3
1717.56 22478.1
