124.498 1983.6
158.094 2118.05
177.282 1950.29
287.945 2345.56
298.913 1985.81
299.854 1849.39
349.477 2426.25
367.968 2375.91
368.22 2271.08
382.076 2911.51
403.793 2708.12
407.698 2574.6
457.779 3366.39
537.695 3499.46
537.866 3000.61
559.322 3018.14
561.918 3073.4
566.074 2934.51
573.581 3362.1
597.77 3434.92
601.413 3286.9
612.753 3196.26
645.836 3331.82
646.409 3336.8
646.731 3290.47
661.954 3390.48
662.027 3377.27
666.505 3470.32
669.31 3182.77
671.256 3155.53
679.3 5733.01
673.116 5898
693.232 5683.28
728.547 5362.07
729.031 5136.08
736.103 5563.28
730.577 7850.31
731.484 7082.93
766.166 6928.25
766.298 6716.23
760.649 7144.14
760.693 6824.55
769.352 6763.38
770.878 6757.22
783.939 8063.67
812.527 7729.52
818.793 8848.9
818.648 8585.05
822.485 8329.77
823.031 8242.91
825.485 8167.3
882.382 9312.68
877.648 9406.37
874.255 9542.53
872.429 9420.68
887.143 9513.9
895.045 9788.35
894.867 9842.34
894.971 9804.7
885.946 10020.8
894.773 10281.3
900.485 10263.9
922.175 10436.2
922.013 10254.6
922.118 10081
920.235 9979.5
922.176 9941.74
922.261 9852.34
929.793 9634.88
929.789 9587.07
929.556 9634.96
921.525 9750.91
939.325 9947.61
938.64 9978.75
941.696 9894.14
941.79 9941.61
930.36 10263.3
935.024 10481.9
942.082 10625.8
947.703 10427.3
947.916 10560.1
957.698 10297.8
959.252 10677.5
960.647 10700.8
961.627 10696.1
959.695 10841.4
958.659 10933.2
961.948 10899
966.776 10951
966.781 10987.6
969.451 11501.1
974.716 11479.2
986.1 11980.5
1001.01 11945.9
1004.81 11812.1
1004.78 11737.1
1001.63 11630.6
1001.55 11835.8
1010.19 11852.2
1010.29 11564.3
1011.81 11356.7
1013.85 11338.6
1014.05 11211.1
1013.79 11181.9
1017.09 11336.5
1017.54 11440.8
1020.7 11454.8
1018.99 11400.8
1018.68 11392.6
1020.61 11257.3
1022.42 11281.5
1025.51 12017
1029.86 11887.7
1030.99 11650.6
1035.1 11556.4
1037.94 11448.4
1037.47 11361.6
1040.64 11279
1044 11318
1045.19 11278.1
1048.01 11190.4
1049.24 11295.7
1050.18 11488.9
1050.73 11393.4
1050.61 11361.3
1053.35 11204.5
1057.51 11388.1
1058.37 11321.9
1058.32 11361.3
1062.09 11421.1
1064.78 11501.7
1064.7 11401.6
1065.66 11432
1066.06 11446.3
1066.78 11431.5
1075.82 11512.3
1076.9 11391.4
1079.84 11680.2
1081.81 11614.9
1082.17 11597.8
1093.23 11681.4
1093.77 11898.7
1093.73 11929.8
1093.62 12019.6
1094.46 12093.5
1095.24 12196.3
1097.48 12202.6
1097.73 12255.6
1097.21 12278.3
1097.35 12297.8
1100.87 12464.3
1100.8 12472.6
1100.78 12480.8
1100.5 12620.5
1103.04 12716.7
1103.77 12750.7
1103.85 12716.5
1105.26 12899.4
1106.37 12831.1
1106.14 12803.3
1106.16 12742
1104.51 12682
1109.2 12687.8
1109.63 12696.7
1109.01 12781.8
1110.32 12801.5
1110.45 12827.1
1115.44 12849.8
1115.72 12946.4
1117.11 12975
1118.72 13025.5
1118.74 13023.6
1119.98 12984.8
1120.06 12982.8
1120.07 12938.5
1117.61 13220.3
1115.46 13350.3
1116.07 13561.1
1115.53 13819.3
1115.32 13912.1
1115.27 13987.2
1115.17 14006
1116.21 14009.5
1116.2 13962.8
1116.36 13918.2
1114.36 13974.9
1113.94 14022.9
1114.21 14096.5
1114.3 14179.5
1113.8 14231.6
1113.79 14384.6
1115.61 14386.6
1115.61 14415.1
1115.73 14442.8
1114.02 14359.4
1114.57 14400.4
1114.5 14399.2
1114.48 14391.9
1118.31 15533.8
1118.64 15243.1
1119.46 15090.9
1120.56 15093
1129.1 14994.8
1132.26 14982.6
1131.52 14935.6
1140.46 15147.8
1140.52 14844.2
1138.19 15157.6
1137.25 14686.3
1137.32 14376.2
1142.01 14399
1145.69 14485.2
1143.35 14665.4
1143.6 14889.3
1144.97 15018.3
1145.76 15127.2
1146.29 15123.2
1146.02 15179.4
1150.13 15314.3
1151.73 15307.9
1151.07 15335
1150.65 15342.9
1150.84 15359.3
1152.46 15426.3
1153.32 15444.7
1155.29 15423
1155.27 15413.2
1155.77 15415.5
1155.49 15369.9
1156.21 15360.5
1155.91 15345
1156.64 15320.6
1155.87 15363.6
1156.26 15309
1157.43 15289.5
1157.42 15381.2
1157.75 15417.7
1158.54 15406.3
1158.13 15470
1159.75 15527.1
1159.93 15537.1
1160.12 15564.3
1159.89 15583.9
1159.81 15579.1
1165.39 15438.4
1165.29 15458.3
1165.2 15499.2
1164.59 15536.9
1164.9 15599.7
1164.88 15569.8
1164.87 15588.5
1163.83 15538.9
1167.04 15590.1
1167.73 15538
1168.17 15532.3
1168.5 15526.9
1168.18 15556.6
1169.67 15556.8
1169.95 15583.7
1169.96 15614
1170.09 15460.5
1170.4 15432.3
1169.6 15446.4
1170.67 15458.3
1170.69 15448.5
1170.92 15432.9
1171.09 15440.4
1171.07 15451.5
1170.48 15475.6
1172.2 15508.5
1172.91 15505.5
1172.64 15530
1172.96 15515.5
1173.24 15484
1174.24 15443.7
1175.9 15464.5
1178.81 15476.3
1185.51 15465.9
1185.26 15521.3
1184.22 15591.5
1184.92 15568.3
1184.95 15607
1189.71 15680.8
1189.95 15679.4
1191 15701.9
1190.01 15709.7
1189.86 15664.1
1189.68 15637.4
1189.72 15632.2
1189.62 15595.9
1189.96 15576.1
1199.36 15663.3
1204.59 15690.7
1204.34 15738
1203.01 16323.4
1202.89 16322
1202.48 16358
1202.47 16345.6
1202.58 16336.7
1202 16329.2
1201.94 16316.5
1206.87 16611.2
1206.74 16397.5
1207.36 16329.5
1207.35 16307.8
1207.09 16315.9
1207.1 16333.5
1207.18 16361.6
1206.89 16412.4
1206.75 16441.5
1207.09 16460.9
1207.49 16455.8
1207.2 16477.8
1207.72 16534.2
1207.69 16754.6
1207.7 16818.4
1207.03 17248
1207.47 17229.6
1206.92 17258.9
1207.07 17258.4
1207.11 17273.1
1207.51 17256.4
1207.5 17257.3
1207.42 17268.7
1207.09 17398.1
1206.97 17272.4
1208.3 17221.9
1208.85 17080.6
1207.68 17111.8
1210.21 17220.1
1210.71 17188.6
1210.77 17177.7
1211.55 17185.9
1211.77 17179.9
1212 17178.8
1213.65 17218.3
1213.63 17244.6
1213.95 17267.6
1214.19 17352
1214.22 17400.9
1214.32 17546.2
1214.3 17543.2
1214.78 17536.3
1218.45 17539.7
1218.36 17481.6
1218.38 17480.6
1218.52 17478.2
1218.25 17521.1
1218.2 17558
1218.31 17598.7
1218.99 17600.2
1219.42 17597.1
1219.42 17571.2
1219.5 17610.9
1219.04 17627.1
1219.09 17635.6
1219.36 17632.3
1219.34 17647.5
1219.44 17649.5
1219.53 17660.5
1219.69 17669.5
1219.59 17701.7
1219.97 17663.3
1221.35 17615.8
1222.4 17651.2
1222.57 17653.4
1222.88 17668.3
1223.19 17691.4
1222.98 17708.5
1222.13 17810.1
1223.25 17885.6
1223.05 18000
1223.05 17989.3
1222.95 18004
1223.92 17984.3
1224.59 17977.1
1225.57 17927
1227.6 17947.4
1227.68 17899.3
1230.27 17808.7
1230.3 17821.3
1230.11 17792.6
1230.14 17796.7
1230.26 17825.5
1231.38 17807.7
1232.5 17785.1
1232.47 17770.7
1234.47 17767.4
1234.53 17752.7
1234.95 17746.8
1235.04 17758.3
1234.69 17780
1235.37 17790.8
1235.37 17788.5
1235.36 17788.6
1235.57 17804.8
1235.38 17809
1235.32 17809.1
1235.15 17816.8
1235.19 17838.1
1237.31 17778.5
1237.78 17755.4
1238.14 17796.8
1237.02 17911.4
1237.08 17919.6
1237.11 17945.9
1237.57 17978.4
1237.78 17999.6
1237.81 18019.5
1237.83 18037.6
1238.25 18048.6
1238.12 18022.9
1240.61 18010.6
1240.62 18041.3
1241.33 18043
1242.95 18444.5
1242.97 18436.3
1242.96 18432.8
1243.2 18349.3
1243.21 18331.1
1242.38 18400.8
1242.52 18415.5
1242.59 18428.5
1242.38 18453.7
1242.38 18486.2
1244.94 18480.1
1244.91 18417.5
1246.58 18361.2
1248.23 18333
1248.85 18342.9
1251.41 18380.7
1251.76 18354.9
1252.98 18372.5
1253.54 18368.1
1253.7 18350.6
1254.09 18373.8
1254.09 18354.4
1253.92 18349.6
1253.31 18324.2
1253.59 18317.9
1253.58 18345.2
1254.14 18382.2
1254.23 18399.6
1257 18460.1
1256.82 18466.5
1257.59 18483.9
1257.67 18467
1257.72 18478.8
1257.84 18497.3
1257.93 18502.9
1257.64 18555.2
1257.62 18604.6
1257.77 18680.4
1257.83 18741.2
1257.7 18790
1257.64 18840.3
1258.23 18868.6
1258.5 18917.9
1258.66 18936.8
1259.19 18960.8
1259.11 18942.5
1259.64 18912.4
1260.69 18898.6
1261.82 18902.1
1261.83 18861.6
1261.97 18824.9
1261.91 18843.2
1262.42 18858.7
1262.52 18874.9
1262.78 18925.8
1262.83 18943.7
1264.02 18957.3
1263.6 18974.5
1263.56 18975.9
1263.44 18991.3
1266.1 19042.2
1265.47 19141.4
1265.66 19185.9
1265.56 19194.9
1265.53 19187.3
1265.53 19200
1265.69 19240.4
1265.82 19242.1
1265.83 19249.3
1266.96 19254.6
1265.15 19178.5
1265 19127.4
1264.21 19171.4
1264.86 19259.9
1264.93 19255.4
1264.78 19315.5
1268.32 19353.8
1269.92 19476.9
1270.08 19535.5
1269.68 19646.9
1269.41 19706.3
1269.37 19692.8
1269.34 19596
1269.33 19594.9
1268.58 19456.7
1268.6 19512.6
1268.57 19480.4
1269.3 19466.6
1271.01 19461.5
1271.37 19506.4
1271.69 19497
1274.6 19550.2
1279.04 19640.5
1279.17 19595.1
1279.83 19631.1
1280.01 19683.9
1280.46 19783
1280.61 19845.9
1280.61 19853.5
1281.47 19842.2
1281.23 19799.1
1281.5 19778.4
1281.65 19779.8
1281.65 19775.8
1281.62 19715.2
1281.85 19670
1282.43 19598.9
1282.72 19632.1
1282.92 19533
1282.65 19490.7
1283.33 19501.8
1283.41 19491
1283.44 19466.5
1283.48 19445.8
1283.48 19428.3
1287.36 19665
1287.53 19533.7
1287.47 19496.8
1287.56 19519.6
1287.9 19631.3
1287.98 19734.7
1287.7 19602.8
1291.68 19658.8
1291.76 19578.3
1291.31 19569.3
1291.68 19623.1
1292.32 19501.6
1292.32 19506.5
1292.43 19566.2
1292.34 19617.7
1290.84 19796.1
1293.2 19873.6
1293.24 19874.1
1293.2 19858.9
1293.38 19861
1293.95 19872.9
1293.94 19830
1293.75 19835.2
1294.98 19881.7
1294.65 19788.1
1294.83 19792.4
1294.82 19791.5
1294.93 19808.1
1295.23 19824
1295.21 19852
1295.21 19864
1295.33 19872.6
1295.28 19842.5
1295.37 19902.6
1295.62 19919.1
1295.9 19897.6
1297.12 19905.1
1298.44 19909.9
1298.04 19910.6
1297.99 19920.2
1298.36 19936.3
1298.76 19966.4
1298.12 20084.5
1299.04 20228.1
1300.94 20177.6
1300.83 20221.1
1301.16 20314
1301.14 20349.1
1301.23 20382.2
1302.01 20451.5
1303.66 20480.4
1303.54 20523.4
1303.55 20522.9
1303.61 20512.7
1303.64 20512.4
1304.2 20519
1303.72 20521.4
1303.8 20510.8
1304.55 20483.4
1305.2 20484.9
1305.24 20497.5
1305.24 20510.1
1305.33 20570.2
1305.54 20610.1
1305.37 20622.4
1305.49 20621.3
1305.55 20628.3
1305.94 20618.3
1307.42 20615
1307.37 20608.2
1307.58 20650.4
1308.5 20694.6
1308.42 20711.8
1308.85 20722.5
1309.21 20734.6
1309.52 20738.7
1309.15 20659.2
1309.17 20600.5
1309.77 20556
1311.79 20831.8
1312.67 20825.8
1312.17 20924.4
1312.29 20953.8
1312.31 20995.6
1312.3 21012.1
1312.44 21014.4
1313.32 21052.8
1313.38 20998.9
1313.49 20950.9
1313.46 20901.7
1314.29 20967.7
1314.29 21007.6
1313.95 20984
1313.77 20966.7
1313.57 20994.4
1314.54 21030.7
1314.02 21062.9
1312.79 21060.9
1312.79 21100.1
1313.1 21109.8
1313.58 21127
1314.07 21096.5
1314.2 21068.5
1314.36 20989
1314.59 20995.1
1312.9 20978.4
1312.94 21082.4
1313.08 21116.4
1312.24 21247.6
1312.49 21351.4
1312.68 21365.5
1312.72 21374
1312.59 21413.9
1312.92 21420.3
1311.64 21545.1
1311.96 21611.9
1311.94 21632.1
1312.36 21643.5
1312.73 21640.6
1312.55 21646.5
1312.49 21607.1
1312.54 21590.5
1312.54 21561.1
1313.11 21625.5
1313.91 21596.5
1313.96 21615.3
1314.01 21628.1
1313.96 21732.8
1314.05 21701.1
1314.31 21679.8
1314.27 21687.4
1314.33 21683.8
1314.37 21615.3
1314.24 21617.5
1315.12 21668.7
1315.12 21666.8
1314.92 21658.6
1314.96 21671.4
1314.96 21667.2
1315.47 21641
1316.13 21639.8
1315.97 21537.7
1316.26 21619.7
1316.13 21675.4
1316.13 21655.5
1316.6 21592.8
1316.69 21554.6
1316.87 21536.7
1317.02 21511.3
1317.14 21503.9
1317.47 21542.8
1317.37 21526.8
1317.66 21522
1317.82 21547.3
1318.37 21595.2
1318.51 21654.8
1318.48 21651.4
1318.5 21711.7
1318.75 21748.2
1318.87 21772.4
1318.45 21798.9
1318.28 21842.3
1318.95 21858.5
1318.92 21846.4
1318.62 21863.4
1319.13 21858.7
1318.71 21873.6
1320.22 21880.3
1320.35 21867.9
1321.94 21893.2
1322.82 21913.8
1324.31 21989.2
1324.3 21967.8
1324.32 21946.7
1324.01 21932
1324.27 21907.9
1324.35 21898.9
1324.2 21892.7
1324.17 21882
1324.36 21999.8
1324.47 22024.7
1324.44 21973.6
1324.54 21936.2
1324.41 21896.8
1324.29 21893.6
1323.99 21905.5
1324.15 21903.9
1324.78 21957.3
1325.24 22042.5
1326.15 22038.4
1326.13 22041.5
1326.13 22110.5
1326.23 22130
1326.49 22156.1
1326.68 22179.7
1327.1 22155.1
1327.02 22124
1327.06 22052.5
1327.09 22065
1327.08 22079.6
1327.08 22099.7
1326.86 22097.2
1326.9 22098.2
1326.86 22271.2
1327.04 22258.6
1327.11 22269.5
1327.25 22283.1
1327.15 22266.5
1326.99 22325.5
1327.01 22346
1327.01 22327
1326.79 22344.4
1326.86 22341.5
1327.64 22364.2
1328.17 22296.9
1328.53 22282.4
1328.49 22280.7
1328.03 22269.3
1327.75 22472.9
1327.99 22406
1327.98 22473.8
1328.99 22472.4
1329.5 22479.7
1329.47 22509.9
1333.56 22748.9
1333.69 22850.9
1333.71 22807.4
1333.6 22760.1
1333.65 22743.8
1333.63 22737.1
1333.4 22738.3
1333.46 22731.8
1333.59 22717.2
1333.54 22713.7
1334.18 22742.1
1333.89 22745.5
1333.92 22747.7
1333.88 22782.8
1333.13 22795.1
1333.58 22791.7
1333.39 22778.5
1334.04 22788.4
1333.74 22769.2
1333.7 22740.5
1333.77 22743.8
1333.81 22777.4
1333.9 22763.5
1334.03 22753.3
1335.47 22787.7
1335.47 22802.3
1335.98 22786
1336.7 22816.7
1336.97 22760.2
1336.95 22778.5
1337.03 22778.2
1336.91 22787.1
1336.98 22777.5
1337.92 22801
1337.99 22822.1
1337.99 22802.9
1338.04 22804.4
1338.03 22868.9
1338.11 22882.5
1338.12 22895.6
1338.23 22901.4
1338.18 22899.4
1338.19 22901.1
1338.54 22885.6
1338.32 22866.3
1338.58 22851.7
1340.47 22896.6
1340.24 22889.5
1340.12 22878.8
1341.58 22894.4
1341.67 22934.4
1341.67 22946.7
1342.11 22978.3
1342.05 22968.7
1342.42 22992.9
1342.42 22989.8
1343.2 22929
1343.42 22986.1
1343.54 23002.9
1343.33 23011.6
1343.36 23005.3
1343.21 23021.1
1343.54 23030.8
1343.62 23024.8
1343.69 23034.2
1344.14 23045
1344.07 23068.8
1344.45 23066.1
1344.63 23086
1344.66 23074
1344.9 23093.5
1345.15 23094
1345.56 23098.8
1346.05 23117.4
1345.87 23126
1345.87 23123.3
1345.87 23125.1
1345.73 23167.4
1345.73 23161.2
1345.89 23159.7
1346.19 23202.7
1346.31 23197.9
1347.73 23268.5
1347.96 23264.3
1347.91 23231.1
1348.06 23254.8
1348.32 23277.3
1348.35 23253.9
1348.43 23267
1350.08 23323.4
1350.31 23248
1350.2 23288.5
1350.21 23285.2
1350.58 23285.9
1350.54 23296
1350.56 23297.3
1350.6 23297.1
1351.87 23067.9
1351.76 23121.9
1351.68 23252.8
1352.25 23241.1
1352.31 23257.5
1352.67 23271.9
1352.58 23268.5
1352.46 23241.8
1352.25 23206
1352.23 23193.3
1352.53 23156.6
1352.56 23178.6
1352.44 23192.9
1352.85 23222.9
1352.82 23217.3
1352.68 23195.3
1352.8 23228.5
1352.75 23242.8
1352.64 23243.9
1352.49 23255.7
1351.68 23262.9
1351.92 23272.5
1351.93 23288.7
1352.32 23302.3
1352.37 23309.1
1352.36 23310.4
1353.04 23415.7
1353.13 23399.2
1353.53 23401.7
1353.66 23410.7
1354.05 23404.5
1354.21 23398.4
1354.31 23418.1
1354.3 23419.9
1354.37 23430.5
1354.37 23426.5
1354.02 23428.3
1354.08 23418.5
1354.46 23334
1354.4 23364.9
1353.81 23402.9
1353.81 23418.2
1353.7 23410.2
1353.87 23418.9
1353.94 23429.8
1353.93 23402.4
1353.93 23407.6
1354.29 23431.2
1354.35 23435
1354.53 23437.3
1354.57 23435.9
1354.85 23415.6
1354.84 23402.4
1354.9 23417.5
1354.79 23416.7
1354.75 23420.6
1355.13 23423.7
1355.41 23428.7
1355.69 23426.1
1355.7 23422.9
1355.76 23422.5
1356.05 23420.8
1356.02 23425.1
1356.07 23423.9
1356.01 23434.3
1355.92 23465.5
1356.46 23473.4
1356.35 23516.8
1356.3 23529.5
1356.3 23544.6
1356.92 23564.2
1356.93 23570.6
1357.03 23573
1357.71 23604.4
1357.88 23648.1
1357.88 23660.8
1357.77 23675.9
1357.79 23669.9
1357.94 23669.4
1357.97 23676
1357.99 23660.2
1359.23 23728.5
1359.41 23714
1359.99 23736.5
1359.8 23716.8
1360.4 23662.5
1360.28 23684.9
1360.23 23691.2
1360.35 23695.5
1360.36 23657.1
1360.91 23610
1361.18 23623.4
1361.13 23626.7
1361.03 23634.3
1361.4 23650.2
1361.54 23652.7
1362.91 23683.6
1362.96 23659.2
1363.45 23651.2
1362.57 23591.1
1362.24 23612.9
1362.18 23604.6
1365.74 23677.7
1365.79 23666.5
1366.39 23668.7
1366.34 23657.7
1366.41 23658.3
1366.42 23670.4
1366.43 23665.3
1366.64 23667
1366.93 23701.8
1367.09 23670.7
1367.12 23654.4
1367.01 23638.3
1367.05 23645.6
1367.17 23661.6
1367.17 23676
1367.26 23649
1367.29 23680.7
1367.33 23682.6
1367.26 23680.5
1367.03 23705.8
1367.14 23760.4
1367.13 23799.3
1367.1 23829.8
1367.6 23852
1367.67 23751
1367.83 23764.8
1367.76 23754.9
1368.02 23748.7
1368.35 23779.7
1368.59 23788.1
1368.58 23790.3
1368.45 23783.7
1368.89 23788.8
1368.75 23778
1370.6 23796.7
1370.84 23802.1
1370.89 23791.7
1370.77 23803.4
1371.02 23791
1371.41 23790.3
1371.71 23814.7
1371.73 23828.6
1371.91 23822.9
1371.92 23811.6
1372.08 23817.1
1372.64 23762.4
