267.366 416.461
275.764 448.013
308.741 657.862
311.386 796.723
316.082 705.793
371.269 964.96
424.638 1897.92
441.461 1817.15
449.179 1801.31
540.209 2127.61
542.77 2264.24
648.371 3242.28
648.943 3026.68
651.895 3299.78
654.391 3323.84
683.469 3628.23
701.453 3440.48
712.897 3915.54
713.258 3707.18
792.329 4797.53
786.821 8249.37
807.593 8071.1
822.845 7268.01
822.919 6868.27
896.073 6354.5
918.781 6555.33
921.671 6337.46
949.19 7369.41
951.675 7186.49
951.56 7051.17
999.528 7202.33
1011.22 7874.17
1010.42 8740.77
1012.63 8147.28
1013.12 7823.77
1052.6 7954.18
1053.69 7749.27
1072.49 7418.2
1070.9 7511.4
1072.52 8413.48
1073.98 8131.39
1092.73 8571.01
1114.76 10203.2
1114.88 9394.33
1142.4 9632.97
1143.68 8892.69
1147.23 9599.34
1172.54 10520.4
1187.38 10814.5
1187.74 10392
1204.03 11086.4
1207.67 10651.4
1218.07 10389.3
1218.16 10423.2
1218.12 10577.8
1227.87 10974.1
1232.59 10389.4
1236.28 9904.76
1236.69 9833.33
1246.5 9475.97
1264.84 9365.07
1275 9029.7
1304.58 8938.73
1304.7 9032.5
1302.64 9462.17
1313.26 9890.43
1334.52 9927.47
1334.06 9444.3
1341.76 9624.01
1357.12 9930.76
1357.25 9764.11
1357.39 9783.77
1358.04 10054.1
1361.91 9741.27
1360.23 9941.46
1365.56 9839.41
1369.39 9974.39
1375.47 9619.69
1375.61 9423.35
1375.84 9403.87
1376.67 9131.22
1377.77 9456.79
1378.93 9497.26
1379.32 9609.08
1379.3 9465.45
1384.08 9400.08
1388 9496.47
1388.6 9620.15
1388.96 9692.28
1391.88 9834.44
1391.87 9719.22
1391.55 9733.23
1391.41 9767.33
1391.02 9811.11
1394.39 10628.5
1409.86 12557.1
1408.13 13043.4
1408.27 12970.5
1411.83 12826.6
1416.78 12854.4
1420.9 12876
1421.59 12589.6
1421.44 12871.2
1423.68 12584.3
1434.25 12308.6
1436.66 11921.5
1445.46 11711.6
1445.73 11572.4
1445.44 11527.3
1445.58 11508
1445.29 11505.6
1448.19 11516
1451.17 11547.8
1457.88 11535.9
1458.16 11427.8
1458.78 11592.7
1458.94 11543.5
1458.23 11653.5
1458.23 11603.4
1457.74 11641.6
1463.09 11652.6
1464.56 11640.8
1464.33 11595
1464.93 11631.3
1468.58 11691.4
1467.49 11563
1467.71 11544
1469.68 11528.4
1477.59 12675.2
1476.93 12337.7
1479.39 11796.5
1478.85 11873.7
1482.99 11979.6
1484.62 11931.5
1485.75 12029.9
1489.32 12082.6
1488.34 11951.8
1491.28 11974.2
1492.14 11856
1507.18 11587.5
1507.75 11702.1
1508.73 11652.7
1509.28 11696.2
1515.05 11856.7
1515.47 11668.5
1516.35 11619.3
1515.78 11734.2
1515.7 11788.1
1515.71 11816.3
1515.5 11846.3
1515.52 11877
1527.83 12599.2
1528.6 12641.9
1532.66 12498.2
1532.73 12393.1
1534.34 12396.5
1534.57 12392.5
1534.57 12394.5
1534.86 12413.3
1535.32 12412.2
1535.33 12728.5
1535.19 13142
1535.23 13234.8
1536.31 13135.2
1539.22 12982
1540.91 13023.6
1540.94 13010.5
1540.75 12944.7
1540.71 12936.5
1542.09 13028.4
1543.6 12916.1
1544.45 12937.1
1544.5 12926.4
1545.8 12940.2
1545.94 12943.5
1545.8 12970.9
1545.72 12967.2
1547.41 12992.3
1546.86 12901.9
1546.91 12957.6
1550.9 12868.7
1551.59 12858.7
1551.65 12837.1
1553.64 12791.5
1556.3 12743.6
1556.32 12739.6
1555.49 12720.6
1556.25 13371
1558.64 13406.1
1560.8 13321.8
1560.53 13337.1
1560.41 13345.1
1570.21 13572.9
1571.23 13398.1
1571.52 13446.2
1571.74 13530.8
1571.61 13619.7
1571.73 13658.3
1572.07 13681.1
1573.38 13739.9
1573.91 13749.2
1573.94 13724.7
1589.33 13500.7
1589.39 13532.9
1589.4 13537.4
1590.39 13541.9
1590.81 13523.9
1591.77 13526
1591.71 13521.8
1591.94 13535.8
1592.81 13538.9
1605.98 13620.8
1607.32 13335.1
1607.97 13248.9
1607.98 13242
1608.62 13269.5
1609.82 13246.7
1610.11 13251
1614.45 13168.8
1614.45 13162.7
1618 13144.9
1618.22 13165
1618.17 13151.5
1618.35 13142
1618.4 13126
1618.64 13102.3
1618.66 13094.2
1620.4 13067.4
1620.5 13059
1620.62 13044.5
1620.53 13039.6
1620.8 13049.3
1621.5 13032.7
1623 13000.2
1623.86 12991.2
1626.57 12990.9
1626.62 12932.2
1627 12900.3
1627.24 12891.7
1628.8 12934.3
1630.29 12997.1
1632.81 12981.8
1632.76 12981.4
1633.8 13000.4
1634.12 13008.6
1634.25 13003.2
1634.62 13005.2
1634.02 13007
1634.19 13010.4
1634.23 13032
1633.99 13013.8
1634.13 13032.3
1634.13 13059.1
1636.98 13009.7
1636.99 12997.8
1636.96 12995.1
1636.13 12972
1636.34 12952.8
1636.34 12988.4
1636.82 13049.7
1637.86 13057
1638.03 13042
1638.02 13057.7
1637.86 13070.3
1638.02 13091.8
1638.1 13088.7
1638.42 13099.2
1638.52 13087.8
1638.01 13107
1638.67 13142.6
1639.8 13168.3
1639.77 13170.5
1640.59 13197.2
1641.69 13227.2
1641.78 13239.8
1642.08 13270.1
1643.07 13288.3
1643.08 13295.6
1643.25 13297.5
1643.31 13287.3
1643.08 13293.6
1643.26 13280.6
1643.6 13265.8
1644.03 13260.6
1644.26 13247.6
1644.17 13233.4
1644.38 13239.4
1644.67 13237.3
1644.48 13233
1644.66 13234.9
1644.75 13239.5
1644.82 13224.7
1645.71 13226.3
1646.01 13221.8
1645.94 13173.8
1646.64 13177
1647.21 13152.6
1647.04 13130.6
1647.65 13130.5
1647.45 13106.5
1647.81 13086.8
1648.44 13086.7
1648.51 13083.2
1648.69 13081.6
1648.68 13072
1648.84 13074
1648.71 13067.5
1648.81 13064.5
1648.9 13063.2
1649.24 13082.7
1649.79 13102.1
1649.58 13094.3
1649.69 13108.6
1649.57 13141.4
1649.62 13151
1650.9 13206.2
1651.09 13203.5
1651.37 13202
1651.27 13166.7
1651.43 13159.5
1651.33 13170.6
1650.87 13162.7
1650.61 13142.1
1651.09 13131.6
1650.63 13134.9
1650.62 13134.5
1650.65 13140.9
1650.74 13156.3
1651.22 13186.5
1651.15 13201.8
1651.87 13228.3
1651.75 13231.6
1652 13257.7
1652.06 13276.3
1652.09 13290.6
1651.69 13292.3
1652.19 13312
1652.17 13321.2
1652.31 13334.2
1653.08 13334.6
1653.58 13388.1
1654.88 13377.5
1654.88 13417
1654.93 13441.8
1655.03 13473.7
1655.07 13485
1655.26 13499.3
1655.08 13492.9
1655.25 13502.9
1655.5 13493.5
1655.25 13491
1655.24 13502.1
1655.55 13519.3
1655.75 13539.9
1655.77 13560.9
1656.18 13603.4
1656.16 13605.9
1656.28 13632.7
1656.55 13674.3
1656.78 13675.7
1656.72 13668.7
1657.14 13675.7
1657.45 13642.6
1657.53 13661.9
1657.64 13669.6
1657.66 13607.4
1656.89 13559.3
1656.89 13602
1656.81 13630.4
1656.78 13670.1
1656.78 13693.4
1656.77 13699.9
1656.96 13707.1
1656.97 13705.8
1657.01 13700.4
1657.15 13721.8
1657.74 13751.8
1657.97 13773.4
1657.95 13803.2
1659.54 13835.9
1659.57 13843.6
1659.57 13846.8
1659.88 13860.4
1662.24 13799.2
1662.31 13754.6
1662.33 13750.4
1662.66 13767.2
1662.73 13772.5
1664.09 13756.1
1664.09 13744.2
1664.14 13756.4
1664.33 13757.7
1664.22 13750.2
1664.05 13738.2
1664.1 13748.3
1663.98 13754.3
1663.99 13749.8
1663.71 13725.9
1663.61 13685.5
1663.54 13668.2
1663.5 13644.4
1663.51 13639.9
1663.62 13647.5
1663.69 13658.1
1663.76 13668.5
1663.82 13680.5
1663.8 13686.1
1663.78 13694.9
1663.87 13709.7
1664.57 13715.9
1664.76 13735.2
1665.13 13753.3
1665.12 13750.6
1666.28 13721.6
1666.45 13704.1
1666.53 13696
1666.55 13670.6
1666.86 13630.1
1666.83 13599.7
1666.79 13570.8
1666.92 13536.6
1666.96 13527.5
1667.1 13527.3
1666.99 13454.6
1667.16 13421.6
1667.32 13435.6
1667.31 13460.7
1667.57 13499.4
1667.64 13527.1
1667.92 13552.5
1667.89 13562.4
1668.36 13575.3
1668.34 13563.1
1668.36 13572.4
1668.51 13580
1668.36 13547.3
1668.33 13541.2
1668.01 13514.4
1669.03 13526.5
1668.69 13514.4
1668.94 13527.2
1669.09 13519.4
1669.31 13520.1
1669.35 13504.8
1669.46 13498.3
1669.35 13485.9
1669.48 13488.6
1669.77 13494.2
1670.28 13492.4
1670.63 13492.2
1671.31 13502.4
1670.74 13457.5
1671.16 13501.6
1671.17 13460
1671.36 13438.4
1671.28 13429.3
1671.36 13412.4
1671.51 13399.5
1671.4 13356.1
1671.4 13320.4
1671.61 13295.8
1671.86 13282.9
1671.89 13252.8
1671.88 13227.8
1671.85 13205.7
1671.44 13785
1671.1 13797.2
1671.01 13799.4
1671.31 13789.8
1671.95 13780.1
1672 13771.2
1671.86 13776.2
1671.75 13751.1
1671.95 13743.2
1671.81 13729.6
1672.38 13703.5
1672.44 13693.9
1672.28 13660.7
1672.09 13644.4
1672.49 13669.5
1673.08 13714.3
1673.05 13725.8
1673.35 13731.4
1673.28 13721.7
1674 13768.4
1674.07 13793.7
1674.1 13835.8
1673.78 13808.8
1673.85 13784.5
1674.12 13798.8
1674.2 13800.9
1674.38 13792.4
1674.46 13801.5
1674.63 13810.1
1674.64 13811.7
1674.67 13815.2
1675.21 13847.6
1675.19 13898
1675.38 13904.8
1675.4 13901.8
1675.35 13894.4
1675.35 13898.8
1675.13 13891.6
1675.07 13879.2
1675.12 13873.7
1675.18 13880.9
1675.27 13869.1
1675.35 13815.3
1675.38 13848.5
1675.24 13823.4
1676 13823.8
1675.79 13787.1
1675.75 13749.1
1675.77 13752.7
1676.05 13773.8
1675.9 13796.6
1675.84 13813.7
1675.42 13825
1674.99 13791.2
1675 13808.3
1675.24 13793.9
1675.19 13789.3
1675.17 13754.1
1675.06 13793
1675.1 13778
1675.17 13777.9
1675.6 13762.5
1676.2 13764.3
1675.96 13738.5
1675.81 13702.2
1675.73 13663.6
1675.75 13645.4
1675.86 13637.3
1675.82 13640.8
1675.62 13711.4
1675.36 13700.6
1675.37 13722
1675.34 13732.1
1675.42 13743.5
1675.43 13759.3
1675.43 13764.3
1675.57 13765.2
1675.61 13730
1675.7 13722.5
1676.81 13731.3
1676.91 13729.8
1676.86 13710.8
1676.88 13696.5
1677.26 13709.1
1677.24 13708.6
1677.21 13714.9
1677.8 13731.2
1677.87 13733.3
1677.97 13738.6
1677.97 13739.1
1678.26 13741.3
1678.64 13733.4
1678.64 13728.2
1678.5 13719
1678.5 13706.8
1678.42 13680.5
1678.42 13700.7
1678.04 13686.9
1677.75 13709.8
1677.45 13688.1
1677.89 13705.8
1678.11 13728.7
1678.05 13710.9
1678.12 13684.2
1678.49 13681.5
1678.49 13663.5
1678.53 13657.9
1678.31 13645.5
1678.95 13660.1
1678.92 13640
1679.62 13674.7
1679.61 13662.3
1679.54 13646.4
1679.29 13655
1679.32 13682
1679.75 13672.8
1679.75 13678
1679.82 13679.3
1679.76 13683.5
1679.78 13693.6
1679.82 13610.1
1679.85 13584.9
1679.38 13611.9
1679.47 13631.2
1679.34 13667.8
1679.42 13689.9
1679.72 13696.1
1679.69 13710.9
1678.95 13709.9
1678.81 13697
1678.82 13706.2
1678.79 13736.2
1678.87 13790.4
1678.8 13800.2
1678.95 13802.7
1679.98 13808.4
1680.37 13783.4
1680.62 13777.3
1680.6 13776.2
1680.77 13796.3
1680.64 13803
1680.66 13787.7
1680.69 13771.7
1680.61 13764.2
1680.39 13768.3
1680.38 13767.1
1680.08 13750.4
1680.01 13773.5
1680.29 13782.4
1680.18 13789
1680.24 13796
1680.21 13796.9
1680.4 13796.3
1680.57 13833.2
1680.62 13867.2
1680.82 13874.6
1680.75 13864.1
1681.51 13860.4
1681.63 13864.6
1681.89 13870.9
1681.86 13877
1682 13877.2
1682.01 13876.5
1682.3 13883.1
1682.28 13878.5
1682.37 13877.9
1682.76 13884.4
1682.74 13872.4
1682.83 13868.4
1682.94 13885.8
1683.01 13921.8
1682.95 13909.6
1682.92 13917.9
1682.82 14010.6
1682.83 14070.9
1682.81 14101.1
1683.08 14118.5
1683.23 14140.8
1683.18 14140.9
1683.12 14136
1683.09 14135.1
1683.12 14139.9
1683.11 14146.2
1682.97 14126.6
1682.8 14128.9
1683.05 14124.8
1682.93 14128.1
1683.2 14133.3
1683.1 14118.3
1683.07 14096.5
1683.06 14076.4
1683.18 14071.4
1682.95 14085.9
1682.96 14097.8
1683 14098.9
1683.14 14083.3
1683.22 14339.4
1683.2 14319
1683.21 14301.8
1683.33 14317.7
1683.46 14316.2
1683.85 14306.3
1683.82 14290.7
1683.78 14294.8
1683.9 14289.6
1684.21 14289.3
1684.19 14272.3
1684.02 14267.7
1684.06 14289.7
1684.12 14274.2
1684.01 14265.6
1684.13 14255.4
1684.18 14243.5
1684.21 14233.6
1684.14 14211.5
1684.78 14199.6
1684.2 14147.9
1684.29 14108.3
1684.27 14098.8
1684.14 14123.7
1684.33 14102.8
1684.32 14078.7
1684.32 14130
1684.59 14130.7
1684.58 14131
1684.94 14140
1685.05 14154.8
1685.32 14169.4
1685.29 14160.2
1685.15 14134.6
1685.11 14088.6
1685.09 14071.7
1685.12 14072.1
1685.12 14061.7
1685 14046.5
1685 14047.1
1684.99 14051.7
1685.29 14052.8
1685.38 14043.4
1685.39 13985.8
1685.53 14005.2
1685.49 14038.6
1685.59 14048.2
1685.59 14093.6
1685.72 14094.1
1686.54 14114.1
1686.58 14106.1
1686.66 14100
1686.6 14098.6
1686.58 14104.4
1686.5 14099.9
1686.5 14108.1
1686.47 14106.5
1686.49 14103.5
1686.48 14105.6
1686.63 14104.5
1686.63 14106.2
1686.66 14081.5
1686.64 14071.9
1686.63 14072.3
1686.81 14080.3
1686.82 14086.4
1686.87 14070
1687.17 14073
1687.18 14073.8
1687.32 14080.1
1687.4 14086.3
1687.56 14096.1
1687.57 14102.4
1687.66 14113.4
1687.81 14154.4
1687.6 14180.7
1687.6 14190.7
1687.72 14190.2
1688.04 14192
1688.05 14205
1688.05 14210.2
1688.08 14218.6
1688.05 14222.9
1688.24 14231.1
1688.34 14235.7
1688.23 14259.8
1688.73 14239.3
1688.25 14242.3
1688.26 14242.4
1688.29 14250.2
1687.66 14257.9
1687.66 14266.2
1687.91 14290
1687.85 14291.6
1687.85 14299
1687.86 14312.9
1687.83 14309
1687.81 14332.3
1687.81 14346.9
1687.57 14351.8
1687.68 14344.4
1687.68 14345.7
1687.62 14349.6
1687.48 14331.5
1687.47 14334.3
1687.48 14338.2
1687.47 14334.6
1687.45 14284.7
1687.52 14257.2
1687.52 14257.6
1687.74 14268
1687.8 14261.4
1687.92 14259.1
1687.89 14261.3
1687.86 14261.7
1687.84 14298.7
1687.82 14300.9
1688.02 14322.8
1688.28 14274.7
1688.45 14281.8
1688.4 14289.2
1688.05 14300.3
1687.71 14350.7
1687.67 14369.6
1687.69 14366.9
1687.46 14326.1
1687.51 14322.9
1687.51 14314.3
1687.61 14331.4
1687.7 14330.6
1687.57 14318.1
1687.64 14317.2
1687.81 14313.5
1687.79 14307
1688.12 14306.9
1688.27 14295
1688.16 14268.6
1688.11 14260.7
1688.18 14250
1688.16 14216.5
1687.92 14237
1688.07 14098.6
1688.11 14100.9
1687.87 14088.9
1688.08 14081.6
1687.97 14053.7
1688.01 14059.1
1688.02 14063.6
1688.08 14066.4
1688.11 14075.3
1688.18 14077.7
1688.2 14109.3
1688.21 14131.2
1688.11 14127
1688.11 14128.8
1688 14135.1
1688.42 14156.4
1688.6 14165.4
1688.59 14172.1
1688.69 14176.1
1688.89 14185
1689.33 14208
1689.21 14244.2
1689.26 14242.8
1689.28 14240.6
1689.44 14239.9
1689.45 14238.5
1689.49 14238.8
1689.59 14247
1689.71 14243.1
1690.12 14244
1690.09 14226.4
1690.21 14227.6
1690.88 14238.5
1690.89 14242.9
1690.98 14254.6
1691.33 14252.1
1691.39 14252.5
1691.54 14259.1
1691.51 14256.1
1692.12 14272.5
1692.07 14278.4
1692.05 14290.9
1692.03 14303.3
1692.13 14313.5
1692.27 14319.9
1692.19 14313.4
1692.29 14308.6
1692.2 14306.9
1691.98 14298.9
1692.11 14288.7
1692.36 14289.2
1692.33 14286.1
1692.57 14283.7
1692.61 14288
1692.59 14286.4
1692.91 14324.6
1693.08 14329.2
1693.09 14313.4
1693.13 14316.8
1692.96 14327.4
1692.96 14334.5
1692.96 14335.6
1693.02 14347.9
1693.32 14350.9
1693.34 14383
1693.29 14390.4
1693.28 14376.9
1693.17 14370.7
1693.22 14410.4
1693.14 14417.8
1693.15 14425.2
1693.16 14415.4
1693.15 14413.9
1693.32 14409.3
1693.42 14426.2
1693.36 14419.8
1693.23 14423.1
1693.13 14420.7
1693.1 14423
1693.24 14421.6
1693.58 14424.4
1693.57 14423.7
1693.54 14441.2
1693.59 14438.3
1693.66 14423.7
1693.67 14415.4
1693.78 14424.6
1693.73 14420.3
1693.91 14411.9
1693.98 14401.2
1694.03 14394.7
1693.98 14386.9
1694.01 14386.2
1694.19 14384
1694.3 14386.7
1694.34 14385.4
1694.39 14378
1694.31 14351
1694.32 14338.7
1694.15 14320.1
1694.21 14307.5
1694.24 14308.9
1694.24 14303.1
1694.23 14301.8
1694.28 14293.6
1694.83 14298
1695.09 14268.1
1695.36 14264.3
1695.42 14267
1695.42 14259.8
1695.39 14240
1695.29 14253.1
1695.29 14260.5
1695.29 14267.7
1695.3 14271
1695.39 14286.6
1695.42 14296
1695.07 14331.9
1695.47 14351.8
1695.48 14352.6
1695.76 14370
1695.8 14362.8
1695.8 14372.1
1696.04 14365.8
1696.12 14356.2
1696.12 14356.4
1696.41 14354
1696.47 14354.9
1696.61 14356.2
1696.53 14358.2
1696.55 14367.5
1696.49 14382
1696.45 14386.2
1696.4 14418.7
1696.41 14441.3
1696.39 14452.9
1696.29 14443.9
1696.29 14446.4
1696.29 14455.7
1696.19 14501.9
1696.19 14471.6
1696.21 14463
1696.21 14466.6
1696.13 14467.6
1696.13 14466.5
1696.02 14457.4
1696.06 14451.2
1696.07 14452.5
1696.08 14459.4
1696.17 14462.7
1696.16 14474.6
1696.22 14476.8
1696.31 14462.7
1696.53 14507.5
1696.62 14476.7
1696.65 14455.3
1696.72 14457.5
1696.52 14456.9
1696.53 14459.6
1696.51 14451
1696.52 14454.1
1696.62 14461.4
1696.57 14468.8
1696.41 14489.2
1696.39 14484.8
1696.33 14487
1696.35 14491.6
1696.35 14489.7
1696.33 14483.6
1696.36 14490.4
1696.64 14500.3
1696.63 14499.5
1696.76 14511.5
1696.73 14525.7
1696.75 14523.4
1696.8 14510.1
1696.8 14499.1
1696.76 14500.6
1696.76 14509.2
1696.75 14504.4
1696.68 14486
1696.67 14500.1
1696.66 14501.2
1696.73 14501.6
1696.73 14497.2
1697.12 14493.4
1697.09 14469.9
1697.1 14461.7
1697.11 14459.3
1697.36 14469
1697.43 14469
1697.45 14462.3
1697.43 14459.1
1697.44 14454.2
1697.58 14455.6
1697.59 14456.4
1697.72 14431.6
