63.045 49.1979
123.498 223.728
172.27 931.649
367.352 3125.73
535.129 2137.72
714.933 2036.97
742.477 4429.68
742.783 3690.39
742.087 3496.49
763.353 3387.55
776.145 3598.56
784.986 6239.18
825.681 6264.08
825.72 5707.49
833.884 5196.62
881.51 5336.4
885.994 5515.13
935.244 7074.9
939.584 6353.44
948.442 5866.74
950.94 5809.88
953.857 6889.71
960.311 6719.23
962.083 6558.57
968.2 6505.21
978.122 8252.68
1031.66 8571.09
1033.28 8026.27
1051.5 8929.02
1058.96 8311.04
1083.82 8059.74
1085.25 8010.98
1085.89 7896.84
1095.44 8218.72
1117.44 7991
1134.66 8138.18
1134.66 8091.25
1133.95 8247.98
1137.83 8713.6
1139.96 9168.55
1140.16 9160.41
1140.58 9069.57
1139.87 9029.59
1146.93 9031.7
1171.09 9643.04
1171.87 9463.81
1171.35 9721.49
1175.01 9914.48
1177.33 9782.35
1182.73 9729.63
1185.36 9724.93
1196.84 9770.37
1196.77 9919.63
1218.53 9965.12
1226.02 9998.68
1235.29 9847.13
1238.47 9580.55
1261.95 9832.15
1280.23 9941.01
1281.26 9637.51
1281.91 9759.87
1281.68 9661.54
1286.78 10848.8
1286.2 10534.5
1290.12 10477.1
1292.08 10485.2
1301.63 10544.5
1301.53 10618.3
1303.98 10684.1
1329.22 12864.7
1328.18 13028.8
1328.24 12621.2
1328.95 12390.5
1329.58 12389.6
1331.22 12243.9
1367.58 15452.4
1366.77 13325.3
1373.47 12554.5
1382.63 12749.2
1387.43 12438.8
1391.5 11711.9
1391.76 11410.4
1395.19 11257.8
1395.59 10990.6
1397.76 10817.5
1397.52 10702.9
1397.37 10598.2
1398.83 10765.2
1398.92 10648.9
1413 10495.6
1423.19 10512
1422.52 12982.3
1430.33 12134.6
1430.5 11691.4
1430.97 11452.1
1432.71 11335.5
1439.02 11164.7
1440.22 11070.8
1440.47 10964
1443.7 10918.4
1447.27 10886.7
1447.37 10817
1447.37 10770.9
1447.32 10730.7
1446.68 10863.4
1448.88 10834.2
1450.77 10833.2
1451.75 10818.4
1452.56 10822.7
1452.65 10778.4
1453.77 10837.8
1460.1 10685.3
1460.88 10702
1463.8 10744.5
1465.76 10813.1
1465.73 10798.9
1466.04 10839.9
1466.14 10849.7
1466.11 10841.9
1466.68 10832.2
1467.1 10835.6
1467.37 10835.6
1467.33 11037.4
1466.58 11535.6
1467.63 11710.2
1467.58 11721.6
1469.56 11813.2
1469.71 11777.5
1470.89 12113.9
1472.23 12050.3
1471.93 12047.6
1473.15 12024
1473.63 12047.2
1473.05 12082.8
1473.05 12072.6
1473.45 11999.3
1473.44 11993.4
1478.47 11960.2
1478.8 11951.1
1480.28 11991.4
1480 12056.9
1480.18 12040.1
1480.91 12044.7
1481.75 12051.1
1482.21 12063.4
1482.09 12034.4
1482.09 12020.9
1482.53 12024.5
1482.64 12021.1
1482.67 12020.2
1483.4 11964.1
1483.98 11919.6
1484.01 11904.6
1484.25 11903.2
1486.59 11920.8
1487.18 11884.2
1487.28 11889.3
1487.62 11985.4
1487.61 11998
1487.85 11993.6
1487.43 12016.1
1487.4 12020.3
1490.66 12025.1
1489.84 11964.1
1491.29 12147
1491.08 12087.8
1490.59 12085.3
1490.59 12044
1492.26 12032.4
1492.19 11974
1492.17 11961.4
1492.18 11944.8
1492.49 11918.3
1492.52 11899.4
1493.9 12276.8
1493.73 12404.8
1495.72 12426.6
1495.63 12421.5
1495.5 12442.1
1495.63 12447.2
1495.92 12429.9
1496.07 12409.9
1495.04 12414.8
1495.73 12386.4
1495.66 12385.1
1495.87 12428
1495.82 12387
1495.86 12377.1
1496.08 12345.9
1495.86 12321.2
1496.03 12322.3
1496.5 12331
1496.99 12320.5
1506.62 12371.6
1521.09 12343.7
1521.75 12262.9
1521.77 12266.8
1521.95 12219.7
1521.83 12211.2
1521.86 12217.7
1521.93 12217.7
1522.01 12225.7
1521.41 12241.8
1521.1 12269.1
1521.19 12297.9
1520.98 12307.9
1521.16 12327.7
1520.98 12352.5
1520.99 12373
1521.21 12379.1
1534.6 12395.6
1534.6 12227.1
1535.38 12235.5
1539.79 12202.3
1539.83 12172
1545.01 12140.3
1545.05 12124.5
1545.05 12127.8
1544.46 12122.9
1546.29 12151.4
1546.35 12149.2
1546.6 11950.7
1549.08 11675.4
1549.38 11748
1552.27 11806.2
1552.08 11805.6
1552.15 11791.4
1552.14 11800.8
1552.24 11807.8
1552.26 11810.7
1556.17 11878.3
1556.04 11839.1
1556.25 11845.8
1557.16 11961
1557.04 11962.9
1556.92 11932.4
1556.89 11921.3
1557.23 11954.9
1557.28 11945.1
1557.58 11950.3
1557.65 11943.3
1557.72 11943.9
1557.73 11935.5
1557.74 11937.3
1558.05 11926.2
1557.99 11913.2
1557.76 11917.7
1557.67 11894.4
1558.16 11883.7
1558.16 11804.8
1558.48 11814.7
1558.39 11778.8
1558.43 11816.6
1558.46 11812.7
1558.47 11799.2
1559.75 11845.7
1559.74 11821.2
1561.78 11844.5
1561.83 11791.5
1561.92 11786.6
1561.97 11790.1
1562.09 11791.5
1562.18 11798.1
1562.04 11793.2
1562.02 11792.7
1562.38 11768.4
1561.9 11716
1562.56 11684.9
1562.77 11691
1564.04 11695.5
1564.12 11690.2
1564.05 11707.9
1564.12 11694.2
1564.45 11631.8
1564.31 11616.1
1565.08 11624.7
1566.15 11631
1566.71 11619.1
1566.99 11586
1566.61 11584.2
1566.75 11581.9
1566.78 11566.3
1567.23 11542.8
1567.2 11540.8
1567.25 11552
1567.67 11571.7
1567.66 11563.7
1567.64 11562.9
1567.95 11583.4
1568 11609.6
1567.91 11566.3
1567.86 11592.1
1567.64 11565.6
1568.07 11553
1567.91 11563.7
1568.43 11591.5
1568.43 11584.4
1568.69 11603.9
1569.86 11646.4
1571.22 11631.8
1571.23 11609.6
1572.04 11620
1572.22 11625.5
1572.21 11677
1572.09 11689.1
1572.04 11673.1
1572.31 11674.3
1572.35 11676
1572.85 11688.4
1573.63 11727.2
1574.89 12068.4
1575.19 12072.2
1575.46 12123.3
1576.38 12156.6
1576.3 12235.7
1576.29 12296.5
1576.53 12352.2
1576.24 12430.5
1576.4 12468.5
1576.45 12540.6
1576.82 12750.1
1576.85 12756.2
1576.76 12754.2
1576.76 12748.9
1576.95 12749.1
1576.97 12741.4
1577.46 12733.2
1577.46 12737.9
1577.5 12733.1
1577.61 12734.9
1577.6 12741
1577.19 12709
1577.21 12725.1
1576.82 12802.1
1578.66 12767.9
1578.73 12715.5
1578.73 12697
1578.83 12621.4
1578.73 12600.8
1578.68 12595.3
1578.84 12590
1578.77 12602.2
1578.84 12607.8
1579.28 12628.7
1579.41 12642
1579.41 12646.4
1579.47 12649.2
1581.49 12661.5
1581.47 12661
1581.47 12672.2
1581.94 12694
1581.8 12705.8
1582.04 12720.3
1582.32 12728.4
1582.41 12719.2
1582.35 12718.8
1582.42 12721.2
1582.44 12713.7
1581.93 12754.5
1581.9 12817.2
1586.38 12944
1589.43 12782
1593.8 12625.6
1593.96 12619.9
1593.91 12638
1593.95 12661.3
1593.98 12668
1595.13 12563.9
1595.48 12586.4
1595.47 12573.2
1595.56 12557.7
1595.15 12464.1
1596.25 12411.8
1596.2 12398.4
1596.22 12398.3
1596.28 12367.4
1597.48 12393.9
1597.38 12382.8
1597.93 12405.3
1598.16 12397.1
1598.43 12362
1598.53 12355.9
1598.63 12365.6
1599.54 12397.9
1599.57 12410
1600.92 12406.4
1601.2 12429.7
1601.24 12438.1
1601.57 12456.1
1601.64 12470.5
1601.78 12504.9
1601.79 12515.6
1601.79 12527.7
1601.99 12529
1602.1 12533
1602.41 12538.8
1602.39 12559.6
1603.51 12552.8
1603.47 12582.9
1603.65 12598.3
1603.55 12591.1
1603.66 12605.8
1603.69 12615.2
1603.68 12627.1
1603.71 12633.2
1603.73 12645.8
1605.05 12638.8
1605.16 12640.6
1605.23 12575.3
1605.29 12571.8
1605.33 12560.5
1605.17 12521.3
1605.18 12503.3
1605.19 12461.3
1605.39 12446.9
1605.41 12431.1
1605.39 12410.7
1605.33 12398.3
1605.72 12395.5
1605.67 12391
1605.59 12387.3
1605.89 12374.1
1605.79 12400.1
1605.62 12409.6
1605.9 12448.9
1605.9 12464
1605.79 12503.5
1605.8 12545.6
1605.68 12622.3
1606.2 12645.2
1606.17 12645
1606.82 12677.6
1607.02 12684.2
1607.17 12667.8
1607.38 12664.9
1610.36 12630.4
1610.36 12633.8
1610.35 12627.9
1610.37 12620.9
1610.91 12628.6
1610.91 12632.6
1610.52 12634.6
1610.13 12602.4
1610.13 12627.7
1610.24 12634.6
1610.25 12614.5
1610.29 12600.1
1611.84 12584
1611.9 12583.7
1611.9 12589.4
1611.91 12593.3
1613.89 12577.9
1614.03 12578.9
1614.04 12561.3
1614.07 12563.8
1614.15 12564.7
1614.54 12608.9
1614.49 12610.3
1614.53 12613.7
1614.54 12587.1
1614.52 12571.1
1614.07 12581.2
1614.1 12584.9
1615.13 12583.8
1615.43 12574.8
1615.18 12694.1
1615.3 12702.9
1615.25 12702.7
1615.22 12689.7
1615.53 12658.6
1615.53 12636.3
1615.49 12627.8
1615.91 12908
1616.13 12962.1
1616.14 12956.4
1616.14 12949.7
1616.23 12947.3
1615.89 12955.8
1615.88 12944.9
1615.96 12944.7
1615.96 12936.2
1615.94 12924.3
1615.96 12913.3
1615.88 12906.7
1615.85 12922.9
1615.83 12892.6
1615.81 12890.2
1615.77 12870
1615.77 12850.2
1615.48 12897.1
1615.48 12905
1615.48 12906
1615.5 12900.3
1616.18 12903.2
1616.18 12897.2
1616.35 12886.7
1616.39 12892.9
1616.38 12887
1616.45 12889.5
1616.17 12873.7
1616.06 12872.9
1616.09 12876.1
1616.43 12879.5
1616.39 12874.2
1616.83 12873.6
1616.93 12865.1
1617.09 12855.5
1619.84 12856.8
1619.84 12878
1619.86 12888.3
1620.51 12880.9
1620.51 12901.3
1620.6 12910.5
1620.64 12915.5
1620.56 12890.8
1620.55 12920.3
1620.52 12907.5
1620.62 12908.3
1620.57 12939.5
1620.59 12938.1
1620.67 12937.7
1620.72 12939.8
1620.98 12941.8
1620.97 12922
1620.97 12912.2
1620.99 12915.4
1620.91 12924
1620.93 12931.7
1621.22 12936
1621.16 12944.8
1621.14 12946.2
1621.21 12946.8
1620.9 12934.7
1620.88 12935.6
1620.76 12934.2
1620.9 12784.6
1621.01 12775.8
1621 12791.4
1621.05 12796
1621.04 12793.8
1621.04 12801
1620.8 12801.8
1620.89 12817.7
1620.92 12800.9
1620.84 12799.3
1621.09 12808.2
1621.05 12813
1621.06 12814.9
1621.05 12815.7
1621.13 12806.7
1621.16 12806.8
1620.85 12784
1620.85 12782.1
1620.87 12773.5
1621.05 12760.3
1621.04 12752
1621.05 12742.5
1621.58 12736.7
1621.99 12751.3
1621.96 12756.7
1621.53 12771.8
1621.52 12779.6
1621.46 12902.2
1621.36 12914.1
1621.31 12916
1621.53 12915.7
1621.53 12914.3
1621.42 12926.8
1621.39 12929.6
1621.5 12937.1
1621.57 12942.1
1622.32 12936.5
1622.35 12929.8
1622.37 12928.9
1622.4 12933.1
1622.69 12934
1622.62 12943
1622.71 13004.8
1622.73 13015.2
1622.86 12993
1623.24 12999.6
1623.25 13002
1623.51 12994.3
1623.77 13023.5
1624.02 13007.1
1624.05 12981.2
1623.97 12954
1624.39 12956.7
1624.51 12945.1
1624.51 12939.5
1625.17 12947.2
1625.2 12945.4
1625.2 12947.1
1625.29 12949.6
1625.23 12942.1
1625.28 12936.5
1625.28 12936.4
1625.22 12933.7
1625.23 12933.1
1625.67 12939.7
1625.71 12940.1
1625.8 12942.5
1625.75 12943.6
1625.85 13020.5
1625.85 13035.8
1625.56 13032.1
1625.41 13070.7
1625.39 13086.3
1625.35 13062
1625.34 13053.5
1625.35 13049
1625.04 13059.6
1624.99 13064
1625 13068.2
1625.08 13047
1625.18 13040.9
1625.19 13037.2
1625.25 13041.8
1625.69 13029.5
1625.88 13043.4
1625.84 13041.8
1625.85 13042.8
1625.95 13040.7
1625.87 13020.7
1626.37 13035.7
1626.3 13027.8
1626.27 13019.8
1626.31 13026.7
1626.23 13033.8
1626.22 13017.8
1626.18 13010.7
1626.17 13005.2
1626.15 12950
1626.15 12945.3
1626.15 12946.5
1626.15 12943.1
1626.12 12942.3
1626.58 12939.7
1626.6 12940
1627.21 12933.6
1627.25 12928.9
1627.7 12917.9
1627.76 12915.7
1627.79 12922.5
1627.87 12903
1628.03 12896.1
1628.04 12899.2
1628.08 12896.5
1628.12 12894.3
1628.08 12898
1627.86 12895
1627.67 12984.8
1627.57 12990.2
1627.72 12989.3
1627.85 12994.7
1627.87 12992.7
1627.98 13000.1
1628.17 12997.4
1628.24 12988.4
1628.25 12992.1
1628.26 12986.4
1628.28 12981.6
1628.02 12964
1628.02 12903
1628.15 12891.7
1628.16 12904
1628.14 12906.2
1628.2 12912.7
1628.34 12926.6
1628.37 12929.5
1628.38 12930.6
1628.45 12947.3
1628.44 12942.7
1628.48 12944.3
1629.21 12912.8
1629.29 12909.7
1629.29 12875.4
1629.25 12876.8
1629.41 12877.6
1629.48 12874.2
1629.57 12870.1
1629.61 12860.5
1629.57 12848.1
1630.25 12876.8
1630.25 12871.4
1630.71 12873.1
1630.77 12846.8
1630.83 12820.1
1630.94 12798.5
1630.97 12785.2
1631.12 12780.9
1631.15 12750.5
1631.2 12739.4
1631.2 12734.7
1631.21 12734
1630.94 12726.1
1631.23 12703.3
1631.2 12702.7
1631.19 12697.7
1631.48 12702.2
1631.42 12607.2
1631.35 12597.9
1631.26 12598.2
1631.31 12602.2
1631.26 12641.2
1631.73 12615.1
1631.73 12617.5
1631.7 12582.5
1631.69 12572.3
1631.97 12577.5
1631.97 12576.2
1632.04 12573.3
1632.55 12559.7
1632.43 12554.2
1632.5 12547.1
1632.54 12533.5
1632.51 12500.6
1632.98 12497.6
1633.14 12482.1
1633.48 12458
1633.49 12444.5
1633.42 12438.3
1633.29 12437.4
1633.28 12431.6
1633.78 12439.4
1633.55 12453
1633.53 12473.5
1633.55 12508.5
1633.25 12515.2
1633.62 12525.5
1633.48 12538.3
1633.48 12545.4
1633.38 12553.8
1633.37 12553.6
1633.44 12551.1
1633.42 12545.2
1633.34 12531.5
1633.44 12526.8
1633.45 12518.4
1633.46 12508.2
1633.46 12518.6
1633.46 12517.6
1633.59 12514.9
1634.43 12557.8
1634.57 12635.7
1634.54 12681.7
1634.55 12684.7
1634.67 12685
1634.77 12681.4
1634.55 12688.2
1634.54 12698
1634.43 12704.4
1634.34 12701.6
1634.28 12715.6
1634.02 12721.1
1634.08 12718.4
1634.15 12712.3
1634.12 12718.3
1634.26 12717.6
1634.15 12716.3
1634.26 12726.9
1634.27 12722.9
1634.37 12752.3
1634.39 12753.2
1634.42 12746.6
1634.33 12736.2
1634.34 12714.2
1634.37 12706.2
1634.37 12700.7
1634.32 12694.8
1634.29 12694.4
1634.28 12697.3
1634.33 12692.9
1634.25 12687.4
1634.27 12683.8
1634.22 12681.5
1634.14 12677
1634.14 12674.5
1634.15 12671.7
1634.14 12666.4
1634.23 12656.1
1634.16 12650.9
1634.13 12650.4
1634.22 12638.8
1634.26 12635.4
1634.32 12626.9
1634.19 12652.1
1634.5 12640.4
1634.51 12630.9
1634.52 12620.7
1634.53 12613.4
1634.54 12610.9
1634.43 12614.9
1634.43 12614.1
1634.75 12619.1
1635.53 12625
1635.57 12602
1635.52 12599.1
1635.62 12600
1635.62 12595.1
1635.53 12577.3
1635.63 12590.9
1636.05 12576.7
1636.05 12563.3
1636.07 12553.6
1636.07 12548.5
1636.05 12564.4
1635.99 12594.1
1636.06 12608.2
1636.09 12613.9
1636.19 12620.4
1636.19 12616
1635.99 12586
1635.95 12564.5
1635.76 12566.9
1635.85 12549.4
1635.89 12538.4
1635.9 12517
1635.93 12518.4
1635.96 12523.7
1635.97 12521.3
1636.36 12520.7
1636.28 12530.4
1636.24 12518
1636.19 12511
1636.21 12504
1636.29 12487.9
1636.35 12472.9
1636.37 12471.6
1636.37 12468.4
1636.63 12471
1636.57 12481.7
1636.55 12483
1636.41 12478.4
1636.58 12486.7
1636.58 12499.3
1636.86 12514.8
1636.93 12526
1637.05 12530.6
1636.95 12535
1637 12535.3
1637.07 12531.2
1636.92 12529.5
1636.9 12496.8
1636.81 12499.3
1637.07 12493.8
1637.45 12495.8
1637.62 12507.6
1637.58 12504.5
1637.71 12510.4
1638.36 12547.4
1638.2 12533.9
1638.19 12536.6
1638.28 12540
1638.27 12550.1
1639.02 12523.5
1639.29 12507.1
1639.29 12494.9
1639.31 12498
1639.31 12503.2
1639.72 12503.4
1640.01 12521.8
1640.03 12521.6
1640.46 12513.7
1640.52 12525.6
1640.07 12512.3
1640 12511.8
1639.97 12510.7
1639.97 12509.9
1639.93 12511.1
1639.91 12474.8
1640.13 12468.8
1640.08 12466.6
1640.13 12458.9
1640.15 12462.4
1640.18 12477.3
1640.25 12494.3
1640.25 12508.5
1640.13 12506
1639.94 12509.5
1640.14 12509.1
1640.15 12512
1640.19 12518.4
1640.43 12523
1640.52 12503.8
1640.5 12505.3
1640.64 12510.5
1640.88 12509.6
1641.02 12517.3
1641.08 12516.9
1641.05 12509.1
1641.03 12507.5
1641.38 12522.5
1641.39 12522.4
1641.36 12530.3
1641.31 12528.7
1641.24 12532.1
1641.5 12524.8
1641.7 12531.3
1641.7 12533.6
1641.61 12530.6
1641.58 12517.5
1642.22 12509.1
1642.19 12499.3
1642.09 12502.3
1642.16 12497.2
1642.14 12496.2
1642.29 12499.2
1642.28 12499.2
1642.36 12503.4
1642.52 12515.6
1642.49 12516.3
1643.46 12490
1643.55 12492.8
1644.13 12500.6
1644.01 12492.1
1644.2 12500.2
1644.19 12511.5
1644.21 12519.8
1644.17 12527.4
1644.03 12525.8
1644.03 12524.2
1644.01 12512.2
1643.95 12513.3
1644.29 12526.1
1644.27 12529.4
1644.07 12547.4
1644.14 12551.5
1643.95 12561.3
1643.93 12568.2
1643.93 12569.8
1643.93 12570.2
1643.85 12569.7
1644 12583.4
1644.15 12581.3
1644.15 12585.5
1644.18 12591.5
1644.35 12605.6
1644.45 12608.7
1644.44 12607.7
1644.42 12608.7
1644.36 12607.7
1644.69 12676.1
1644.68 12689.5
1644.67 12700.6
1645.4 12713.4
1645.31 12701.7
1645.34 12710.4
1645.46 12709.3
1645.46 12697.7
1645.44 12693.2
1645.52 12690.3
1645.91 12686.6
1646.03 12692.8
1647.27 12733.4
1647.23 12730.4
1647.26 12712.1
1647.28 12708.7
1647.23 12704.8
1647.36 12710.3
1647.54 12716.3
1647.53 12718.6
1647.63 12721.4
1647.44 12746.5
1647.44 12738.3
1648.01 12736.5
1648.14 12756.7
1648.13 12759.4
1648.22 12762.4
1648.22 12764
1648.22 12752.7
1648.22 12756
1648.13 12771.2
1648.1 12776.7
1648.07 12816.7
1648.14 12851
1648.11 12859.5
1648.14 12855.3
1648.13 12840.1
1647.93 12885.8
1647.86 12878.5
1648.25 12852
1648.76 12869.1
1648.67 12867.7
1648.68 12876.7
1648.56 12877.1
1648.56 12882.2
1648.95 12884.3
1648.94 12880.2
1648.95 12875.7
1648.96 12872.3
1648.94 12866.9
1648.97 12869.1
1648.96 12899.1
1648.97 12916.1
1648.96 12917.5
1649.37 12927.2
1649.35 12935.9
1649.41 12939.5
