178.825 1485.38
227.307 1722.27
253.309 2223.55
264.663 2191.78
265.642 1449.84
291.671 2468.57
319.528 2885.65
318.845 2328.43
332.229 2275.7
340.849 2486.8
349.302 2523.01
349.667 2504.78
351.282 2537.94
352.257 2621.6
451.516 3836.8
480.327 4827.06
487.595 3908.72
487.624 3408.7
487.981 3172.6
488.529 3062.98
489.227 3178.14
505.068 4255.34
516.51 4551.59
535.082 4739.35
554.887 4688.14
592.294 5107.76
610.232 4881.56
609.456 4394.5
611.917 4719.98
615.443 4643.77
621.266 4849.96
618.714 5246.25
630.529 5640.58
621.91 6351.77
631.033 6414.73
631.262 6567.77
630.973 6672.27
640.761 7652.63
640.769 7491.99
658.787 8790.23
662.425 8905.3
662.749 8234.77
668.928 8016.92
667.743 8054.68
685.65 8117.87
689.831 8083.53
716.863 8506.48
718.599 9200.49
718.6 8643.47
723.747 8371.99
732.809 8370.65
787.574 8983.63
784.3 8773.45
791.871 8570.15
808.149 8400.38
824.053 7950.85
825.181 12318.1
822.447 13403.3
823.145 12628.3
834.723 12038.7
844.406 11646.6
844.265 17240.7
885.777 16333.7
886.305 13066.4
887.999 11703.9
890.321 10930.5
885.055 10884.4
884.363 11564
892.919 10881.5
892.847 10368.6
892.436 10378.2
907.202 9768.4
913.026 9830.03
916.452 9609.23
916.187 10036.8
919.76 10249.6
920.95 10427.9
930.842 10433
933.608 10393.4
936.427 10165.2
941.176 10188.9
939.86 10559.9
959.311 10547
956.252 10708.5
956.741 10693
960.627 10636.7
961.729 10597.7
963.442 10535.5
962.754 10372.8
962.675 10261.7
967.272 10215.7
966.41 10429.8
976.021 10337.5
984.005 10435.1
988.522 10605.4
992.077 10723.6
996.834 10748.5
999.627 10776.7
999.768 10755.5
1001.43 10752.2
1023.5 10611.8
1026.82 10617.8
1025.98 10669.4
1030.48 10733.5
1032.04 10689.4
1037.38 10645.8
1042.92 10720
1042.18 10801.5
1045.6 10766.1
1050.9 11031.5
1054.3 10900.2
1059.88 11113.7
1060.19 10904.4
1061.15 10890.5
1064.89 10900.5
1065.55 10961.3
1065.53 10912.5
1069.67 10799.9
1070.6 10769.1
1070.42 10633.3
1070.25 10632.1
1071.08 10532.8
1071.18 10479.2
1070.41 10435.1
1071.14 10516.9
1072.01 10527.2
1072.39 10556.3
1070.24 10471.7
1072.08 10511.2
1081.8 11011.1
1081.75 10975.5
1080.66 10920.6
1083.45 10883
1086.36 10818.2
1089.52 11123.1
1090.22 11322.7
1091.47 11508.2
1093.59 11381.5
1099.43 11387
1099.11 11207.6
1098.79 11119
1098.41 11129.6
1100.48 11055.4
1101.23 11032.6
1102.03 11040.1
1102.35 11018.1
1103.92 11053.8
1104.95 11031.5
1105 11022
1105.52 11032.9
1112.75 11148.8
1113.5 11094.8
1115 11296.5
1115.01 11255.2
1114.66 11366.6
1117.01 11369.9
1115.19 11220
1116.42 11007
1117.12 10980.2
1116.22 11078.5
1116.02 11026.7
1116.01 11094.6
1116.62 11160.3
1116.82 11216.5
1118.38 11250.1
1118.27 11243.2
1118.5 11342.6
1119.83 11368.3
1122.64 11385.1
1122.36 11381.9
1125 11481
1125.25 11574.8
1124.57 11863.4
1124.71 11934.4
1124.63 11960.6
1124.46 11991.6
1124.96 12012.2
1124.94 12008.2
1125.07 12030
1126.12 12134.7
1126.19 12081.3
1128.46 12140.8
1128.76 12089.3
1128.72 12115.2
1128.67 12122.5
1130.84 12079.3
1130.51 12072.3
1131.38 12088.9
1131.53 12078.2
1129.69 12165.5
1133.43 12362.8
1132.77 12704.1
1132.71 12754.5
1132.83 12771.5
1132.55 12800.1
1130.72 12931.6
1130.47 12950
1130.37 13090.5
1129.51 13232.1
1129.13 13282.7
1134.45 13436.7
1133.67 13373.5
1135.01 13327.6
1135.72 13322.8
1136.17 13293
1136.45 13289.3
1137.04 13275.2
1137.83 13209.8
1138.84 13251.5
1140.11 13217.7
1141.73 13269.5
1143.21 13301.4
1142.73 13341.8
1143.35 13344.9
1143.5 13285.1
1144.17 13239.1
1144.56 13477.7
1144.56 13441
1145.65 13466.6
1145.66 13474.6
1146.4 13517.4
1146.26 13545.5
1146.15 13556
1146.1 13600.4
1146.16 13514.4
1146.11 13513.8
1146.41 13494.7
1146.48 13357.7
1145.46 13372.2
1145.46 13400.5
1145.41 13451.4
1145.38 13491.4
1146.03 13460.4
1155.56 13431.5
1157.44 13618.3
1158.5 13612.8
1161.48 13549.8
1164.07 13587.7
1163.94 13388.9
1163.99 13474.2
1163.86 13468.7
1164.04 13551.1
1164.61 13586.4
1166.85 13618.8
1167.04 13611.1
1172.43 13608.8
1173.88 13623.1
1173.04 13499
1173.03 13491.9
1173 13526.4
1174.04 13552.9
1175.23 13636.6
1175.44 13805.7
1177.2 13904.1
1177.2 13968.1
1177.94 14052.6
1177.98 14152.5
1177.45 14725
1176.21 14821.3
1177.19 14820.8
1177.23 14876
1181.37 14897.9
1181.63 14684.2
1181.66 14642.6
1184.12 14665.7
1185.01 14742.3
1195.8 14448.3
1195.88 14553.7
1209.69 14431.2
1216.4 14349
1217.17 14347.5
1217.41 14332.5
1220.51 14240.9
1231.36 14095.2
1231.47 13941.2
1253.65 14049.9
1253.68 13982.9
1254.87 13930.3
1264.31 13867
1264.61 13968.7
1266.19 14260.6
1266.36 14249.8
1270.51 14296.2
1270.57 14319
1269.31 14354.4
1269.24 14205.4
1269.25 14141.2
1269.35 14122.5
1267.47 14076.1
1267.92 14023.4
1267.98 14018.1
1267.93 14022.2
1269.45 14080.1
1271.08 14030.1
1271.17 14145
1271.61 14141.8
1273.51 14071.3
1274.18 14119.4
1274.27 14083.1
1274.26 13948.5
1274.25 13969.4
1274.3 13979.1
1274.33 13986.7
1273.24 13995
1273.15 13986.2
1273.11 13990.3
1271.17 13966.6
1272.38 13924.2
1272.31 13909.1
1271.78 14152.3
1270.8 14195.8
1271.14 14259.9
1271.6 14314.6
1271.64 14291.1
1270.63 14488
1274.11 14579.3
1274.78 14563.7
1273.45 14548.1
1273.54 14500.4
1273.23 14508.3
1272.12 14506.8
1272.16 14526.2
1272.92 14521.3
1273.5 14510.1
1273.48 14513.7
1273.51 14849.8
1273.73 14810.5
1274.11 14784.5
1273.73 15337.4
1275.79 15092.2
1276.38 15034.2
1276.51 14973.2
1276.76 15003.5
1277.42 14966.6
1277.87 14983.7
1278.95 15007.3
1280.54 14998.5
1280.63 15006.7
1280.67 15032.7
1281.06 14992.5
1281.92 15000.5
1282.78 14962.6
1284.01 14964.3
1283.88 14973.8
1283.58 14977.9
1283.91 14971
1290.49 15068.4
1290.45 15050.7
1290.9 15137.7
1291.76 15211.3
1292.7 15255.8
1293.85 15308.1
1293.51 15300
1295.1 15311.3
1295.4 15321.7
1295.35 15289.3
1295.54 15275.6
1296.27 15257.1
1296.6 15285.6
1297.89 15362.6
1297.91 15344.2
1298.07 15346.8
1298.68 15351.2
1298.82 15308.6
1298.82 15341.3
1300.16 15400.3
1302.17 15454.6
1305.81 15370.2
1306.28 15381.4
1306.45 15408
1307.11 15420.7
1307.41 15456.8
1307.99 15445.8
1309.22 15562.4
1309.77 15607.4
1309.76 15640.9
1309.69 15650.4
1309.39 15708.4
1309.58 15689.2
1309.31 15740.6
1309.3 15734
1309.57 15728.5
1309.67 15728.6
1309.57 15703.6
1309.63 15688.4
1309.62 15667.8
1309.41 15599.2
1309.54 15581.2
1310.87 15330.7
1310.98 15458.8
1312.02 15364.5
1312.02 15385
1311.94 15370.1
1312.89 15342.8
1313.09 15347.3
1313.2 15358.3
1313.79 15374.2
1313.8 15355.9
1313.64 15343.4
1313.72 15324.8
1313.76 15330
1313.37 15302.6
1313.66 15295.7
1313.64 15280.9
1314.05 15581
1316.53 15761.1
1317.48 15918.4
1317.49 15924.9
1320.23 15894.5
1320.48 15834.4
1320.26 15803.2
1320.51 15814
1320.94 15804.7
1323.39 15790.8
1323.57 15717
1323.81 15700.3
1324.59 15768.3
1324.69 15840.7
1324.95 15866
1325.1 15882.6
1325.53 15902.4
1323.61 15970.4
1325.41 16303.7
1325.48 16367.2
1325.57 16305.9
1325.56 16258.6
1325.66 16311.3
1325.65 16304.2
1331.71 16395.3
1331.68 16300.2
1331.26 16420.4
1331.18 16427.4
1331.44 16385.8
1331.57 16404.2
1331.32 16399.8
1331.87 16418.6
1333.4 16439
1333.63 16479.7
1333.27 16520.8
1333.29 16513.6
1333.95 16519.3
1337.32 16679.2
1336.57 16627.4
1336.59 16595.6
1336.59 16573
1336.66 16552.9
1340.09 16664.5
1340.2 16486.5
1340.14 16517.8
1342.67 16618.4
1342.64 16582.7
1342.83 16543.5
1342.83 16510.5
1342.82 16466.8
1342.83 16444.3
1342.59 16459.3
1342.59 16461.7
1343.31 16501.9
1342.75 16514.4
1342.8 16515.5
1343.31 16515.6
1344.35 16534.2
1344.27 16551.9
1343.64 16536.1
1343.65 16507.5
1343.73 16472.2
1344.41 16487.1
1344.26 16572.2
1344.64 16487.6
1345.34 16939.9
1345.61 16848.4
1345.61 16863
1345.73 16845.6
1345.78 16840.7
1347.16 16831.5
1348.06 16834.6
1348.45 16858.9
1348.46 16860.8
1348.62 16898.8
1349.16 16906
1349.52 17083.9
1349.51 17066.4
1349.34 17035.8
1349.32 17103.9
1349.78 17136.3
1349.76 17144.3
1351.68 17145.9
1351.94 17162
1351.2 17207.3
1352.9 17268.4
1352.89 17241.8
1352.93 17236.7
1353.33 17232.7
1354.29 17229.8
1354.66 17242
1354.92 17127.5
1354.81 17090.3
1355.14 17107.1
1355.29 17112.5
1358.38 17166.4
1357.85 17188.8
1356.79 17315.1
1356.62 17379.4
1357.38 17416.9
1357.41 17442.8
1357.45 17472.8
1356.95 17463
1356.92 17477.2
1358.49 17519.5
1358.31 17542.2
1358.01 17639.3
1357.52 17653.2
1357.55 17722.9
1357.32 17733.5
1357.36 17745.9
1357.64 17758.5
1357.36 17761.4
1357.54 17750.5
1357.53 17753.6
1360.13 17840
1360.46 17844.6
1360.5 17821.5
1360.56 17801
1361.02 17792.9
1361.27 17824.6
1361.21 17786.6
1361.27 17775.1
1361.37 17774.3
1361.51 17774.4
1361.49 17765.5
1361.46 17761.1
1361.14 17769.5
1361.42 17742.3
1361.52 17707.8
1361.46 17707.8
1362.45 17717.7
1362.43 17721.6
1362.43 17728.7
1362.6 17733.7
1362.64 17762.3
1362.76 17750.1
1362.74 17721.8
1363.14 17731.5
1363.21 17754.4
1363.23 17767.1
1362.95 17762.2
1362.95 17744.8
1362.96 17736.1
1364.3 17807.4
1367.33 17941.6
1367.38 17902.1
1367.54 17885.6
1367.47 17917.2
1367.47 17922.6
1367.09 17901.4
1367.4 17935.5
1367.14 17947.4
1367.11 17958.3
1367.16 17976.9
1367.14 17973.4
1367.08 17967.3
1366.38 18025.4
1366.65 18033.1
1366.65 18031.7
1366.81 18042.1
1366.78 18053
1366.77 18060
1367.7 18120.5
1367.95 18157.4
1368.21 18157.3
1368.26 18170.9
1368.1 18186.7
1368.73 18202
1368.73 18204.5
1368.92 18214.7
1368.52 18416.7
1368.78 18436.4
1368.78 18456.8
1368.78 18388.6
1368.76 18467.5
1368.85 18453.9
1368.92 18435.3
1369.02 18440.6
1369.67 18458
1370.26 18465.6
1371.1 18531
1371.01 18582.6
1370.95 18603.2
1371.2 18615.6
1371.84 18625.5
1371.82 18607.7
1371.66 18636.7
1371.94 18619
1372.22 18610.2
1372.34 18603.2
1372.55 18664.1
1372.53 18813.7
1376.39 19196
1376.81 19278.9
1377.2 19186.9
1377.12 19210.2
1377.11 19220.8
1377.65 19218.9
1377.1 19231.5
1377.24 19274.1
1378.99 19249.9
1378.99 19300.1
1378.99 19269.8
1378.75 19279.3
1378.99 19304.8
1379.32 19299.9
1379.38 19296.6
1379.58 19310.7
1379.65 19298.9
1379.6 19277.5
1379.59 19274.1
1380.26 19310.2
1379.4 19360.2
1379.5 19354.7
1379.89 19375.6
1380.23 19411.4
1380.33 19342.8
1380.71 19324.7
1380.45 19351.4
1379.33 19382.5
1379.11 19477.7
1379.06 19452
1379.07 19452.3
1379.86 19436.2
1379.86 19420.5
1379.88 19417.8
1381.68 19397.3
1381.55 19340.6
1381.56 19322
1382.03 19359.7
1382.04 19351.8
1382.02 19378.8
1380.66 19361.4
1380.74 19331
1380.81 19351.7
1380.59 19336
1380.72 19307.8
1380.96 19305.2
1381.38 19309.3
1381.44 19320.4
1386.72 19073.6
1386.79 19114.1
1386.89 19097
1387.07 19069.8
1386.96 19080.2
1387.08 19046.9
1387.65 19062.5
1387.62 19050.3
1387.61 19056
1387.62 19072.2
1387.62 19061.2
1388.49 19105.7
1388.5 19097.6
1388.61 19057.8
1388.47 19170.1
1388.47 19182.1
1388.62 19165.4
1388.6 19095.8
1390.36 19152.8
1390.21 19088.4
1390.27 19084.8
1391.42 19081.8
1392.13 19146.9
1392.24 19115.4
1392.29 19102.7
1392.3 19104.6
1392.29 19069.2
1392.5 19051.7
1392.32 19041.7
1392.66 19057.6
1392.82 19094
1392.79 19083.7
1392.87 19084.6
1392.99 19006.5
1392.87 18995
1392.87 18988
1392.88 18983.4
1393.42 18959.2
1393.78 18970.9
1393.89 18971.6
1394 18988
1393.73 18877.7
1393.73 18884.5
1393.71 18872.5
1394.02 18866
1393.85 18868.6
1393.79 18855.1
1393.78 18818.2
1393.94 18760.3
1394.48 18736.6
1394.84 18701.7
1394.99 18842.6
1395.3 18900
1395.3 18900.6
1395.3 18875.4
1395.28 18855.9
1395.38 18831
1395.37 18777.1
1398.33 18668.9
1399.1 18759.4
1399.11 18714.1
1399.25 18651.6
1398.96 18655.8
1400.12 18643.1
1400.03 18657.8
1399.93 18668.3
1399.83 18660.6
1399.97 18659
1399.71 18643.2
1399.85 18629.6
1399.85 18616.3
1401.2 18678.6
1401.15 18665.1
1403.19 18707.7
1403.26 18696.4
1403.98 18694.7
1403.69 18736.6
1404.07 18775.8
1404.03 18726
1403.88 18708.4
1404.27 18717.9
1404.28 18715.5
1404.35 18733.7
1404.45 18734.1
1404.07 18782.4
1404.08 18790.8
1404.75 18787
1405.01 18852.2
1404.9 18822.9
1404.9 18826.8
1404.84 18900.1
1404.65 18925.9
1405.39 18958.4
1405.36 18985.9
1405.35 18949.8
1405.33 18946
1405.37 18985.8
1405.37 18978.4
1408.49 19025.9
1408.56 19031.9
1408.85 19049.5
1411.26 19132.5
1411.26 19107.5
1411.26 19113.8
1411.29 19112.1
1412.54 19167
1412.21 19097.6
1412.12 19050.3
1412.62 19097.7
1412.61 19092.5
1412.76 19108
1413.66 19125.3
1413.83 19300.3
1413.32 19341.9
1414.32 19328.5
1415.1 19311.1
1415.25 19554.6
1414.61 19581.2
1415.09 19643.2
1415.09 19660.5
1415.1 19676.7
1415.08 19688.8
1415.03 19699.3
1415.34 19719.8
1415.41 19722.5
1415.43 19703.5
1416.18 19707
1416.55 19731.8
1416.76 19749.5
1417.15 19722.6
1420.29 19776
1420.56 19712.5
1420.54 19653.1
1420.31 19640.8
1420.24 19662.2
1420.24 19638.6
1420.47 19653.5
1420.47 19647.8
1422.24 19687.3
1422.61 19639.2
1422.88 19648.1
1423.36 19652.4
1423.66 19608.9
1423.54 19588.3
1423.76 19607.2
1423.87 19676.8
1423.87 19668.6
1423.92 19675.1
1423.93 19668.3
1423.93 19661.8
1424.03 19653.6
1423.94 19658.9
1424.12 19656.2
1424.18 19669.9
1424.28 19638.1
1424.48 19623.7
1424.82 19705.3
1424.88 19717.6
1424.88 19719.1
1424.93 19721.6
1424.89 19715.4
1424.81 19723.9
1425.1 19768.1
1427.12 19823.8
1427.17 19764.4
1427.58 19736.8
1427.69 19738
1428.21 19669.2
1427.96 19660.8
1427.98 19653
1427.68 19648.5
1427.7 19624.8
1427.61 19577.2
1427.61 19582.2
1428.1 19616.6
1428.38 19597
1429.66 19632.9
1429.66 19633
1430.02 19631.6
1430.03 19615.6
1430.14 19613.3
1430.47 19597.7
1430.4 19589.1
1431.13 19561.2
1431.37 19575.7
1431.37 19559.6
1432.17 19573
1432.44 19587.4
1432.14 19603.3
1432.37 19633.1
1432.37 19639.7
1432.4 19641.8
1432.44 19640.2
1432.56 19630.8
1432.68 19692.8
1432.98 19709.6
1432.97 19688.3
1435.88 19627.4
1437.88 19733.3
1439.28 19650
1439.68 19649.2
1441.07 19616.7
1441.22 19612.9
1441.28 19636.1
1441.64 19595.9
1441.64 19578.7
1441.87 19562.4
1442.14 19565.6
1442.18 19561
1442.61 19557
1442.64 19559.6
1442.67 19561
1442.68 19565.2
1442.9 19545.6
1442.9 19582.2
1443.1 19586.6
1443.15 19584.3
1443.51 19556.9
1444.24 19551.3
1444.26 19577.9
1444.52 19604.9
1444.79 19610.8
1445.84 19599.5
1446.24 19625.6
1446.35 19628
1447.24 19633.6
1447.2 19639.6
1447.06 19650.8
1447.19 19671.4
1447.2 19651
1447.28 19692.2
1448.38 19744.5
1448.73 19740.6
1448.91 19746
1448.92 19688.7
1448.73 19696.8
1448.7 19694.7
1457.29 19704.8
1457.42 19645.2
1457.44 19661.9
1457.47 19669
1457.46 19642.8
1457.43 19612.9
1457.37 19586.4
1457.45 19589.8
1457.38 19589
1457.4 19585.1
1457.85 19546.5
1458.95 19542.2
1458.95 19524.1
1457 19416.5
1456.66 19581
1458.23 19584.9
1458.37 19435.2
1458.69 19446.5
1458.54 19480.2
1458.66 19490.7
1458.33 19442.3
1458.32 19469.4
1458.26 19494
1458.26 19486.2
1458.09 19504.5
1457.99 19519
1457.9 19537.2
1458.44 19544.9
1460.21 19522.8
1460.01 19532.4
1460.02 19549
1459.93 19542.6
1459.57 19532.2
1459.62 19526
1460.19 19536.1
1460.16 19534.8
1462.67 19483.2
1462.65 19469.2
1462.81 19489.7
1462.81 19499
1462.82 19503.2
1462.95 19518.1
1463.09 19527.6
1463.13 19528.2
1463.96 19540.2
1464.77 19537.6
1464.79 19562.8
1465.07 19607.1
1464.69 19634.8
1464.62 19623.4
1464.62 19604.4
1464.64 19568.3
1463.75 19523.8
1464.12 19537.2
1464.04 19536.8
1464.05 19529.7
1469.34 19588.7
1469.56 19558.6
1469.62 19566.3
1469.65 19562.4
1469.59 19560.9
1468.8 19503.4
1468.95 19559.3
1469.87 19587.5
1469.94 19597
1469.67 19606.3
1469.65 19586.8
1469.27 19598.8
1469.49 19609.7
1469.52 19603.7
1469.5 19615.9
1469.54 19623.2
1469.56 19638.1
1470.49 19642.5
1470.37 19642.6
1470.37 19669.9
1470.38 19694
1470.28 19734.1
1469.82 19711.7
1470.31 19749.4
1470.26 19770
1470.17 19774.6
1470.16 19742
1471.92 19786.9
1472.07 19520
1472.33 19542
1472.14 19516.6
1471.9 19522.5
1475.62 19560.9
1475.57 19530.1
1475.56 19541.8
1475.63 19559.8
1475.61 19517.4
1475.6 19498
1476.14 19502
1476.12 19506.9
1476.04 19515.7
1475.71 19582.5
1475.58 19646.2
1475.94 19678.3
1476.02 19663.3
1475.67 19693.5
1475.48 19732.4
1475.79 19766.9
1476.65 19840.3
1476.63 19883.1
1476.21 19897.7
1476.19 19868.6
1476.27 19838.1
1476.24 19846.1
1476.21 19840.8
1476.2 19843.2
1476.01 19860.8
1476 19851.1
1475.65 19884.3
1475.64 19887.7
1475.73 19885.4
