29.9716 27.3917
172.362 625.986
282.967 1033.64
283.047 833.318
298.992 1258.07
299.138 1090.26
299.427 1015.73
300.081 983.988
306.189 1114.52
305.06 1183.74
314.446 1903.85
315.177 1622.18
359.279 1863.01
359.379 1843.42
360.153 2435.28
379.131 2218.55
392.657 2248.28
398.567 2383.11
400.157 2524.55
402.614 3439.3
403.424 3233.38
414.665 3657.94
424.6 3581.31
427.53 3510.9
445.508 4262.2
464.236 4224.52
473.676 4959.92
520.128 5199.13
520.69 4713.31
526.312 5076.8
556.311 5438.11
561.924 6006.67
561.917 5267.33
563.855 4961.94
568.149 4931.06
565.582 5070.83
579.244 5056.36
585.809 5168.07
589.116 4984.3
588.77 4945.61
589.377 4891.19
606.847 5259.67
609.421 5204.33
610.595 5348.85
620.319 5549.34
637.428 5558.61
662.906 5442.63
679.369 5618.98
702.338 5683.46
702.508 5762.82
705.055 5744.9
704.679 6010.74
728.339 6111.49
736.037 5909.6
739.797 5811.03
738.949 5754.32
738.809 5710.56
735.333 5930.99
738.166 5847.3
759.466 6505.62
784.023 6921.29
792.37 6938.75
803.216 6967.95
803.187 6711.42
819.221 6583.43
819.472 6488.09
819.473 6399.57
817.712 6460.69
817.225 6447.06
816.728 6455.2
843.6 6627.5
838.954 6534.31
841.356 6637.34
843.368 6675.81
858.346 6791.62
857.594 6673.56
856.21 6665.12
855.492 7131
856.858 7015.15
880.407 7243.49
883.378 7630.31
886.366 7456.4
896.354 7496.26
896.711 7490.49
897.226 7430.71
899.209 7444.61
899.42 7414.63
899.606 7405.41
896.654 7469.37
909.717 7634.34
918.855 7957.33
926.196 8153.78
928.302 8278.12
924.514 8402.26
921.04 8365.65
921.187 8417.41
921.363 8387.89
927.411 8512.37
928.884 8452.01
928.784 8384.51
933.487 8347.06
932.95 8390.42
937.704 8996.8
941.139 8801.21
939.777 9253.19
939.913 9124.48
944.517 9041.07
943.105 8926.01
946.683 9568.91
946.564 8968.52
951.61 9115.66
952.16 9086.83
952.124 9071.49
951.941 9077.93
954.092 9170.25
954.683 9190.08
954.34 9209.73
956.542 9232.51
957.132 9248.19
957.282 9313.24
960.561 9465.3
960.799 9374.2
960.72 9349.04
963.384 9376.95
962.412 9407.96
962.911 9424.58
962.751 9438.42
961.508 9408.96
961.874 9202.72
962.003 9352.06
960.538 9574.27
960.904 9747.56
965.348 10531
969.025 10669.8
969.735 10582.9
970.759 10513.4
971.317 10453.2
970.437 10444.5
970.02 10400.2
969.389 10363.6
971.006 10341.1
973.672 10431.8
974.484 10546.6
975.69 10567
974.258 10560.9
974.601 10581.9
974.462 10673.7
975.362 10834.8
974.628 10635
974.539 10578.3
974.494 10514.9
973.554 10473.9
972.951 10478.7
972.402 10489.2
973.442 10532.1
973.386 10558.5
973.758 10574.8
974.475 10588.6
973.236 10578.2
971.05 10573.2
970.798 10608.2
971.577 10607.1
972.812 10622.4
973.16 10630
972.981 10634.9
972.981 10576
972.828 10570.2
972.802 10553.4
972.29 10593.8
972.296 10545.6
973.019 10978.7
973.376 10977.2
973.532 10731.7
973.47 10898
972.943 10802.2
972.378 10806.5
971.986 10865
973.512 10845.7
973.532 10803.8
973.633 10755.9
972.428 10774.9
973.184 10820.7
973.206 10825.8
974.444 10824.6
974.639 10804.6
974.655 10795.6
977.582 11077.2
977.304 11238.5
976.69 11197.1
976.74 11191.5
984.725 11225.9
984.328 11227.3
984.566 11233.8
984.628 11249
985.577 11248.6
985.866 11248.3
985.856 11234.2
989.217 11196.3
988.967 11236.9
988.997 11157.5
988.567 11150.4
991.58 11115.1
991.535 11159.4
993.323 11108.9
992.847 12662.8
992.888 12029.2
993.019 11875.4
993.137 11790.8
993.175 11728.9
993.311 11711.1
993.776 11697.3
997.332 11779.3
999.818 11846.5
1004.12 11872.1
1004.04 11853.3
1004.05 12039.2
1004.06 11949.8
1008.27 11993.1
1008.29 11988.8
1008.27 12056
1008.59 12105.3
1008.75 12102.8
1008.47 12101.6
1008.34 12089.5
1008.05 12090.3
1008.04 12078.2
1008.79 12073.1
1008.76 12094.9
1008.76 12095.1
1011.47 12151.8
1010.63 12212.6
1012.99 12203.6
1013.34 12223.8
1013.37 12239.7
1012.85 12280
1013.52 12276.3
1019.12 12473.7
1019.25 12442.1
1020.92 12509.6
1023.18 12471.6
1023.1 12426.3
1022.22 12877.1
1022.2 13079.7
1022.25 13185.5
1022.36 13255.3
1021.84 13198.2
1023.89 13210.7
1024.09 13135.6
1023.97 13072.7
1028.16 13139.3
1030.14 13083.9
1030.22 12926.5
1031.04 12909
1032.01 12949.1
1034.39 12970.3
1034.3 12946.6
1035.62 12921.8
1036.26 12887.8
1036.11 12885.6
1035.93 12898.1
1036.06 12892
1036.94 12897.1
1037.7 12987.3
1037.61 12991.1
1037.66 12921.5
1037.78 12947.3
1037.86 12977
1037.85 12964.4
1037.89 12969.1
1036.99 12550
1036.9 12699.2
1036.8 12622.2
1041.3 12533.9
1041.48 12458.8
1041.42 12377.7
1040.53 12344.3
1040.72 12330.4
1041.6 12337.7
1041.74 12300
1041.7 12303
1041.66 12305
1041.98 12328
1042.26 12338.7
1042.46 12338.9
1045.32 12316.9
1045.37 12320.8
1045.53 12282
1045.06 12192.3
1045.32 12174
1045.85 12181.9
1046.18 12207.6
1048.05 12248
1048.87 12283.9
1049.61 12199.8
1049.65 12147.8
1050.02 12134.7
1050.16 12103.9
1050.44 12088.6
1050.35 12103.8
1050.23 12118.3
1050.46 12038.4
1050.35 12056.6
1050.4 12102.8
1051.14 12143.1
1051.22 12161
1051.21 12138.8
1051.2 12119.2
1051.2 12133.1
1051.41 12127.1
1052.1 12124.2
1052.52 12119.4
1052.57 12121.1
1052.57 12126.4
1053.74 12123.2
1055.32 12337.3
1057.36 12386.1
1057.7 12403.9
1058.15 12383.9
1058.22 12180.9
1056.84 12294.4
1056.81 12388.8
1056.85 12447.9
1056.82 12462.9
1056.97 12478.8
1056.83 12453.1
1056.78 12422
1058.2 12393.3
1058.41 12322.9
1058.39 12278.6
1057.95 12247.9
1057.94 12238.8
1058.7 12280.5
1060.32 12263.6
1060.3 12252.5
1061.22 12274.7
1061.23 12274.3
1061.06 12261
1058.07 12036.7
1058 12083.2
1061.38 12213.8
1061.95 12068.6
1061.94 12024.8
1062.45 11967.3
1062.51 11973.1
1062.81 12002.2
1062.81 11987.3
1062.91 11936.4
1062.91 11938.1
1062.82 11929.5
1062.99 11920.8
1063.36 11932.1
1063.34 11919.5
1064.45 11910.6
1064.52 11977.8
1064.32 12046.7
1064.32 12040.1
1065.13 12032.3
1065.35 12059.1
1065.35 12088.2
1066.1 12073.1
1065.98 12113.3
1066.26 12140.7
1065.83 12559.1
1065.85 12511.8
1067.76 12535.9
1067.85 12514.9
1067.87 12496
1068.01 12499.4
1067.93 12508.5
1068.16 12515.9
1068.64 12536.7
1068.84 12551
1068.88 12552.9
1070.08 12522.8
1069.74 12475.9
1069.8 12443.2
1069.95 12488.8
1069.94 12440.3
1070.02 12424.5
1071.07 12437.7
1071.19 12461.5
1072.74 12626.3
1073.22 12641.6
1076.75 12691.9
1076.97 12758.9
1076.59 12831.1
1076.52 12808.7
1076.94 12793.4
1076.88 12784.7
1077.21 12818.5
1076.74 12776.1
1076.73 12739.2
1077.52 12750
1077.26 12749.4
1077.81 12774.7
1077.91 12823.3
1077.88 12829
1079.59 12954.3
1077.79 12943.6
1077.9 12940.2
1077.66 12956.2
1077.76 12950.8
1077.73 12949.5
1077.68 12928.2
1077.77 12906.7
1077.61 12907.9
1077.82 12889.2
1077.28 12892.1
1077.44 12905.9
1077.44 12905.2
1077.24 12876.1
1076.94 12819
1076.89 12703
1076.81 12662.3
1077.28 12647.1
1077.38 12630.9
1077.36 12583.4
1077.47 12514.9
1077.44 12471
1077.16 12479
1077.61 12426.9
1077.57 12386.1
1077.5 12360.3
1079.23 12390.3
1079.52 12404.4
1079.5 12417.2
1079.3 12420.3
1079.46 12568.9
1080.21 12584.8
1080.23 12625.4
1080.51 12856.4
1080.45 12945.3
1082.1 12997.1
1082.39 12945.5
1082.94 12949.5
1082.82 12927
1082.71 12944.3
1082.62 12925.1
1083.08 12930.9
1083.12 12895.9
1083.3 12887.8
1083.58 12889.1
1083.54 12864.1
1083.3 12832.2
1083.45 12815.4
1084.42 12813.7
1084.46 12806.6
1084.48 12802.8
1084.46 12786.2
1084.5 12787.9
1084.51 12766.1
1083.81 12739.4
1083.71 12721.9
1083.76 12709.1
1084.77 12665.4
1084.87 12586.7
1085.28 12572.6
1085.93 12570.2
1086.07 12576.5
1086.08 12578.1
1086.07 12576.8
1086.22 12588.4
1086.16 12606.7
1086.51 12653.9
1086.33 12645.6
1085.98 12641.9
1085.85 12696.5
1087.81 12750.4
1087.81 12746.7
1087.78 12731.5
1087.6 12687.7
1087.69 12690.7
1087.92 12693
1088.63 12660.4
1088.6 12662.1
1088.85 12666.1
1088.84 12665.2
1088.65 12680.6
1088.88 12746.3
1089.48 12791
1089.23 12839.7
1089.36 12910.4
1089.66 12978.3
1089.83 13019.2
1089.85 13044.9
1089.7 13035.2
1089.7 13041
1089.9 13335
1089.42 13449.7
1089.53 13456.8
1089.56 13450.3
1089.98 13440.6
1089.87 13423.4
1089.81 13413.6
1089.76 13395.6
1089.54 13392
1090.47 13400.7
1090.38 13387.7
1090.17 13417.4
1089.6 13457.7
1089.82 13484.5
1089.97 13504.4
1089.97 13517.8
1089.49 13563.1
1089.4 13589.9
1089.74 13625
1089.75 13629.7
1089.53 13631.4
1089.86 13681.2
1090.13 13715.8
1089.96 13713.3
1090.07 13682.5
1089.97 13670.7
1090.04 13648.2
1089.81 13680.2
1090 13676.9
1089.31 13641.1
1089.26 13594.4
1089.24 13642.5
1089.57 13657.8
1088.87 13604.4
1087.48 13563.2
1087.79 13588.8
1087.79 13666.1
1087.32 13687
1088.28 13774.7
1089.66 13822.4
1088.08 13794.1
1088.15 13894.5
1088.76 13935.7
1088.62 13911.1
1088.64 13949.6
1088.64 13973.2
1088.73 13914.1
1088.99 13965.6
1088.96 13996.8
1089.26 13995.1
1089.42 13975
1089.7 13973.9
1089.75 13910.3
1090.07 13864.4
1090.03 13819.4
1089.84 13787.2
1090.14 13829.4
1090.1 13855.5
1090.26 13834.2
1090.26 13795.8
1089.86 13772
1090.41 13766.7
1090.47 13724.9
1090.46 13693.6
1090.13 13696.5
1090.27 13684.3
1090.29 13696.1
1090.35 13665.2
1090.7 13636.2
1091.83 13659
1091.88 13654.6
1091.71 13667.7
1091.7 13668.3
1091.56 13690.4
1091.56 13685.8
1092.11 13688.2
1092.59 13682.9
1092.39 13687.7
1092.43 13698.9
1093.06 13651.1
1093 13614.7
1092.95 13576.4
1093.12 13591.2
1093.09 13586.6
1093.17 13624.6
1093.22 13631.2
1093.67 13637.8
1093.6 13643.4
1093.6 13651.8
1093.68 13657.9
1093.49 13628.9
1093.49 13628.1
1094.2 13665.3
1094.86 13653
1095.89 13644.2
1096.04 13645.9
1096.04 13657.3
1095.44 13691.9
1095.39 13727.7
1095.33 13811.8
1095.16 13877.5
1094.54 14035.4
1095.27 14041.6
1094.93 14044.7
1094.9 14073.2
1094.88 14058
1095.74 14087
1095.7 14075.5
1098.18 14131.4
1098.25 14124.6
1098.3 14185.6
1098.36 14142.9
1098.44 14140.8
1098.55 14158.6
1098.36 14228.7
1098.54 14276.6
1099.69 14347.7
1099.23 15258.9
1099.16 14687.6
1099.32 14597.3
1099.95 14633.8
1099.97 14673.7
1100.1 14734.5
1099.88 14728.7
1099.92 14695.2
1099.91 14686.9
1101.42 14739.8
1102.19 14778.4
1104.3 14790.5
1104.69 14807.5
1104.52 14822.6
1104.53 14839.2
1104.47 14839.9
1104.85 14836.2
1104.82 14829.9
1105.42 14813.1
1105.89 14804.7
1105.91 14776.2
1105.9 14726.5
1105.89 14727.9
1106.35 14750.9
1106.41 14759.9
1106.72 14750.4
1106.67 14728.7
1106.75 14748.3
1107.05 14770.2
1106.87 14696.1
1107.37 14719.1
1107.48 14735.9
1109.07 14739.8
1108.57 14662.2
1108.91 14640.8
1108.91 14659
1108.91 14690.2
1109.1 14716.6
1108.88 14707.8
1108.49 14720.5
1108.88 14763.7
1108.75 14728.7
1108.53 14725.8
1108.83 14723.4
1109.15 14738.9
1109.25 14681.7
1109.33 14676.2
1109.22 14600
1109.34 14579.5
1109.2 14562.4
1109.11 14535.8
1109.03 14520.2
1108.75 14533.4
1108.74 14506.5
1108.74 14511.3
1109.11 14533.9
1109.13 14536.8
1110.32 14515.4
1110.05 14509.9
1110.04 14512.7
1109.87 14540.5
1109.95 14581
1109.64 14602.1
1110.65 14585.6
1112.98 14633.2
1113.07 14631.8
1113.04 14622.5
1113.03 14620.4
1113 14603.8
1113.09 14606.6
1112.67 14586.2
1111.44 14649.5
1111.28 14716.7
1111.24 14728.6
1110.82 14715.7
1111.65 14740.3
1111.59 14778.4
1111.58 14767.9
1111.77 14769.4
1111.9 14766.3
1111.91 14761
1111.51 14778.6
1111.56 14784.9
1111.25 14846.8
1110.29 14935.2
1110.23 14917
1112.19 14945.2
1112.31 14968.9
1112.03 14975.7
1112.03 14962
1112.08 14962.5
1113.38 15035.5
1112.63 15086.9
1112.89 15138.9
1112.88 15136.3
1113.48 15136.8
1113.52 15127
1113.49 15127
1113.5 15160.3
1113.72 15195.5
1113.95 15237.9
1114.84 15294.9
1114.86 15301.9
1114.82 15341.5
1114.86 15360.6
1114.88 15376
1114.65 15610.9
1114.48 15602
1114.46 15619
1115.14 15647.9
1115.12 15670.1
1115.11 15681.3
1115.27 15676.9
1115.25 15708.8
1115.13 15734.4
1115.15 15750.7
1115.1 15763.3
1114.78 15798.9
1114.86 15832.7
1114.59 15814.6
1114.79 15770.6
1114.77 15717.6
1114.17 15650.6
1114.95 15689.2
1114.82 15728.7
1114.15 15661.7
1115.7 15767.3
1115.66 15814.9
1115.68 15821
1115.78 15810.9
1115.89 15792.2
1116.47 15770.4
1116.28 15766.8
1116.14 15736.5
1116.09 15720.9
1116.04 15699.3
1120.52 15795.2
1120.49 15903.4
1120.52 15935.6
1120.98 15981.6
1120.96 16008.6
1121.07 15946.9
1121.09 15913.2
1121.13 15882.9
1120.71 15869.5
1121.75 15837.9
1121.73 15849.6
1120.92 15770.1
1121.12 15777.6
1120.52 15759.6
1120.51 15742.9
1120.67 15733.1
1121.46 15720.4
1121.5 15762.7
1121.44 15742.2
1122.66 16090.8
1122.94 16071.7
1122.55 16027
1121.85 15984.4
1122.07 15961.8
1122.14 15972.9
1122.49 16031.5
1122.73 15893.5
1123.06 15868.2
1123.28 15886.2
1123.68 15910.1
1124.23 15958.6
1124.24 16035.8
1124.68 15958.4
1125.51 15928.1
1125.28 15928.6
1125.27 15950.6
1125.62 15990.1
1125.62 15984.3
1125.94 16023.5
1126.07 16038.1
1125.73 16026.2
1125.15 15994.8
1125.19 15978.9
1125.25 15983.2
1125.63 16002.9
1125.56 16003.4
1125.02 16055.7
1125.04 16083.7
1125.14 16095.8
1125.42 16103.1
1125.59 16119.9
1125.6 16127.5
1126.09 16113.5
1126.09 16127
1126.12 16138.7
1126.05 16120.3
1126.01 16113.4
1126.11 16111.4
1126.12 16129.6
1126.1 16136.4
1125.98 16181.9
1125.65 16243.2
1125.79 16285.6
1126.12 16309.6
1125.55 16326.8
1125.54 16312.3
1125.49 16279.4
1125.87 16246.9
1125.61 16239.2
1125.34 16243.6
1125.39 16268.4
1125.57 16309.6
1125.59 16319.4
1125.59 16339.3
1125.47 16358.9
1125.83 16371.7
1125.85 16352.1
1126.15 16318.4
1126.21 16341.3
1126.23 16346.3
1126.44 16351.4
1126.5 16358.8
1127.09 16401.6
1126.95 16420.9
1127.06 16411.2
1127.3 16498.1
1127.31 16537.6
1127.36 16556.5
1127.27 16570.3
1127.34 16572.1
1127.57 16582.4
1127.43 16609.9
1127.52 16618.9
1127.58 16629.3
1127.81 16642.1
1127.84 16649.4
1127.79 16670.6
1127.87 16611.2
1127.88 16645.1
1127.41 16604.7
1127.38 16551.3
1127.39 16619.2
1127.66 16621.6
1127.77 16628.2
1127.75 16646.1
1127.89 16654.7
1128.03 16667.5
1127.96 16640.5
1127.98 16649.1
1127.92 16638
1128.15 16634.1
1128.07 16632.7
1127.8 16660.2
1127.29 16657.1
1127.32 16650.3
1128.09 16669.5
1127.83 16651
1128.26 16645
1128.32 16630.2
1128.64 16624.8
1128.68 16612
1129.16 16626.1
1129.76 16614.7
1130.38 16610.8
1130.11 16592.6
1130.09 16589.3
1129.26 16653.3
1129.37 16651
1130.07 16658.4
1129.95 16707.1
1129.94 16718.4
1129.96 16718.1
1130.57 16745.9
1130.75 16774.4
1130.81 16788.1
1130.86 16819.5
1130.9 16846.7
1130.88 16857.8
1130.87 16864
1130.74 16864.1
1130.62 16877.7
1130.65 16885.6
1130.65 16859
1130.66 16851
1130.61 16848.3
1129.91 16828.4
1130.03 16846.9
1130.17 16863
1130.24 16876
1130.18 16885.9
1129.96 16916.6
1129.98 16901.1
1131.15 16924.5
1131.15 16956.9
1131.15 16980
1131.17 17013
1131.42 17028.3
1131.38 17023.6
1131.29 16991.5
1131.44 16987
1131.52 16985.8
1131.5 16978.9
1131.49 16962.4
1131.88 16961.4
1132.41 16950.6
1132.62 16961.6
1132.65 16962.8
1133.53 16953.4
1133.59 16949.1
1134.04 16950.4
1134.02 16969.6
1134.38 16924.5
1134.85 16927.7
1135 16923.2
1134.77 16912.9
1135.22 16919
1135.23 16906.4
1135.44 16898
1136.08 16928.9
1136.29 16938.8
1136.29 16929.5
1136.63 16920.2
1136.19 16910.5
1135.97 16923.9
1136.39 16947.1
1136.58 16956.2
1136.36 16978.2
1136.45 16945.1
1136.45 16950.3
1136.44 16966.4
1136.33 16987.6
1136.35 17003.9
1136.46 17025.1
1136.83 17040.3
1137.12 17048.7
1137.05 17056.9
1137.2 16987.6
1137.22 16979.6
1137.36 16994.6
1137.45 17004
1137.51 17007.6
1137.54 16990.4
1137.57 16983.6
1137.87 16981
1136.93 17003.1
1136.98 17015.5
1137 17022.4
1136.84 17028.8
1136.84 17018.4
1137.4 17010.1
1137.44 17009.8
1137.43 16974.3
1137.38 16934.7
1137.27 16898.1
1137.11 16921.8
1137.2 16943.2
1136.95 16931.1
1136.99 16950.7
1137.16 16969.2
1137.18 16898.8
1137.14 16834.3
1137.37 16856.4
1138.61 16906.6
1138.63 16930.7
1139.09 16995.6
1140.04 17295.2
1140.09 17325.2
1140.08 17316.9
1140.3 17344.4
1140.14 17358.5
1140.58 17356.7
1140.59 17363.4
1140.39 17362.7
1140.53 17604.2
1141.68 17470
1141.71 17202.6
1141.8 17106.6
1142.17 17053.2
1142.24 17021.7
1142.31 16992.9
1142.31 16947.7
1142.33 16917.1
1142.34 16892.7
1142.4 16860.4
1142.33 16852.2
1142.19 16850.5
1142.23 16842.7
1142.1 16829.8
1142.19 16836.1
1142.19 16838.9
1142.62 16790.4
1142.7 16793.6
1142.71 16803.5
1142.67 16804
1142.63 16784
1142.66 16788
1142.63 16778.2
1142.61 16765.2
1142.61 16685.8
