5.20313 0
225.568 304.188
448.462 1699.94
473.428 2708.9
473.541 1637.75
599.031 2530.69
617.742 3578.77
622.845 3816.66
631.245 3338.64
723.227 8043.05
731.365 6437.18
756.036 5376.18
783.457 7954.87
784.48 7496.08
823.452 7690.75
825.354 7339.06
836.17 7060.74
901.719 6785.28
902.811 6514.08
908.545 6390.8
914.499 6094.71
916.392 5902.4
950.178 6965.71
948.234 7115.89
947.636 7500.62
967.576 7761.79
1002.14 7725.43
1007.78 7546.26
1008.18 7418.31
1011.49 7500.59
1035.88 7377.05
1043.94 7918.05
1044.33 8482.32
1052.69 9493.71
1068.68 9548.71
1069.47 9431.99
1083.69 9965.25
1093.77 9828.58
1093.36 9893.34
1099.16 9751.24
1101.06 9718.9
1122.58 10234.2
1142.11 9522.82
1143.57 9135.15
1151.29 9527.83
1173.71 9518.82
1173.44 9360.34
1205.82 10131.7
1206.2 9761.78
1208.64 9526.69
1211.55 9529.68
1210.91 9514.13
1210.99 9484.67
1213.14 9365.03
1219.62 9175.73
1227.59 9608.33
1229.16 10030
1255.4 11388.4
1259.94 10832.2
1262.86 10937.1
1265.07 10827.6
1267.54 10644.8
1270.62 10529.1
1269.01 10409.9
1270.1 10528.1
1282.13 13085.4
1283.04 11838.5
1284.77 11454.7
1294.84 11263.4
1298.76 11148.3
1312.6 11071.4
1316.06 11256.2
1317.45 11144.3
1316.47 11239.6
1317.29 11436.4
1319.08 11490.6
1320.03 11517.7
1320.02 11517.3
1329.67 11445.3
1329.75 11458.7
1329.76 11439.7
1345.37 11454.8
1357.27 12058.9
1363.48 11559.1
1387.38 11377.9
1387.51 11535.3
1388.08 11299.8
1390.89 11258.8
1405.71 11424.7
1405.73 11285
1408.97 11262.6
1411.77 11244.8
1411.28 11336.7
1410.77 11390.5
1411.29 11467.8
1424.15 11712.1
1424.34 11820
1424.96 11888.2
1427.92 13104.8
1443.25 12909.9
1445.44 12675.2
1454.98 12477.8
1455.46 12402.2
1456.14 12434.1
1457.39 12437.3
1457.77 12431.1
1458.16 12418.8
1462.06 12369.5
1465.66 12327.5
1465.92 12408.7
1470.02 12269.7
1470.11 12257.3
1471.96 12185.6
1472.73 12170.1
1474.75 12102.6
1478.32 12043.7
1480.08 12037.6
1481.53 11961.8
1480.71 11934
1481.26 11917.9
1481.79 11874
1483.78 11938.7
1484.41 11998.7
1484.9 12005.9
1484.88 12000.4
1486.1 11988.1
1486.92 11958.4
1486.91 11946.9
1487.1 11947.3
1487.15 11928.2
1487.26 11924.3
1487.93 11911.7
1491.08 11860.2
1491.68 11829.2
1491.72 11798.4
1498.54 11805.3
1497.27 12616
1497.33 12175.5
1497.38 12150.9
1497.64 12114.1
1497.69 12121.3
1497.49 12120.4
1498.54 12129.7
1498.16 12095.1
1501.04 12003.6
1500.74 12100.1
1500.51 12100
1500.42 12131.2
1500.39 12099.2
1501.81 12058.9
1501.67 12067.7
1503.96 12114.5
1504.3 12132.2
1506.69 12293
1506.9 12177.5
1506.87 12164.7
1506.96 12175.1
1508.43 12209.1
1507.92 12317
1508.09 12094
1508.23 12134.2
1508.39 12070
1508.88 12096.1
1508.81 12084.1
1511.01 12188.7
1513.17 12219.8
1512.94 12192.3
1512.94 12201
1513.4 12203.1
1513.14 12191.4
1513.08 12219.8
1512.22 12238.2
1514.59 12263.5
1514.75 12226.6
1514.93 12236.5
1519.43 12235
1519.8 12166.2
1519.12 12281.5
1518.73 12286.8
1518.64 12290.4
1518.8 12289.3
1518.94 12297.4
1519.78 12334.3
1520.13 12373.2
1520.76 12367.5
1522.12 12379.8
1522.22 12379.8
1522.37 12380.7
1522.63 12444.2
1522.72 12393.2
1522.52 12442.1
1522.59 12468.9
1522.88 12477.5
1523 12437.1
1523.45 12449.3
1523.32 12612.9
1522.48 12726
1524.23 12732.7
1524.29 12657.7
1524.59 12684.4
1524.6 12676.6
1524.75 12663.3
1525.31 12694.3
1525.51 12737.2
1527.45 12714.9
1527.42 12706.9
1527.35 12689
1527.6 12593.3
1528.21 12623.4
1528.41 12617.1
1528.53 12628.4
1528.53 12623.3
1528.49 12608.7
1528.43 12595.7
1528.21 12577.6
1528.32 12566.6
1529.04 12572.3
1529.74 12635.2
1529.76 12685.7
1529.54 12686.6
1529.09 12675.7
1528.93 12664.6
1528.92 12658.4
1529.12 12662.2
1529.21 12666.7
1529.43 12680.3
1529.44 12683.5
1530.22 12666.5
1531.21 12681.3
1531.2 12704
1531.46 12676.5
1531.58 12671.4
1531.57 12668.6
1531.56 12661.4
1532.33 12643.2
1534.18 12631.5
1533.98 12618.4
1533.25 12617.5
1533.87 12649.3
1533.47 12778.1
1533.81 12821
1533.92 12814.3
1534.51 12852
1534.33 12849.2
1534.48 12848.9
1534.49 12856.6
1534.79 12876.9
1534.82 12865.1
1534.87 12897.8
1535.16 12846.1
1536.03 12874.7
1536.44 12882.3
1536.57 12871.5
1536.91 12856.8
1537.18 12876.9
1537.06 12906.4
1537.31 12913.1
1537.56 12920
1537.57 12933
1537.64 12933.1
1537.55 12882
1537.2 12779.9
1538.08 12666.2
1538.08 12638.3
1538.42 12640.7
1538.26 12598.6
1538.48 12558.5
1538.45 12548.1
1538.33 12536.4
1538.42 12533
1538.26 12667.3
1538.38 12711.3
1538.61 12741.6
1539.35 12833
1539.32 12881.3
1539.24 12904.4
1539.76 12917.1
1541.57 12885.7
1541.05 12880.8
1541.24 12885.2
1541.1 12836.8
1541.67 12796.2
1541.72 12779.8
1541.93 12766.8
1541.57 12779
1541.49 12782.1
1541.54 12759.4
1541.76 12758.7
1542.81 12828.5
1542.84 12829.2
1543.29 12815.8
1543.25 12802.4
1543.7 12803.8
1543.69 12795.8
1543.66 12792.4
1543.47 12786.5
1544.72 12884.1
1544.89 12947
1545.17 12949.3
1545.14 12963.3
1545.16 12953.7
1545.16 12937.6
1545.43 13012.9
1545.44 12993.7
1545.48 13013.8
1545.63 13035.8
1545.58 13059
1547.14 13059.7
1547.02 13061.7
1546.94 13088.4
1548.53 13121.4
1548.7 13146.3
1548.74 13149.1
1548.74 13167.6
1548.51 13161.8
1549.25 13182
1549.33 13285.1
1549.58 13363.5
1549.67 13380.6
1549.58 13393.9
1549.58 13394.2
1549.53 13391.3
1549.91 13416.6
1549.73 13445.4
1549.8 13496.9
1550.17 13510.1
1549.86 13475.1
1549.86 13531.5
1549.88 13649.3
1550.18 13682.6
1550.52 13718
1550.32 13764.4
1550.34 13806.5
1550.79 13827.5
1551.1 13872.4
1551.04 13860.8
1550.99 13857.9
1551.23 13890.3
1551.62 14039.8
1551.57 14017.7
1551.64 14048.5
1552.13 14235.6
1552.48 14296.2
1552.79 14308
1553.24 14317.8
1553.22 14311.5
1554.1 14368.9
1554.1 14399.3
1554.2 14417.1
1554.13 14429.8
1554.09 14457.4
1554.12 14477.4
1554.38 14486.3
1554.49 14502.8
1554.52 14488.9
1554.31 14489.6
1554.13 14427
1554.18 14320.8
1554.27 14400.3
1554.55 14435.7
1554.61 14461.1
1554.82 14471
1554.62 14481.8
1554.63 14497.5
1554.74 14519
1554.76 14564.1
1554.77 14490.4
1554.83 14430.1
1554.94 14488.2
1554.97 14514.7
1554.85 14511.1
1554.88 14495.9
1554.92 14490.9
1555.43 14486.3
1557.01 14539.8
1556.81 14572.9
1557.16 14599.9
1556.94 14556.9
1557.04 14563.2
1556.97 14546.1
1557.47 14555.6
1559.68 14639.3
1560.44 14597
1561 14604.8
1560.91 14567.2
1561.21 14532.6
1561.24 14525.1
1561.27 14519.6
1561.25 14513.6
1561.12 14504.3
1561.23 14503.5
1561.9 14533
1561.91 14566.6
1561.69 14597.3
1561.92 14618.4
1562.49 14543
1563.65 14574
1563.61 14593.6
1563.62 14618.9
1564.01 14681.9
1567.4 14737.5
1567.34 14760.4
1567.34 14767.8
1567.56 14808.2
1567.64 14798.7
1569.32 14780.1
1569.2 14773
1569.21 14781.9
1569.26 14782.7
1569.46 14790.6
1569.36 14789.7
1569.11 14430.3
1569.1 14234
1569.12 14159.2
1569.1 14089.1
1569.19 14046.4
1568.96 13983
1569.06 13973.4
1569.27 13968.9
1569.29 13967.6
1569.29 13919.6
1569.29 13931
1569.47 13948.8
1569.7 13963.3
1569.78 13977.5
1569.81 13965.6
1569.78 13969.4
1569.7 13961.5
1569.69 13969.4
1569.69 13970.4
1569.98 13995.4
1569.97 13984.8
1571.23 13980.3
1571.57 13943.9
1572.26 13951.2
1572.35 13977.4
1572.1 13975.8
1572.38 13986.7
1572.99 13980.4
1572.98 13981
1572.91 13987
1573.03 13975.8
1573.27 13965.2
1573.43 13949.2
1573.44 13944
1573.52 13951.7
1573.62 13933.6
1573.61 13912.8
1573.76 13907.3
1573.59 13890.1
1573.54 13885
1573.58 13876.6
1573.52 13841.5
1573.54 13834.5
1573.32 13817.5
1574.34 13778.3
1573.81 13755.9
1573.86 13772
1573.74 13762.4
1573.77 13745.4
1573.81 13732.5
1574.02 13730.3
1574.02 13730.2
1574.75 13737
1574.77 13717.8
1575.12 13763.4
1575.04 13774.8
1575.09 13770.8
1575.08 13764.6
1575.06 13761.7
1574.98 13760.5
1575.28 13766.7
1575.33 13771.7
1575.33 13783.3
1575.35 13792
1575.39 13794.5
1575.24 13795.5
1575.14 13817.3
1575.36 13820.4
1575.55 13850.2
1575.76 13858.5
1575.73 13836.4
1575.86 13828.4
1575.87 13824.5
1576.19 13818.8
1576.5 13835.6
1576.48 13845.6
1577.27 13882.9
1577.28 13880.7
1577.14 13883.2
1576.97 13869.5
1577.11 13857.6
1577.54 13873.1
1577.68 13869.2
1577.75 13866.2
1577.75 13851.4
1577.73 13838.5
1577.32 13863.4
1577.46 13890.6
1577.32 13893.2
1577.31 13902.5
1577.38 13901.8
1577.35 13893.3
1577.25 13812.6
1577.01 13786.7
1577.3 13783.1
1577.31 13794.3
1577.27 13791
1577.11 13783.6
1577.01 13771.1
1577.33 13774.1
1577.49 13767.4
1577.41 13767.7
1577.49 13772.3
1577.61 13776.5
1577.66 13780.2
1577.6 13781.8
1577.64 13806.9
1577.66 13818.5
1577.75 13830.2
1577.74 13844.6
1577.91 13833.3
1577.97 13845.2
1577.98 13866.2
1577.98 13879.6
1577.98 13842.7
1577.99 13829.5
1577.94 13812.4
1577.95 13838
1577.94 13816.2
1577.98 13800.3
1577.91 13796.2
1577.87 13797.3
1577.84 13805.1
1577.83 13806
1577.84 13808
1578 13827.8
1578.04 13802.8
1578.04 13808.3
1578.06 13914.5
1578.36 13922
1578.35 13933.1
1578.35 13937.6
1578.37 13936.8
1578.34 13931.9
1578.38 13927.3
1578.7 13904.3
1578.78 13893.5
1578.75 13899.7
1578.73 13885.4
1578.99 13875.7
1578.79 13844.8
1578.73 13839.3
1578.93 13822.8
1579.39 13963
1579.52 13840.3
1579.38 13823.2
1579.63 13813
1579.9 13819
1579.43 13808.1
1579.24 13883.9
1579.15 13901.4
1579.15 13903.6
1579.13 13911.6
1579.38 13916.8
1579.34 13918.6
1579.33 13915.5
1579.33 13908.8
1579.32 13921.7
1579.28 13891.7
1579.13 13970.2
1578.99 13982.6
1578.88 13978.4
1579.07 13995.6
1579.08 14004
1578.91 13979.9
1578.92 13983.9
1578.99 13980
1579 13986.2
1578.96 14035.9
1579.04 13988.5
1578.94 14010.5
1578.83 14057.8
1579.11 14085.4
1581.42 14028.2
1581.53 14022.7
1581.48 14021
1581.69 14039.1
1581.43 14052.1
1587.29 14061
1588.19 14004
1588.25 13985.5
1588.25 13979
1588.2 13984.9
1588.09 13971.1
1588.11 13957.9
1588.23 13969
1588.3 13970.8
1588.3 13972.2
1588.32 13963.8
1588.45 13964.4
1588.72 13972.6
1588.74 13970.2
1588.81 13970.7
1588.81 13960.9
1588.78 13962.2
1588.92 13975.2
1588.92 13979.1
1588.91 13984.5
1588.9 13977.8
1588.98 13972.1
1588.94 13949.2
1589.18 13969.4
1589.15 13982.2
1589.23 13988.1
1589.21 14024.9
1589.41 14087.4
1589.37 14111.8
1589.36 14114.4
1589.51 14120.2
1589.51 14120.2
1589.53 14122.9
1589.67 14129.7
1589.75 14096.6
1589.73 14099.3
1589.75 14098.8
1589.92 14112.3
1589.91 14123.1
1589.9 14107
1589.9 14114.3
1589.79 14112.6
1590.12 14108.9
1590.13 14109.1
1590.14 14109.2
1590.18 14105.5
1590.17 14106.8
1590.19 14110.1
1590.01 14111.9
1590.8 14092.8
1590.77 14115.7
1590.86 14132.8
1591.22 14153.3
1591.22 14162.5
1591.24 14160
1591.24 14157.6
1591.27 14154.3
1591.35 14151.8
1591.35 14141.2
1591.42 14170.9
1591.49 14232.9
1591.5 14242.1
1591.61 14254.6
1591.66 14267.1
1591.57 14276.7
1591.67 14270.1
1591.76 14309
1591.78 14321
1591.78 14294.6
1591.82 14288.9
1591.89 14298.8
1591.88 14309.5
1592.87 14321.2
1594.03 14351.5
1593.95 14336.7
1594.33 14319.9
1594.28 14304.2
1594.32 14308.5
1594.38 14325.7
1594.39 14333.4
1594.67 14337.8
1595 14349.9
1595 14340.7
1595.08 14347.5
1595.12 14352.4
1595.13 14367.9
1595.23 14377.4
1595.09 14379.1
1595.1 14382.8
1595.22 14386.9
1595.18 14400
1595.19 14427.8
1595.15 14453.1
1595.1 14464.9
1595.1 14441.7
1595.16 14438.1
1595.28 14438.7
1595.28 14436.4
1595.27 14443.7
1595.27 14436.6
1595.29 14440.6
1595.3 14443.4
1595.27 14448.3
1595.18 14477
1595.22 14491.3
1595.21 14499.3
1595.08 14502.9
1595.66 14504.2
1595.69 14518.8
1595.72 14518.3
1595.69 14531
1595.73 14531.5
1595.78 14539
1595.95 14547.1
1596.2 14541.2
1596.25 14540.3
1596.25 14536
1596.29 14545
1596.31 14597.9
1596.43 14520.1
1596.66 14503.3
1596.62 14504.2
1596.04 14507.5
1596.18 14521.6
1596.13 14538.3
1596.22 14586.3
1596.2 14625.6
1596.21 14645.7
1597.5 14683.7
1597.51 14675.8
1597.54 14682.1
1597.54 14665.7
1597.33 14655.9
1597.24 14633.4
1597.32 14634.1
1597.32 14637.9
1597.4 14646.5
1597.41 14652.3
1597.51 14658.2
1597.5 14670.6
1597.56 14667.3
1597.65 14674.8
1597.44 14679.6
1597.62 14718.7
1597.61 14757.6
1597.66 14765.4
1597.67 14765.7
1597.72 14765.2
1597.72 14766.6
1597.71 14742.7
1597.69 14739.9
1597.68 14744.1
1597.8 14752.8
1597.84 14809.6
1597.96 14853.5
1597.97 14850.6
1598.04 14851.6
1598.22 14845.4
1598.15 14864.4
1598.14 14852.6
1598.13 14838.7
1598.36 14823.4
1598.22 14815.8
1598.15 14803
1598.21 14790.7
1598.21 14791.3
1598.39 14814.7
1598.41 14788.2
1598.92 14797
1598.91 14785.4
1598.91 14784
1599.02 14764.4
1599.01 14752.2
1598.96 14745.3
1598.91 14733
1598.84 14687.1
1599.23 14686.7
1599.23 14698.8
1599.31 14702.2
1599.3 14716.8
1599.34 14728
1599.59 14790.7
1599.53 14751.6
1599.64 14749
1599.54 14744.3
1599.45 14750.8
1599.62 14763.9
1599.59 14759.1
1599.55 14759.6
1599.56 14754.9
1599.53 14735.6
1599.47 14729.4
1599.55 14735.1
1599.4 14727.4
1599.41 14720.4
1600.02 14688.2
1600.02 14682.8
1600.01 14672.4
1600.04 14665.4
1600.13 14661
1600.74 14662.8
1600.9 14662.5
1600.91 14653.2
1600.89 14653.1
1600.98 14652.9
1600.91 14648.8
1601.3 14658.9
1601.3 14660.1
1601.43 14666.4
1601.43 14690.1
1601.71 14706.5
1603.08 14719.9
1603.16 14711.9
1603.2 14719
1603.26 14710.8
1603.21 14693.4
1603.25 14698.8
1603.26 14704.6
1603.25 14698.7
1603.24 14713.8
1602.96 14718.9
1602.84 14717.9
1602.98 14692.1
1603.23 14678.1
1603.21 14664.3
1603.37 14644.1
1604.42 14625.3
1604.29 14601.9
1604.24 14597.6
1604.07 14573.4
1604.06 14588.3
1604.1 14602.1
1604.16 14620.6
1604.02 14616.4
1604.62 14613.3
1604.59 14601.4
1604.95 14603.4
1604.93 14615.7
1605.01 14635.7
1605.34 14598.8
1604.98 14525.9
1605.1 14505
1605.09 14470.6
1605.17 14455.2
1605.22 14452.7
1605.45 14469.9
1605.44 14466.3
1605.67 14472.1
1605.71 14466.6
1605.73 14462.7
1605.79 14464.7
1605.69 14469.2
1605.76 14464.5
1605.71 14437.8
1605.77 14450.8
1606.1 14463.5
1606.39 14459.5
1606.71 14454.2
1606.66 14461.8
1606.92 14475.4
1606.96 14493.6
1606.93 14501.9
1606.93 14510
1606.94 14505.2
1606.83 14501.7
1607.12 14488.7
1607.12 14489.9
1607.12 14502.2
1607.15 14510.9
1607.26 14519
1607.27 14524.5
1607.58 14496.1
1607.66 14461.8
1607.57 14454.8
1607.57 14458.6
1607.63 14478.5
1607.76 14484.3
1607.74 14492.8
1608.14 14500.2
1608.19 14557
1608.57 14597.4
1608.57 14600.7
1608.51 14616.6
1608.3 14619.2
1608.16 14619.7
1608.25 14639.1
1608.17 14648
1608.17 14652.2
1608.08 14655.1
1608.91 14677.3
1608.94 14691.6
1609.36 14665.4
1609.38 14674.9
1609.17 14666.9
1609.06 14657.8
1609.55 14692.1
1609.28 14670.5
1609.28 14632.9
1609.26 14654.5
1609.21 14644.3
1609.21 14616
1609.19 14608
1609.32 14593.2
1609.29 14584.6
1609.32 14575.1
1609.84 14587.2
1609.89 14613.2
1609.96 14599.6
1609.96 14581.9
1610.12 14577.5
1610.12 14585.1
1610.72 14573.6
1610.93 14606.2
1610.89 14601.1
1610.81 14613.5
1610.75 14579.6
1611.04 14564.7
1611.23 14571
1610.98 14584.8
1610.98 14592.2
1610.98 14606.2
1611.02 14595.1
1611.3 14508.9
1611.36 14517
1611.51 14532
1611.93 14533
1611.96 14544.6
1611.83 14551.1
1611.83 14558.8
1611.75 14561.5
1611.75 14559.1
1611.84 14579.9
1611.84 14575.4
1611.86 14571.7
1611.8 14568.4
1611.74 14565.8
1613.22 14573.7
1613.46 14585.3
1613.3 14580.1
1613.67 14585
1613.69 14566.3
1613.58 14553.1
1613.78 14552.1
1613.7 14521.8
1613.69 14529.3
1613.97 14518.2
1613.97 14505.5
1614.06 14508.4
1614.3 14499.5
1614.34 14489.3
1614.34 14482.3
1614.31 14462.3
1614.3 14461
1614.31 14449.6
1614.29 14450.7
1614.52 14471.3
1614.46 14459.4
1614.47 14451.4
1614.36 14454.7
1614.39 14451.2
1614.39 14459.1
1614.19 14443.1
1613.9 14411.4
1613.99 14383.3
1614.62 14365.9
1614.56 14345.1
1615.12 14306.8
1615.15 14311.1
1615.22 14308.5
1615.56 14288.3
1615.73 14307.9
1615.73 14304.1
1615.72 14299.4
1615.75 14298.6
1615.65 14289.1
1615.63 14287.5
1616.1 14291.2
1616.11 14292.5
1616.11 14293.3
1616.12 14298.2
1616.05 14315.8
1615.93 14323
1615.9 14331.3
1615.93 14325.5
1615.9 14334.4
1615.86 14340.8
1615.81 14339.4
1616.02 14370.9
1616.02 14377.2
1616.02 14385.7
1616.02 14389.6
1616.13 14393.9
1616.32 14404
1616.32 14366.4
1616.26 14359.9
1616.26 14361
1616.31 14359.9
1616.31 14406
1616.21 14375.3
1616.22 14364.3
1616.19 14355
1616.16 14341.1
1616.79 14317.8
1616.79 14296.2
1616.81 14291.7
1616.89 14292.6
1616.89 14285.6
1617.18 14302.8
1617.26 14300.9
1617.25 14280
