13.6555 0
39.2036 82.6404
322.524 635.714
338.772 783.314
346.101 921.607
346.722 892.915
375.161 1252.16
382.055 1367.98
442.871 1636.42
448.78 1892.87
490.067 2249.65
581.833 3917.87
618.377 6486.86
653.306 5733.95
654.944 4954.43
670.975 5564.54
671.415 4994.66
670.938 4724.36
676.075 4615
690.789 4392.55
741.79 4797.57
745.591 4722.7
801.335 4890.42
817.627 7000.25
823.822 6876.26
839.902 7509.35
840.241 7030.92
840.245 6777.5
869.578 7533.93
870.298 7545.76
870.726 7355.65
870.809 7252.52
878.576 7224.21
878.38 7150.37
892.571 7230.64
903.587 7891.82
911.728 7709.65
912.611 7640.11
912.523 7569.63
922.568 8261.28
922.407 8154.9
931.437 8666.13
939.67 8393.68
942.555 8334.78
949.099 10191.7
949.043 9896.97
951.413 9542.85
954.196 9307.95
952.824 9414.2
960.861 9988.05
973.137 9708.82
974.193 9707.84
979.239 10229.1
985.401 10105
993.802 9919.79
1003.27 9665.43
1008.62 9605.53
1009.86 9524.9
1011.01 9607.34
1030.23 9526.95
1029.09 9534.95
1072.76 9825.41
1088.14 10267.2
1103.12 10823.3
1110.11 9972.93
1110.47 9624.81
1110.53 9612.62
1118.25 9707.9
1125.62 9544.64
1129.57 9693.82
1129.22 9710.83
1129.39 9679.18
1130.91 9566.03
1144.59 9409.48
1145.5 9485.31
1149.55 9454.21
1151.69 9413.9
1152.31 9392.76
1152.3 9330.14
1152.97 9306.31
1153.71 9338.87
1161.62 9287.51
1164.32 9531.52
1166.46 9585.65
1167.4 9588.82
1175.85 9926.18
1198.68 11252.4
1199.86 11004.9
1198.84 11198.4
1198.85 11065.4
1197.43 10998.1
1201.32 11100.8
1201.58 11042.8
1202.33 11090.9
1203.87 11104.3
1205.3 11103.3
1206.7 11027.3
1207.42 11070.3
1208.49 11098
1209.76 11105
1213.27 11076.8
1213.69 11047.1
1218.86 10882.1
1223.02 10888.9
1226.7 10775.9
1229.74 10736.4
1231.12 10784.7
1230.99 10722.2
1230.5 10662.6
1233.62 10678.3
1234.6 10601.2
1249.73 10467.5
1250.32 10450.7
1253.1 10391.6
1255.8 10409.8
1256.37 10347.9
1255.71 10358.5
1255.42 10297
1261.16 10203.8
1260.38 10289.8
1261.62 10198.7
1261.51 10331.8
1262.29 10356.7
1262.76 10354.6
1263.21 10313.1
1270.66 10291.2
1284.97 10235.2
1294.16 10355.8
1298.3 10466
1298.38 10444.8
1298.26 10440.9
1299.91 10449.2
1299.92 10481.5
1300.34 10469
1300.53 10474.2
1300.26 10782.7
1300.5 10714.5
1299.25 10630.2
1313.49 10861.8
1313.62 10793.8
1315.1 10618.8
1320.3 10582.4
1319.68 10656.1
1324.57 11045.2
1324.75 10950.7
1324.73 10918.1
1324.79 10873.7
1327.82 10592.9
1327.82 10480.1
1327.79 10561.8
1328.19 10655.4
1329.23 10642.1
1329.2 10630.8
1329.47 10606.3
1334.18 10581.6
1333.81 10547.3
1333.87 10542.9
1334 10552.2
1334.05 10556.9
1334.53 10514.2
1336.3 10478.7
1336.23 10482.9
1336.42 10531.1
1336.55 10568.4
1336.56 10578.3
1336.49 10593.7
1335.91 10637
1335.84 10705.8
1336.99 10793.1
1338.14 10815.1
1338.28 10808.3
1338.46 10812.5
1341.94 10682.7
1342.89 10663.7
1343.29 10677
1343.66 10657.9
1347.23 10704.2
1347.3 10714.4
1347.27 10718.9
1347.39 10763.7
1348.44 10790.5
1348.8 10834.6
1348.96 10855.3
1348.36 11226.7
1348.46 11185.4
1348.39 11190
1356.03 11056.3
1356.76 11083.2
1357.51 11104.1
1357.71 11147.6
1357.93 11115.8
1357.35 11102.1
1364 11039.6
1363.67 11006.2
1363.54 11091.7
1365.15 11104.7
1365.18 11116.3
1366.43 11149.2
1366.39 11201.5
1366.49 11227.8
1367.04 11261.6
1368.58 11198.2
1368.41 11220.1
1368.42 11226.2
1368.57 11232.1
1369.41 11219.3
1369.15 11228.4
1372.77 11159.6
1374.78 11145
1374.76 11134.8
1374.93 11128
1375.68 11132.3
1375.99 11132.8
1375.48 11115.2
1373.95 10909.7
1374.02 10970.4
1374.65 10954.3
1374.69 10881
1374.68 10877.5
1374.7 10889.9
1374.77 10929.2
1374.8 10933.4
1374.79 10930.4
1374.79 10925.6
1374.88 10935.4
1374.61 10952.2
1374.58 10938.6
1374.47 10931.1
1374.49 10912.5
1374.71 10914.2
1375.1 10911.2
1375.25 10887.7
1375.15 10678.9
1375.82 10697
1376.34 10744.3
1376.52 10790.4
1377.79 10881.3
1377.42 10941.4
1377.71 11010
1382.68 11000.7
1382.75 11006
1382.96 11194.9
1383.01 11220.6
1382.99 11236.2
1383 11278.1
1382.75 11289
1382.76 11314.7
1382.74 11336.5
1382.93 11349
1383.13 11337.9
1383.25 11331.7
1383.66 11353.8
1383.59 11383.9
1383.31 11387.2
1383.27 11387.1
1383.4 11395
1383.35 11380.4
1382.53 11370.8
1381.79 11374.3
1382.12 11373.1
1383.25 11379.5
1383.24 11368.7
1383.16 11345
1383.98 11359.2
1383.68 11343
1383.94 11334.3
1383.94 11329
1383.69 11320.4
1383.54 11334.2
1383.24 11337.3
1383.02 11344
1383.61 11381.6
1383.22 11379.8
1384.16 11521.8
1384.21 11534
1384.53 11511.7
1384.8 11530.5
1384.9 11522.7
1384.84 11526.2
1393.73 11547.8
1395.24 11498.5
1395.27 11460.3
1395.91 11516.9
1395.94 11478.5
1396.17 11454.6
1396.08 11450
1396.24 11410.8
1396.62 11432.8
1398.23 11454.4
1399.38 11404.4
1399.74 11452.8
1399.74 11457.3
1400.12 11452.5
1401.11 11474
1401.05 11483.7
1401.03 11511.2
1401.11 11515.3
1403.16 11509.6
1403.19 11550.3
1403.64 11525.2
1403.97 11499.1
1403.74 11498.8
1403.68 11519.9
1403.93 11554.7
1404.46 11508.9
1404.92 11508.1
1405.06 11466.9
1405.31 11458.7
1405.15 11439.7
1404.77 11348.7
1405.02 11373
1404.83 11388.2
1403.99 11392
1403.94 11331.9
1403.97 11312
1404.13 11300.6
1403.14 11301.3
1403.57 11338.4
1403.9 11326.2
1403.89 11317.5
1404.92 11337.2
1405.25 11349.2
1405.24 11356.6
1405.24 11355
1406.84 11384.7
1406.78 11431.3
1406.89 11425.5
1406.89 11414.6
1406.73 11377
1406.66 11389.8
1406.95 11375.4
1407.08 11347.4
1407.39 11334.3
1408.07 11358.9
1408.76 11336.8
1408.24 11376.3
1408.33 11402.1
1408.87 11433.5
1409.07 11468.2
1409.19 11547.9
1409.16 11510.7
1409.88 11431
1409.07 11517.8
1409.19 11383.8
1409.15 11420.3
1411.03 11458.6
1411.09 11473
1411.62 11541.5
1412.58 11592.6
1412.99 11605.7
1413.1 11640.7
1413.1 11651.8
1413.05 11619.9
1413.71 11639
1413.69 11627.7
1413.75 11637.5
1413.73 11589.1
1413.7 11584
1414.18 11594.4
1414.11 11641
1414.78 11718.6
1415.01 11702.1
1415.09 11692.4
1415.36 11706.8
1415.39 11665
1415.35 11654
1415.37 11656.2
1416.82 11587
1416.8 11589.7
1416.7 11772.3
1418.16 11610.6
1418.41 11655.4
1418.72 11633.1
1418.62 11611.9
1418.92 11600.2
1418.95 11583.5
1419.75 11576.2
1419.8 11511.8
1419.39 11431.9
1419.46 11418
1419.41 11368.4
1419.2 11278
1419.03 11337.7
1419.11 11368.8
1419.06 11388.9
1419.08 11399.7
1419.06 11393.8
1418.99 11391.8
1419.59 11395.6
1420.37 11425.2
1421.75 11435.5
1421.74 11426.2
1421.76 11398.3
1421.42 11353.5
1421.65 11264.3
1421.57 11254.3
1422.13 11331.2
1422.25 11354.7
1422.38 11416.9
1423.01 11479.7
1423.81 11532.4
1423.82 11547.7
1424.05 11554
1423.8 11530.5
1423.76 11527.2
1423.7 11563.7
1424.1 11590.4
1424.06 11618.2
1424.06 11607
1424.06 11595.6
1424.41 11584.4
1424.32 11585.3
1424.39 11589.9
1424.51 11576.4
1424.42 11561.2
1424.13 11559.9
1424.08 11565.7
1423.92 11561.3
1423.92 11576.7
1423.92 11588.6
1423.81 11582.8
1423.89 11582.2
1423.91 11586.9
1424.2 11555.1
1424.47 11583.4
1424.86 11589.5
1425.17 11652.1
1426.22 11679
1426.11 11686
1426.16 11676.9
1425.94 11694.6
1425.92 11689.6
1425.72 11650.4
1426.05 11665
1426.67 11627.8
1426.68 11629.7
1426.36 11615.1
1426.52 11574.1
1426.64 11602
1426.53 11584.9
1426.47 11590.3
1426.87 11626.5
1426.78 11656.7
1426.86 11671.2
1426.8 11671.8
1426.8 11706.6
1426.82 11714.4
1426.41 11691.7
1426.4 11684.5
1426.36 11701
1426.24 11703.6
1426.58 11702.7
1426.52 11695.9
1426.51 11696.2
1426.87 11708.7
1426.93 11718.5
1427.18 11710
1427.07 11702
1426.96 11719
1426.99 11714.2
1427.07 11719.2
1426.32 11912.8
1426.1 11855.4
1426.32 11831.9
1426.13 11844.1
1426.42 11843.3
1426.41 11850.6
1426.49 11867.4
1426.69 11879.2
1426.96 11873.3
1426.96 11873.1
1426.92 11872.8
1426.79 11906.9
1427.14 11926.1
1427.14 11876.5
1426.91 11901.5
1427.04 11891.2
1427.11 11890
1427.06 11860.5
1427.07 11848.2
1427.08 11855.9
1427.07 11856.5
1427.53 11838.6
1427.48 11847.2
1427.48 11850.4
1427.48 11827.8
1426.31 11776.2
1426.22 11803.6
1426.17 11833.3
1426.08 11867.4
1426.53 11823.5
1426.51 11841.5
1426.5 11846.6
1426.51 11856
1427.8 11852.6
1428.11 11904.8
1429.53 11978.6
1429.27 12042.2
1429.32 12071.7
1429.17 12051.7
1429.48 12151.2
1429.52 12085.3
1429.2 12073.4
1429.24 12091.7
1429.52 12065.7
1429.58 12062.5
1429.68 12058
1429.55 12059.1
1429.24 12049.1
1429.22 11997.9
1429.23 11983.9
1428.69 11986.7
1429.15 11974.7
1429.61 11985.8
1429.62 11975.1
1429.57 11970.8
1429.61 11968.9
1429.51 11958.9
1430.38 11889.1
1430.46 11896.7
1430.14 11868.1
1430.21 11864.6
1429.83 11876.9
1429.9 11821.7
1430.67 11827.2
1430.73 11810.9
1430.92 11917.6
1431.14 11922.5
1431.18 11913.7
1431.2 11909.7
1431.19 11920.7
1430.6 11921.4
1430.56 11945.8
1430.56 11956.6
1430.53 11965.3
1430.61 11955.2
1430.62 11951.2
1430.36 11946.8
1430.16 11929.2
1430.6 11902.2
1429.96 11908.5
1429.61 11918.5
1429.61 11926.8
1429.61 11929.1
1429.75 11939.1
1429.72 11940.5
1429.45 12141
1429.45 12085.8
1429.52 12068.7
1429.53 12058.1
1430.04 12035.5
1430.08 12050.6
1429.85 11999.5
1430.03 11955.8
1429.75 11919.1
1429.69 11929.6
1429.61 11937.7
1429.6 11941.2
1430.01 11927.7
1430.27 11954.3
1430.3 11941
1430.48 11919.2
1430.93 11924.5
1430.84 11945.8
1430.85 11944.6
1430.77 11955.8
1430.72 11956.6
1430.73 11953.9
1430.64 11939.3
1430.64 11924.4
1430.02 11855.7
1430.03 11866.9
1430.08 11890.5
1430.49 11831.8
1431.98 11861.2
1432.02 11786
1432.03 11809.9
1432.37 11858.4
1432.37 11873
1432.37 11873.4
1432.22 11835.7
1432.75 11865.1
1433.41 11849.2
1433.39 11850.4
1433.4 11855.3
1433.39 11854.4
1433.26 11852.3
1433.38 11845.2
1433.47 11854.7
1433.62 11854.1
1433.92 11845.3
1433.66 11874.5
1434.55 11849.7
1434.53 11851.4
1434.4 11850.6
1434.48 11852.6
1434.5 11870.4
1436.78 11893.6
1437.06 11907.2
1437.11 11905
1437.42 11855.7
1437.49 11923.7
1437.22 11868.9
1437.19 11848
1437.02 11838.8
1437.01 11848
1437 11828.2
1437.03 11816
1437.03 11814.5
1437.22 11843.1
1437.22 11819.5
1437.31 11813.4
1437.09 11805.5
1437.04 11798.5
1437.06 11798.4
1436.92 11796.1
1437.18 11811
1437 11760.9
1436.95 11751.4
1437 11748.5
1437.12 11744.2
1437.06 11753
1437.01 11748.6
1436.86 11754.4
1436.79 11767.9
1436.92 11768.7
1436.51 11772.1
1436.47 11770.5
1436.2 11776.1
1436.35 11790.2
1436.31 11801.7
1436.48 11866.6
1436.39 11892.7
1436.23 11883.7
1436.23 11886
1436.29 11883.1
1436.52 11880.2
1436.48 11882.8
1436.48 11874.6
1436.55 11873.3
1437.12 11901.4
1437.28 11914.4
1437.35 11923
1437.52 11918.2
1437.64 11919.8
1437.53 11962.1
1437.69 12111
1437.89 12208.5
1438.03 12219.4
1437.79 12248.9
1437.82 12249.7
1437.8 12236.8
1437.87 12190.4
1437.86 12156.6
1438.59 12145.6
1438.37 12117.1
1438.4 12104.1
1438.53 12107.8
1438.7 12109.9
1438.92 12116.4
1438.91 12125.9
1438.86 12131.3
1439.57 12156.4
1439.79 12190.4
1439.85 12219.4
1439.71 12249.7
1439.7 12278.8
1439.99 12341.5
1439.88 12349.9
1439.82 12333.8
1439.57 12319.5
1439.54 12335.1
1440.05 12326.1
1439.91 12319.8
1439.86 12309.3
1439.96 12294.2
1440.17 12304.8
1440.21 12315.5
1440.21 12330.8
1440.48 12352.8
1440.51 12360
1440.68 12362
1441.27 12353.2
1441.25 12331.3
1441.59 12302.6
1441.44 12300.7
1441.5 12296.8
1441.51 12294.1
1442.23 12316.9
1442.59 12342.5
1442.61 12330.7
1442.62 12339.6
1442.52 12351.7
1442.48 12331.3
1442.64 12317.7
1442.64 12351.3
1442.6 12358
1442.75 12379.5
1442.88 12388.4
1442.87 12397.4
1442.77 12393.5
1442.77 12395.3
1442.89 12397.9
1443.55 12396.4
1444.13 12423.8
1444.11 12433.6
1444.13 12441.3
1444.09 12417.1
1444.06 12415.5
1444.05 12424.4
1444.24 12459.6
1444.25 12456.4
1444.62 12428.2
1444.52 12449
1444.42 12453.4
1444.42 12449.7
1444.37 12435.8
1444.67 12461.3
1444.67 12462.9
1444.72 12463.8
1444.71 12471.8
1444.62 12483.9
1444.68 12572.1
1444.74 12556.9
1444.62 12509.9
1444.07 12486.5
1444.41 12480
1444.66 12455.8
1445.09 12479.9
1445 12487.2
1444.68 12494.1
1444.86 12509
1444.29 12524.3
1444.37 12547.8
1444.39 12541.8
1444.63 12576.9
1444.83 12547.6
1444.85 12558.8
1444.83 12553.5
1444.88 12549.4
1444.82 12529.9
1444.78 12506.6
1444.74 12498.9
1444.45 12518.4
1444.6 12502.4
1444.33 12478.5
1444.57 12469.1
1444.57 12457.6
1445.05 12484.4
1445.17 12485.4
1445.53 12557.9
1445.68 12563.1
1445.63 12567.5
1445.63 12564.3
1445.62 12556.8
1445.56 12552.6
1446.58 12538.4
1447.29 12513.5
1447.23 12481.8
1447.48 12491.4
1447.43 12462.3
1447.72 12487.1
1447.71 12480.2
1447.94 12477.7
1448.2 12471.9
1448.28 12450.3
1448.36 12436.5
1448.36 12438.8
1448.37 12433.8
1448.37 12424.1
1448.26 12390.4
1448.05 12352.6
1448.05 12298.4
1448.2 12307.3
1448.14 12331.5
1448.36 12339.6
1448.36 12374.5
1448.43 12386.2
1448.36 12401.7
1448.2 12367.4
1448.25 12402.8
1448.2 12423.4
1448.47 12434.7
1448.48 12441.9
1448.46 12439.9
1448.46 12447.2
1448.42 12446.8
1448.43 12517.7
1448.37 12516.8
1448.64 12529.1
1448.66 12532
1449.95 12611.7
1450.23 12621.4
1450.46 12603.4
1450.42 12615.3
1450.41 12621.8
1450.36 12628.3
1450.83 12635.1
1451.45 12632.7
1452.39 12627.7
1452.44 12648.5
1452.49 12647.6
1452.5 12628.7
1453.03 12677.8
1453.1 12676.9
1453.19 12656.5
1453.24 12661.1
1453.31 12669.1
1453.45 12683.1
1453.39 12695
1453.29 12691.6
1453.27 12655.7
1453.28 12634.6
1453.41 12617.1
1453.48 12617.5
1453.68 12620.2
1453.65 12615.7
1453.66 12602.8
1453.52 12570.7
1453.51 12559.5
1453.39 12552.9
1453.43 12561.9
1453.5 12534.8
1453.83 12508.5
1453.82 12473.9
1453.72 12475.3
1453.66 12468.3
1453.73 12448.2
1455.4 12461.1
1455.12 12447
1455.18 12478.1
1455.16 12483.8
1455.14 12484.6
1455.08 12487.6
1454.95 12484.6
1454.97 12487.6
1455 12483.2
1455.01 12480.5
1454.87 12492.4
1454.97 12493.9
1454.96 12493.1
1455.05 12488.9
1455.35 12489.5
1455.26 12490.8
1455.16 12474.5
1456.18 12475.3
1456.6 12531.7
1456.63 12543.8
1456.25 12562.5
1456.25 12577.2
1456.2 12601.3
1456.4 12611
1456.45 12624.8
1456.69 12626
1456.7 12623.8
1456.7 12648.6
1456.78 12646.8
1456.94 12645.5
1457 12625.3
1456.99 12634
1457.06 12637.9
1457.22 12587
1457.23 12569.4
1457.23 12547.4
1457.48 12595
1457.47 12542.6
1457.03 12498
1456.8 12497
1456.95 12518.9
1457.16 12508.9
1457.83 12509.6
1457.89 12535.3
1458.05 12517.6
1458.09 12516.1
1458.11 12524.3
1458.14 12538.5
1457.98 12584.8
1458.06 12562.3
1458.28 12582.8
1458.18 12541.3
1458.15 12557
1458.28 12542.5
1458.59 12512.9
1458.56 12509.4
1458.52 12502.8
1458.72 12442
1458.69 12419
1458.76 12412.4
1458.71 12406.3
1458.85 12388.3
1458.96 12381
1458.93 12385.5
1458.89 12372.2
1458.92 12371.1
1458.98 12368.6
1458.93 12336.3
1458.91 12332.6
1459.03 12335.9
1459.25 12329.4
1459.27 12332.5
1459.37 12323.3
1459.45 12321.9
1459.42 12309.9
1459.42 12296.3
1459.34 12313.3
1459.34 12299.7
1459.33 12288.4
1459.3 12282.7
1459.35 12282.1
1459.26 12259.5
1459.24 12245.8
1459.25 12237.5
1459.45 12223.5
1459.71 12224.1
1459.72 12219.2
1459.76 12215.1
1459.72 12213.9
1460.45 12216.7
1460.31 12233.4
1460.47 12238.4
1460.42 12232.8
1460.58 12269.1
1460.38 12289.9
1460.33 12284.4
1460.35 12279.7
1460.49 12293.5
1460.48 12327.2
1460.43 12329
1460.43 12337.4
1460.36 12353.3
1460.27 12362.4
1460.24 12322.7
1460.31 12297.1
1460.28 12294.7
1459.71 12285.3
1459.72 12274.8
1459.8 12310.3
1459.82 12313.7
1459.75 12285.3
1459.81 12300.1
1460.51 12324.3
1461.19 12321.5
1461.13 12316.7
1461.17 12317.4
1461.01 12318.1
1461.03 12325.4
1461.04 12338.6
1461.25 12375.4
1461.26 12390.2
1461.4 12399.6
1461.4 12410.4
1461.77 12417.1
1461.95 12418.7
1461.9 12418.4
1461.9 12409.8
1462.16 12407.3
1462.4 12388.8
1462.36 12380.5
1462.33 12373.9
1462.33 12357.6
1462.58 12349.5
1462.65 12348.6
1463 12334.1
1463.01 12329.8
1463.51 12407.2
1464.5 12414.5
1464.93 12453.8
1464.97 12460.8
1464.96 12454.2
1464.66 12407.8
1464.63 12377.2
1464.55 12367.4
1464.51 12367.5
1464.51 12307.1
1464.85 12297.6
1465 12314.2
1465.21 12313.1
1465.46 12321.7
1465.48 12334.1
1465.19 12362.5
1465.41 12328.6
1465.38 12319.7
1466.19 12342
1466.09 12329
1466.15 12327.4
1466.01 12359
1465.88 12353.4
1465.93 12343.6
1465.79 12346.3
1465.63 12350.8
1465.64 12366.4
1465.46 12366.5
1465.49 12380
1466.48 12419.4
1466.67 12427.6
1466.63 12413.3
1466.41 12587.7
1466.4 12636.1
1466.56 12645.3
