23.8959 6.0929
27.8101 5.94149
61.0517 55.5999
62.7915 55.5544
120.661 252.386
126.734 268.064
169.325 1166.78
365.135 1253.53
366.849 1179.82
442.748 2090.13
442.724 1835.88
490.76 2375.41
492.732 2167.78
494.824 2124.57
492.753 3104.6
493.887 2425.65
495.216 2522.68
494.996 2815.36
526.163 3001.28
529.727 3072.14
529.876 3019.67
549.801 3008.57
555.05 3370.96
555.042 3228.42
559.833 3276.97
565.759 3242.79
566.386 3241.13
572.768 3366.13
574.264 3566.11
574.359 3525.05
575.6 3611.06
574.771 3731.41
588.42 3825.27
588.986 4073.7
591.189 4353.53
592.842 4447.83
594.274 4439.42
594.178 4452.52
599.241 5038.49
599.257 4897.45
600.863 5274.45
600.696 5141.47
601.166 5099.32
617.323 5118.29
621.142 5136.6
621.211 5054.07
622.057 4980.45
622.206 4904.25
621.894 4977.13
622.484 5028.49
617.607 5532.13
617.456 5379.49
643.237 6483.72
650.427 8082.16
648.56 7773.63
670.302 8176.29
671.722 7318.97
670.844 6782.3
681.341 6522.1
688.906 6531.24
690.376 6253.27
695.588 6416.42
688.368 6457.5
689.83 6764.4
690.347 6910.51
695.104 7011.18
693.948 7123.07
698.525 7169.99
698.1 7206.86
700.388 7206.89
702.991 7057.57
703.813 7250.5
705.528 7199.86
706.791 7154.64
707.077 7125.13
709.429 7248.17
717.422 7436.62
727.719 7888.76
731.933 7714.72
734.72 7832
740.452 8332.98
739.335 8357.92
742.079 8638.08
742.093 8738.32
741.851 8642.29
742.474 8720.17
743.953 8981.52
743.02 9163.98
742.563 9213.17
747.277 9268.49
748.653 9465.83
748.722 9433.09
758.501 10073.6
761.76 9994.32
765.466 10109.2
763.698 10082.8
763.807 10098.5
777.83 9869.38
779.057 9722.46
784.945 9525.08
784.839 9439.11
789.071 9630.45
794.666 9323.16
793.927 9245.81
793.106 9204.72
803.919 9104.83
804.027 9188.29
818.598 8972.65
826.356 8814.9
836.142 9968.23
835.78 9554.64
837.111 9350.35
834.056 9539.85
833.975 9592.96
838.241 9625.1
836.218 9672.89
833.542 9905.76
833.412 9920.33
834.308 9854.67
836.635 9793.5
836.779 9848.7
836.779 9734.55
837.498 9626.38
837.473 9872.65
837.773 9780.99
841.242 9941.96
849.987 9999.64
849.079 10138.2
850.592 10313.8
860.076 10319.6
863.378 10430.3
863.994 10476.9
873.909 10284
874.151 10568
875.094 10555.9
877.078 10504.9
877.327 10482.6
876.968 10463.9
892.304 10337.5
893.123 10350.7
894.156 10315.5
896.809 10339.4
901.898 10253.1
903.253 10197.5
903.16 10200.5
903.273 10201.8
901.235 10282.7
901.928 10228.6
900.295 10463.4
899.196 10423.2
899.182 10415.5
897.613 10398.6
894.272 10612.7
893.827 10757.5
890.697 11441.6
892.737 11662.8
894.224 11853
893.771 11909.2
894.555 11853.3
896.769 11795.9
904.551 11926.9
903.665 11917.5
902.826 12023.4
903.148 12108.3
902.858 12133.7
902.813 12139.1
902.532 12173.2
902.455 12162.1
902.705 12287.7
904.278 12326.4
905.102 12353.7
905.28 12427.1
906.081 12332
911.618 12212.6
910.684 12288.5
910.947 12369.1
913.525 12266.4
910.168 12336.4
908.678 12447.2
908.472 12497.4
908.835 12563.4
909.581 12556
906.748 12831.9
906.818 12957.7
907.837 13290.1
908.869 13375.1
908.262 13356.5
913.379 13384.7
914.758 13339.8
917.868 13394.5
918.088 13454.7
917.062 13449.2
916.429 13491.9
919.471 13484.3
921.557 13563.5
921.243 13495.7
917.999 13451
918.649 13322.9
918.531 13196
919.553 13104.3
919.733 13060.2
921.42 12997.1
921.749 12918.7
920.732 12889.2
920.78 12882.9
912.897 13467
914.108 13277.2
918.672 13449.9
918.82 13532.7
921.46 13698.1
927.137 13681.8
925.389 14114.8
925.416 14189.8
924.63 14231.4
927.478 14357.3
927.484 14298
926.507 14282.4
926.984 14324.8
928.737 14339
928.436 14323.8
929.711 14261.2
930.787 14248.3
935.212 14068.5
934.587 13844.8
934.472 13806.3
934.469 13732.5
939.691 13917.8
940.445 13982.7
940.264 13889.5
933.376 14124.6
933.35 14093.8
933.55 13848.8
933.379 13702.4
937.501 13688.9
938.189 13641.9
938.511 13664
938.073 13673.9
941.136 13815.7
941.234 13613.6
941.416 13626.7
942.145 13634.3
942.219 13681.1
942.831 13737.4
945.706 13880.4
945.955 13910.9
946.744 13902.5
947.531 13919.6
947.224 13908
949.224 13866
947.993 13867.2
947.645 13965
947.385 14020.3
949.769 14082.7
949.291 14215.5
950.233 14304.8
950.233 14296.6
951.063 14394.1
951.116 14299.7
949.996 14253.5
950.601 14220.7
953.42 14351.2
960.053 14373.2
960.231 14581.3
965.604 14598.8
965.656 14576.8
965.699 14555.1
969.822 14575.7
970.039 14573.8
970.391 14484.4
970.751 14482.4
970.477 14387.8
971.622 14379.5
971.242 14371.8
972.006 14347.1
974.026 14339.4
975.38 14343.3
975.525 14358.4
976.492 14356.5
976.308 14351.9
979.95 14413.3
979.455 14419
981.865 14430.8
982.355 14526.8
982.006 14522.8
984.065 14597.3
983.955 14525.2
983.944 14583.1
983.363 14677.5
985.319 14708.6
986.547 14727.1
988.425 15365.5
998.243 16218.2
998.102 15965.4
998.45 15722
997.596 15519.8
998.733 15299.5
1000.02 15316.5
998.773 15316.8
997.977 15456.5
997.954 15509.6
997.964 15456.1
998.31 15468.6
998.577 15504.1
1002.14 15633.3
1003.03 15725
1007.6 15737.9
1009.22 15742.3
1009.78 15742
1010.15 15774
1011.35 15816.5
1011.99 15931.5
1011.98 16024.7
1014.22 16005.8
1014.08 15994
1014.14 15951.9
1014.3 15953.3
1013.01 15948.3
1012.46 15930.3
1012.41 15969.7
1012.51 15987.3
1013.51 15991.6
1014.58 16008.7
1018.53 15932
1018.84 15928.1
1021.51 15943.9
1022.2 15955
1022.49 15977.3
1022.49 15980.3
1023.09 15984.3
1023.31 15971.2
1023.3 15945.7
1022.05 16331.5
1022.01 16019.1
1022.08 15881
1022.12 15761.7
1021.87 15719.8
1022.17 15703.6
1023.46 15395.6
1023.59 15445.9
1023.55 15402.2
1023.55 15453.4
1026.59 15504.4
1026.6 15522.3
1026.92 15539.7
1027.68 15568.4
1028.06 15575.7
1028.06 15550.8
1028.16 15550.4
1028.11 15551.9
1028.01 15565.6
1028.87 15578
1028.78 15589
1029.07 15613.3
1029.92 15531.7
1029.93 15554.6
1029.94 15590.8
1030.76 15623.7
1031.01 15678.6
1031.14 15727.9
1031.43 15763.2
1031.53 15779.2
1031.89 15803.7
1032.1 15798.5
1032.38 15848.3
1032.41 15809.6
1032.25 15910.3
1032.27 15863.4
1032.65 15887.1
1033.62 15861.8
1033.61 15850.7
1033.76 15786.7
1036.54 15817.4
1036.74 15837
1036.73 15852.2
1038.03 15861.9
1038.46 15879.7
1035.91 15886.5
1037.77 15897.3
1037.98 15909.3
1038.18 15938.6
1038.79 15853.6
1038.77 15875.3
1039.79 15863.1
1039.97 15879.7
1039.62 15914.3
1039.59 15954.6
1039.24 15961.5
1037.73 15964.5
1037.77 15984.6
1037.64 15971.1
1037.67 15970.6
1037.68 15950.2
1037.16 15937.3
1037.08 15960.2
1039.26 15996.8
1038.91 16041.4
1038.95 16014.1
1039.37 16031.6
1039.55 16057.1
1040.46 16086
1041.33 16113.6
1041.66 16097.5
1041.3 16080.8
1040.91 16095.7
1040.65 16106.3
1040.51 16128.9
1041.13 16160
1040.86 16136.8
1041.29 16163.2
1041.48 16199
1041.6 16206.9
1041.82 16205.5
1042.48 16223
1042.46 16173.6
1042.42 16187.5
1042.43 16162.5
1042.5 16152.7
1042.5 16155.1
1042.07 16315.6
1042.08 16349.8
1041.18 16331.3
1040.46 16291.5
1040.52 16187.3
1040.53 16133.3
1040.24 16151.4
1040.11 16122.8
1040.4 16137.7
1041.9 16087
1042.75 16057.5
1042.47 16146.6
1042.28 16085.9
1042.75 16094
1043.06 16068.2
1042.76 16053
1042.89 15999.9
1043.44 16001.2
1044.8 16005
1044.71 16044
1045.01 16006.2
1045.01 16035.3
1044.64 16046
1044.79 16030.2
1045.08 15991.9
1044.35 15964
1044.01 15939.5
1044.29 15958
1044.31 16020.5
1044.1 16077.4
1044.49 16034.7
1044.01 16020.9
1044.49 16006.2
1045.27 16013.4
1045.24 16007.9
1046.87 16081.6
1047.7 16081.4
1047.64 16123.2
1047.85 16172.3
1048.27 16196.3
1048.27 16221.6
1048.59 16290.1
1048.51 16225.7
1048.44 16213.7
1049.21 16209
1049.29 16214.6
1049.76 16236.9
1049.82 16194.1
1049.75 16181
1049.93 16255.6
1051.05 16309.8
1051.51 16317.2
1052.25 16375.4
1052.95 16418.9
1053.04 16424.4
1052.99 16442.7
1053.23 16475
1053.1 16466.3
1054.25 16546.8
1054.5 16659.4
1054.68 16662.6
1055.64 16658.2
1055.55 16733.6
1055.74 16731.4
1056.31 16793.4
1056.13 16893
1056.78 16851.2
1056.82 16832.7
1056.8 16847.4
1057.13 16834.3
1057.32 16869.4
1058.21 16928.7
1058.3 16879.2
1058.57 16933.5
1058.85 17016.4
1060.26 17096.3
1060.01 17080.3
1059.89 17131.4
1059.94 17173.9
1060.09 17172.8
1060.08 17195.3
1060.21 17241.6
1060.22 17280.6
1059.66 17384.9
1059.66 17396.1
1059.54 17331.2
1059.1 17287.1
1059.17 17194.9
1059.14 17153.8
1059.13 17158.2
1059.25 17137.9
1059.32 17127.4
1059.34 17120.9
1059.4 17092.2
1059.5 17055.6
1059.76 17095.7
1061.4 17107.3
1061.58 17117.9
1062.1 17148.1
1062.77 17146.7
1063.91 17177
1063.82 17139.2
1064.15 17136.7
1064.31 17131.2
1064.22 17131.8
1064.25 17135.8
1064.23 17114.7
1063.89 17145
1064.42 17158.7
1063.97 17181
1063.76 17146.6
1064.1 17169.5
1064.12 17172.4
1064.25 17190.5
1064.33 17186.7
1064.31 17169.6
1064.5 17113.7
1064.51 17130
1063.54 17122.5
1063.34 17143.1
1063.32 17070
1063.89 17109.3
1066.68 17151.9
1068.07 17194.9
1068.33 17225.6
1068.3 17231.9
1068.64 17212.8
1068.79 17170.5
1069.83 17222
1070.06 17206.8
1070.06 17239.3
1070.36 17220.5
1070.35 17219.1
1071.24 17217.4
1071.31 17245.2
1071.69 17225.4
1071.63 17221.8
1070.77 17215.6
1071.35 17123.6
1071.95 17089.7
1071.37 17054
1071.25 17021
1071.23 16976.9
1071.09 16980.5
1071.04 16951.2
1071.29 16966.5
1071.23 16939
1071.08 16967.4
1071.23 16988.5
1071 16971.3
1071.92 16963.8
1072 16942.7
1071.55 16949.3
1071.59 16811.8
1071.72 16879.9
1071.72 16898.8
1072.13 17008.1
1072.3 17094.1
1071.61 17114.5
1071.65 17088.1
1071.65 17083.6
1071.9 17077.8
1070.77 17107.5
1070.74 17106.9
1070.74 17118.9
1069.45 17139.6
1069.23 17129.5
1069.17 17134
1069.44 17167.6
1069.46 17170
1070.08 17153.6
1069.76 17188.1
1072.27 17195.4
1072.26 17250.9
1072.33 17286.8
1071.91 17323.5
1071.86 17370.4
1072.25 17402.8
1072.58 17453.5
1072.58 17478.4
1072.94 17502.8
1072.78 17527
1072.5 17506.3
1072.46 17532.9
1072.76 17514.2
1072.58 17489.3
1072.59 17492
1072.51 17424.1
1071.11 17395.7
1071.1 17440
1071.3 17466.4
1072.63 17527.1
1072.91 17583.9
1073.17 17656.3
1073.17 17679.9
1073.34 17687.4
1073.32 17681.6
1073.4 17797.4
1073.4 17796.2
1073.37 17793.4
1073.36 17784.6
1073.39 17753.7
1073.51 17731.7
1073.92 17739.9
1074.09 17739.9
1075.36 17737.3
1075.36 17723.5
1076.1 17734.3
1076.22 17720.4
1076.22 17580.6
1076.22 17601.1
1076.27 17600.1
1076.24 17617.6
1076.33 17505.8
1076.94 17490.5
1076.85 17457.1
1076.84 17439.8
1080.25 17479.4
1080.41 17501.6
1080.84 17447.8
1081.02 17515.4
1081.35 17540.3
1081.32 17537
1081.33 17589.9
1081.34 17666.7
1081.36 17727.7
1081.46 17775.7
1081.77 17798.5
1081.95 17834.1
1082.04 17871.3
1082.84 17934.1
1083.6 17958.6
1087.26 18089.1
1087.26 18068.4
1087.88 18082.9
1087.92 18043.4
1088.12 18095.6
1087.87 18053.7
1087.68 18054.6
1087.74 18047.3
1088.36 18058.6
1087.85 18079
1087.84 18102
1087.57 18122.6
1087.98 18121.4
1088.02 18157.7
1087.88 18160.3
1087.88 18187.6
1087.8 18201.4
1087.85 18144.5
1087.8 18131.8
1088.15 18076.6
1088.37 18032.4
1088.37 17999.2
1088.44 17999.9
1088.57 17974.4
1088.33 17887.2
1088.25 17883.7
1088.22 17891.3
1090.32 17927.6
1090.35 17958
1090.21 17946.9
1090.21 17945.5
1090.31 17955.7
1090.7 17958.2
1091.18 17903
1091.11 17871.5
1091 17856.7
1092.4 17852
1092.16 17864.2
1092.67 17831.7
1093.45 17820.4
1093.39 17817.1
1093.37 17792.6
1093.75 17789.5
1093.88 17786.1
1094.72 17803
1094.68 17794.8
1094.95 17823.2
1095.16 17822.3
1095.26 17842.7
1095.02 17856
1094.92 17890.3
1094.85 17890.6
1095.85 17895.9
1096.05 17873.8
1095.81 17862.7
1096.69 18118.6
1096.7 18130.5
1096.55 18022.1
1097.04 17983.3
1097.1 17973.5
1097.06 17963.6
1096.66 17979.2
1096.7 17929.9
1097.11 17947.3
1097.32 17918.7
1097.32 17928.9
1097.37 17938.4
1097.75 17934
1096.83 17933.2
1096.84 17906.4
1097.24 17858.1
1097.23 17854
1097.33 17879.1
1096.43 17879
1097.76 17874.4
1097.87 17839.3
1097.89 17822.6
1097.85 17819.1
1098.88 17753.2
1098.38 17795.2
1099.52 17843.7
1099.54 17875
1099.92 17909.4
1099.89 17918.3
1100.04 17930.7
1100.85 17942.7
1100.46 17998.7
1101.01 18031
1101.05 18003.9
1101.16 17981.8
1100.99 17974.5
1100.78 17997.4
1100.6 18031.9
1100.34 18010.8
1100.42 17921.8
1100.88 17899.7
1100.87 17890.7
1102.72 17922
1102.77 17898.6
1103.51 17899.3
1103.71 17910.5
1103.97 17941.8
1103.97 17915.7
1104.01 17902.8
1104.12 17884.5
1104.86 17911.4
1105.22 17892.5
1105.21 17892.4
1105.19 17897.4
1104.92 17934.7
1104.95 17923
1104.93 17931.3
1105.16 17942.6
1105.69 17933.9
1106.35 17921.4
1106.22 17994.8
1106.25 17994.6
1106.55 17980.5
1106.56 17957.2
1106.69 17941.4
1106.75 17934.6
1106.86 17948.4
1106.96 17970.6
1107.05 17928.3
1107.05 17914.6
1107.2 17951.9
1108.03 17948.4
1107.92 17983.3
1107.99 17963.1
1108.11 17945.8
1108.28 17916.5
1108.01 17953.6
1107.69 17934.4
1107.13 17932.4
1107.33 17928.7
1107.33 17852.3
1107.41 17736.5
1107.29 17678.1
1107.37 17644.6
1107.31 17631.4
1107.12 17617.3
1107.22 17599.8
1107.19 17593.8
1106.69 17614.6
1106.7 17614.4
1106.97 17605.9
1107 17583.5
1106.89 17505.4
1106.9 17503.9
1107.43 17492.3
1107.18 17497.3
1107.38 17429.5
1107.07 17437.7
1107.13 17435.4
1107.1 17429.6
1107.11 17401
1107.17 17390.7
1107.68 17387.7
1108.33 17532.2
1108.31 17598.3
1108.25 17549.6
1108.3 17552.3
1107.93 17577
1107.76 17545.4
1107.82 17526.7
1107.71 17519.2
1107.7 17526.2
1107.6 17555.1
1107.61 17547.9
1108.22 17551.1
1107.76 17551.7
1107.63 17553.9
1106.4 17536.8
1106.07 17536
1106.24 17542.5
1107.16 17561.4
1106.98 17567.9
1107.09 17574.4
1107.22 17571.7
1107.51 17577.9
1107.63 17594.6
1108.87 17628.7
1108.86 17638.7
1108.96 17641.1
1108.93 17681.1
1108.96 17741.5
1109.01 17718.8
1108.81 17743.6
1110.3 17774.2
1110.1 17740.6
1110.46 17730.7
1109.79 17725.4
1109.81 17748.9
1108.96 17796.3
1108.88 17843.9
1108.69 17840.6
1108.69 17833.7
1108.69 17848.7
1109.03 17865.9
1109.1 17862.2
1109.25 17877.2
1109.2 17869.7
1109.04 17855.7
1108.88 17834.4
1108.9 17807.6
1108.96 17780.4
1108.78 17780.7
1108.68 17789.8
1108.32 17821.6
1108.33 17844.4
1108.68 17846.6
1108.63 17864.4
1108.53 17864.1
1108.72 17887
1108.7 17895.3
1108.95 17910.1
1108.86 17898.1
1108.82 17893.6
1108.82 17892.8
1108.72 17889.7
1108.94 17891
1108.33 17865.1
1108.59 17869.7
1108.23 17931
1107.86 17933.3
1107.41 17948.4
1107.36 17942.2
1107.41 17941.7
1107.97 17983.2
1108.62 17998.3
1108.4 18015.8
1108.15 18013.9
1108.71 18033.1
1108.66 18047.9
1108.67 18061.1
1108.76 18060.3
1109.26 18015.8
1109.47 17996.7
1109.36 18005.7
1109.29 17969.5
1109.22 17927.1
1109.26 17890.2
1109.24 17906.2
1109.23 17903.9
1109.1 17891.7
1109.25 17806.2
1109.37 17733.8
1109.51 17712.1
1109.36 17711.3
1109.28 17643.3
1109.3 17609.1
1108.92 17602.6
1108.91 17521.6
1109.89 17523.2
1110.58 17552.1
1110.33 17572.5
1110.3 17577.2
1111.22 17613.3
1111.22 17607.4
1111.24 17604.3
1111.4 17593.1
1111.48 17593.6
1111.51 17595.8
1111.42 17590.8
1111.45 17597.7
1111.41 17581.4
1111.25 17563.9
1111.34 17543.9
1111.35 17547.5
1111.49 17571.4
1111.18 17709.2
1111.15 17720.5
1111.07 17715.4
1111.07 17708.3
1111.53 17714.2
1111.07 17719.9
1111.1 17718.9
1111.16 17689.4
1112.63 17791.6
1112.68 17832.1
1112.62 17827.1
1112.76 17840.2
1112.72 17839.1
1112.8 17857.1
1112.78 17853.1
1112.51 17866.3
1112.5 17871.6
1112.74 17881.7
1112.1 17915.2
1114.12 17937.8
1114.3 17911.2
1114.6 17918.9
1114.62 17917.6
1114.45 17938.7
1114.74 18035.4
1114.89 18114.9
1114.82 18132.1
1114.64 18131.9
1114.56 18128.2
1114.79 18171.5
1114.66 18180.5
1114.63 18211.4
1114.65 18192
1114.57 18182.8
1114.83 18200.2
1114.81 18193.9
1114.36 18209.9
1114.46 18191
1114.42 18188
1114.98 18197.6
1115.44 18214.6
1115.41 18231.9
1115.22 18224.7
1115.77 18206.2
1117.5 18235.9
1117.6 18266.4
1117.74 18287.2
1118.11 18289.5
1118.35 18267.5
1118.29 18265.8
1118.39 18281
1118.48 18277
1118.48 18301.2
1118.51 18322.3
1118.49 18331.1
1118.54 18350.4
1118.44 18364.7
1119.26 18415.3
1119.26 18401.8
1119.04 18409.6
1120.25 18499.8
1120.53 18580.7
1120.57 18527.4
1120.48 18512.5
1120.14 18594.8
1119.89 18614.2
1120.01 18682.8
1120.24 18727.9
1120.21 18731.4
1120.17 18713.6
1120.37 18670.4
1120.24 18668.9
1120.17 18668.9
1120.63 18692.4
1120.55 18670.1
1120.46 18663.5
1120.72 18654.3
1120.81 18648
1120.63 18656.3
