126.905 277.31
128.823 231.047
198.689 599.223
234.245 2243.81
255.913 2070.96
269.464 1885.49
296.802 2832.54
297.05 2442.5
324.384 4227.39
348.485 8590.97
348.792 7199.46
358.483 6116.01
412.949 5434.16
415.832 6974.01
429.953 6183.77
448.764 5529.64
451.521 4934
451.682 4479.19
452.61 4408.21
469.211 4347.96
489.735 4530.5
490.228 4341.88
494.05 4411.55
495.211 4313.54
511.366 4505.67
531.902 4490.33
534.806 4334.85
537.618 4163.89
562.605 4246.69
562.681 4117.56
568.605 4069.44
570.25 3967.59
596.646 4185.23
599.035 4248.44
609.445 3915.33
624.014 4102.32
636.43 4321.62
637.035 4580.19
639.373 4789.59
655.132 5011.05
675.522 6431.98
686.718 5991.2
686.345 5930.04
703.128 6115.79
727.883 6601.21
743.456 6931.38
758.774 7912.98
763.465 7754.67
763.883 7818.02
771.751 7918.4
771.74 7925.29
786.51 7953.4
801.334 7811
804.534 8081.51
807.059 8124.92
832.516 9127.76
845.621 8763.22
851.025 9008
868.259 12499.7
895.817 9679.43
896.942 8797.25
897.524 8646.44
897.456 8792.88
897.498 8541.42
899.316 8401.27
923.097 8795.79
933.103 9297.78
934.859 9220.66
936.006 9445.53
938.5 9548.39
935.338 9535.49
936.74 9441.32
938.99 9300.65
940.359 9186.58
940.339 9096.91
944.79 9600.93
958.8 9667.88
959.925 9490.85
960.07 9377.93
944.878 9446.47
946.816 10133.5
947.816 10326
948.609 10490.9
949.714 10607.1
951.445 10660.9
948.638 10822.1
957.799 11561.5
965.854 11627
968.245 11273.2
968.737 11212.6
967.397 10998.8
967.35 10983.1
997.522 11255.6
998.678 11090.4
1002.74 12017.1
1009.91 12169.1
1009.96 13534.9
1010.22 11525
1004.75 12158.1
1006.92 12484
1012.9 12273.9
1011.44 11747.9
1012.98 11509.6
1013.8 11344.9
1014.13 11328.4
1019.9 11342.5
1032.46 12389
1034.77 12619.9
1034.46 12656.7
1033.77 12621
1041.01 13004.8
1041.87 13553.8
1045.06 13589.7
1045.08 13635.5
1044.64 13686.9
1058 13481
1060.21 13316.8
1059.72 13437
1066.69 13747.3
1066.96 13305
1068.18 13038.4
1082.85 12979.9
1089.48 12742
1090.07 12368.9
1095.3 12282
1091.84 12433
1099.07 12446.2
1099.17 12425.6
1102.67 12458.6
1103.15 12482.8
1101.36 12556.4
1101.6 12694.2
1104.16 12871.8
1106.17 12840.9
1105.97 12835.8
1108.72 12816.2
1111.06 13342.2
1113.15 13652.5
1109.6 13873.9
1108.97 13852.5
1109.5 13888.9
1115.4 14014.9
1118.71 13979.9
1119.48 13966.4
1116.7 14088.6
1118.99 13936.9
1117.12 13874.9
1128.56 13840.9
1130.45 14175.5
1130.39 14116.6
1131.84 13962.8
1131.85 13704.2
1137.31 13917.8
1138.9 13935.1
1139.73 13958.7
1142 13987.7
1142.21 13907.8
1144.49 14928.8
1147.02 14773.7
1147.54 14656.4
1149.31 14706.8
1154.77 14775.3
1157.72 14918.3
1157.78 14911.4
1157.82 14799.1
1158.81 14780.1
1157.85 14645.4
1158.07 14664.8
1157.47 14740.6
1168.07 15328.3
1167.44 15418.5
1171.66 15078.4
1171.53 15118
1171.16 15174.4
1171.45 15214.9
1171.11 15197.6
1175.52 15302.4
1176.43 15396.6
1176.26 15308.6
1188.17 15406.7
1187.95 14820.6
1190.43 15099.3
1189.72 15108.9
1189.09 15092.8
1189.77 14879.3
1199.42 14954.3
1186.73 16110.5
1188.3 16891.6
1187.8 17080.3
1193.38 17351
1193.67 16565.6
1193.71 16031.9
1193.74 16072.1
1193.99 15942
1197.28 15925.3
1197.18 16033.7
1198.22 16042.3
1198.7 15981
1205.88 16123.1
1204.19 15821.7
1205.54 15837.1
1208.53 15865.5
1207.76 15929.1
1207.02 15949.6
1216.23 16085
1216.26 15753.3
1215.67 15745.2
1215.64 15636.6
1216.01 15582.7
1216.61 15565.8
1216.1 15521.5
1215.97 15537.6
1216.93 15542.9
1216.61 15540.7
1216.91 15550.1
1216.24 15638.4
1216.52 15694.5
1216.24 15832.3
1216.21 15796.9
1217.47 15831.1
1218.73 15844.2
1218.61 15919.2
1223.77 15954
1226.39 15978
1231.43 16189
1229.96 16143.4
1230.29 16287.1
1233.22 16465.1
1233.25 16458.9
1233.31 16381.3
1234.18 16331.3
1234.33 16249.5
1233.72 16248.8
1239.01 16489.3
1239.11 16251.8
1244.21 16289.4
1244.41 16282
1244.21 16283.6
1244.75 16332.7
1244.93 16350.5
1249.87 16418
1250.42 16274.2
1249.84 16346.9
1250.31 16383.3
1250.09 16405.4
1250.39 16422.1
1251.68 16515.8
1251.6 16511.5
1248.08 16658.5
1248.8 16692.7
1248.87 16705.9
1248.86 16685.3
1248.72 16715.1
1248.78 16710.4
1252.38 16827.8
1252.8 16608.2
1252.82 16664.9
1252.27 16719.8
1255.85 16722
1256.54 16719.4
1256.53 16744.9
1256.95 16709.8
1256.76 16642.6
1257.05 16630.3
1255.9 16716.6
1256.31 16862.6
1256.42 16838.5
1256.19 16847.3
1256.55 16900
1256.61 16838.1
1256.6 16824.1
1260.89 16834.7
1259.96 16835
1259.96 16848
1259.98 16835.8
1260.65 16829.5
1259.21 16769.5
1260.4 16816.3
1260.36 16793.5
1260.92 16800.6
1261.03 16799.5
1263.2 16797.1
1262.62 16783
1262.68 16778.9
1264.13 16857.4
1264.58 16836.3
1265.53 16855.1
1266.19 16857.8
1266.17 16828.8
1266.48 16854.8
1266.52 16880.1
1266.67 16886.2
1267.96 16877.8
1280.53 16779.5
1281.87 16707.7
1280.72 16801.2
1280.47 16841.1
1280.6 16847.4
1294.03 16683.6
1294.08 16797.2
1294.19 16864.3
1294.48 16902.7
1294.32 16950.6
1294.65 17042
1294.63 17083.7
1294.98 17140.8
1295.1 17140.3
1298.42 17082.4
1298.87 17084.2
1298.81 17060.3
1299.55 17052.7
1299.41 17055.2
1299.31 17069.7
1300.13 17057.4
1300.1 17049.6
1300.12 17045.8
1300.38 17039
1301.78 17063.6
1301.84 17224.5
1302.09 17282.1
1301.99 17267.1
1302.06 17223
1303.09 17200.7
1305.16 17236.7
1305.09 17225.3
1305.19 17244.6
1307.45 17287.8
1307.53 17267.7
1308.35 17291.9
1306.1 17497.7
1306.08 17616.7
1306.29 17686.6
1308.15 17723.8
1306.86 17748.1
1306.35 17756.4
1307.03 17760.3
1307.88 17787.4
1307.9 17823.6
1308.82 17893.2
1308.91 17915.7
1307.82 17953.4
1308.17 18022.8
1310.01 18007
1310.28 18023.9
1311.86 18055.9
1312.1 18096.1
1312.17 18087.3
1313.1 17959
1312.99 17926
1313.09 17841.2
1313.06 17869.3
1312.95 17903.3
1312.26 17927
1312.28 17939.4
1313.31 17931.4
1316.38 18004.9
1316.35 18190.9
1316.71 18231.3
1316.67 18235.1
1317.97 18267.5
1318.32 18299.8
1317.28 18318.1
1317.34 18394.8
1317.71 18568.4
1317.83 18645.2
1324.48 18741.7
1324.38 18941.8
1323.47 19032.8
1323.71 18978.1
1325.55 19075.4
1325.71 19113.7
1325.8 19137.2
1325.11 19171.4
1324.41 19223.7
1324.41 19213.8
1324.23 19191.4
1324.25 19209
1324.24 19211
1324.48 19240.7
1324.63 19271.7
1325.01 19297.9
1324.91 19292.4
1324.87 19287.9
1324.7 19230.7
1325.62 19172.3
1326.42 19178.5
1326.51 19185.4
1326.53 19170.9
1326.91 19179
1326.69 19187.6
1326.6 19185.6
1325.96 19181.9
1327.42 19272.1
1327.25 19177.1
1328.74 19164.4
1328.8 19192.6
1329.31 19210.1
1329.41 19217.1
1329.48 19217.9
1329.49 19218
1329.96 19208.8
1331.28 19209.9
1331.83 19183.5
1331.79 19192.1
1331.79 19212.6
1337.64 19215.3
1337.55 19265.3
1337.86 19249.5
1337.67 19242.1
1337.72 19245.8
1340.96 19255.9
1341.29 19331.5
1341.24 19325.9
1341.21 19320.9
1341.37 19334.7
1341.19 19302.5
1341.2 19324.6
1341.04 19322.2
1341.39 19333.8
1344.3 19321.3
1344.17 19295.8
1344.08 19291.4
1344.19 19295
1344.13 19313.8
1343.85 19281.2
1343.96 19207.8
1343.38 19238.1
1343.43 19225.1
1343.58 19218.2
1343.75 19229.3
1345.95 19314.3
1345.95 19291.4
1346.09 19272.6
1346.06 19293.3
1347.05 19366.4
1346.82 19283.4
1346.52 19291.1
1346.49 19282
1346.47 19287.6
1350.35 19321.7
1350.23 19470.5
1350.87 19536.4
1350.92 19569.2
1351.11 19590.8
1352.32 19679
1352.26 19645.8
1352.34 19615.2
1352.2 19579.5
1352.18 19551.2
1352.19 19542.8
1352.1 19546.2
1352.08 19536.6
1351.12 19564.1
1351.37 19620.5
1351.27 19651.7
1350.21 19804.9
1350.31 19868
1350.41 19896.6
1351.36 19956.3
1351.43 19950.6
1351.37 20000.6
1351.33 20184.7
1353.12 20216.7
1354.15 20219.4
1354.52 20167.3
1354.85 20169.2
1354.35 20222.9
1354.39 20365.8
1354.39 20134.9
1354.46 20110
1354.61 20107
1354.55 20109.8
1354.6 20123.2
1355.22 20116.2
1355.91 20135.9
1355.71 20161.6
1355.89 20101.5
1356.37 20080.8
1356.37 20082.9
1356.66 20124.5
1356.36 20133.2
1357.28 20100
1357.48 20043.1
1358.83 20081.3
1358 20136.6
1357.99 20145.7
1357.89 20123.3
1358.69 20084.8
1358.67 20114.1
1358.56 20128.9
1358 20176.8
1358.04 20139.1
1358.73 20140.9
1358.72 20186
1358.67 20197.3
1358.81 20211.6
1358.29 20319.2
1358.48 20278.4
1358.02 20245.9
1358.04 20257.6
1358.05 20273
1358.06 20275.8
1358.05 20272.5
1357.98 20259.5
1357.33 20228.2
1357.62 20245.5
1357.59 20230.2
1357.01 20230.5
1357.14 20237.1
1356.27 20226.2
1357.9 20259.7
1358.74 20407.2
1359.05 20477.7
1359.03 20463.5
1358.86 20463
1358.86 20477.1
1358.68 20585.8
1359.07 20594.6
1359.09 20589.3
1359.15 20575.1
1359.69 20614.7
1360.08 20662.4
1359.97 20661.2
1359.95 20670.6
1359.91 20715.4
1360.58 20717
1360.68 20758.9
1360.92 20751
1361.35 20785.3
1361.27 20786.4
1361.59 20819.3
1361.52 20805.2
1361.68 20807.6
1361.69 20829.4
1361.69 20848.3
1361.95 20873.3
1362.51 20885.9
1362.49 20889.7
1362.8 20896.5
1362.87 20899.9
1363.29 20868.1
1363.3 20798.2
1362.48 20818
1363.16 20893.1
1363.15 20875.1
1362.79 20878.8
1362.77 20874.7
1358.04 21108
1358.05 21041.7
1358.36 20960.8
1358.33 20902.6
1358.28 20852.1
1358.07 20837
1357.88 20796.2
1357.03 20769.6
1361.76 20796.4
1361.48 20741.4
1361.93 20743.1
1362 20747.8
1362.61 20767.2
1362.66 20753.9
1361.99 20781.1
1362.57 20890.8
1362.26 21046.4
1362.77 21119.4
1363.13 21103.3
1363.22 21138.6
1363.23 21155.4
1363.24 21163.3
1363.69 21181.8
1365.41 21163.5
1364.95 21029.4
1365.96 21080.9
1365.38 21076.4
1365.38 21067.8
1365.87 21092.8
1365.96 21111.3
1365.51 21119.4
1365.6 21114.6
1365.76 21101.1
1365.4 21093.5
1364.86 21100.6
1364.7 21091.7
1364.72 21091.5
1365.02 21046.4
1365.03 21021.9
1365.55 20985.2
1365.78 20912.2
1366.02 20826.1
1365.68 20804.6
1365.7 20825.8
1365.73 20814.4
1365.85 20800.7
1366.9 20793.6
1366.97 20652.1
1367.17 20614.9
1367.69 20583.2
1367.61 20564.9
1367.44 20543.5
1367.45 20517.9
1367.47 20482.9
1367.68 20490.1
1369.32 20498.3
1369.7 20455.5
1369.77 20432.3
1369.8 20381.9
1369.77 20347.3
1369.81 20337.8
1370.38 20349.3
1370.83 20352.8
1370.38 20449.1
1370.29 20473.7
1370.11 20407.4
1370.69 20427.8
1370.65 20405
1370.58 20402.7
1370.63 20369.2
1370.56 20362.9
1370.57 20357.3
1370.57 20343.2
1369.61 20446
1369.09 20462.5
1369.23 20426.6
1369.34 20416.2
1369.36 20382.4
1369.25 20384
1369.23 20411
1369.16 20362.7
1370.29 20331
1370.32 20390
1370.06 20408.5
1370.31 20419.4
1370.28 20427.1
1370.42 20432.5
1371.03 20442.8
1370.82 20448.5
1370.67 20440.9
1370.73 20425.1
1370.77 20425.6
1371.61 20409.4
1372.25 20373.4
1372.19 20401.7
1372.39 20410.8
1372.37 20427.7
1372.28 20431.4
1373.44 20482.3
1373.45 20538.7
1373.47 20557.1
1373.42 20570.8
1373.36 20585.9
1373.47 20560.9
1373.38 20534.9
1372.97 20548.4
1372.99 20538.9
1373.07 20534.8
1372.81 20559.2
1373.25 20587.7
1370.34 20569.4
1370.28 20665.8
1370.72 20674.5
1371.23 20646.9
1371.22 20649.1
1371.15 20649.7
1367.22 20701.6
1367.09 20754.4
1367.4 20751.3
1367.38 20775.7
1367.38 20778.8
1367.45 20780.9
1367.22 20784.7
1367.1 20771.5
1367.21 20732.7
1367 20712.9
1366.99 20704.9
1366.72 20697.8
1369.14 20749.1
1369.19 20779.7
1369.36 20763.1
1369.44 20755.1
1369.7 20741.5
1369.78 20717.6
1369.72 20801.8
1369.87 20840.6
1370.35 20852.3
1370.55 20884.4
1370.9 20914.5
1370.78 20924.4
1370.63 20930.5
1370.63 20945.9
1370.41 20911.6
1370.4 20887.8
1370.96 20865.9
1371.5 20915.5
1371.39 20842.5
1371.43 20849.6
1372.04 20860.2
1372.03 20859.5
1372.12 20866.3
1371.87 20887.5
1371.9 21007.4
1371.78 21004.8
1371.81 21004
1371.75 20981.9
1371.66 21000.6
1371.67 21019.5
1372.65 21021.8
1372.48 21006.2
1372.58 20998.9
1372.3 21007.4
1372.54 21040.5
1372.11 21013.3
1372.34 21014.9
1373.31 21005
1373.73 21035.4
1374.26 21000
1374.26 20975.3
1375.13 20964.3
1375.26 20962.9
1375.28 20947
1375.3 20956.2
1375.33 20966.5
1375.37 20977.7
1375.24 21003.6
1375.12 21057
1375 21061.3
1374.86 21009.4
1374.79 20970.9
1374.8 21064.6
1374.87 21087.3
1375.12 21044.5
1375.28 20999.4
1375.15 20959.5
1375.13 20919.9
1375.24 20911.6
1375.37 20906.7
1375.32 20896.4
1375.5 20882.3
1376.13 20894.2
1376.04 20892.8
1376.06 20897.2
1375.98 20874
1375.91 20905.1
1375.93 20872.9
1376.07 20859.9
1376.14 20850
1376.19 20823.5
1376.19 20832.1
1376.24 20820.6
1376.39 20808.2
1376.2 20793.2
1376.7 20747.4
1376.69 20758.9
1376.78 20739.7
1376.98 20697.9
1377.46 20674.4
1377.62 20724.1
1376.52 20717.1
1376.48 20720.8
1376.19 20731.9
1375.95 20738.8
1375.95 20753.7
1375.26 20771
1375.53 20819
1376.58 20859.1
1376.58 20876.6
1376.49 20888.3
1375.9 20870.1
1375.9 20916.4
1375.89 20920.3
1375.95 20919.7
1374.77 20996.4
1374.78 20994.8
1374.78 20942.3
1375.4 21021
1375.66 21250
1375.7 21203.5
1375.84 21220.5
1375.75 21245.2
1375.72 21201.5
1375.53 21158.5
1375.72 21149.3
1375.65 21129.2
1376.03 21107.3
1379.17 21085.3
1379.23 21087.4
1380.03 21095.1
1379.65 21100.9
1379.38 21111.7
1379.35 21143.3
1379.35 21152.4
1379.55 21162
1379.5 21147.2
1379.69 21095.9
1381.11 21121
1381.21 21124.5
1381.01 21095.8
1380.81 21094.7
1380.68 21099.2
1381.02 21094
1380.8 21142.4
1380.68 21155
1380.7 21157.7
1380.92 21159.3
1380.92 21099.5
1380.28 21143.6
1380.27 21152.7
1380.23 21099.9
1380.29 21117.2
1380.4 21161.6
1381.13 21141.8
1381.85 21161.8
1382.02 21179.7
1382.43 21190.8
1382.44 21168.2
1382.47 21150.7
1382.82 21167
1383.29 21201.4
1383.29 21186.9
1383.28 21176.3
1383.43 21201.5
1383.08 21235.5
1382.76 21239.5
1382.86 21263.8
1382.7 21274.3
1382.7 21282.4
1382.8 21280.2
1382.71 21274.5
1382.62 21276.8
1382.62 21198.6
1382.32 21304.6
1382.37 21324.7
1382.3 21326.5
1382.41 21311.4
1383.16 21353.8
1383.35 21303.2
1383.35 21260.3
1383.4 21204.9
1383.47 21277.9
1383.5 21251.6
1383.9 21291.3
1383.82 21295.4
1384.86 21286.4
1385.03 21295.8
1385.19 21248.6
1385.05 21279.3
1385.01 21324.9
1384.73 21329.7
1384.97 21343.8
1384.9 21317.1
1384.88 21310.3
1384.97 21297.3
1385.02 21279.3
1384.99 21278.2
1385.35 21235.6
1384.9 21235.7
1384.48 21341.8
1384.52 21380.6
1384.61 21391.2
1384.45 21405.5
1384.42 21433.7
1384.39 21383.6
1384.54 21417.1
1385.26 21426.6
1385.3 21433.7
1385.32 21438.4
1385.01 21479.6
1385.35 21532.4
1385.25 21575.3
1385.46 21611.2
1385.47 21606.2
1385.62 21622.1
1385.47 21647.6
1385.42 21647.5
1385.41 21641.7
1385.57 21646.5
1385.17 21682.3
1385.59 21664.2
1385.57 21649.4
1385.62 21641.5
1385.48 21634
1385.35 21577.6
1385.35 21544.5
1385.84 21543.6
1385.67 21524.9
1385.66 21559.3
1385.64 21556.4
1385.61 21581.2
1385.61 21580.3
1385.72 21585.4
1385.72 21579.1
1385.62 21562.1
1385.61 21557.5
1385.57 21539.5
1385.74 21533.8
1385.9 21491.9
1385.86 21489.8
1385.99 21483.5
1386.05 21499.8
1386.21 21501.4
1386.52 21515.4
1386.4 21516.2
1386.43 21506.4
1388.08 21576.1
1387.78 21659.1
1387.77 21653.7
1387.47 21639.6
1387.55 21655.6
1387.42 21676.4
1387.15 21654.5
1387.21 21636.7
1387.52 21662.7
1387.77 21683.7
1387.71 21711.8
1388.33 21739.7
1388.19 21773.6
1388.16 21776.3
1387.83 21790.1
1386.67 21842.9
1386.8 21852
1387.09 21895.4
1387.06 21903.8
1387.41 21911.2
1389.92 21946.6
1390.12 21952.4
1391.49 21943
1391.6 21971.4
1391.58 21968.9
1391.64 21975.3
1391.42 21967.3
1392.1 21955.8
1392.39 21976.5
1392.39 21981.9
1392.36 21985.3
1392.44 22071.3
1393.87 22026.8
1393.88 22100.2
1393.88 22096.8
1393.9 22088.7
1393.91 22089.2
1393.69 22090.4
1394.18 22146.6
1394.19 22138.5
1394.2 22136.1
1391.38 22178.7
1391.38 22144.2
1391.53 22150.1
1391.42 22140.8
1391.52 22133.4
1391.56 22122.1
1391.55 22117.8
1391.59 22117.3
1391.57 22116.1
1395.14 22228.7
1395.04 22253
1394.9 22252.3
1394.92 22233.5
1393.99 22230.2
1393.92 22327.2
1393.84 22321.2
1394.45 22332.8
1394.44 22298.2
1394.19 22398.5
1393.91 22371.9
1393.86 22382.3
1393.87 22374.6
1394.16 22395.3
1394.82 22372.8
1395.2 22390.2
1396.64 22438.3
1396.72 22396.2
1396.48 22398
1397.47 22387.4
1398.44 22417.3
1399.25 22413
1398.58 22448.8
1399.66 22418.4
1399.74 22422.1
1399.8 22437.8
1399.65 22433.9
1399.65 22466.9
1399.58 22396.3
1399.68 22385.4
1399.66 22376.5
1399.45 22366.4
1399.48 22385.1
1399.41 22439.5
1400.12 22450.6
1400.27 22609.1
1399.9 22611.3
1399.64 22637.5
1399.63 22645.6
1400.41 22653.1
1400.96 22615.9
1401.59 22599.9
1401.92 22586.2
1401.99 22573.3
1403.33 22620.4
1403.32 22562.1
1403.3 22559.6
