136.132 377.959
259.326 528.668
259.367 478.184
260.243 465.87
322.514 944.884
380.514 1624.36
380.558 1375.74
390.924 1806.6
409.447 1950.19
413.99 1791.54
486.636 2045.61
480.64 2059.27
481.729 2100.22
527.217 2939.72
526.636 3784.57
566.763 3616.17
569.104 4009.59
602.44 3724.48
605.474 4220.83
625.194 4282.83
636.043 4287.13
639.193 4511
638.294 4559.44
641.52 4523.36
641.907 4490.03
642.054 4477.89
643.982 4588.27
644.925 4608.31
651.967 4634.16
657.877 4897.6
659.467 4927.42
654.126 4951.3
667.525 5299.18
668.099 5180.88
671.996 5098.77
671.98 5041.24
689.174 5283.04
690.856 5204.57
690.822 5218.01
702.911 5201.36
702.63 5279.63
704.687 5257.03
717.008 5379.51
721.487 5458.31
752.565 5930.51
754.662 5782.11
764.951 5876.02
765.019 6155.29
765.588 6451.34
776.266 6884.66
774.472 6897.3
797.31 6941.71
822.894 7231.52
839.322 7414.55
843.353 7114.72
843.388 7071.8
844.149 7127.01
865.864 8069.41
870.491 8142.13
871.462 9634.34
890.051 7768.29
890.366 7564.27
890.773 7458.27
892.553 7477.37
894.584 7524.28
899.776 7367.2
902.538 7289.82
902.093 7166.98
903.785 7152.31
906.607 7147.24
907.352 7152.73
908.189 8055.58
908.862 8358.49
907.979 8398.15
908.012 8347.41
913.991 8251.42
913.339 8155.39
917.055 8332.55
924.778 9165.41
926.556 9070.51
931.92 8856.74
932.187 8846.2
945.375 9584.02
953.215 9695.85
964.855 9469.96
969.681 9515.28
970.45 9418.52
971.503 9308.58
976.208 9298
976.152 9263.69
979.628 9335.23
979.86 9453.07
980.617 9555.66
980.365 9617.69
980.336 9644.55
983.535 9671.41
1004.32 9402.14
1005.66 9414.58
1005.66 9435.15
1007.98 9569.22
1008.38 9565.01
1009.42 9611.7
1009.95 9591.33
1010.5 9617.29
1008.95 9679.81
1011.12 9646.27
1014.93 9602.37
1017.46 9598.04
1022.65 9519.42
1021.57 9589.99
1021.16 9570.31
1021.66 9501.83
1020.57 9471.99
1023.09 9413.38
1023.77 9437.59
1024.19 9445
1023.31 9389.27
1022.57 9467.07
1024.22 9567.07
1023.22 9423.14
1027.07 9469.53
1033.89 9163.05
1031.14 9306.42
1031.1 9437.18
1032.73 9614.4
1030.22 9718.81
1039.9 9908.56
1040.11 10050.4
1040.77 10216.2
1041.53 10382.5
1043.69 10539.2
1043.61 10620.6
1038.49 12759.1
1038.45 11946.2
1041.74 11582.9
1044.12 11295.3
1046.51 11190.6
1046.21 11089
1051.08 11151.6
1051.47 11275.9
1049.3 11393.1
1048.84 12067.6
1050.09 11679.6
1054.05 11528.8
1059.71 11239.5
1059.55 11138.9
1059.49 11041.1
1061.13 10980.9
1060.76 11046.1
1063.27 11005.3
1064.66 11093.5
1062.51 11320
1064.03 11215.8
1063.89 11249.9
1064.23 11179.2
1063.86 11204.1
1064.07 11210.8
1066.15 11141.5
1067.41 11120.5
1069.99 11124.9
1069.92 11137.2
1076.75 11234.6
1076.44 11305.8
1077.02 11284
1077.16 11279.6
1078.05 11240.8
1080.56 11193
1080.54 11118.1
1081.31 11072.9
1081.64 11086.7
1082.98 11042.5
1083.57 11119.5
1083.22 11133
1083.8 11096.4
1083.83 11055.9
1085.53 11061.5
1084.77 11091
1083.17 11134.8
1086.87 11116
1087.13 11118.4
1086.82 11233.3
1086.11 11234.2
1086.02 11218.5
1087.19 11196.2
1088.63 10858.7
1087.89 10830.4
1098.67 11158.9
1099.01 10987.5
1098.87 10808.3
1098.76 10758.4
1096.04 10817.1
1096.03 10734
1096.96 10541.6
1096.91 10439.4
1094.39 10209.2
1094.48 10127.7
1094.73 10202.5
1094.78 10292.6
1093.84 10176.9
1093.81 10086.6
1093.19 10024.5
1106.23 10162.9
1105.55 10388.7
1106.06 10653.3
1104.85 10669.2
1104.83 10651.7
1104.8 10724.3
1105.32 10727.4
1106.81 10692.4
1107.04 10560.9
1106.97 10446.6
1107.97 10381.5
1108.45 10319.5
1109.64 10255.3
1109.55 10227.4
1109 10189.2
1109.41 10187.5
1110.02 10184.4
1110.08 10168.1
1110.92 10164
1110.61 10157.4
1110.98 10196.4
1111.08 10216.9
1112.21 10253.7
1112.19 10161
1111.58 10077.1
1110.42 10089
1111.9 10142.4
1111.91 10114.2
1112.12 10134
1116.01 10330.1
1116.01 10329.5
1116.88 10308.1
1117.23 10321.2
1117.42 10335.9
1117.08 10347.2
1117.39 10366.5
1118.63 10423.9
1120.96 10524.7
1120.65 10543.4
1120.92 10531.8
1123.98 10686.7
1124.42 10784.8
1125.07 10900.6
1125.37 10881.2
1126.84 10794.5
1127.45 10753.9
1127.14 10758.1
1127.31 10792.8
1127.82 10793.1
1127.61 10816.5
1128.2 10816.7
1128.21 10813.9
1129.56 10820.3
1130.96 10818.5
1130.5 10782.9
1130.39 10753
1130.61 10712.1
1130.47 10675.5
1130.74 10628.1
1132.12 10579
1131.97 10640.6
1131.64 10702.5
1131.69 10723.2
1131.08 10730.9
1132.13 10726.2
1132.42 10763.4
1132.93 10779.7
1132.5 10635.2
1132.5 10600.1
1132.51 10613.7
1133.01 10653.1
1132.9 10648
1132.43 10642.8
1132.59 10666
1133.38 10682.5
1133.43 10694.6
1134.33 10735.4
1134.16 10690.2
1134.23 10644.7
1133.67 10617.7
1132.4 10755.5
1133.41 10509.6
1133.96 10434
1133.85 10471.6
1134.9 10534.5
1134.84 10501.5
1136.06 10654.6
1135.82 10601.3
1136.19 10646
1136.24 10664.5
1136.28 10689.4
1137.98 10704.7
1138.4 10691.3
1138.45 10672
1138.93 10640.3
1139.18 10636.8
1139.14 10576.4
1139.16 10866.2
1139.16 10565.1
1139.67 10430
1138.64 10336.7
1137.93 10309.9
1137.78 10317.9
1139.37 10376.4
1139.3 10407
1139.08 10422
1139.03 10444.2
1139.56 10494.6
1139.23 10475.5
1137.88 10659.7
1137.41 10371.4
1137.56 10274.1
1137.55 10256.2
1137.79 10304.4
1137.89 10351.6
1137.95 10393.6
1138.24 10433.7
1138.03 10451.8
1138.07 10521.8
1138.06 10527.1
1138.08 10560.5
1138.52 10598.4
1137.92 10525.4
1137.2 10537.5
1137.01 10757.2
1136.09 10767.9
1136.03 10755
1137.75 10813.5
1138 10859.3
1137.96 10896.7
1138.22 10979.7
1138.14 11007.1
1137.99 11009
1138.42 11020.7
1138.19 11034
1137.92 11033.5
1138.8 11032.7
1137.72 10960.9
1137.73 10898.5
1138.36 10822
1138.15 10825.5
1138.07 10822.1
1138.23 10824.5
1138.71 10826.2
1139.01 10822.2
1139.08 10845.6
1139.6 10841.9
1139.88 10908.2
1139.64 10936.2
1139.13 10957.1
1139.1 10945.9
1139.14 10933.9
1139.14 10935.7
1138.7 10930.8
1138.9 10893.5
1139.04 10873.7
1139.18 10851.2
1138.97 10852.1
1138.96 10830.1
1140.44 10839.1
1140.89 10851
1140.49 10852.4
1139.95 10856.5
1140.76 10887.1
1140.27 10857
1141.16 11138.7
1141.18 11175
1142.18 11188.9
1142.15 11161.8
1142.15 11142.3
1142.46 11115
1142.46 11116.7
1144.38 11116.2
1144.49 11153.2
1144.56 11173.5
1144.16 11181.8
1144.11 11234.7
1144.03 11243.2
1143.03 11272.3
1143.02 11249.2
1143.04 11243.3
1143.91 11216.8
1143.3 11158
1143.31 11100.5
1143.25 11165
1143.42 11362.9
1143.53 11175
1143.76 11030.7
1144.1 11000.9
1144.02 11087
1143.87 11043.1
1143.82 11221.6
1145.29 11315.4
1145.51 11294.6
1146.4 11290.4
1146.29 11296.9
1146.48 11249.3
1147.41 11248.3
1147.67 11260.3
1147.96 11259.1
1148.22 11240
1148.7 11244.3
1148.98 11221.8
1148.77 11201.4
1149.27 11189
1149.37 11211.3
1149.38 11206.8
1149.69 11216.7
1150.04 11185.1
1150.18 11165.9
1150.87 11167
1151.4 11190.1
1151.5 11183.5
1151.67 11183.2
1151.7 11165.9
1151.71 11136.1
1151.72 11138.3
1152.07 11130.9
1152.37 11122.3
1152.45 11124.8
1152.45 11113.3
1152.57 11123.3
1152.41 11114.1
1152.64 11116.1
1152.89 11135.3
1154.21 11182.4
1154.44 11179.2
1154.45 11130.6
1154.72 11123.8
1154.66 11132
1154.69 11113.7
1154.56 11117.1
1154.57 11112.2
1154.69 11093.2
1154.72 11063.9
1155.06 11054.5
1154.61 11106
1154.49 11105.4
1154.49 11096.9
1154.43 11101
1153.64 11052
1153.5 11037.9
1152.73 11006.3
1152.72 11007.6
1152.79 11020.7
1152.79 11053.6
1153.12 11039.4
1153.35 11087.4
1153.65 11125
1154.09 11202.1
1153.95 11174.3
1154.79 11190.2
1154.79 11152
1154.81 11137.1
1155.1 11150.2
1155 11146.4
1156.56 11271.6
1156.79 11295
1156.42 11281.3
1156.71 11317.7
1155.66 11335.3
1155.67 11366.8
1155.84 11429.7
1156.1 11461.7
1155.97 11422
1155.95 11408.4
1156.11 11403.8
1156.12 11360.2
1156.11 11391
1156.64 11400
1156.52 11399.9
1156.64 11418.6
1156.9 11429.4
1156.96 11411.8
1157.03 11399.1
1157.37 11426.9
1157.19 11427.8
1157.22 11411.9
1157.98 11425.3
1158.9 11445.8
1159.16 11460.8
1158.95 11448.8
1158.62 11454.8
1158.63 11462
1158.84 11486.9
1158.7 11486.7
1158.31 11453.3
1158.32 11500.9
1158.29 11544.4
1158.51 11569.7
1158.26 11579.8
1158.4 11598.9
1158.46 11613.9
1158.94 11690.3
1159.44 11754.1
1159.54 11774.6
1159.73 11793
1160.05 11831.4
1161.05 11882.2
1160.95 11902.4
1160.96 11926.9
1160.96 11970.6
1160.74 11982.5
1160.54 11967.8
1160.53 12009.7
1161.15 12028.5
1161.29 12034.9
1161.03 12053.5
1160.9 12080.7
1160.78 12113.9
1160.72 12156.4
1160.48 12137.4
1160.14 12133.9
1159.92 12076.1
1159.74 12029.4
1159.63 12053.7
1159.6 11995.6
1159.64 11860.6
1159.64 11834.9
1160.02 11914.5
1160.51 11923.7
1160.66 11939.9
1160.65 11961.9
1160.75 11976.5
1160.65 11951.5
1160.28 11946.7
1159.96 11938.7
1159.89 12003.3
1160.97 12021.2
1160.59 12109
1160.15 12079.8
1160.46 12089.6
1161.03 12141.6
1160.83 12115.2
1160.99 12057.6
1161.14 12073.1
1161.28 12065.7
1161.92 12058.6
1161.95 12089.4
1161.99 12129.1
1161.98 12149.7
1161.87 12165
1161.85 12179.6
1162.49 12193
1162.45 12232.2
1162.75 12244.8
1162.96 12231.1
1162.96 12236.9
1163.38 12165.3
1163.26 12199.5
1163.31 12203.8
1163.57 12218.4
1163.58 12233.4
1163.8 12286.4
1163.79 12296.3
1164 12315.4
1164.11 12242.8
1163.68 12175.8
1163.78 12172.3
1164.19 12193.1
1163.84 12182.2
1163.86 12187.5
1163.98 12203.9
1163.96 12175.5
1164.43 12156.6
1164.43 12166.8
1164.57 12178.9
1164.54 12145.5
1164.49 12135.9
1164.63 12155.7
1164.66 12165.6
1164.69 12172
1164.73 12141.4
1164.92 12131.7
1165.54 12119.4
1165.55 12131.5
1165.37 12171
1165.55 12174.6
1165.67 12179.8
1166.42 12203.5
1166.3 12241.4
1166.53 12211.3
1166.58 12190.1
1166.87 12193.3
1166.88 12203.8
1167.81 12336
1167.82 12343.5
1167.85 12223.8
1168.21 12265.3
1168.15 12276.2
1168.9 12227.2
1168.84 12304.2
1168.8 12342.6
1168.86 12329.5
1169.02 12316.5
1169.09 12343.5
1168.99 12384.1
1169.2 12406.9
1169.22 12400.7
1169.89 12475.1
1170.36 12558.1
1170.33 12582.5
1170.33 12575.9
1170.27 12572.6
1170.22 12569.9
1169.96 12575.6
1169.78 12643.5
1170.19 12654.1
1170.31 12658.3
1170.38 12662
1170.69 12672.8
1170.86 12680.8
1170.85 12697.8
1170.8 12700.1
1170.63 12672
1170.51 12638
1170.81 12642
1170.87 12693.3
1170.93 12774.7
1171.01 12840.6
1170.96 12899
1170.29 12936.9
1170.58 12994.6
1170.6 13029.6
1170.72 13066.2
1170.63 13101.2
1170.85 13117
1170.8 13087.4
1170.73 13187.2
1170.74 13174.9
1170.78 13157.4
1170.79 13176.5
1170.77 13144.8
1170.57 13525.2
1169.78 13542.5
1169.92 13528.3
1170.08 13441
1170.07 13469.5
1170.19 13448.9
1170.61 13487.6
1170.89 13512
1171.14 13548.7
1171.15 13559.9
1171.08 13562.4
1171.09 13582.7
1171.41 13602.4
1171.21 13625.5
1171.36 13629.6
1171.9 13697
1171.63 13702.5
1171.77 13698.6
1172.08 13728.4
1172.27 13662.2
1172.37 13659.3
1173.14 13693.9
1173.6 13711.3
1173.5 13730.7
1173.79 13740.1
1173.76 13913.2
1173.78 13956.6
1174.13 14173.8
1174.64 14207.2
1174.82 14217.5
1174.69 14244.4
1174.7 14264.6
1174.73 14268.2
1175.02 14258.2
1175.25 14284.3
1175.29 14293.9
1175.29 14294.5
1175.29 14300.2
1176.35 14315.5
1177.23 14579.7
1177.21 14525.8
1178.2 14518
1178.14 14530
1178.26 14549.2
1178.3 14547.6
1178.57 14632.2
1180.33 14469.4
1179.56 14390.9
1179.42 14386.1
1179.03 14359.2
1179 14347.8
1178.97 14299.7
1178.64 14253.6
1178.33 14252.3
1178.61 14295.6
1178.71 14248.1
1178.72 14194.9
1179.14 14168.6
1180.6 14359.8
1180.59 14420.7
1180.54 14446.7
1180.62 14491
1180.83 14523.3
1181.04 14548.1
1180.84 14538
1180.71 14554.2
1181.5 14604.5
1181.54 14619
1181.08 14596.4
1181.03 14581.7
1181.2 14631
1181.35 14620.9
1181.55 14571.7
1181.28 14552.2
1181.9 14597.4
1182.69 14530.3
1182.7 14507.2
1182.7 14517.3
1182.72 14526.1
1184.58 14580.4
1184.58 14606.7
1184.06 14546
1184.07 14538.2
1184.46 14520.9
1184.37 14520.6
1184.53 14529.6
1184.48 14540
1184.47 14570.4
1184.67 14612.7
1185.06 14618
1186.27 14649.8
1186.36 14636.1
1186.43 14646.3
1186.44 14649.6
1186.37 14659.5
1186.67 14587.2
1186.77 14559.3
1187.1 14468.2
1187.37 14373.7
1187.46 14376.9
1187.5 14393
1187.57 14373.5
1187.81 14383.9
1188.12 14343.5
1187.96 14368.1
1189.47 14364.8
1189.54 14431.8
1189.57 14444
1189.67 14437.6
1189.87 14430.5
1190.26 14439.6
1190.79 14415.6
1191.25 14383.5
1191.18 14384.5
1191.2 14386.7
1192.65 14472.2
1193.09 14490.4
1193.07 14452.1
1193.29 14443.1
1193.28 14444.8
1193.63 14467.3
1194.42 14545.7
1194.22 14620.5
1194.36 14703.6
1194.39 14677.1
1194.52 14640.1
1194.92 14661.8
1195.33 14674.7
1195.08 14693.3
1194.95 14718.2
1195 14743.3
1195.21 14736.3
1195.21 14735.1
1195.5 14742.8
1195.49 14776.3
1195.45 14828
1195.5 14815.6
1195.46 14854.9
1195.77 14837.5
1196.34 14824.2
1196.25 14856.9
1196.42 14864.9
1197.11 14872.6
1196.79 14849.1
1196.77 14880.2
1196.77 14881.8
1196.67 14838.4
1196.81 14876.2
1198.23 14907.8
1198.21 14945.3
1198.21 14964.8
1198.06 14959
1198.09 14981.9
1198.15 15003.9
1198.17 15013.6
1198.06 14979.4
1198.09 14864.7
1198.3 14817.6
1199.14 14806.7
1199.84 14796
1199.13 14786.9
1198.99 14794.7
1199.36 14832.6
1199.23 14845.3
1199.33 14838.9
1201.77 14922
1201.81 15002.2
1201.62 15006
1201.86 15054.8
1201.91 14984.2
1201.91 14910.5
1201.91 14865.4
1201.9 14837.9
1202.17 14842.7
1202.15 14849.2
1202.17 14692.9
1202.35 14671.8
1202.28 14678.1
1202.18 14688.3
1202.37 14710.9
1202.78 14769.2
1202.71 14784.4
1202.86 14792.1
1202.88 14778.7
1202.87 14759.6
1202.99 14750
1202.75 14748.7
1202.77 14741.3
1203.51 14764.9
1204.15 14789.5
1204 14810.2
1203.84 14858.6
1204.43 14748.5
1204.24 14729.3
1204.29 14725.6
1203.93 14732.7
1203.73 14744
1203.41 14725.1
1203.41 14737.5
1203.31 14726.6
1203.38 14718.1
1203.71 14717.2
1204 14735.5
1203.69 14723.1
1203.71 14713.7
1203.93 14715.4
1203.89 14714.2
1203.99 14728
1204.21 14747.1
1204.22 14751.9
1204.27 14744.6
1205.07 14740.9
1205.22 14763.6
1205.22 14817
1205.21 14837.6
1205.16 14855.3
1205.25 14858
1205.25 14775.6
1205.26 14750.3
1205.26 14754.1
1205.08 14837.5
1205.27 14875.6
1204.49 14939.1
1203.95 14998.2
1203.92 15001.6
1203.9 14991.7
1204.97 15067.4
1204.89 15036
1205.39 15052.2
1205.31 15073.6
1205.35 15065.5
1205.36 15083.3
1205.77 15139.8
1205.91 15129.2
1205.91 15111.8
1205.99 15113.6
1205.99 15129
1206.76 15164.3
1206.6 15169.5
1207.03 15195.7
1206.56 15127.7
1206.55 15091.8
1206.95 15110.4
1206.93 15077.1
1208.81 15046.8
1209 14973.8
1208.91 14969.1
1210.1 15019.7
1210.09 15028.1
1210.09 15036.5
1210.71 15059.5
1210.72 15052
1211.04 15086.2
1211.12 15079.6
1211.88 15095.8
1211.75 15079.4
1211.71 15062.7
1210.84 15098
1210.9 15137.6
1210.89 15143.8
1210.91 15191.5
1210.88 15199.2
1210.88 15168.4
1210.96 15208.3
1210.87 15230.7
1210.49 15181.8
1210.49 15229.5
1210.42 15265.3
1210.57 15271.7
1210.58 15283.5
1210.58 15305.9
1210.56 15308
1210.74 15303
1210.75 15309
1210.73 15308.8
1210.6 15294.9
1210.89 15299.9
1210.95 15312.3
1210.92 15302.1
1211.02 15287.5
1211.24 15316.8
1211.19 15323.6
1210.99 15339.9
1211.32 15350.9
1211.34 15359.4
1211.23 15347.8
1211.1 15344.9
1211.08 15351.8
1212.13 15299.8
1212.98 15366
1212.81 15417.6
1212.76 15432.2
1212.79 15437.8
1212.65 15422.9
1212.22 15407.7
1212.32 15402.8
1211.71 15415.1
1211.99 15329.9
1211.95 15289.8
1212.02 15275.3
1212.13 15295.1
1212.19 15268.6
1212.08 15283.4
1212.18 15267.8
1212.25 15255.2
1211.97 15262.6
1212.13 15258.9
1212.1 15229.5
1211.35 15216
1211.22 15196.3
1211.35 15163.3
1211.53 15148.3
1212.24 15155.6
1212.17 15145.9
1212.25 15156.3
1212.29 15164.2
1213.15 15175.8
1213.1 15118.6
1213.1 15101.3
1214.5 15138.1
1215.02 15168.9
1215.02 15193.9
1214.95 15213.7
1215.05 15225.9
1214.88 15195.3
1214.83 15297.6
1215.02 15277
1215.11 15255.2
1215.06 15209.1
1214.87 15232.7
1216.02 15248
1216.11 15212.4
1216.09 15224.5
1215.92 15235.1
1215.93 15257.9
1216.09 15270
1216.45 15280.6
1216.45 15267.8
1216.22 15274.3
1216.54 15276.5
1216.52 15271.1
1217.14 15259.4
1217.08 15235.4
1217.07 15234
1217 15218.5
1216.79 15183.1
1216.74 15229.3
1216.73 15224.1
1216.85 15206
1216.53 15191.4
1216.44 15192.3
1216.46 15193.8
1216.88 15199.2
1216.81 15196
1216.86 15204.4
1216.43 15151.3
1215.99 15169.3
1215.99 15242.5
1215.97 15302.6
1216.08 15333.9
1216.4 15361.1
1216.81 15417.2
1216.88 15434.5
1217.93 15452.7
1218.63 15447.4
