268.561 319.963
286.282 723.487
420.021 774.313
495.783 1356.25
496.557 1705.88
513.612 1969.6
552.179 1742.09
552.513 1703.35
554.654 1712.72
601.39 3659.18
618.748 3266.21
625.888 3170.3
627.724 3128.64
644.846 4621.2
727.841 4633.19
755.565 5507.11
754.453 5076.4
754.548 4851.52
760.308 4985.61
835.514 5450.16
863.635 6515.19
892.788 6355.81
890.475 6178.32
896.471 6256.8
908.548 6471.85
905.794 7285.08
906.033 7420.75
924.153 9179.15
924.216 8435.21
928.313 8310.53
928.73 8048.55
954.493 7625.43
967.546 7808.31
966.047 8011.99
972.149 7910.14
990.425 9817.72
1000.4 9584.94
1003.64 9962.54
1018.96 11037.9
1024.37 12183.3
1047.53 14164.8
1052.01 13349.5
1055.32 13123.1
1070.89 12715.5
1075.58 12434.7
1110.58 13017.3
1111.72 12264.6
1127.41 11857.3
1136.48 12073.7
1163.23 11847.3
1169.1 11620.2
1173.58 11347.1
1199.69 14142.1
1209.35 12819.3
1240.75 13103
1262.24 13854.1
1260.49 12365.6
1267.8 11776.1
1268.28 11855.7
1282.11 11395.1
1281.46 10988.4
1308.75 10845.5
1309.37 10678.6
1311.01 12120.3
1312.45 11539
1312.73 11131.8
1320.11 10877.6
1327.66 10652.1
1353.09 10316
1368.15 10667.6
1369.76 10300.5
1370.07 10217.6
1380 10036.8
1381.1 9970
1380.98 9964.4
1385.04 10185.9
1395.55 9910.22
1395.13 9696.01
1397.48 10190.6
1396.86 10025.3
1395.92 9895.39
1396.83 9831.78
1403.42 10193.4
1402.95 10325.5
1403.88 10209.6
1405.22 10231.6
1404.92 11073.4
1410.53 11200.2
1417.44 11894.4
1423.26 11761.7
1424.79 11764.7
1424.79 11821.6
1426.27 11963.3
1427.52 11965
1427.52 11994.8
1427.72 12143.4
1427.82 12158.9
1432.9 12134.3
1433.21 11981.9
1433.5 11895.4
1464.95 11780.8
1465.37 12232.4
1465.62 11812.5
1472.92 11728
1475.38 11695.1
1482.83 11719.5
1482.61 11768.8
1484.68 11683.2
1485.04 11605.3
1485.27 11547.2
1485.36 11522.4
1484.95 11469.8
1489.12 11537.9
1488.9 11517.8
1492.3 11467
1492.03 11438
1491.95 11440.1
1492.42 11428.3
1492.01 11407.1
1491.54 11389.2
1491.64 11394.2
1492.93 11398.6
1493.07 11363.6
1493.05 11281.5
1492.64 11284
1492.73 11284.4
1491.93 11514.1
1494.22 11499.2
1497.14 11593.9
1497.8 11544
1497.71 11534.3
1497.51 11496.2
1497.52 11474.2
1499.49 11522.6
1499.48 11484.9
1498.72 11449.3
1498.78 11484.6
1498.95 11488.7
1497.9 11633.6
1497.67 11947.3
1498.23 12018.7
1498.22 12051.9
1498.56 12079.8
1498.78 12117.5
1498.54 12115.3
1498.77 12127.5
1498.75 12159.3
1500.42 12117
1501.78 12220
1503.82 12273.7
1504.06 12406.5
1504.01 12524.9
1507.04 12472.2
1507.22 12499.3
1507.02 12520.9
1508.81 12693.3
1513.18 13105.6
1513.21 13120.7
1513.05 13126.1
1512.7 13115.5
1512.93 13137.7
1513.84 13041.8
1514.32 13146.6
1520.13 13951.9
1521.46 13110.8
1524.12 12955.1
1524.16 12902.4
1524.42 12820.8
1524.65 12763.6
1524.68 12800
1524.64 12782.3
1524.62 12775.2
1525.44 12785.9
1525.53 12960
1526.19 12896.2
1526.46 12894.8
1526.03 12879.7
1527.3 12816.5
1529.82 12803.1
1529.72 12781.9
1530.53 12743.7
1530.58 12702.6
1530.9 12681.3
1531.43 12653.8
1531.37 12624.4
1538.58 13220
1538.47 13049.5
1538.46 12984.5
1538.54 12914.9
1538.28 12834.8
1538.83 12835.4
1539.72 12831.2
1540.32 12809.3
1540.32 12803.5
1544.51 13054.8
1544.89 12988.7
1565.24 12903.8
1565.64 12850
1576.38 12823
1576.71 12860.8
1576.72 12877.2
1582.91 12849.3
1582.74 12842.4
1582.44 12825.7
1582.89 12870.5
1587.06 12832.7
1586.93 12864.3
1589.06 12829.3
1589.22 12800.3
1589.78 12776.7
1589.61 12736.5
1590.34 12674
1590.93 12636.1
1591.49 12596.6
1591.35 12571.8
1591.4 12530.4
1591.29 12511.4
1591.44 12502.7
1591.07 12481.4
1590.91 12498.1
1590.94 12492.1
1590.5 12413.9
1589.45 12524.2
1589.55 12418.9
1589.44 12355.7
1589.51 12310.1
1589.71 12290.2
1590.01 12273.3
1590.03 12274.3
1590.32 12223.9
1590.54 12171.8
1590.78 12165.7
1590.87 12138.2
1590.86 12239.1
1592.32 12245
1592.67 12256
1592.63 12205.2
1592.74 12201.3
1593.52 12216.5
1593.91 12154.7
1594.24 12146.2
1594.68 12132
1594.67 12122
1594.65 12124.7
1594.83 12129.2
1595.52 12186.5
1595.45 12168.9
1595.98 12219.3
1596.41 12255.4
1596.55 12250.8
1596.69 12269.1
1596.62 12278.3
1596.65 12294.4
1596.81 12313.3
1597.15 12312.8
1597.49 12307.7
1597.35 12315
1597.1 12371.9
1597.17 12383.4
1597.44 12391.3
1597.4 12384.6
1597.24 12372.9
1597.87 12350.6
1597.7 12385.5
1597.7 12384.4
1598.04 12366.3
1598.27 12368
1598.29 12361.8
1598.37 12359.3
1598.79 12346.3
1599.89 12352.7
1599.48 12377.9
1599.45 12442.9
1599.59 12446.3
1599.64 12389.8
1599.71 12362.1
1599.71 12369.2
1600.46 12407.2
1600.48 12418.7
1600.45 12432.4
1600.54 12433.8
1600.67 12434.9
1600.61 12459.9
1600.9 12498.1
1601.21 12573.6
1601.16 12572.2
1601.11 12565.1
1601.43 12572.1
1601.33 12599.7
1601.63 12598.3
1601.63 12603
1601.47 13027
1601.44 13023.3
1601.52 13083
1601.58 13096.1
1601.95 13073.3
1602.22 13068.5
1602.31 13061.6
1602.3 13035.8
1602.45 12957.7
1602.45 12932.6
1602.81 12935.7
1603.02 12958.5
1603.03 12973.3
1603.55 12992.7
1603.15 12944.5
1603.07 12914.3
1602.99 12950.1
1602.53 13112.2
1602.9 13133.2
1603.01 13153.5
1602.89 13168.9
1602.58 13215.5
1602.48 13214.5
1603.43 13193.2
1603.52 13199.6
1603.28 13173.3
1602.97 13144.1
1603.09 13145.9
1603.03 13150.7
1603.07 13162.2
1603.22 13145.2
1603.22 13133.6
1602.78 13128.7
1607.8 13054.3
1607.79 13046.1
1609.08 13046.4
1609.17 13050.8
1609.24 13040.3
1611.24 13020.6
1611.19 12994.5
1611.18 12986.2
1611.15 12956.8
1610.98 12936.8
1610.88 12987.6
1610.91 13009.1
1610.92 13023.9
1611.14 13035.1
1611.11 13039
1611.12 13045.5
1611.66 13049.7
1611.75 13047.2
1612.44 13065
1612.95 12925.5
1612.94 12904.9
1612.94 12902.5
1612.91 12929.2
1613.17 12962.5
1613.15 12972.2
1613.21 12992.2
1613.67 13008.3
1613.46 12993.3
1613.41 13032.8
1613.33 13031.9
1613.62 13026.3
1613.96 13028.9
1614.75 12968.5
1614.81 12950.4
1614.67 12950.3
1614.48 12957.2
1614.49 12981
1614.54 12998.6
1614.55 13015.9
1614.52 13035.6
1614.5 13044.6
1615.1 13064.2
1615 13057.5
1615.76 13068.7
1615.78 13063.6
1616.43 13039.1
1616.42 13034.5
1616.93 13110.6
1616.9 13166.7
1617 13148
1617.13 13150.1
1617.11 13160
1617.02 13136.4
1616.92 13123.7
1617.71 13129.1
1617.76 13127.2
1617.44 13123.4
1617.32 13071.3
1617.09 13003.8
1616.95 12992.6
1616.8 13007.9
1616.79 12983.1
1616.8 12962.1
1616.78 12942.7
1616.75 12959.2
1616.68 12918.1
1616.71 12908
1616.7 12892.4
1616.7 12892.2
1616.64 12892.2
1616.5 12898.4
1617.07 12914.4
1617.17 12917.7
1617.08 12916.1
1616.99 12910.9
1617.26 12904
1616.95 12768.7
1616.89 12686.1
1616.97 12685.1
1617.05 12704
1617.01 12683.1
1616.99 12680.7
1617.09 12673.6
1617.49 12690.6
1617.49 12691.2
1617.33 12713.9
1617.08 12725.5
1617.19 12721.9
1617.31 12656.9
1617.32 12630.7
1617.44 12623.4
1617.52 12630.7
1617.49 12652
1617.55 12637.8
1617.63 12638.9
1617.84 12640.8
1617.66 12650
1617.88 12715.3
1617.83 12713.5
1617.84 12715
1617.87 12715.8
1617.86 12722.5
1617.76 12706
1617.75 12698.3
1617.77 12678.6
1617.78 12675.3
1618.13 12667.9
1618.32 12672
1618.37 12679.7
1618.51 12675.1
1618.5 12664
1618.95 12675.6
1618.98 12677.9
1618.72 12647.7
1618.67 12676.6
1618.74 12676.2
1619.18 12674.7
1619.78 12671.5
1619.93 12686.9
1619.96 12652.3
1619.96 12655.9
1620.02 12652.4
1619.83 12660.7
1619.82 12663.3
1619.82 12665.2
1619.81 12676.2
1619.81 12667.3
1619.91 12662.1
1619.89 12674.4
1619.73 12645.1
1619.85 12636
1620.35 12641.2
1620.16 12621.4
1620.86 12627.3
1620.86 12635.1
1620.86 12646.1
1620.76 12660.3
1621.09 12685.3
1621.35 12661.4
1621.58 12665.3
1621.65 12672.3
1621.88 12678
1621.98 12688.7
1622.08 12689.9
1623.09 12734.4
1623.21 12736.3
1623.06 12724.9
1623.28 12735.7
1623.57 12728.4
1623.52 12745.6
1623.55 12749.2
1623.52 12750.2
1623.63 12755.1
1623.72 12755.9
1623.92 12800.5
1623.95 12806.2
1623.83 12799.1
1623.96 12789.6
1624.37 12790.9
1624.35 12796.7
1624.43 12805.1
1624.3 12823.3
1624.27 12818.7
1624.3 12803.4
1624.33 12807.2
1624.38 12841.1
1624.52 12869.5
1624.64 12818.1
1624.69 12832.4
1625.1 12867.6
1625.37 12863.4
1625.3 13009.5
1625.32 13031.9
1625.35 13018.7
1625.42 13013.4
1626.73 12986.8
1626.33 12873.8
1626.36 12862.2
1626.5 12861.7
1626.69 12860
1627.02 12829.1
1627.02 12810.8
1626.84 12780.5
1626.85 12779.9
1626.82 12784.6
1626.78 12787.3
1627.26 12809.8
1627.35 12792.3
1627.5 12795.4
1627.54 12821.1
1627.06 12784.6
1627 12760.9
1627.25 12767.4
1627.2 12784.4
1627.22 12716
1627.22 12728.2
1627.41 12683.1
1627.61 12688.4
1627.72 12698.5
1627.47 12697.4
1627.38 12723
1627.3 12741
1627.8 12743.2
1627.87 12749.3
1627.65 12740.1
1627.54 12731.1
1627.84 12721.6
1628.02 12712.9
1628.01 12708.3
1628.09 12729.4
1628.26 12729.6
1628.43 12731.5
1628.46 12737.6
1628.39 12750
1628.34 12713.7
1629.47 12701.1
1629.61 12729.1
1629.61 12754.8
1629.62 12777.1
1629.68 12784.4
1629.69 12796.7
1629.67 12801.6
1629.59 12797.7
1629.67 12802.1
1629.89 12807.4
1629.92 12877.4
1630 12851.7
1629.98 12840.8
1629.95 12814.7
1629.97 12817.2
1630 12790.2
1629.98 12767.9
1630.24 12864.3
1630.1 12844.8
1630.11 12841.8
1630.13 12850.9
1629.82 12849.8
1630.07 12849.6
1630.08 12830.5
1630.14 12789.4
1630.09 12761.8
1630.26 12784.2
1630.29 12782.5
1630.09 12781.4
1630.17 12782.8
1630.37 12778.9
1630.38 12785.7
1630.44 12786.8
1630.31 12789.8
1630.69 12781
1630.75 12769.2
1630.62 12719.6
1630.68 12721.5
1630.66 12724.2
1630.68 12728.8
1630.84 12740.5
1630.84 12732.9
1630.84 12727.8
1630.59 12724.5
1630.62 12735
1630.72 12744.8
1630.58 12729.5
1630.51 12719.7
1630.8 12710.9
1630.45 12717.9
1631.06 12712.9
1631.15 12705.7
1631.16 12724.6
1631.82 12731.1
1631.59 12781.4
1631.74 12828.1
1631.74 12842.8
1631.57 12825.5
1631.81 12828.2
1631.9 12832
1631.95 12835.8
1631.98 12830.5
1632.1 12849.1
1632.15 12842.4
1632.17 12846.3
1632.35 12847.7
1632.37 12848.5
1632.68 12872.6
1632.68 12888.5
1632.75 12894.2
1632.87 12894.4
1632.87 12881
1633.17 12885.8
1633.91 12862.9
1633.7 12852
1633.46 12848.7
1633.48 12880.1
1633.61 12890.4
1633.8 12920.2
1633.81 12956.4
1633.85 12991
1634.1 13015.8
1634.12 13011.7
1634.09 12955.5
1634.06 13005.8
1634.04 13002
1634.05 12994.4
1634.05 12995.4
1634.05 13010.3
1633.97 13017.1
1634.44 13158.4
1635.01 13197.3
1635.03 13178
1635.05 13144.6
1635.1 13128.4
1635.19 13128.5
1635.13 13125.5
1635.14 13050.4
1635.33 13053.5
1635.1 13055.5
1635.17 13061.3
1635.13 13046.8
1635.22 12978.5
1635.16 12972
1635.07 12979.8
1634.85 12924.3
1635.24 12933.9
1635.07 12825.8
1635.04 12824.3
1635.28 12833.1
1635.34 12904.6
1635.34 12909.4
1635.39 12923.5
1635.39 12926.8
1635.36 12927.6
1635.5 12926.1
1635.47 12935.9
1635.41 12933.7
1635.48 12971
1635.5 12979.7
1635.51 12962
1635.5 12961
1635.55 12961
1635.55 12971.4
1635.52 12961.8
1635.65 12972.8
1635.65 12972.2
1635.51 12954.5
1635.56 12952
1635.62 12972.2
1635.42 12979.2
1635.44 12970.4
1635.57 12970.8
1635.68 12963.8
1635.6 12958.8
1635.32 12980
1635.43 12988.9
1635.41 13007.5
1635.24 13015.4
1635.29 13038.3
1635.19 13039.9
1635.13 13038.4
1635.14 13026.7
1635.24 13036.9
1635.16 12996.8
1635.05 12980.6
1635.06 12992.3
1635.05 12992.2
1635.38 12990.6
1635.35 12988.9
1635.32 12988.9
1635.3 12987.6
1635.48 13015.5
1635.42 13014.4
1635.45 13011.1
1635.74 12977.8
1635.81 13011.9
1635.77 13025.1
1635.72 13035.2
1636.12 13163.1
1636.11 13156
1636.12 13141.6
1636.21 13134.2
1636.2 13129.4
1637.23 13115.4
1637.24 13110.7
1637.27 13110
1637.24 13101.8
1637.81 13094.4
1637.83 13104.4
1637.92 13183.7
1638.05 13184.7
1638.03 13155.1
1638.04 13151.9
1638.06 13152.4
1637.99 13078.7
1637.98 13052.8
1637.82 13005.6
1637.87 12982.1
1638.16 12973.1
1638.06 12961.3
1637.94 12974.1
1637.9 12983.1
1637.85 12986.2
1637.83 13001.2
1637.91 13008.7
1637.95 13010
1638.02 12998.7
1637.95 13004.5
1637.99 13002.1
1637.99 13021.7
1638.02 13030.5
1637.95 13034.3
1637.84 13018.5
1637.65 13011.5
1637.79 13008.5
1637.61 12998.7
1637.62 12999.3
1637.63 13000
1637.64 12983.2
1637.5 12985
1637.49 12984.9
1637.45 12992.7
1637.44 12991
1637.53 13003.4
1637.59 12979.7
1637.87 12983.8
1637.83 12989.4
1637.78 12995.5
1637.57 13032.1
1637.58 13040.2
1637.57 13039
1637.57 13018.2
1637.53 13022
1637.76 13023
1637.97 13036.3
1638 13035.9
1638.37 13029.6
1638.37 13034.7
1638.33 13036.5
1638.19 13006.8
1638.13 13028
1638.46 13026.7
1638.37 13003
1638.42 13008.2
1638.43 13012.6
1638.36 13007.9
1637.87 13009.6
1637.87 13001
1637.84 12997.3
1637.85 12988.6
1638.05 13023
1638.27 13021.8
1638.25 13009.6
1638.34 13009.9
1638.46 13025.7
1638.44 13021.7
1638.26 13017.7
1638.11 12981.9
1638.18 12980.9
1638.22 12972.3
1638.19 12971.3
1638.2 12972.7
1638.03 12926.5
1638.02 12920.2
1637.85 12910.8
1637.59 12876.2
1637.67 12859.7
1637.69 12883.3
1637.77 12874.7
1637.91 12863.2
1637.9 12819.4
1637.99 12827.3
1637.9 12822.7
1637.82 12831.6
1637.87 12785.3
1637.75 12805.9
1637.61 12804.3
1637.71 12812.9
1637.7 12818.4
1637.81 12816.1
1637.81 12813.4
1637.81 12817.9
1638.08 12836.4
1638.09 12841.2
1637.98 12820.4
1638.38 12796
1638.37 12780.7
1638.68 12760.8
1638.71 12758.5
1638.7 12758.3
1638.8 12765.4
1638.61 12762
1638.65 12761.1
1638.67 12764.4
1638.67 12767.7
1638.65 12738.6
1639.43 12803.5
1639.45 12791.6
1639.43 12764.6
1639.44 12748.2
1639.43 12752.1
1639.45 12781.6
1639.41 12785.8
1639.35 12784.1
1639.9 12818.9
1639.98 12812.2
1639.93 12816.4
1639.84 12809.4
1639.8 12803.7
1639.79 12779.5
1639.78 12790
1640.17 12789.8
1640.91 12781.6
1641.37 12820.9
1641.61 12815.8
1641.66 12815.2
1641.67 12822
1642.5 12872.1
1642.52 12858.7
1642.49 12860.6
1642.49 12864.7
1642.5 12865.4
1642.52 12862.9
1642.51 12860.8
1642.61 12846
1642.6 12844.9
1642.59 12842.9
1642.56 12847.2
1642.54 12836.4
1642.69 12890
1642.65 12874.2
1642.75 12864.7
1642.72 12877.6
1642.71 12883.2
1642.78 12886.7
1643.1 12890.3
1643.08 12875.2
1643.01 12826.8
1643.18 12842.8
1643.23 12843.1
1643.18 12834.1
1643.21 12826
1643.23 12823.7
1643.21 12823.6
1643.2 12823.2
1643.23 12829.4
1643.25 12827.6
1643.23 12825.7
1643.52 12822.6
1643.49 12825.5
1643.6 12826
1643.67 12827.3
1643.44 12794.4
1643.63 12786.9
1643.62 12790.6
1643.46 12768.9
1643.77 12751.3
1643.61 12753.7
1643.61 12758.4
1643.61 12760.2
1643.56 12762.8
1643.53 12750.2
1643.49 12747.4
1643.53 12744.3
1643.54 12745.3
1643.51 12728.2
1643.49 12707.5
1643.33 12727.5
1643.23 12720
1643.26 12715.8
1643.58 12711.5
1643.56 12699.5
1643.4 12691.8
1643.42 12687.6
1643.45 12685.6
1643.8 12676
1643.79 12683.5
1643.85 12679.7
1643.88 12671.6
1643.88 12691.4
1643.87 12684.5
1643.75 12682.6
1643.83 12676.5
1644 12681
1644.41 12838
1644.4 12800.3
1644.35 12818.8
1644.74 12813.8
1644.86 12812.2
1644.88 12810
1644.89 12809.8
1644.8 12898
1644.2 12919.5
1644.28 12937.8
1644.44 12973.8
1644.43 12944.7
1644.45 12953.6
1644.41 12925.6
1644.52 12886.5
1644.95 12862.6
1644.96 12860.6
1645.74 12848.3
1645.81 12858.2
1645.71 12850.1
1645.68 12862.4
1645.66 12878.7
1645.67 12886
1645.93 12884.1
1646.04 12875.6
1646.13 12884.4
1646.03 12829.3
1646.03 12820.3
1646.04 12817.7
1646.19 12817.8
1646.19 12813.9
1646.18 12809
1646.18 12803.6
1646.49 12797.5
1646.49 12789.9
1646.63 12782.4
1646.55 12782.8
1646.56 12788.1
1646.58 12796.9
1646.57 12798.3
1646.54 12761
1646.97 12736.4
1646.98 12719
1647.23 12742.3
1646.94 12694.9
1646.94 12705.2
1646.93 12709.5
1646.92 12700
1647.03 12702.3
1647.17 12704.7
1647.18 12744.6
1647.19 12746.7
1647.2 12749.7
1647.15 12751.1
1647.15 12758.9
1647.13 12757
1647.06 12756.5
1647.09 12755.1
1648.03 12821.1
1647.97 12822.8
1648.05 12819.1
1648.67 12874.1
1648.59 12834.4
1648.59 12834.9
1648.6 12830.7
1648.57 12823.8
1648.56 12812.2
1648.67 12797.7
1648.6 12792
1648.76 12790.8
1648.69 12792.7
1648.69 12795.7
1648.71 12792.5
1648.89 12794.8
1649.24 12793.7
1649.26 12799.4
1649.26 12811.6
1649.27 12821
1649.26 12828
1649.34 12846.9
1649.38 12851.8
1649.54 12853.5
1649.69 12839.1
1649.69 12828
1649.76 12891
1649.61 12894.1
1649.62 12911.8
1649.6 12914.9
1649.39 12909.9
1649.38 12901.1
1649.44 12903
1649.64 12891.6
1649.99 12894.9
1650.18 12900.5
1650.16 12899
