51.6626 82.6736
87.3037 198.095
88.2406 187.406
87.6583 210.985
159.284 497.194
159.898 535.568
164.701 557.947
165.841 541.45
165.963 529.192
168.168 520.273
184.774 568.947
207.759 946.371
212.456 806.306
225.369 1068.44
229.577 1049.81
243.118 1199.01
278.869 2017.61
280.72 1798.65
300.806 2178.31
307.424 2094.31
307.595 2030.3
340.192 1967.06
339.741 2011.82
339.829 1969.85
416.291 2297.96
433.852 2209.56
433.857 2019.43
443.164 2121.68
443.285 2104.73
452.551 2178.06
458.091 2304.92
474.092 2713.94
490.24 2965.55
500.958 2763.63
502.304 2948.78
510.764 2920.18
512.397 2791.77
545.225 2745.38
546.407 2975.82
546.689 3093.9
561.293 3211.49
562.849 3065.85
563.612 3045.5
567.102 3037.24
570.953 3007.83
576.902 3155.79
582.1 3260.47
584.153 3398.85
588.557 3919.35
588.662 3815.55
588.071 3841.66
590.174 3897.77
590.259 3905.95
587.551 3905
586.272 4178.76
596.046 4928.36
601.394 5915.34
601.12 5504.2
628.077 7244.31
629.309 6737.41
630.373 6663.43
634.696 6502.54
638.107 6697.53
647.281 7687.81
653.644 7118.47
656.215 6897.54
670.992 6999.15
670.212 7756.58
676.854 19630.6
684.001 13651.9
685.292 11207.3
683.068 9538.95
692.482 8556.7
696.65 9246.84
696.526 10633.6
703.654 12007.7
703.7 14231
703.55 10965.9
702.805 11669.1
703.06 11301.6
703.204 11167.9
723.578 11073.3
727.285 10736.7
735.262 10655.9
735.185 10207.5
737.098 11144.3
737.882 12143
738.357 10944
741.212 10159.3
742.806 9687.98
744.195 9420.4
744.064 9214.29
743.967 9047.55
743.032 9055.44
739.794 9077.63
737.246 9060.46
742.917 10313.4
743.478 10205.4
744.7 10196
741.96 10414.9
751.513 10428.9
751.483 10281
752.319 10179.4
749.348 10111.7
744.893 10311.2
744.824 10349.6
748.034 10400.2
748.143 10385.7
749.106 10370.6
745.3 10522.5
753.479 10661.5
752.825 10692.7
753.227 10565.8
753.956 10669.3
752.346 10688.9
750.889 10687.4
750.36 10623.9
757.05 11286.1
756.329 10368.7
757.642 9916.97
756.763 9960.76
755.647 10139.6
757.541 10236
760.717 10340.9
760.307 10492.2
760.328 10521.1
768.603 10521
768.108 10509.5
769.563 10477.3
765.809 10693.2
767.085 10649.5
766.17 10633.9
761.512 10768.3
763.137 10952.7
764.812 11064.5
768.182 10983
771.207 10943.2
777.78 10715.4
777.198 10777.3
777.944 10700.5
775.601 10627.3
776.083 10732.9
778.513 10858.8
781.08 10879.2
780.872 10569.7
781.842 10603.5
784.128 10609.5
784.498 10983.1
784.451 10969
784.835 10931.5
785.864 11110
786.276 11193.6
787.661 11204.5
787.78 13013.2
791.884 14466.2
793.021 13912.5
794.759 13950.4
792.268 14314.1
789.917 15761.3
789.41 15989.3
790.921 16145
791.617 15379.4
791.123 14579.7
791.5 14012.1
794.462 13777.8
796.113 13474.6
800.498 13421.2
800.605 13284.4
793.58 13277.5
792.971 13442
790.164 13471.9
790.095 13336
790.424 13229.7
790.339 13267.6
790.623 13317
790.257 13247.5
791.191 13238.6
789.628 13176.6
788.601 13277
787.041 13263
786.96 13183
787.529 13119.6
787.217 13148
787.512 13142.6
786.881 13084
786.527 13073.3
788.921 13081.9
789.692 13052.4
792.277 13014.2
791.603 13014.9
791.721 13035
794.215 12948.9
794.656 12973.2
794.805 13013.5
794.149 13053.7
794.373 13164.3
793.88 13209.4
796.764 13217.7
797.084 13156.8
797.466 13263.7
800.582 13496.7
800.786 13606.2
819.142 13628.7
819.935 13425.5
823.572 13480.6
823.904 13485.4
823.946 13484.1
824.637 13353.1
827.506 13330.1
827.371 13396.2
829.596 13504.7
828.621 13588.6
828.683 13572.9
829.146 13536.2
828.994 13477.9
829.074 13442.7
828.886 13354.7
829.167 13095.8
829.134 13185.3
829.852 13179.5
829.806 13147.6
833.627 13169.6
834.468 13143.3
835.385 13166
835.358 13354.3
836.15 13243.3
834.879 13447
831.816 13471.4
832.355 13461.2
831.809 13369.2
832.399 13380.2
831.909 13371.4
832.199 13414.9
832.201 13307.6
834.683 13275.5
835.175 13333.5
835.143 13356.9
837.279 13420.5
836.996 13477.7
837.674 13529.6
837.647 13577.9
839.601 13582
839.642 13586.5
840.933 13664.9
842.208 13748.1
842.502 13655.1
841.352 13458
841.562 13388.7
841.368 13472.8
841.476 13632.8
843.554 13675.3
844.397 13689.4
844.635 13690.4
846.605 13944.1
846.579 14047.6
849.084 14073.7
847.979 13940.9
848.58 14011.6
848.29 14122.4
848.026 14095.6
848.119 14090.3
847.795 14126.3
847.725 14189.1
847.678 14146
847.393 14221.9
851.065 14292.9
851.137 14268.9
851.949 14241.7
851.889 14262.6
855.438 14323.8
855.703 14351.2
860.435 14422.6
861.285 14398.3
859.674 14353.9
860.161 14334
860.166 14321.2
861.022 14393.7
860.225 14365
860.599 14457.7
860.018 14508.2
860.673 14575.3
862.512 14742.3
862.057 14689.4
860.324 14555.6
860.288 14510.7
860.302 14421.7
860.87 14532.5
861.459 14764.9
861.506 14677.9
860.727 14685.9
860.75 14682.8
859.937 14638.3
860.599 14484.6
860.573 14392.4
860.996 14369.5
860.997 14387.8
861.346 14352.6
862.041 14331.1
862.385 14296
860.462 14400.4
859.62 14545.6
859.651 14893.9
859.703 14862.9
860.363 14797.2
860.392 14772.3
860.43 14770.7
861.812 14761.9
860.757 14713.5
861.897 14698.1
863.425 14689.7
866.453 14761.6
865.707 14888.2
865.424 15065.4
865.539 15093.4
864.227 15085.4
864.651 14860.6
864.611 14898.3
863.795 14877.6
863.235 14869.3
863.089 14880.2
863.085 14877.2
864.06 14923.5
863.794 14923
865.538 15042.5
865.693 15070.9
865.693 14988
866.529 15137.5
866.349 15330.6
866.591 15360.3
866.646 15375.4
866.452 15371.8
866.467 15325.3
867.32 15384.8
867.747 15376.5
867.751 15408.6
867.033 15446.7
866.902 15492.1
867.106 15535.4
867.111 15558.2
868.304 15635.1
869.193 15600.6
869.076 15738.6
869.688 15560.4
869.687 15569.1
869.73 15648.2
873.297 15770.5
873.378 15779.4
875.805 15877.3
875.708 15899.6
876.073 15919.1
875.937 15929.5
875.458 15929.2
875.514 15924.6
876.234 15937.5
875.738 15863.7
875.742 15880
875.789 16044.2
875.901 15998.6
875.935 15973.9
875.923 15964.7
878.915 16226.1
879.047 16074.8
880.168 16035.3
880.33 15992.2
878.785 15913.2
879.089 15859.5
879.193 15798.5
879.185 15790.3
878.382 15767.4
878.623 15764.7
879.356 15759.4
879.212 15765.8
879.293 15788.5
880.396 15792.6
880.28 15811.8
880.233 15808.8
880.335 15817.1
881.965 15847.2
881.74 15766.1
881.735 15727.1
879.94 15728.6
879.73 15734.6
879.718 15742.6
880.558 16025
880.58 15925.3
880.161 15856.3
880.661 15840.4
880.554 15840.1
880.411 15867.3
880.5 15878.7
881.025 15855.9
880.597 15869.9
880.616 15956.3
880.501 15984.2
882.566 16059.8
882.185 16152.5
883.914 16204.6
883.08 16267.7
883.012 16134.3
882.937 16075
883.027 16043.2
882.947 16035
884.163 16062.1
884.205 16064.6
887.13 16156
886.871 16160.9
886.933 16165.7
887.991 16228.1
893.086 16424
893.869 16458.2
893.713 16464.6
892.439 16293.1
892.371 16403.5
892.006 16382.4
891.677 16400.1
891.681 16411.5
892.291 16423.5
891.971 16423.6
894.405 16427.2
894.52 16402.5
894.167 16324.1
894.089 16334.2
894.261 16344.2
898.625 16438.2
899.072 16392.8
904.855 16520.7
904.96 16641.8
904.915 16676.8
905.343 16737.7
905.801 16786
905.771 16786.2
905.762 16797.3
905.76 16696
907.547 16763.1
909.883 16908.9
910.551 16869.8
910.639 16868.7
910.925 16862.6
910.898 16848.1
911.978 16916.6
912.235 16928.6
912.787 16954
912.999 16992.7
913.095 17020.5
918.559 17163.3
919.076 17192.8
921.973 17383.2
922.053 17377.4
923.21 17363.3
923.143 17505.7
923.166 17423.4
928.087 17475.5
927.647 17307.6
927.819 17039.8
927.921 17107.6
928.236 17060.4
928.318 16995
933.944 17118.7
933.936 17181.5
933.824 17185.3
934.181 17140.4
934.226 17041.6
935.765 17005.9
936.3 16930
936.238 17513.8
936.303 17400.2
936.229 17187.7
936.018 17079.7
936.137 17016.7
936.386 16955
936.915 16957.7
936.882 16950.9
937.231 16942.6
937.96 16849.6
938.089 16858.6
938.607 16838.2
937.759 16962.6
937.881 17023
939.164 17059.5
939.192 17067.2
940.603 17152.6
940.604 17131.9
939.797 17081.5
940.946 17101.9
941.29 17120.2
941.225 17134.7
941.224 17151.3
941.111 17141.4
941.197 17223.4
941.191 17251.6
941.95 17350.4
942.042 17327.1
945.466 17360.7
945.542 17390.6
945.67 17403.4
945.363 17510.1
946.773 17540.3
948.335 17591
948.352 17491.8
948.423 17472.8
948.5 17468.6
947.656 17440.6
947.372 17431.9
946.693 17479.3
946.483 17617
946.799 17619.5
946.79 17617.2
947.238 17645.7
949.117 17780.6
949.117 17757.9
949.534 17747.1
949.9 17932.6
949.703 17804.2
949.705 17773
949.942 17691.3
950.374 17714.9
952.816 17816.1
952.747 17825.4
952.79 17823.3
952.846 17833.5
952.441 17818
952.193 17865.9
952.886 17946.7
952.905 17895
952.53 17915.7
955.035 17962.9
955.121 17919.8
955.887 17914.1
958.463 17926.2
958.344 17922.1
958.347 17892.4
956.943 17856.2
957.137 17835.4
957.422 17864.6
957.344 17876
957.199 18014.8
957.21 17735.4
957.211 17838
959.735 17863
963.502 18049.3
963.658 18103.8
963.609 18089.6
965.503 18058.5
965.371 18017.9
964.316 18200.7
964.418 18188.3
964.915 18115.5
964.948 18090.3
964.906 18076.9
965.145 17998.6
965.244 18048.7
964.4 17946.4
965.031 17891.2
964.929 18020.8
964.872 18030.9
964.833 18059.1
965.222 18070.8
965.195 18063.9
965.89 18060.4
965.719 18101
966.752 18095.2
967.444 18111.5
967.966 18157.6
968.161 18143
968.131 18141
968.115 18177.2
968.183 18181.9
968.221 18206.8
968.526 18224.7
968.599 18234.1
968.599 18251.4
968.545 18286.7
968.193 18292.1
968.438 18421
968.19 18500
968.136 18492
968.254 18493.9
968.286 18553.8
968.446 18539
968.474 18520.7
970.834 18555.7
970.762 18527.1
972.227 18581.9
972.233 18516.9
972.903 18504.9
973.194 18543.4
975.538 18599
975.401 18627.7
976.361 18646
976.807 18611.9
976.8 18552.3
976.919 18284.3
976.844 18202.6
976.736 18100
976.856 18069
976.855 18070.2
975.568 18142.8
977.74 18287.4
980.187 18233.8
980.628 18265.6
980.627 18254.5
980.749 18252
980.852 18229.3
981.335 18236.3
981.961 18223.6
982.206 18223.4
982.199 18252.8
982.103 18238
982.136 18261.6
982.129 18265.7
984.147 18305.2
984.599 18256.6
984.27 18240
984.319 18248.4
984.441 18264.9
984.445 18268.7
984.85 18254.9
984.976 18358.1
986.114 18346.3
987.286 18346
987.208 18299
987.222 18307
986.682 18301.6
987.032 18269.1
986.608 18294.2
987.449 18308.8
987.408 18291.4
987.418 18290
987.445 18272.1
987.513 18308.4
987.537 18283.7
987.178 18251.6
985.918 18204.6
985.926 18206.6
985.601 18245.3
985.16 18171.4
985.656 18096.1
985.74 18139.8
985.741 18145.7
985.783 18138.1
987.03 18169.7
987.448 18173.4
987.452 18165.7
987.451 18154.9
987.013 18149.4
988.48 18144.2
988.543 18157.3
988.9 18169.6
989.577 18150.5
990.927 18110.3
990.8 18144
991.237 18143.1
991.274 18122
991.745 18111.6
991.152 18081.5
991.817 18124.9
992.902 18120.5
992.916 18090.6
993.288 18058.3
997 18086.4
997.097 18088.7
996.833 18056.1
996.814 18094.2
996.891 18109.9
996.814 18136.5
996.564 18145.3
996.858 18204.2
997.054 18187.9
997.104 18181.5
996.944 18203
996.766 18168.6
996.13 18182.6
996.218 18190.3
996.306 18230.2
996.205 18242.1
995.92 18257.2
995.6 18243.3
995.616 18254.1
995.032 18291.5
995.064 18302.5
995.344 18281.6
995.397 18309.1
996.338 18363.1
995.889 18409.5
995.591 18596.3
996.08 18712.5
995.93 18762.7
997.187 18772.8
996.75 18930.2
996.085 18964.7
996.036 18940.3
997.429 18956
997.473 18905.5
997.308 18901.3
997.26 18872.3
996.581 18798.3
996.551 18788.3
995.874 18797
996.434 18829.4
996.746 18831.6
996.848 18842.8
996.632 18781.2
996.625 18729.1
996.596 18725
996.575 18745.7
997.665 18718.7
997.816 18725.8
998.036 18730.7
998.272 18738.2
998.352 18739.9
998.747 18749.2
998.779 18756.6
998.809 18756.1
998.967 18729.6
999.266 18705.5
999.343 18719.5
999.431 18711.3
999.466 18680.3
1000.14 18706.5
1000.21 18676.3
999.78 18639
999.943 18645.7
1000.92 18678.4
999.772 18703.5
999.695 18683.6
999.736 18669.3
999.914 18684.7
999.801 18683.6
999.377 18730.8
998.892 18793.8
1001.11 18915.2
1001.46 18956.1
1002.17 18957.3
1003.49 19019.1
1003.51 19000
1003.75 19007.5
1003.82 19000.4
1003.21 18901.3
1003.73 18849.7
1003.7 18826.9
1004.51 18862.9
1005.17 18885
1005.21 18877
1005.34 18887.5
1005.69 18900.7
1005.73 18924.9
1005.48 18932.9
1005.41 18933
1005.82 18930.1
1005.82 18994.6
1005.33 18995.5
1004.15 19014.5
1004.33 19003.7
1004.27 19024.4
1006.82 19116.2
1006.31 19211.8
1006.33 19250.5
1007.23 19274.7
1007.3 19265.5
1007.32 19261.7
1007.44 19285
1007.53 19280.9
1008.88 19306.1
1009.09 19309.2
1009.42 19334.3
1010.01 19346.3
1010.07 19372.6
1009.96 19349.5
1010.06 19282.3
1009.52 19227
1009.51 19213
1009.4 19217.3
1009.48 19241.1
1009.29 19312.3
1009.48 19269.7
1009.54 19290.1
1009.81 19322.3
1009.81 19291.7
1009.98 19291.2
1010.32 19290.9
1010.23 19312
1010.49 19333.4
1011.1 19348.5
1011.94 19390.6
1011.94 19412.7
1011.97 19429.1
1012 19450.2
1014.77 19504.6
1016.29 19481.4
1016.32 19504.8
1016.4 19544.7
1016.11 19547.4
1016.04 19560.4
1016.04 19547.5
1016.35 19519.7
1016.37 19474.9
1016.79 19446.5
1016.29 19490.3
1016.52 19464
1016.54 19504.1
1016.92 19512.1
1017.26 19553.7
1017.22 19469.1
1018.15 19482
1017.86 19445.5
1017.33 19413.3
1017.26 19435.8
1017.29 19446.4
1017.13 19430.3
1017.54 19441.2
1017.51 19338.3
1017.62 19373.7
1018.28 19387.6
1018.32 19389.5
1018.75 19418.1
1018.78 19408.8
1018.6 19427.4
1018.34 19426.4
1018.62 19430.4
1018.84 19443.8
1018.13 19444.4
1018.15 19436.6
1018.65 19462.5
1018.89 19537.4
1018.87 19513.2
1018.95 19526.1
1018.94 19537.9
1019.09 19594.1
1019.23 19573.5
1019.48 19590.8
1020.65 19606.2
1020.44 19627.2
1020.44 19598.8
1020.45 19560.3
1020.87 19605.1
1021.32 19581.9
1020.72 19567.5
1020.67 19597.5
1020.08 19578.1
1020.1 19544.9
1021.09 19505.3
1020.99 19535.2
1020.79 19627.8
1021.83 19610.2
1021.87 19686.9
1022.01 19687.7
1022.01 19692.8
1022.02 19686.3
1022.17 19747.4
1022.24 19740.3
1023.65 19772.7
1023.61 19774.9
1025.18 19775.1
1024.73 19829.4
1024.87 19883.8
1024.87 19901
1025.1 19953
1025.1 19968.2
1025.25 19980
1025.33 19984.1
1025.45 20173.6
1025.42 20239.1
1023.74 20167.3
1023.29 20213.6
1023.22 20213.4
1023.1 20231.5
1023.04 20236.1
1023.17 20196.2
1023.53 20190.3
1022.05 20145.2
1022.3 20130.6
1022.26 20205.7
1023.95 20289.8
1023.66 20297.2
1023.55 20295.9
1023.94 20272.7
1024.08 20229.4
1024.38 20230.9
1024.33 20238
1024.29 20240.3
1024.61 20241.8
1025.72 20275.7
1025.92 20246
1025.68 20249.6
1025.82 20281.6
1026.36 20341.2
1026.57 20250.5
1026.48 20223
1026.87 20239.7
1027.44 20198.3
1027.35 20154.5
1027.24 20181.2
1026.73 20143
1026.48 20163.1
1026.39 20090
1026.86 19981.9
1026.78 19967.9
1026.65 19964.5
1026.64 19978.6
1026.74 19999.2
1026.74 20004.2
1026.57 20028.5
1026.45 20056.3
1027.55 20066.2
1027.76 20058.4
1027.9 20061.5
1027.97 20057.7
1027.31 20087.3
1027.13 20071.2
1027.1 20066.6
1026.23 20108.2
1026.27 20126.3
1026.21 20140.5
1026.16 20152.2
1026.15 20175.7
1025.92 20218.1
1025.96 20288.9
1026.07 20275.8
1026.14 20298.4
1026.16 20305.7
1025.1 20315.1
1025.58 20299.6
1025.64 20351
1025.62 20289.7
1025.7 20303
1025.94 20317
1026.55 20324.7
1027.44 20446.8
1026.16 20480.2
1026.55 20410.6
1026.59 20531.5
1026.54 20520.5
1027.03 20506.5
1027.21 20511.5
1028.04 20593.3
1028.26 20677.2
1029.19 20553.2
1029.12 20561.8
1029.36 20551.4
1029.48 20540.8
1029.51 20537.8
1029.62 20543.6
1030.07 20562.4
1031.08 20603.5
1031.02 20583.4
1030.59 20539.1
1030.55 20547
1030.49 20571.2
1030.2 20552.5
1030.83 20602.9
1030.84 20665.8
1031.28 20695.4
1031.28 20693.5
1032.73 20772.8
1032.71 20878.4
1033.5 20828.1
1033.52 20771
1033.2 20784.9
1033.21 20722.6
1033.39 20737.2
1033.41 20734.7
1033.38 20737.6
1033.72 20755.6
1033.73 20754.9
1033.94 20761.3
1033.99 20762.6
1033.57 20769
1033.68 20737
1033.83 20720
1034.13 20689.7
1034.09 20683
1034.11 20687.5
1033.79 20672.1
1034.33 20660.2
1034.43 20687.8
1034.43 20681.7
1034.54 20677.8
1034.74 20674.1
1034.69 20666.3
1034.62 20662.1
1034.37 20656.2
1034.42 20650.6
1034.41 20703.9
1034.45 20665.6
1033.62 20714.6
1034.01 20635.4
1033.71 20626.9
1033.79 20601.2
1033.87 20650.4
1033.97 20660.2
1033.3 20647.7
1033.26 20643.9
1033.38 20656.3
1033.39 20635.8
1033.48 20605.5
1033.35 20591.6
1033.42 20576.9
1034.1 20595
1033.93 20594.7
