322.857 400.852
351.712 512.526
377.471 811.972
443.838 1137.04
477.625 1371.84
488.72 2679.24
501.313 2163.22
512.068 3095.46
515.129 2910.23
514.745 2806.01
511.142 3975.79
513.825 3870.97
514.183 3643.63
521.583 3660.06
528.814 3720.85
543.109 4995.17
544.17 4103.28
544.158 3508.95
567.547 3364.77
569.344 3229.5
569.305 3178.32
569.324 3128.37
587.594 3420.52
602.314 3315.91
598.994 4389.98
600.952 4146.8
638.472 4565.69
639.641 4382.22
655.306 4661.95
660.014 4621.37
659.983 4663.61
660.092 4605.48
660.521 5046.34
663.398 5094.47
698.579 6524.78
696.349 6269.22
701.061 6402.64
701.02 6257.08
699.467 6239.41
712.228 6183.92
715.177 6743.53
715.776 6829.31
715.887 6749.57
716.405 6692.03
717.088 6602.97
726.928 6970.59
743.602 7405.14
746.206 7185.78
744.723 7263.41
761.402 6944.93
772.371 7082
785.787 7219.52
786.466 7359.4
785.076 7510.8
799.428 7939.09
798.341 8444.24
797.706 8396.99
799.285 8362.73
814.206 8550.22
848.483 8469.86
848.486 8227.32
847.497 8085.24
851.244 7853.76
854.753 7830.89
852.404 7875.61
855.568 7945.6
855.544 7762.2
854.78 7739.51
861.517 7924.06
869.1 8357.03
866.644 9142.41
865.58 8878.72
868.228 8790.17
867.02 8760.19
865.887 8764.03
861.603 9661.27
862.186 9206.95
860.937 9257.88
857.836 9217.38
857.844 9117.91
857.661 9112.92
859.209 9123.63
859.788 9145
860.575 9109.16
870.886 9371.45
870.301 9431.4
871.333 9455.12
872.244 9256.72
867.202 9153.09
868.908 9127.07
869.057 9207.77
864.464 9304.22
867.098 9356.67
868.197 9321.39
870.345 9351.69
876.467 9266.5
875.98 9306.66
879.962 9266.68
871.267 9570.3
876.348 9733.95
877.086 9802.8
877.849 9525.17
880.274 9293.67
880.691 9160.63
901.616 9348.96
908.899 9963.51
928.373 10218.2
932.818 10183.4
933.888 10080.5
933.869 10120.7
933.436 10356.4
938.582 14715.8
938.267 15210.7
940.921 14161.4
939.332 12795.3
952.149 13469.5
951.654 11197.6
953.237 10125.2
954.575 9801.33
955.538 9678.21
955.505 9613.54
955.904 9638.33
956.321 9613.05
956.342 9615.37
957.537 9634.01
958.02 9569.57
958.992 9546.84
959.602 9606.65
957.296 9500.71
960.435 9454.38
962.181 9451.23
961.636 9629.94
961.895 9649.41
962.153 9653
969.359 9679.67
968.435 9499.67
968.532 9461.29
968.604 10362.7
968.107 10502.6
968.362 10390.5
967.902 10245.1
967.896 10114.6
968.8 10031.1
967.381 9958.7
967.448 9916.66
969.294 9898.28
965.637 9924.81
962.392 10271.5
963.415 10409.8
963.598 10416.7
963.019 10288.7
962.119 10192.9
963.445 10229.8
964.123 10238.4
964.351 10263.4
965.291 10264.1
964.926 10249.9
964.544 10247
964.631 10276.1
964.96 10300.5
964.805 10315.5
963.934 10315.7
966.623 10698.5
969.749 10537.9
969.867 10576.9
969.53 10634
969.406 10671
968.957 10832
969.154 10911.5
969.064 10947.4
966.089 11035.6
966.063 11031.4
965.422 11095.3
965.214 11170.2
965.559 11213.6
965.013 11390.7
965.345 11519.9
966.031 11587.2
967.336 11680
967.212 11720.4
970.716 11751
970.545 11856.3
970.399 12027.9
970.308 12105.6
968.319 12131.5
969.073 12138
965.677 12253.5
965.809 12256.9
966.434 12275
964.746 12242.6
965.812 12294.4
964.424 12346
964.809 12346.5
964.888 12340.1
966.659 12259.2
966.822 12259.9
966.512 12284
967.253 12259.5
967.243 12238.6
969.076 12318.4
969.921 12479.1
969.392 12408.9
969.318 12484.6
969.303 12526
969.564 12551
969.651 12559.9
969.925 12564.5
970.763 12597.5
970.997 12602.2
970.984 12646.3
970.999 12682.5
971.141 12704.8
971.337 12708.9
971.3 12719.6
976.898 12803.2
977.916 12793.8
977.954 12757.9
980.534 12863.6
983.408 12718
983.279 12683.9
982.868 12533.9
982.544 12487.3
983.463 12525.3
983.459 12596.4
983.752 12607.7
983.047 12587.6
983.545 12635.9
981.408 12835.8
981.804 12932.4
981.718 12979.2
981.69 13016.9
982.045 13011
981.521 13027.9
981.411 13162.4
982.502 13379.2
983.908 13510.8
983.536 13558.4
984.851 13595.9
984.29 13571.5
989.471 13598.6
988.214 14471
988.241 13540.1
988.387 13058.8
988.495 12999.7
990.348 13040.1
991.309 13142.9
991.379 13282.8
991.868 13320.8
992.264 13347.9
992.806 13518.1
997.039 13401.3
997.68 13478.3
998.113 13316.4
998.228 13350.2
997.856 13327.7
997.78 13357.8
997.721 13431.3
998.104 13494.3
997.713 13511.9
997.07 13440
997.194 13411.1
998.849 13446.2
1002.2 14010.9
1002.1 13960.2
1002.9 14233.9
1003.16 14051.4
1003.66 13978.4
1003.9 13934.4
1005.18 13833.1
1005.38 13747.2
1005.55 13585.1
1006.67 13521.8
1006.79 13466.7
1007.02 13441.5
1007.22 13336.3
1007.85 13335.8
1009.18 13351.1
1009.45 13383.3
1009.59 13390.8
1009.44 13339.5
1009.63 13369.2
1011.25 13379.8
1012.72 13509.4
1012.35 13459.6
1013.28 13565.8
1017.9 13646
1018.25 13693.6
1019.11 13831.1
1018.98 13840.5
1022.24 14160.7
1022.62 14219.3
1022.5 14216.7
1022.4 14183
1022.68 14158.8
1022.74 14116.7
1023.23 14068.5
1023.39 14064.9
1024.61 14225.6
1025.6 14512.7
1025.7 14553.5
1026.74 14520.9
1034.51 14797.3
1034.53 14830.9
1033.81 15081.1
1036.47 15263.3
1036.32 15166
1036.41 15477
1036.58 15542.8
1037 15584.7
1037.28 15593.8
1037.53 15597.1
1036.69 15599.7
1037.02 15678.8
1037.32 15606.8
1037.12 15533.2
1036.9 15511.9
1037.66 15516.5
1037.93 15530.3
1039.4 15688
1039.78 15599.5
1039.33 15814.3
1039.67 15782.7
1039.51 15721.9
1039.5 15650.5
1038.92 15580.7
1038.39 15590.2
1038.41 15510.8
1036.32 15484.7
1035.94 15587.8
1036.31 15634.8
1036.4 15615.5
1037.87 15616.5
1037.84 15387.8
1037.82 15261.2
1038.52 15288.3
1038.51 15237.4
1039.45 15237.2
1039.49 15131.1
1039.49 15178.9
1043.56 15154.8
1045.75 15029.3
1045.8 15005.8
1045.94 15081.4
1048.78 15156.6
1048.43 15208
1056.23 15453.6
1056.26 15413.1
1060.51 15486.3
1060.35 15492.3
1060.62 15436.6
1060.63 15524.6
1060.84 15561.6
1060.87 15552.2
1060.9 15506.7
1059.26 15465.1
1059.49 15468.5
1057.77 15509.4
1057.53 15545.8
1060.1 15513.9
1060.2 15540.7
1064.37 15673.2
1065.9 15652.4
1065.32 15828
1065.58 15747.5
1065.52 15591.7
1065.55 15542.6
1065.1 15513.2
1066.73 15632.7
1066.74 15534.6
1066.36 15352.5
1066.5 15231.1
1067.22 15369.5
1067.35 15296
1067.49 15252.6
1067.28 15205.6
1067.31 15163.4
1068.18 15161.2
1068.01 15102.1
1068.03 15131.1
1067.98 15070.4
1068.29 15096.3
1068.23 15068.9
1068.2 15035.9
1068.21 15051.7
1068.46 15064.1
1068.6 15092.6
1068.35 15079.6
1068.29 15011.5
1068.45 15003
1068.57 15012.7
1068.69 15011.4
1069.06 15080.4
1070.67 15027.7
1070.75 14964.4
1071.91 14923.9
1071.99 14923.3
1072.08 14915.2
1072.79 15079.5
1072.77 15071.7
1072.7 15113.4
1072.58 15161.6
1073.02 15194
1073.11 15205.9
1073.39 15200.4
1073.38 15190.6
1073.5 15197.4
1073.33 15203
1072.6 15242.2
1072.58 15302.5
1073.94 15279.3
1073.82 15200.2
1073.73 15162
1073.58 15109.9
1073.53 15038.6
1073.47 15057.8
1073.55 15094.5
1073.75 15192.4
1073.87 15223.5
1074.32 15249.2
1075.08 15326.3
1075.43 15383.8
1075.45 15442
1075.64 15397.3
1076.01 15360
1076.71 15374.3
1076.8 15354
1077.16 15308
1077.68 15321.2
1080.93 15442.5
1081.51 15616.9
1081.51 15669.9
1081.64 15654.6
1081.65 15671.8
1081.63 15839.5
1081.62 15862.5
1084.2 15939.5
1084.19 15938.1
1083.88 15990.8
1084.01 15957.2
1084.15 15948.2
1084.23 15973.1
1084.19 15981.2
1084.56 15989.9
1086.27 16054.8
1086.08 16023
1086.64 16060.5
1088.78 16109.2
1088.73 16188.7
1088.8 16216.6
1089.23 16214.5
1089.42 16219.2
1089.42 16229.9
1089.17 16248.3
1089.68 16234.1
1090.29 16239.7
1090.22 16255.8
1090.03 16307.9
1090.02 16320.2
1090.09 16309.4
1089.98 16319.8
1090.13 16299.2
1089.94 16327.4
1091.4 16359
1091.43 16354.7
1091.35 16384.7
1091.98 16364.7
1092.22 16380.3
1092.15 16385.9
1092.21 16327.9
1091.99 16301.6
1092.12 16308.9
1092.12 16324.7
1092.09 16313.6
1091.54 16283.1
1091.85 16272.7
1091.96 16243.9
1092.22 16292.1
1092.31 16395.5
1092.34 16555.3
1092.29 16693.9
1091.96 16745.4
1092.17 16861.9
1092.06 16893.9
1092.85 16930
1093.24 16881.1
1093.1 16833
1093.15 16803.9
1093.22 16730.9
1093.19 16763.2
1093.76 16721.7
1094.17 16750.2
1095.51 16762.7
1094.67 16674.4
1094.87 16674.9
1095.85 16940.2
1095.35 17103.7
1095.35 17140.6
1095.35 17132.4
1095.33 17131.1
1095.39 17140
1095.98 17166.2
1096.45 17175.6
1097.05 17154.6
1097.06 17203.3
1095.98 17226.4
1095.97 17245.5
1097 17310
1097.04 17317.5
1097.99 17354.3
1097.95 17403.1
1098.72 17634.4
1098.61 17555.8
1098.6 17515.7
1098.66 17507.4
1098.67 17425.4
1098.5 17447.1
1100.92 17268.3
1101.73 17275.4
1100.23 17186.4
1100.25 17080.2
1100.34 17015
1100.19 16977.9
1100.86 16991.4
1100.89 16993.4
1100.78 17005.9
1100.91 17015.1
1101.31 17065.3
1101.97 17082.1
1101.86 17113.9
1102.91 17088.8
1101.67 17046.9
1101.73 17047.2
1101.81 17038.1
1102.69 17034.8
1102.75 17023.5
1102.62 17155.7
1103.23 17221.7
1103.21 17226.3
1103.16 17241.8
1103.05 17264.2
1103.09 17257.7
1103.09 17227.2
1102.29 17157.3
1102.39 17125.8
1103.92 17197.7
1103.8 17243.2
1103.62 17260.1
1103.41 17405.1
1102.69 17535.4
1102.67 17551.4
1103.1 17517
1102.49 17472.9
1101.66 17414.2
1102.4 17432.6
1102.69 17366.2
1102.13 17360.7
1105.19 17188
1105.19 17180.2
1105.2 17198.3
1105.25 17189.5
1105.17 17175.6
1105.16 17189.4
1105.29 17190.2
1105.31 17196.5
1105.16 17204.8
1104.55 17277.5
1104.48 17225.9
1107.38 17280.8
1107.5 17271.2
1107.72 17261.9
1112.72 17304.4
1112.7 17406.7
1112.73 17482
1113.55 17527.2
1113.38 17607.1
1114.14 17657.3
1114.15 17689.1
1113.92 17728.5
1113.92 17749.9
1114.01 17790.3
1113.65 17806.4
1113.59 17828.7
1113.43 17839.9
1113.39 17879.2
1113.46 17881.4
1113.73 17890.9
1113.43 17837.1
1113.27 17814.4
1113.31 17806
1113.36 17817.3
1113.4 17777.9
1113.98 17768.4
1114.09 17758
1114.01 17756.5
1113.67 17789.5
1113.64 17883.9
1113.87 17882.8
1114.71 18093.4
1114.38 18133.4
1114.91 18190.9
1113.57 18193.6
1113.69 18230.7
1113.76 18258.6
1114.04 18282
1113.93 18283.2
1114.82 18335.3
1115 18354.1
1115.08 18350.4
1114.64 18352.3
1114.65 18365.9
1114.85 18375.6
1115.69 18402.7
1116.36 18437
1117.82 18452.9
1117.76 18478.3
1117.77 18518.6
1117.48 18516.6
1117.07 18505
1118.36 18462
1118.26 18447.7
1118.16 18394.1
1118.16 18353.4
1118.13 18292.7
1118.18 18279.9
1118.06 18247.2
1118.11 18235.4
1117.97 18235.9
1121.39 18337.8
1122.86 18289.7
1122.91 18274.4
1122.93 18275.7
1122.81 18263.9
1122.87 18253.9
1122.92 18253.4
1122.69 18235.1
1122.47 18237.3
1122.69 18237.1
1125.91 18195
1126.24 18168.4
1125.64 18159.4
1125.33 18137.3
1125.26 18124.8
1125.34 18128.1
1125.96 18159
1125.94 18160.1
1125.39 18240.9
1127.44 18272.4
1127.5 18233.6
1127.73 18235.2
1127.77 18271.8
1127.24 18332.6
1127.35 18351.4
1127.88 18377.8
1128.69 18411.8
1128.63 18381.7
1130.19 18473.1
1131.25 18475.7
1131.22 18474
1131.22 18463.5
1130.69 18455.1
1130.83 18459.2
1130.32 18405.7
1130.42 18451.3
1130.87 18484.2
1130.87 18474.3
1131.29 18470.6
1131.42 18466.9
1131.48 18468.8
1131.48 18468.4
1130.74 18503.5
1130.94 18516.7
1130.71 18496.5
1130.73 18496.5
1130.75 18453.9
1130.98 18477.6
1130.89 18460.4
1130.97 18371
1130.87 18332.2
1130.81 18304.7
1131.04 18275.7
1131.13 18262.9
1131.37 18256.3
1131.68 18261.8
1131.67 18260.2
1131.75 18265.7
1131.51 18246.8
1131.44 18248.7
1131.26 18273.5
1131.35 18268.7
1131.34 18253.5
1131.69 18232.2
1131.68 18199.9
1131.31 18155.2
1131.48 18127.3
1132.05 18122.9
1131.8 18147.3
1131.8 18178.7
1131.77 18250.4
1131.64 18272.4
1131.74 18331.1
1131.86 18317.3
1131.1 18325.1
1131.11 18285
1131.09 18270.1
1131.17 18247.5
1131.67 18250.3
1132.15 18252.5
1132.19 18213.4
1134.09 18123.3
1133.39 18090.9
1133.21 18103.4
1132.37 18207.7
1132.35 18151.2
1132.5 18180.5
1132.34 18233.1
1132.27 18225.7
1131.93 18221.6
1131.87 18204.5
1131.68 18199.6
1131.71 18231.9
1131.77 18207.1
1131.8 18197.5
1131.94 18233.2
1131.96 18259.1
1133.08 18266.7
1133.87 18276.1
1134.03 18313
1134.21 18377.8
1134.82 18352
1134.66 18414.8
1134.66 18435.1
1134.66 18430.3
1134.88 18455.9
1134.75 18472.6
1134.85 18485.8
1134.82 18471.8
1134.63 18458.1
1134.82 18451.8
1134.75 18387.1
1134.72 18388
1134.74 18407.1
1135.01 18432.1
1134.55 18547.5
1134.57 18583.3
1134.66 18586.7
1134.62 18588.9
1134.72 18616.4
1134.71 18621.3
1134.79 18643.8
1134.81 18618.2
1134.77 18596.3
1134.86 18642.4
1134.79 18684.5
1134.85 18727.6
1134.97 18757.9
1135.02 18767.3
1135.05 18808.6
1133.38 19102.4
1133.43 19136.1
1134 19150.4
1133.9 19125.7
1133.9 19114.3
1133.88 19106.9
1134.41 19099.4
1133.53 19092.9
1133.43 19083.3
1135.59 19132.1
1135.71 19148.1
1135.76 19167.7
1135.08 19121.8
1135.28 19106.7
1135.27 19136.9
1134.71 19139.1
1134.83 19083.5
1136.23 19089.5
1136.4 19134.4
1136.46 19158.4
1136.72 19168.4
1137.33 19190.6
1137.2 19193.8
1137.24 19243.6
1137.67 19304
1137.65 19320.9
1137.85 19345
1137.86 19368
1137.8 19414.2
1137.8 19423.7
1137.31 19578.9
1136.87 19640.7
1141 19701.5
1140.63 19633.1
1140.49 19622
1140.73 19606.5
1140.47 19653.7
1140.17 19669.1
1140.68 19689
1140.54 19686.6
1140.63 19636.7
1140.73 19684.5
1140.54 19710.7
1140.48 19789.9
1140.47 19831.2
1140.51 19837.8
1140.29 19788.8
1140.59 19774.2
1140.54 19763.3
1140.4 19764.2
1140.61 19786.1
1140.27 19837.8
1140.3 19890.4
1140.28 19928.1
1140.93 19934.4
1140.91 19973.2
1140.96 19978.8
1138.92 19999.3
1138.94 20033.5
1139.16 20051.3
1139.18 20071.5
1139.16 20095.3
1139.11 20089.9
1139.25 20127
1139.29 20172.3
1139.22 20063.8
1139.22 19986.6
1137.75 20056.8
1137.64 19999.9
1137.72 19998.9
1137.72 19970.9
1137.75 19959.6
1139.62 20075.2
1140 19949.1
1140.33 20029.1
1140.22 20065.8
1140.21 20068.4
1140.38 20055.9
1140.02 20114
1139.97 20092.9
1139.9 20096.9
1139.89 20106.5
1139.83 20094.3
1142.15 20127.5
1142.66 20140.4
1141.94 20213.3
1142.6 20263.4
1142.34 20278.2
1143.63 20219.9
1143.14 20212.4
1142.93 20228.8
1142.89 20239.1
1142.9 20244.3
1143.18 20269.2
1142.76 20305.6
1142.8 20342.1
1143.03 20378.3
1143.01 20424.4
1142.9 20449.3
1142.89 20468
1143.13 20496.1
1142.87 20548.4
1142.14 20572.3
1142.08 20591.7
1141.86 20588.8
1145.68 20721.4
1145.62 20689.4
1145.79 20679.9
1145.83 20664
1145.09 20624.2
1145.19 20569.5
1145.42 20526.7
1145.09 20401.4
1145.18 20309.2
1145.18 20445.9
1145 20471.9
1145 20521.7
1144.68 20545
1144.66 20564.2
1144.67 20616.1
1144.66 20628.8
1144.68 20645.7
1144.72 20642.1
1144.7 20648.2
1144.84 20638.2
1144.85 20669
1146.17 20683.6
1145.87 20693.2
1145.94 20675.8
1146 20647
1145.96 20600.6
1145.97 20624.8
1145.92 20658.6
1144.88 20952.6
1145.07 20982.6
1145.07 20952.4
1144.85 20940.5
1146.73 20990.4
1146.58 21072.5
1146.84 21070.1
1146.76 21076.2
1147.04 21070.8
1146.61 21045.3
1146.72 21039.1
1146.83 21030.9
1146.52 21033.3
1146.29 21033.4
1147.12 21026.1
1147.15 20955.1
1147.7 20914.6
1147.61 20868
1147.49 20846.6
1147.35 20815.1
1147.32 20828.4
1147.63 20819.4
1148.88 20846.1
1148.89 20868.6
1150.05 20895.9
1151.59 20935.4
1151.57 20899.5
1151.52 20917.5
1152.04 20974.7
1152.11 20989.5
1153.56 21000.5
1153.51 21019.8
1154.84 21064
1154.71 21063.3
1154.97 21138.4
1155.17 21137.5
1155.14 21144.4
1155.14 21151.5
1155.14 21277.4
1154.82 21283
1154.9 21299.1
1155.45 21258.8
1155.2 21360.8
1155.25 21385.9
1155.23 21392.9
1154.45 21417.9
1154.33 21441.2
1151.98 21495.9
1151.96 21569.9
1151.95 21578.5
1151.85 21577.1
1151.94 21609.4
1153.24 21616.1
1153.18 21614.1
1153.1 21620.9
1152.74 21620.3
1152.76 21620.8
1152.76 21614.5
1152.66 21601.2
1152.54 21618.4
1152.45 21615.8
1152.54 21625.4
1152.45 21644.7
1152.47 21646.6
1152.35 21671.8
1152.36 21685.8
1152.43 21692.7
1152.55 21704.6
1153.37 21728.2
1153.47 21737.5
1153.48 21744.7
1154.45 21760.6
1154.67 21782.2
1154.66 21808
1154.69 21834.6
1154.63 21856.2
1155.16 21872.6
1155.38 21884.7
1155.93 21893.4
1156.07 21927.9
1156.03 21974.9
1156.22 21967.4
1157.09 21998.3
1157.08 21986.9
1156.33 22007.4
1156.29 21968.8
1155.93 21909.5
1155.57 21978.8
1155.21 22043.1
1155.36 22076.1
1155.36 22073
1155.46 22059.1
1155.45 22047.6
1156.54 22087
1156.57 22097.1
1156.56 22096
1158.79 22116.9
1158.61 22095.2
1158.59 22103.9
1159.06 22125.6
1159.16 22167.5
1159.11 22176
1163.2 22080.5
1163.24 22048.5
1163.25 22082.8
1163.52 22081.1
1163.54 22084.2
1163.92 22082
1163.92 22059.4
