299.071 3218.74
305.037 1800.21
305.641 1184.26
368.798 1500.06
377.176 1539.44
440.523 2435.42
450.961 3529.82
459.453 4085.01
461.619 3574.63
481.921 3536.84
505.085 3863.74
545.122 5740.86
565.011 5223.08
638.921 5185.83
643.023 5293.46
695.003 5930.89
695.034 4655.01
713.363 4842.74
714.928 5126.72
719.279 6053.91
727.336 6090.45
730.71 7061.75
738.343 6876.69
811.577 6850.3
811.467 6322.34
813.113 6271.75
818.918 7490.24
824.98 6907.93
824.781 6675.65
839.566 6715.16
881.829 6854.57
919.251 6777.76
1011.46 7873.06
1021.12 7995.03
1040.59 8859.66
1040.97 7886.65
1070.8 7892.78
1072.95 7747.22
1071.52 7731.32
1071.99 7630.76
1085.3 7531.52
1086.82 7447.15
1088.97 7419.77
1104.66 9036.84
1119.45 9185.89
1121.03 9053.12
1120.73 9169.4
1120.73 9125.87
1119.8 9132.97
1126.24 9688.26
1130.95 10122.2
1158.11 9760.9
1157.84 9726.63
1160.16 9687.86
1173.08 9655.12
1183.45 9671.57
1182.45 9362.21
1184.07 10002.6
1215.44 9782.4
1230.28 9515.68
1232.12 9412.38
1248.98 10197.5
1293.06 10219.8
1293.73 9823.66
1303.17 11415.9
1328.86 11119.4
1326.1 10586.9
1335.64 10534.3
1336.23 10431.4
1336.61 10590.8
1351.77 10746.4
1357.91 10625.3
1362.13 10754.7
1365.3 10671.7
1371.64 10631.2
1387.13 10755.9
1386.41 10569.6
1391.54 10505.2
1392.77 10575.6
1408.16 10756.9
1412.78 10133.4
1424.13 10158
1441.1 10412.5
1441.95 10347
1441.69 10229.9
1453.01 11263.5
1453.15 11138.5
1453.38 11003.4
1453.29 10917.6
1453.39 10992.3
1454.34 10817.4
1454.98 10837.9
1456.12 10772.1
1457.84 10725
1457.03 10764
1456.94 10749
1457.83 10775.2
1459.5 10838.7
1459.44 10844.4
1460.01 10766.1
1462.13 10740.1
1463.02 10720.9
1464.2 10751.9
1465.86 10745.4
1467.61 10791.9
1471.1 10813.7
1474.68 10804.7
1476.25 10854.5
1479.28 10839.1
1481.32 10829.3
1481.48 10829.9
1481.97 10828.4
1480.98 11003
1483.12 10978.9
1482.34 11106.2
1484.43 11064.6
1485.33 11009
1485.81 11011.5
1491.09 11300.4
1490.58 11262.5
1501.5 11204
1501.85 11204.2
1502.91 11263.6
1509.71 11337.8
1509.5 11335.4
1519.51 11237.9
1519.02 11340.1
1517.87 11319.4
1517.93 11294.6
1517.72 11336
1517.9 11382.6
1518.4 11456.9
1520.09 11466.5
1520.32 11488.7
1520.49 11520.9
1523.7 11484.6
1527.42 11481.7
1527 11479.9
1527.3 11599.2
1527.77 11563
1527.84 11594.5
1528.66 11641.5
1528.76 11648
1528.49 11692.8
1528.42 11700.4
1528.42 11877.1
1532.54 12055.2
1533.5 11960
1533.21 12187.5
1532.59 12088.8
1538.77 12348
1541.38 12238.7
1541.43 12374.4
1542.08 12363.9
1542.23 12284.9
1561.57 11884.1
1562.98 11888.9
1563.56 11905.9
1563.84 11969.5
1572.05 11824.4
1572.86 11785.9
1573.1 11820.8
1573.37 11869.6
1575.74 11909.3
1575.67 11910.5
1577.78 11943.4
1578.68 11924.6
1583.79 11915.4
1587.5 11924.2
1587.33 11951.3
1587.19 11967.3
1587.46 11910.6
1585.72 12054.8
1585.73 12147.1
1585.7 12168.9
1585.91 12085.1
1585.99 12065.1
1586.35 12037.6
1586.22 12040.8
1586.3 12024
1585.94 11991.4
1586.39 11982.3
1586.62 11987.9
1591.38 11865.5
1595.21 11811
1597.6 11820.2
1597.92 11728.7
1599.83 12652.7
1600.45 12431.4
1600.72 12738.1
1605.56 12602.8
1613.61 12405
1613.49 12371.5
1614.06 12168.8
1614.24 12239.2
1616.44 12668.5
1616.47 12654.8
1616.66 12421
1616.93 12333.2
1616.94 12342.9
1619.97 12373
1622.2 12422.6
1622.15 12438.6
1622.43 12475.6
1622.5 12504.7
1622.55 12533.6
1624.78 12529.9
1625.51 12549
1627.13 12585.3
1627.33 12574.6
1627.2 12613.1
1626.97 12792.4
1627.16 12763.3
1627.09 12728.3
1626.87 12734.7
1627.13 12755.3
1627.27 12785.6
1627.8 12816.4
1628.32 12829.5
1628.21 12853.3
1628.28 12889.7
1628.23 12915.9
1628.73 12924.5
1628.49 12910.4
1629.16 12832.4
1629.29 12841.6
1630.5 13210.7
1630.09 13181.6
1630.07 13032.4
1632.63 12909.2
1633.9 12893.3
1634.42 12847.6
1635.75 12868.2
1635.67 12880.9
1638.95 13000.4
1639.38 12987.2
1639.49 12906.3
1639.52 12868
1639.72 12840.6
1638.86 12867.7
1638.9 12775.6
1642.99 12684.5
1643.18 12676.6
1645.91 12648.4
1646.53 12661.3
1646.09 12663.3
1645.97 12638.8
1646.64 12625.1
1647.28 12591.2
1647.93 12581.1
1649.57 12638.8
1651.65 12675.7
1651.54 12667.3
1651.19 12603.1
1651.87 12603.3
1651.93 12629
1652.34 12642.8
1652.17 12626.2
1652.19 12627.6
1654.42 12583.1
1654.37 12589.6
1654.2 12598
1654.34 12601.6
1655.31 12670.4
1655.72 12669.2
1655.74 12674.1
1655.89 12660.4
1656.18 12627.3
1656.54 12557
1656.98 12508.5
1657.73 12497.2
1657.76 12469.4
1657.55 12463
1657.26 12468.1
1658.23 12470.1
1658.93 12447.8
1658.8 12440.5
1658.86 12445.4
1658.9 12450.1
1658.78 12457.5
1658.33 12463.3
1658.28 12452.1
1658.64 12454.7
1658.95 12473.3
1659.08 12484
1659.15 12500.8
1659.43 12594.7
1659.24 12650.2
1659.37 12671
1659.2 12682.4
1662.07 12652.6
1662.35 12698.9
1662.44 12709.1
1662.15 12722.8
1662.58 12715.9
1662.65 12717.1
1662.6 12726.6
1662.56 12726.8
1662.54 12712.9
1662.85 12589.2
1663.52 12717
1663.67 12760.6
1664.06 12761.8
1664 12786.7
1664.76 12814.1
1664.82 12810.3
1664.96 12742.5
1665.29 12739.1
1665.28 12686.8
1665.5 12696.6
1665.58 12696.1
1666.22 12689.6
1666.27 12711.2
1666.93 12743.7
1667.18 12746
1668.78 12731.6
1669.24 12731.4
1669.34 12733
1669.49 12755.1
1669.55 12776.2
1669.81 12763.4
1669.87 12710.1
1670.18 12699
1670.15 12689.5
1670.39 12678.8
1670.73 12710.4
1670.73 12722.5
1670.8 12735.9
1670.81 12748.5
1670.37 12769.1
1670.58 12739.6
1670.58 12720
1670.44 12660.2
1670.53 12641.7
1671.74 12668
1672.02 12728.6
1672.51 12752.7
1672.46 12742
1672.97 12727.9
1672.99 12835.5
1672.41 12905.7
1672.41 12988.9
1672.47 13092.5
1672.43 13113.5
1672.37 13225.9
1672.44 13232.9
1672.47 13271.9
1672.2 13264.2
1672.06 13961.5
1672.37 14017
1677.95 13892.7
1678.01 13918.3
1678.02 13628.5
1678.33 13656.1
1678.33 13612.7
1678.33 13605.8
1678.44 13613.5
1678.34 13629.8
1677.6 13652.1
1677.74 13671.6
1677.62 13709.8
1677.79 13756.4
1677.87 13783.8
1678.17 13782.1
1678.13 13771.9
1678.16 13749
1677.6 13747.7
1677.6 13788.4
1677.55 13794.9
1677.59 13783.5
1677.59 13785.1
1677.81 13778.8
1677.76 13788.3
1678.32 13793.3
1678.4 13808.3
1679.05 13817.6
1679.1 13841.9
1679.29 13865.1
1679.11 13898.4
1680.29 13907.8
1680.26 13919.1
1680.64 13876.1
1680.62 13879.5
1680.89 13913.6
1681.02 14115.4
1681.07 14046.2
1680.88 14005.4
1681.18 13954.1
1681.15 13890.6
1681.11 13866.5
1681.12 13832.8
1681.34 13809.7
1681.63 13877.4
1681.77 13879.4
1681.64 13879.9
1681.35 13887.6
1681.31 13898.8
1681.33 13939
1681.39 13955.8
1681.37 13974.1
1681.72 13980.5
1681.78 13982.7
1681.86 13983.5
1681.93 13985.6
1681.9 13985
1682.08 13979.1
1682.06 13967.7
1683.25 13923.8
1683.27 13910.8
1683.27 13885.8
1683.42 13878.3
1683.36 13870.9
1683.21 13856.2
1683.12 13902.7
1683.24 13929.3
1683.58 13944.4
1683.61 13956.2
1683.74 14040.1
1683.67 14060
1683.68 14047.2
1684.77 14191.8
1684.71 14168.2
1684.52 14170
1684.51 14153.7
1684.52 14169.7
1684.52 14195.3
1684.54 14195
1685.16 14204.9
1685.04 14209.6
1684.99 14203.4
1685.9 14212.8
1686.16 14169.4
1686.73 14152.6
1686.83 14138.4
1687.25 14118.3
1687.22 14133
1687.4 14148.1
1687.44 14146.1
1687.53 14205.1
1687.6 14186
1687.63 14209.5
1687.37 14247.3
1687.51 14235.6
1687.48 14212.1
1687.36 14206.6
1687.5 14211.7
1687.5 14220.6
1687.3 14207.4
1687.31 14189.3
1687.49 14173.7
1687.77 14180.7
1687.73 14180.2
1688.51 14171
1688.51 14155.5
1688.52 14155.8
1688.7 14171.2
1688.7 14175
1688.58 14190.5
1688.56 14188.4
1688.6 14208.2
1688.49 14208.9
1688.55 14203.6
1688.65 14205.1
1689.62 14232.7
1689.85 14195.4
1689.85 14204.4
1690.1 14199.9
1690.37 14212.9
1690.39 14214
1690.29 14226.9
1690.73 14239.2
1690.89 14245
1690.83 14260.5
1690.6 14294.1
1692.15 14334.1
1692.24 14370.4
1692.64 14398.5
1692.45 14408.2
1692.37 14408.4
1692.63 14400.1
1692.55 14392.3
1692.58 14447.3
1692.59 14436.5
1692.6 14429.1
1692.66 14417.3
1692.54 14405.6
1692.45 14408
1692.61 14418.4
1692.02 14307.8
1691.97 14371.3
1692.14 14276.1
1692.13 14267.2
1691.95 14269.7
1691.97 14289
1691.9 14301.9
1692.44 14341.7
1692.03 14294.4
1691.94 14353.7
1691.76 14379.1
1691.77 14397.4
1691.83 14406.8
1691.66 14360.4
1692.56 14407.7
1692.48 14396.5
1692.48 14405.5
1692.5 14392.1
1692.53 14393.8
1692.48 14389.1
1692.47 14362.8
1692.48 14355.8
1692.48 14357.9
1692.57 14371
1692.79 14369.4
1693.05 14361.5
1693 14343.9
1693.41 14345.3
1693.34 14341.9
1693.49 14332.7
1693.58 14340
1693.69 14343.9
1693.43 14380.6
1693.31 14380.8
1693.17 14266.9
1693.19 14185.5
1692.89 14107.2
1692.9 14081.1
1693.22 14058.3
1693.13 14046.2
1693.12 14037.8
1693.08 14030
1693.15 14025.5
1692.97 13945.8
1693.04 13954.8
1693.28 13965.1
1693.33 13979.7
1693.31 13989.3
1693.54 14055.7
1693.54 14066
1693.6 14034
1693.59 13992.3
1693.54 13958.4
1693.88 13966.3
1694.23 13995.3
1694.24 14017.2
1694.1 14026.1
1693.84 14036.1
1694.19 14009
1694.26 13937.5
1694.27 13882.8
1694.36 13864.7
1694.38 13847
1694.37 13830.6
1694.17 13817.6
1693.98 13804.3
1693.88 13777.2
1694.31 13786.1
1694.17 13804.2
1694.35 13811.4
1694.28 13852.7
1694.55 13833.7
1694.34 13814.1
1694.25 13717.7
1694.47 13664
1695.16 13639.4
1695.28 13634.1
1695.32 13632.1
1695.26 13636.4
1695.23 13636
1695.22 13639.4
1695.07 13634.5
1695.08 13630.7
1694.91 13616
1695.09 13593.5
1695.13 13580.3
1695.25 13578.6
1695.27 13568
1695.18 13565.2
1695.43 13571.8
1695.41 13570.9
1696 13593.5
1696.08 13582.8
1696.23 13583.9
1696.39 13588.1
1696.47 13584
1696.53 13591
1696.53 13589.7
1696.92 13610.9
1696.98 13625.3
1697.05 13633.6
1697.2 13625.7
1697.2 13632.6
1697.62 13646.6
1697.62 13647.6
1697.64 13642
1697.7 13635.5
1697.73 13628.8
1697.89 13631.1
1697.89 13628.5
1697.92 13623.6
1697.93 13624.2
1698.46 13668.7
1698.26 13681.1
1698.26 13793.8
1698.99 13799.5
1699.2 13806.2
1699.19 13803.2
1699.19 13804.7
1699.26 13815.3
1699.38 13817.4
1699.22 13855.7
1699.41 13896.7
1699.42 13904.5
1700.07 13928.3
1699.78 13925.3
1700.33 13944.5
1700.34 13960.3
1700.32 14002.7
1700.55 14022.8
1700.67 14058.1
1700.62 14014.4
1700.62 14053.7
1700.19 14100.6
1700.22 14113.9
1700.77 14137.2
1700.88 14187.1
1700.88 14196.7
1700.87 14206.1
1701.2 14205.6
1701.28 14198.1
1701.3 14194.2
1701.29 14224.5
1701.24 14215.6
1701.53 14244
1701.52 14253.2
1701.56 14256.3
1701.65 14263.5
1701.86 14293.9
1702.22 14275.2
1702.15 14270.7
1702.22 14264.8
1702.27 14269.1
1703.5 14257
1703.52 14263.9
1703.85 14315
1703.8 14318.5
1703.76 14328.5
1704.06 14320
1704.29 14339.8
1704.42 14354.3
1704.46 14350.5
1704.59 14352.9
1704.47 14352.3
1704.54 14353.7
1704.52 14348.1
1704.56 14361.1
1704.56 14353.5
1704.31 14333.6
1704.21 14271.5
1704.16 14245.9
1704.22 14233.8
1704.25 14224
1704.27 14218.5
1704.26 14214.5
1703.95 14205.4
1703.95 14232.6
1703.97 14245.3
1704.03 14263.3
1703.82 14289.5
1703.93 14286
1704.18 14327.1
1704.1 14316.5
1704.31 14289.8
1704.68 14285.1
1704.58 14290.3
1704.56 14290.4
1704.64 14292.1
1704.65 14292.1
1704.65 14270.4
1704.77 14267.9
1704.77 14267.9
1704.69 14269.2
1704.67 14271.5
1704.73 14275.9
1704.31 14304.7
1704.66 14328.8
1704.73 14332.8
1704.72 14320.1
1704.73 14320.9
1704.6 14379.5
1705.13 14382.5
1705.15 14375.4
1705.2 14386.1
1705.21 14374.6
1705.7 14378.9
1705.72 14377
1705.66 14364.2
1705.64 14335.8
1705.57 14334.7
1705.62 14334.4
1705.38 14308.3
1705.51 14301.9
1705.09 14294.1
1705.14 14300.5
1705.13 14303.8
1705.23 14310.1
1705.17 14296.7
1705.56 14311
1705.56 14293.9
1705.63 14285.9
1705.76 14288.7
1705.8 14280.8
1705.84 14303.4
1705.79 14292
1705.75 14290
1705.83 14240.3
1705.87 14219.9
1705.94 14224.5
1705.88 14211.5
1705.73 14188.4
1705.78 14181.5
1706.06 14093.8
1705.71 14064.1
1705.72 14047.2
1705.65 14038.5
1705.65 14037.1
1705.82 14037.7
1706.07 14041.6
1706.09 14028.8
1706.02 14016.4
1706 14021.9
1706 14019.2
1706.49 14016.7
1706.76 14032.8
1706.96 14027.7
1707.21 14037.7
1707.04 14050.3
1707.04 14048.7
1707.06 14039.2
1707.09 14031.1
1706.88 14015.4
1706.78 13978.7
1706.7 13978.9
1706.7 14009.8
1706.96 14051.2
1706.95 14065.8
1706.95 14061.7
1707 14052.3
1707.12 14037.3
1707.36 14039.9
1707.16 14044.8
1707.06 14033.9
1707.24 14018.7
1707.12 14008.6
1706.82 13975.6
1706.41 13908.9
1706.37 13864.3
1706.69 13838.2
1706.75 13830.4
1706.66 13832.5
1706.69 13849.8
1706.66 13852.5
1706.59 13852.2
1706.62 13863.1
1706.51 13868.2
1706.51 13865
1706.51 13856.7
1706.5 13844.3
1706.26 13822.9
1706.26 13813.3
1706.36 13840
1706.31 13839.3
1706.24 13825.8
1706.06 13857.8
1706.84 13846.4
1706.98 13845.6
1707.16 13833.7
1707.07 13825.1
1707.1 13818.8
1707.23 13852.9
1709.05 13848
1708.87 13785
1708.64 13801.4
1709.42 13787.5
1709.61 13809.3
1709.72 13797.8
1709.74 13788.8
1709.82 13784.1
1709.9 13760.4
1709.87 13767.7
1710.51 13803.7
1710.5 13819.4
1710.5 13819.9
1710.4 13818.9
1710.14 13834.8
1710.09 13851
1709.93 13869.6
1709.74 13911.8
1709.66 13908.3
1709.82 13975.4
1709.75 14020.2
1709.75 14031
1709.69 14035
1710.2 14035.5
1710.24 14028.8
1710.1 14020.8
1710.1 14019.7
1710.15 13996.4
1710.37 13981.9
1710.37 13980.1
1710.39 14001
1710.41 13980.3
1710.42 13961.1
1710.43 13952.7
1710.44 13942
1710.24 13922.2
1710.16 13915
1709.81 13879.6
1709.81 13877.6
1709.78 13876.8
1709.79 13850.1
1709.78 13851.9
1709.78 13863.5
1709.69 13851.6
1709.72 13861.9
1710.06 13856.7
1709.98 13865.7
1710 13855.6
1709.95 13861.8
1709.93 13852.2
1709.88 13843.3
1709.86 13838.9
1709.82 13834.4
1710.12 13841.7
1710.25 13832.9
1710.2 13824.3
1710.3 13830.7
1710.14 13825.1
1710.15 13820.5
1710.04 13817.1
1710.43 13837.9
1710.37 13834.6
1710.34 13801.8
1710.27 13798
1710.27 13791.6
1710.74 13798.3
1710.76 13782.3
1711.22 13788.1
1711.19 13787.3
1711.22 13804.9
1711.22 13797.8
1711.85 13816
1711.83 13805.4
1711.85 13805.7
1711.8 13802.5
1712.18 13792.3
1713.28 13799.3
1713.65 13794.6
1713.58 13775.5
1713.65 13762.5
1713.72 13778.7
1713.9 13778.3
1713.66 13762.8
1713.69 13778.8
1714.33 13951.2
1715 14054
1715.04 14045.7
1715.06 14053.7
1715.07 14066.9
1715.18 14063.4
1715.45 14064.1
1715.88 14045.3
1716.03 14038.9
1716.21 14048.4
1716.2 14049.8
1716.19 14052.8
1716.18 14058.8
1716.23 14033.6
1716.18 14027.3
1716.18 14025.7
1716.37 14031.8
1716.29 14026.9
1716.29 14022.7
1716.3 14032.1
1716.32 14032.7
1716.25 14033.5
1716.23 14039.8
1716.2 14032.8
1716.21 14035.9
1716.07 14031.4
1716.07 14037.9
1716 14038.5
1715.95 14026
1716.16 14003.5
1715.94 13989
1715.93 13942.4
1716.3 13955.2
1716.46 13972.8
1716.46 13982.3
1716.49 13984.9
1716.48 13979.8
1716.82 13960.7
1716.83 13933.2
1716.8 13921.6
1716.9 13911.5
1716.84 13919.1
1716.84 13917.3
1716.84 13924.6
1716.62 13916.1
1716.74 13932
1716.73 13933.9
1716.6 13937
1716.61 13938.7
1716.75 13934.9
1717.03 13928.4
1717.02 13930.8
1717.03 13930.6
1717.05 13932.2
1717.25 13947.8
1717.25 13941.5
1717.26 13938.9
1717.18 13934.5
1717.22 13951.9
1717.3 13955
1717.51 13975.9
1717.61 13959.8
1717.6 13929.5
1717.73 13914
1717.69 13891.2
1717.8 13880.5
1717.96 13865.2
1718 13839.9
1718.01 13822.1
1718.03 13796
1718.02 13779
1719.91 13760
1719.95 13741.1
1719.92 13735.9
1720.18 13728.8
1720.19 13721.1
1719.84 13689.6
1719.85 13674.5
1720.1 13650.3
1720.12 13644.3
1720.17 13628.2
1720.24 13621.8
1720.21 13579
1720.27 13576.7
1720.28 13572.7
1720.35 13562.5
1720.37 13542.7
1722.22 13512.4
1722.31 13492.3
1722.38 13484.5
1722.6 13479.7
1722.59 13469.6
1722.43 13465.5
1722.49 13465.6
1722.5 13451.2
1722.56 13452.8
1722.61 13452.9
1722.56 13457.2
1722.77 13460.1
1722.87 13458
1722.81 13449.9
1722.92 13454.9
1722.98 13449.4
1723.21 13445.4
1723.21 13445.3
1723.75 13478.8
1723.72 13439.7
1724.06 13450.8
1724.05 13455.6
1724.15 13464.3
1724.15 13466.4
1724.1 13458.6
1724.12 13462.8
1724.12 13465.6
1724.02 13462.4
1724.14 13404.9
1724.26 13399.6
1724.41 13408.3
1724.38 13405.9
1724.5 13399.9
1725.72 13741.5
1725.78 13735.9
1725.8 13722.3
1725.87 13712.1
1725.97 13697.7
1726.52 13722.7
1726.57 13797
1726.74 13810
1726.73 13822.5
1726.72 13826.9
1726.74 13825.1
1726.81 13827.4
1728.1 13827.1
1728.06 13828.4
1727.97 13830.3
1728.27 13834.1
