143.192 270.034
156.427 674.002
197.566 474.674
273.067 1738.2
284.56 1587.53
286.127 1420.18
290.369 1362.57
425.648 3346.63
426.533 2619.22
446.171 4094.84
446.188 3078.45
470.777 3005.91
470.574 2789.19
487.895 2796.91
507.186 2844.38
527.708 3132.1
589.649 3108.75
593.001 3518.97
596.278 3437.69
596.304 3386.07
595.856 3401.58
628.397 4982.87
644.879 4576.33
658.218 4379.74
657.384 4403.59
672.7 4873.23
681.255 4513.68
682.755 5249.8
685.965 4864.4
731.191 5467.04
744.528 5369.02
748.568 6148.44
750.234 6263
750.558 6174.42
750.812 5999.59
750.373 6437.73
756.924 6510.33
762.856 6495.43
765.57 6486.15
766.603 6069.41
766.92 6009.16
785.261 5846.91
786.625 5820.05
786.555 5808.85
788.019 5788.15
788.086 5832.45
788.081 5848.06
784.666 5832.19
786.405 5877.09
797.219 6165.54
820.169 6121.11
821.176 6143.76
843.795 6114.87
845.979 7071.37
846.65 6773.4
861.966 6609.1
870.382 6934.62
891.565 6436.9
892.458 6140.51
901.228 6442.15
902.305 6285.9
902.305 6205.64
905.095 6411.43
906.944 6048.8
908.243 5960.02
905.547 6233.79
906.501 6379.19
909.286 6513.66
926.648 6799.55
926.884 6756.66
927.354 6737.31
926.201 6739.23
929.105 6727.58
932.632 6956.91
932.346 7022.85
933.775 7048.48
933.848 7034.85
936.204 7028.33
936.042 6974.66
935.672 7348.83
935.512 7363.28
936.008 7324.91
934.429 7399.85
937.605 7434.78
939.238 7389.86
941.79 7362.38
949.492 7565.81
965.743 7406.74
966.977 7283.98
980.457 7402.21
983.845 7532.12
985.97 7272.13
988.214 6936.51
988.247 6838.18
986.241 6798.59
990.608 6774.73
994.38 6901.63
994.047 6980.8
994.971 7059.83
995.002 7050.73
994.605 7056.4
1004.48 7214.53
1003.64 7242.94
1004.39 7187.81
1005.5 7156.32
1004.37 7085.42
1002.73 7429.61
1007.18 7298.88
1010.73 7092.7
1010.8 7144.62
1009.75 7259.47
1010.48 7199.61
1008.1 7119.27
1014.32 7110.81
1016.45 7189.92
1016.88 7198.86
1023.24 7130.18
1025.52 6996.24
1025.69 6930.02
1028.15 6922.82
1029.23 6873.48
1033.58 6920.77
1035.51 6952.06
1032.94 6971.8
1034.09 6950.1
1035.29 6954.66
1035.73 6934.98
1037.55 6927.97
1039.13 6915.8
1038.57 6939.5
1038.53 6926.06
1039.39 6927.31
1040.38 6995.19
1041.98 6965.54
1048.81 6998
1048.17 6906.25
1048.85 6924.35
1049.82 6970.77
1049.91 7003.52
1049.95 7020.93
1049.44 7114.13
1054.49 7273.2
1052.84 7186.73
1053.61 7153.78
1052.33 7209.41
1052.07 7211.6
1054.83 7274.55
1054.13 7248.02
1053.63 7225.76
1054.67 7394
1055.19 7274.62
1056.09 7220.78
1056.24 7108.54
1056.39 7101.64
1056.04 7356.14
1058.33 7406.81
1057.03 7542.72
1058.61 7525.71
1058.53 7498.19
1060.11 7552.16
1060.2 7465.69
1060.75 7517.18
1061.54 7775.6
1061.6 7747.18
1060.91 7818.86
1060.97 7855.82
1060.93 7879.75
1060.93 7850.2
1063.38 7791.48
1065.28 7953.54
1065.02 7980.76
1066.68 8056.91
1062.88 8119.67
1064.45 8510.53
1065.06 8715.66
1066.3 8766.29
1065.66 8891.75
1068.09 8890.1
1069.28 8710.03
1069.69 8759.52
1069.85 8689.7
1069.77 8718.87
1069.93 8664.84
1069.9 8591.12
1070.18 8587.91
1069.96 8615.41
1069.88 8759.23
1071.12 8623.39
1071.27 8669.37
1071.38 8664.69
1071.61 8638.94
1071.37 8729.67
1071.49 8805.91
1070.26 8897.23
1070.81 8948.42
1070.03 8980.82
1070.79 9043.48
1070.78 8977
1071.54 8920.19
1071.53 8859.33
1071.74 8825.55
1071.79 8796.42
1071.08 8699.84
1072.29 8756.04
1072.15 8734.36
1072.84 8713.36
1073.01 8715.68
1072.78 8729.53
1073.17 8762.14
1073.45 8730.15
1074.37 8712.09
1074.74 8727.37
1076.32 8675.92
1077.1 8763.76
1077.7 8827.76
1080.05 8716
1080.6 8566.74
1081.66 8637.67
1081.82 8605.01
1082.22 8514.89
1082.43 8460.59
1082.86 8512.69
1082.93 8596.56
1084.51 8628.67
1084.41 8822.05
1084.53 8834.36
1084.98 8873.33
1086.27 8931.98
1086.25 8923.33
1086.46 8894.2
1085.26 8994.76
1084.46 8996.25
1085.61 9068.92
1085.37 9091.53
1084.07 9164.67
1083.74 9209.78
1084.95 9158.97
1084.53 9269.14
1085.14 9324.36
1086.84 9348.73
1086.81 9399.66
1088.22 9418.18
1087.05 9470.71
1090.2 9545.66
1090.86 9417.86
1091.49 9448.58
1091.36 9462.08
1093.96 9459.98
1094.13 9498.81
1095.84 9714.47
1097.26 9702.29
1097.7 9561.05
1097.62 9557.36
1097.49 9566.26
1099.83 10243.1
1100.53 10142.1
1102 9903.54
1102.77 9876.72
1102.64 9940.83
1106 10099.4
1105.75 10131.5
1105.39 10136.3
1105.11 10169.3
1105.2 10168.3
1105.31 10175.7
1105.77 10226.6
1105.81 10238.1
1106.19 10222.5
1105.57 10238.5
1105.26 10277.5
1106.05 10242.9
1106.53 10208.9
1106.41 10205.6
1106.21 10264
1106.31 10262.5
1106.39 10269.4
1107.03 10375.1
1106.9 10388.6
1106.94 10390.9
1110.82 10370.5
1110.79 10346.5
1110.8 10366.8
1111.1 10391.4
1115.1 11323.9
1114.99 11315.8
1119.45 10740.4
1119.49 10861.6
1119.95 10908.1
1118.15 11328.5
1118.3 10673.2
1118.23 10529.7
1119.24 10547.5
1119.26 10569.2
1119.19 10585.1
1118.92 10609.6
1119.67 10615.9
1119.93 10617.5
1120.11 10645.6
1120.23 10652.3
1120.89 10721.8
1121.08 10750.1
1121.29 10756.6
1124.22 10913.8
1124.72 10901.4
1124.74 10887.5
1124.96 10818
1124.8 10852.6
1125.4 10857.3
1125.32 10850.1
1125.33 10856.8
1125.38 10897.4
1125.37 10923.8
1126.04 10923.8
1125.61 10904.8
1125.65 10935.6
1125.46 10933.2
1125.27 10936.3
1125.52 10949.6
1125.56 10921.7
1125.57 10952.7
1127.2 10960.3
1127.26 11000.3
1125.9 11029.8
1125.04 11025.8
1126.44 11114.2
1126.71 11065.8
1127.68 11032.1
1128.78 11024.3
1129.08 11131.2
1129.97 11192.4
1129.87 11207.4
1130.11 11225.2
1130.43 11228.9
1130.12 11226.5
1130 11183.4
1130.05 11171.6
1132.25 11321.3
1131.84 11528.6
1133.85 11666.3
1134.42 11642.7
1134.4 11605.9
1134.55 11591.1
1135.51 11590.1
1136.03 11629.5
1135.97 11610.6
1136.68 11587.1
1138.1 11600.1
1138.58 11561
1138.27 11444.1
1137.22 11299.5
1137.26 11140.4
1137.68 11078.3
1137.91 11025.8
1137.94 11081.8
1137.55 11083.1
1136.99 11092.7
1137.29 11118.7
1137.74 11177
1138.04 11179.8
1137.72 11167.6
1136.91 11250.1
1136.55 11327.1
1136.51 11364.3
1136.54 11363.3
1136.78 11382.7
1136.59 11393
1136.75 11409.4
1137.32 11418.9
1136.91 11489.3
1136.65 11472.9
1136.74 11479.8
1136.84 11474.6
1136.32 11460.1
1137.06 11455.3
1136.96 11486.3
1136.71 11506.6
1136.51 11594.8
1136.29 11627.8
1136.27 11542.5
1136.54 11538.9
1142.49 11703.4
1143.42 11618.9
1143.46 11633.9
1144.32 11646.9
1144.05 11727
1144.19 11736.6
1144.49 11729
1144.94 11732.6
1145.46 11742.5
1145.55 11764.1
1145.65 11829.8
1145.24 11844.2
1145.63 11842.1
1145.67 11792.6
1145.19 11771.1
1144.28 12155.8
1143.89 12256.3
1143.77 12274.3
1145.28 12348.9
1145.35 12359.8
1145.4 12382.4
1144.5 12471.1
1144.27 12518.9
1144.95 12607.3
1145.05 12576.3
1144.52 12562.6
1146.82 12661.4
1146.88 12446.4
1147.03 12527
1147.39 12542.9
1147.28 12548.9
1147.32 12541.9
1148.05 12541.4
1148.05 12546.7
1147.85 12556.7
1149.2 12612.5
1149.21 12714.3
1149.31 12710.7
1149.24 12713.5
1149.07 12649.1
1149.44 12796.2
1149.09 12833.1
1149.96 12852.1
1150.62 12972.5
1150.47 13014
1150.32 13031.7
1150.9 13066.1
1150.98 13081.6
1151.33 13091.7
1151.52 13017.8
1152 13025.3
1151.96 13037.8
1151.57 13078.9
1151.49 13115.2
1151.48 13130
1152.73 13229.8
1152.6 13252.3
1152.96 13354.2
1152.89 13499.8
1152.79 13476.9
1152.58 13403.9
1152.61 13353.9
1152.79 13293.6
1152.93 13262.9
1152.95 13237.1
1152.92 13253.3
1152.3 13191.6
1153 13259.8
1152.63 13324.8
1152.65 13311
1153.02 13302.7
1152.85 13300.4
1152.87 13241.7
1153.04 13218.7
1153.28 13178.9
1153.28 13176
1153.28 13182.8
1153.33 13170.2
1153.13 13204.3
1152.86 13278.2
1152.42 13283.5
1152.78 13295.5
1152.65 13289.7
1152.88 13253
1152.62 13150.7
1152.64 13125.7
1152.84 13099.8
1153.36 13107.5
1153.7 13097.7
1153.56 13114.7
1154.33 13117.1
1155.08 13118
1154.67 13001.6
1155.58 13064.3
1155.47 13095.3
1155.55 13091.6
1154.18 13060.4
1154.14 13084.8
1153.95 13107.8
1154.01 13071.7
1153.97 12974.2
1153.95 12969.2
1155 12954.5
1154.95 12944.5
1154.97 12922.5
1154.78 12937.4
1154.85 12975.1
1154.69 12923.9
1154.6 12929.3
1154.61 12910.3
1154.83 12910.9
1154.88 12876.7
1154.97 12701.6
1154.24 12638.1
1154.44 12655.7
1153.39 12870.2
1153.42 12769.1
1153.56 12657.2
1154.43 12651.4
1154.59 12640.9
1155.1 12624.7
1155.19 12613.2
1154.78 12565.2
1154.76 12515.4
1154.71 12507.9
1154.56 12498.6
1154.58 12541.5
1154.79 12560.7
1156.65 12579.1
1156.73 12601
1157.1 12657.4
1157.93 12705.1
1157.83 12681.9
1157.71 12715
1157.86 12726.6
1157.62 12791.7
1157.59 12792
1157.15 12824.6
1157.07 12983.2
1157.42 13016.7
1157.4 13003.6
1157.33 13034.6
1157.34 13049.4
1157.31 13034.2
1157.34 13056.6
1157.21 13048
1157.99 13068.2
1158.64 13110.7
1158.64 13123.4
1158.36 13119.1
1157.96 13091.4
1158.29 13123.3
1157.92 13157.8
1158.02 13185.3
1158 13270.2
1158.14 13333.2
1158.14 13333.2
1158.86 13391.7
1159.04 13371.9
1159.05 13381.6
1158.92 13383.7
1158.55 13411
1158.44 13479.4
1158.46 13513.7
1158.28 13533.7
1158.28 13492.3
1157.76 13462.1
1157.79 13465.9
1158.1 13430
1158.52 13430.5
1158.77 13427.4
1160.82 13403.7
1160.69 13420.2
1160.87 13432
1160.93 13438.8
1161.7 13441.3
1161.67 13457.9
1161.69 13495.9
1161.61 13505.9
1161.62 13537.5
1161.67 13649.9
1161.71 13725.2
1161.5 13758.9
1161.21 13787.3
1161.77 13822
1161.81 13881.9
1162.29 13909.6
1161.94 13915.1
1162.84 13984.6
1162.79 14014.7
1162.8 14064.5
1162.74 14091.4
1162.83 14107.1
1163.74 14163.6
1163.74 14150
1164.25 14249.7
1164.36 14281.1
1164.43 14262.8
1165.18 14228.4
1165.27 14219.9
1165.29 14206.1
1165.32 14194.7
1165.09 14179
1165.58 14149.8
1165.71 14138.8
1165.77 14127.7
1165.57 14095.7
1165.59 14087.2
1166.14 14102.1
1166.14 14136.1
1165.77 14168.4
1166.33 14208
1166.39 14230.4
1166.57 14211.8
1166.61 14236.5
1166.64 14235.7
1166.64 14232.4
1166.67 14229.1
1166.32 14219
1165.15 14173.5
1165.92 14292.5
1167.08 14335.6
1167.45 14329.7
1166.97 14335.7
1167.74 14400.4
1167.77 14427.2
1168.31 14478.9
1168.2 14489.3
1168.43 14500.3
1168.45 14520.3
1168.4 14528.9
1168.71 14474.6
1168.51 14478.3
1168.48 14350.4
1167.54 14353.5
1167.68 14362.4
1168.23 14409.7
1169.08 14393.8
1169 14429.9
1169.11 14458.1
1169.17 14456.2
1169.35 14476.3
1169.25 14485
1169.2 14511
1169.8 14481.4
1171.82 14461
1174.08 14649.8
1174.37 14702.5
1174.34 14740.1
1174.48 14735.6
1174.02 14741.7
1173.45 14553.3
1173.63 14506.9
1173.68 14484.1
1173.69 14482.9
1173.69 14475.6
1174 14474.9
1174.62 14457.4
1175.23 14587.7
1174.99 14567
1175 14567.7
1175 14558.6
1175.45 14495.2
1175.26 14535.4
1175.26 14502.9
1175.35 14459
1175.36 14456.7
1175.2 14444.8
1175.16 14421.9
1175.09 14394.2
1175.06 14428.1
1175.97 14497
1176.4 14436.6
1176.36 14465.3
1176.37 14461
1176.56 14483.9
1176.53 14462.1
1176.27 14541.3
1176.4 14493.1
1176.48 14497.8
1176.89 14477
1177.14 14447.6
1178.28 14417.6
1178.29 14453.3
1178.5 14407.2
1178.69 14357.7
1178.99 14336.7
1179.63 14312.6
1179.65 14277.8
1178.96 14427
1179.59 14599.6
1179.6 14554.9
1179.41 14463.2
1179.4 14413.6
1179.42 14364.5
1178.99 14312.8
1179.19 14344.6
1179.32 14412.6
1179.45 14366.3
1179.36 14364.2
1179.31 14407.8
1179.32 14434.5
1179.32 14440.1
1179.22 14414.6
1179.25 14437
1179.98 14434.5
1179.98 14474
1179.9 14475.9
1180.03 14494.8
1180.04 14505.5
1179.91 14674.8
1180.04 14689.8
1180.05 14700.4
1179.94 14714
1179.93 14712.3
1180.31 14775.3
1180.23 14814.3
1180.23 14821.1
1180.3 14832.8
1181.24 14809.9
1181.74 14842.8
1181.73 14962.7
1181.62 14996.3
1181.96 15000.2
1182.06 15086.6
1182.12 15080.7
1181.81 14953.2
1181.68 14891
1182.65 14912.9
1182.71 14973.3
1182.74 14941.7
1182.58 14907
1182.59 15032.1
1182.44 15075
1182.68 15136.1
1182.85 15190.1
1182.86 15224.9
1184.28 15263.3
1184.19 15255.1
1184.6 15257.2
1184.56 15255.7
1184.28 15276
1184.72 15328.1
1184.78 15351.6
1184.98 15370.9
1185.28 15390.8
1185.05 15387.4
1184.75 15375
1184.77 15374.1
1184.77 15355.8
1184.75 15329.3
1184.82 15286.1
1184.72 15206
1184.62 15240.7
1184.72 15259.4
1184.73 15254.8
1184.36 15345.6
1184.3 15377.3
1184.34 15357.8
1184.28 15322.9
1184.01 15264.3
1184.03 15234.1
1184.13 15199.3
1184.16 15180
1184.21 15152.8
1184.11 15211
1184.09 15198.7
1184.08 15184.6
1185.24 15175.4
1185.19 15124.4
1185.16 15131.6
1184.98 15133.1
1186.01 15232.9
1186.11 15297.9
1186.12 15345.3
1185.71 15371
1185.72 15380.7
1185.37 15354
1185.16 15274.1
1185.41 15249.1
1185.63 15236.5
1186.02 15257.1
1186.28 15275.7
1186.41 15291.5
1186.43 15244.7
1186.57 15296.7
1186.57 15254.6
1186.57 15256.2
1186.62 15251.7
1186.37 15214.9
1186.33 15197.3
1187.22 15185.9
1187.12 15187.9
1187.15 15199.4
1187.14 15195.8
1187.75 15238.8
1189.58 15330.4
1189.85 15255.2
1190 15269.7
1190.01 15254.1
1190 15225.6
1190.01 15219.9
1190.12 15224.4
1190.05 15204.5
1190.23 15168.1
1190.36 15156.1
1190.36 15165.7
1190.31 15174.7
1190.44 15136.9
1190.51 15111.4
1190.56 15092
1190.52 15076.6
1190.56 14946.9
1191.2 15003.9
1191.15 14979.1
1191.17 14965
1191.33 14974
1191.53 14995.6
1191.56 15023.9
1191.68 15034.9
1192.12 15070.5
1192.11 15081.9
1192.15 15076.4
1191.22 15230.2
1191.28 15211.2
1191.41 15190.3
1191.4 15169.2
1191.43 15155.9
1191.33 15113.9
1191.45 15086.8
1191.46 15086.3
1191.55 15097.8
1191.24 15058.5
1191.66 15053.2
1191.66 15085.1
1192.37 15062.5
1191.99 14971.4
1191.94 14919.1
1192.08 14911.1
1191.98 14944.2
1191.82 14949.2
1191.9 14942.4
1191.68 14920.1
1191.63 14809.9
1191.54 14806
1192 14782.2
1191.93 14813.4
1192.12 14750.4
1192.3 14748.9
1192.36 14714.3
1192.33 14724.1
1192.28 14721.3
1192.2 14717.6
1191.87 14660.4
1191.77 14575.2
1191.79 14573
1191.82 14552.9
1191.9 14553.5
1192.11 14567.8
1192.21 14597.1
1192.19 14564.8
1191.6 14587.2
1191.66 14587.9
1191.7 14613.3
1192.15 14627.4
1192.21 14606.3
1192.98 14624.8
1192.98 14655.1
1193.09 14681.1
1193.78 14712.6
1193.83 14713.5
1194.34 14733.2
1194.16 14759.8
1194.69 14786.8
1194.69 14764.9
1194.65 14735.4
1195.24 14727
1195.27 14723.5
1195.27 14725.4
1195.33 14788.9
1195.1 14747.7
1195.24 14792
1195.28 14821.7
1195.3 14858.5
1195.52 14861.5
1195.51 14887.4
1195.76 14909.1
1195.99 14942.9
1195.92 14951.9
1196.41 14960.6
1196.75 14965.4
1196.72 14972.5
1196.57 14968
1196.73 14945.5
1196.87 14938.5
1197.18 14955.8
1197.18 14955.5
1197.05 14947.7
1197.64 14987.8
1197.64 15000.8
1197.62 15008.6
1197.6 15002.6
1197.61 15019.9
1197.77 15021.6
1197.74 14996.5
1198.46 15161.9
1199.14 15273
1199.26 15359.4
1199.29 15366.5
1199.68 15378.5
1199.63 15411.9
1199.67 15426.9
1199.35 15430.9
1199.19 15445.6
1199.16 15439
1199.29 15458.3
1199.28 15440.6
1199.32 15419.5
1199.84 15450.7
1199.83 15453.4
1199.98 15454
1199.59 15452.1
1199.87 15477.9
1199.8 15464.7
1199.74 15456.2
1199.49 15436.2
1199.48 15420.2
1199.45 15413.8
1199.53 15421.7
1199.61 15440.7
1199.68 15405.2
1199.87 15386
1200.11 15430
1200.18 15390.9
1200.24 15387
1200.49 15350.2
1200.49 15357.3
1200.47 15365.6
1199.25 15296.8
1199.57 15390.3
1200.2 15454.7
1200.5 15452.9
1200.72 15451.8
1200.67 15427.5
1200.61 15391.4
1200.98 15340
1201.01 15353.9
1201.36 15335.1
1200.74 15273.2
1201.11 15221.5
1201.25 15194.9
1201.36 15233.2
1201.46 15224.5
1202.08 15256.6
1202.11 15284.3
1202.35 15292.6
1201.99 15203.4
1201.35 15693.9
1201.62 15695.7
1201.61 15651.9
1201.88 15682.1
1201.46 15591.9
1202.48 15566.3
1203.06 15591.2
1202.72 15549.6
1202.72 15456.5
1202.2 15476.8
1202 15471.4
1202.16 15500.3
1202.2 15530.2
1202.15 15548.1
1202.28 15569.1
1202.18 15537
1202.77 15558.7
1203.34 15611.3
1203.31 15626.1
1203.31 15650.7
1203.76 15603.1
1203.59 15599.3
1203.47 15590.6
1203.48 15585.9
1203.62 15582.9
1203.91 15676.9
1203.77 15741.3
1203.78 15781.8
1204.36 15851
1204.27 15877.6
1204.19 15883.5
1204.19 15878.7
1204.09 15858.1
1204.34 15948.1
1204.21 15954.8
1204.35 15961.2
1204.38 15983.2
1204.38 15968.1
1204.65 16001.8
1205.17 15973.6
1204.85 15976
1204.84 16022
1204.89 16067.9
1204.93 16088
1204.98 16119.4
1205.06 16151.4
1205.26 16171.8
1205.54 16188.1
1204.87 16189.7
1204.95 16193.1
1204.99 16244.4
1204.99 16243.6
1205.01 16244
1205.09 16248.6
1205.24 16229.1
1205.17 16246.8
1205.01 16214.5
1204.84 16224
1204.91 16238.6
1205.01 16210.7
1205.08 16221.5
1205.07 16240.4
