116.558 56.4053
119.736 70.3291
119.999 70.0836
253.378 331.639
363.004 1583.7
364.248 1246.14
373.33 1270.11
397.689 1918.3
401.23 1647.29
436.754 1885.02
437.314 1759.04
440.384 1825.86
444.026 2146.67
452.401 2304.4
467.59 2598.17
474.476 3114.09
478.511 3054.63
501.784 2865.08
533.594 3179.84
534.685 3085.94
535.182 2986.7
535.535 2935.14
535.618 2934
534.026 3050.49
536.261 3183.55
537.272 3164.32
540.577 3322.05
541.461 3298.37
550.667 3367.45
551.524 3347.93
554.243 4055.63
558.869 3759.87
558.763 3747.75
564.537 4153.24
564.616 4019.46
564.764 3960.09
566.73 4191.76
566.807 4148.79
570.29 4179.23
582.697 4306.3
582.708 4452.3
590.136 4725.48
597.101 4705.11
605.513 5019.21
613.993 5322.34
614.282 5178.04
615.837 5104.54
614.509 5373.85
616.893 5413.83
627.161 5392.13
633.364 5291.55
634.854 5274.07
642.023 6137.4
641.206 5994.58
645.837 5911
659.904 6037.46
661.551 5960.67
658.244 6197.95
655.294 6754.49
684.454 7099.86
685.808 6813.81
677.585 10094
677.666 8054.3
674.795 7272.32
674.52 7311.98
673.284 7238.43
672.656 7722.44
671.37 7726.04
675.422 7851.67
675.598 7838.85
702.756 8108.75
702.853 8111.35
698.3 7948.65
700.352 7884
709.155 8129.83
712.179 8339
715.145 8718.86
740.852 8730.44
743.701 8762.89
743.805 8911.33
743.928 9256.06
743.635 9450.44
743.953 9482.96
744.888 9563.39
766.251 9786.38
771.43 9483.59
773.787 9617.44
775.554 9850.48
800.016 9715.63
800.718 9452.84
798.179 9713.56
803.423 9833.24
811.32 10311.8
811.186 10292.4
811.157 10228.7
810.376 10240.4
810.663 10168.8
822.883 10254.7
826.213 10218.5
826.796 10212
825.758 10131.8
825.682 10156.6
841.116 10266.6
846.212 10572.5
850.946 10759.9
852.066 10838
852.468 10869.1
853.018 10953.1
853.546 10984.6
865.472 11152
866.124 11122.9
878.196 11105
878.763 11253.3
878.996 11339.2
880.302 11399.7
882.959 11399.7
882.949 11372.9
883.64 11419
886.279 11448.5
884.716 11837.6
885.535 11628.5
887.559 11461.5
887.565 11263.6
883.997 11306.4
887.188 11216.1
886.225 11456.5
889.909 11394.2
889.165 11466.1
892.811 11467.1
895.254 11515
891.633 11566.5
894.275 11580.7
894.321 11565.6
901.36 12369
901.166 12227.4
901.137 12111.1
900.574 12053.3
901.62 11973.6
902.646 11951.9
902.703 11948.9
902.71 11943.7
903.588 11917.9
903.431 11910.1
903.508 11934.3
905.504 11948.8
907.095 11930.8
908.704 11964.3
921.861 12633.2
925.552 12528.5
926.069 12366.2
925.729 12295.4
926.404 12271.2
926.497 12184.9
932.05 12215.8
933.069 12168.6
933.608 12243.9
932.96 12217.8
928.44 12528.9
928.48 12977.8
926.907 12971.2
927.56 12981.1
929.232 13018.9
931.395 12983.9
930.483 13623.1
931.066 13481.4
930.944 13400.5
932.092 14620
933.27 13971.2
933.238 13903.9
933.165 13853.3
935.081 13913.1
934.843 13934.3
934.855 13983.1
933.991 14313.8
934.623 14392
933.485 14492.9
933.437 14544.1
931.859 14616.6
933.252 14572.2
933.958 14514.1
932.671 14528.5
932.845 14529.3
935.178 14548.9
937.551 14482.7
940.957 14883.8
942.027 14905.4
940.585 14826.6
940.803 14700.2
945.946 15217.8
945.853 15168.6
945.769 15264.5
945.771 15290.3
945.851 15438.9
948.27 15425.1
944.512 15455.1
944.838 15539.2
946.737 15511.1
943.513 15376.7
943.648 15330.7
943.491 15342.1
942.942 15281.8
942.905 15216
943.762 15167.7
950.648 15215
966.852 15588.9
977.604 15490.6
979.59 15613.1
979.749 15672.2
979.897 15714.5
979.287 15704.8
980.54 15635
980.952 15582.1
979.612 15585.5
977.038 16135.9
977.396 15947.2
978.26 16032.6
978.427 16028
979.358 15965.4
979.917 15901.3
978.945 15894.6
978.94 15855.3
977.492 15890.6
977.268 15721.2
980.834 15626.8
981.391 15442.5
981.545 15405.4
982.157 15419.3
980.745 15378.2
980.754 15345.9
978.565 15542.7
979.638 16071.3
979.921 16049.5
978.43 15947.8
977.277 16028.6
980.788 16149.7
979.308 16169.6
979.211 16188.5
980.02 16155.2
982.085 16136.5
983.547 16131.6
983.438 16086.3
983.557 16051.4
984.597 16037.6
983.582 16065.6
983.685 16085.7
983.687 16066.5
984.147 16003.7
983.848 15997
983.812 15976.3
984.684 15972.5
984.159 16139.4
984.325 16145.4
985.951 16138
982.377 16239.1
982.175 16201.6
981.962 16194.6
982.08 16206.7
982.216 16195.6
982.425 16185.7
982.67 16183.3
981.768 16170.6
981.916 16233.3
982.018 16176.6
982.064 16180.2
984.932 16132.8
985.105 16106.5
985.219 16119.4
986.925 16130.6
986.358 16157.3
987.304 16161
987.324 16173.9
988.406 16114.7
988.574 16087.8
988.257 16099.3
987.534 16087.7
987.526 16165.1
987.519 16175
987.655 16159.9
987.713 16174.4
988.237 16169.7
988.441 16203.4
988.789 16204.5
988.977 16238.1
992.621 16397.9
992.398 16343.2
992.559 16255.8
991.708 16319.3
993.904 16414.5
994.079 16462.4
994.637 16486.7
993.422 16449.3
993.34 16481.7
992.988 16539.7
992.922 16553.7
993.022 16562
992.535 16519.4
992.748 16434.4
991.241 16474.2
991.442 16482.6
991.527 16495.5
991.637 16499.7
991.635 16443.2
991.88 16442.6
990.813 16574.5
991.779 16559.5
991.573 16479.7
991.2 16461.2
991.482 16558.9
991.585 16524.7
993.086 16504.4
993.193 16491.2
993.217 16501.6
993.23 16498.2
993.685 16492.8
993.711 16492.7
993.69 16515.6
994.03 16534.6
995.782 16565.3
995.81 16735.2
993.688 16754.7
991.192 16716.4
991.494 16654.4
991.707 16669.9
991.423 16526.3
990.057 16480.2
990.01 16425.2
989.34 16455.1
989.819 16426.5
989.933 16383.5
989.947 16377.8
989.692 16501.1
989.687 16522.7
991.055 16363.5
991.151 16402
990.104 16359.4
990.164 16407.3
990.161 16408.7
990.176 16424.7
990.54 16420.8
991.209 16466.6
993.382 16497.7
995.274 16481.5
995.084 16474.6
996.094 16504.4
996.744 16574.7
997.238 16662.5
997.429 16723.4
997.942 16729.6
998.821 16738.4
998.889 16731
998.927 16727.7
999.689 16748.8
999.751 16757.2
999.696 16762
999.133 16760.3
998.546 16754.3
999.055 16746.5
1000.35 16678
1000.53 16640
1001.01 16651.5
1000.65 16652.7
1000.72 16649.5
1000.55 16653.9
1000.55 16662.2
1000.8 16649
999.815 16699.5
998.909 17082.5
999.076 16952.1
999.714 16923.7
999.742 16866.7
1000.52 16820.8
1000.49 16780.3
1000.21 16749.6
1000.29 16711.4
1000.45 16678.9
1000.33 16673.3
1001.59 16667.3
1002.06 16648.3
1001.99 16622.1
1002.5 16600.6
1003.14 16584.8
1003.5 16607.6
1003.46 16596.3
1002.75 16579.8
1003.05 16589.3
1004.26 16562.1
1003.69 16472.3
1004.07 16425.9
1003.94 16408
1004.32 16344.8
1004.3 16320.8
1004.44 16280.7
1004.5 16271
1003.97 16175.7
1005.34 16220.8
1005.59 16181.3
1006.54 16233.6
1005.94 16272.5
1006.25 16305.1
1006.3 16309.2
1006.38 16330.7
1007.29 16307.1
1007.34 16278.1
1007.06 16197.3
1008.35 16283.6
1008.47 16315.8
1007.92 16378.6
1007.67 16440.7
1007.7 16424.3
1006.51 16466.4
1006.38 16455.4
1006.47 16533.4
1007.55 16535.1
1007.33 16632.4
1008.11 16710.5
1008.01 16991
1007.68 16997.9
1007.62 16977.5
1006.72 17018.9
1006.8 16934.8
1006.89 16938.5
1007.1 16934.7
1008.08 16942.9
1008.3 16977.1
1006.32 17018.1
1006.94 17020.1
1006.97 17046.6
1006.93 17019.1
1007.21 17035.8
1007.14 17094.8
1007.48 17090.9
1007.38 17147.1
1008.42 17193.4
1008.76 17171.5
1009.03 17169.3
1009.18 17123.4
1010.42 17015.1
1010.36 16966.3
1010.63 16923.5
1010 16928.9
1011.05 16893.5
1011.27 16871.8
1011.64 16873.3
1011.44 16894.3
1011.13 16967.4
1010.86 17008.1
1010.81 17030.1
1011.32 17059.5
1014.17 17076.9
1014.89 17137
1014.95 17190.8
1015.15 17215.8
1015.14 17266.6
1016.18 17282.4
1015.31 17264.4
1015.36 17225.5
1015.36 17166.7
1015.61 17137.4
1014.9 17108.1
1015.21 17127.8
1015.23 17111.8
1016.16 17208.9
1015.77 17227.1
1016.61 17238.4
1016.65 17253.6
1016.59 17260.7
1016.61 17249.5
1016.56 17233.7
1016.9 17246.3
1017 17245.1
1017.1 17242.1
1017.27 17253.6
1018.76 17350.6
1018.97 17373.9
1018.34 17395.7
1018.5 17448.2
1018.86 17500.2
1018.93 17514.6
1018.94 17580.8
1018.54 17618.7
1017.83 17642.1
1017.87 17680.4
1017.99 17694.5
1017.66 17728.4
1017.97 17751.5
1018 17765.8
1018.3 17784.8
1017.3 17810.3
1018.1 17733.8
1018.41 17687.1
1018.23 17652.8
1017.69 17618.1
1017.67 17609
1017.57 17571.1
1017.49 17582.3
1017.48 17574.2
1017.66 17575.1
1017.58 17583.7
1016.74 17568.4
1016.7 17596.5
1016.82 17599.4
1016.46 17585
1016.47 17681.8
1016.69 17707.4
1016.7 17754.1
1016.77 17740.7
1016.55 17687.3
1016.9 17672.9
1016.88 17644.4
1018.25 17610.2
1018.16 17573.5
1018.97 17538.5
1019.06 17522.1
1018.34 17536.4
1018.32 17521.8
1017.36 17488.9
1017.35 17484.2
1017.16 17512.3
1016.58 17638.4
1016.56 17675.1
1016.63 17670.5
1016.68 17669.6
1018 17636.2
1017.97 17646.6
1018.56 17615.2
1016.73 17611.9
1016.8 17651.8
1016.85 17709.7
1016.44 17653.5
1016.33 17598.5
1017.04 17635.3
1017.05 17652.5
1017.54 17670
1017.81 17678.7
1017.79 17685.7
1017.62 17687
1017.63 17674.4
1016.83 17687.3
1016.1 17741.1
1016.03 17714
1016.96 17734.2
1016.76 17761
1016.87 17774.1
1016.7 17856.6
1016.04 17990.7
1016.18 17787.2
1016.13 17786.8
1016.11 17792.6
1017.84 18217.9
1017.77 18100.3
1017.53 18078.3
1017.58 18055.4
1017.06 18039.4
1016.91 18228.9
1017.55 18246.7
1017.6 18214.9
1017.52 18144
1016.39 18104.2
1015.81 18067.6
1015.07 18140.8
1015 18173.7
1014.99 18179.4
1016.62 18161.9
1016.46 18078.2
1016.82 18132.3
1017.15 18139.2
1017.16 18130.2
1017.28 18121.8
1017.47 18145.8
1017.16 18151.4
1016.19 18206.8
1016.13 18201.2
1015.99 18202.8
1016.16 18222.5
1016.7 18233.5
1016.99 18229.7
1016.91 18234
1017.69 18269.8
1017.67 18271.5
1017.36 18213.5
1017.82 18284.4
1019.5 18321.8
1019.87 18379.2
1020.02 18345.2
1020.06 18312.4
1020.03 18295.6
1020.23 18231
1020.64 18228.5
1019.62 18264.2
1019.84 18274.2
1019.8 18275.8
1019.41 18278.5
1019.4 18178.5
1019.54 18164.6
1019.69 18173.3
1019.72 18174.4
1020.63 18180.7
1021.05 18186
1020.98 18195.3
1020.86 18207.1
1020.81 18243.7
1020.5 18307.9
1021.06 18314
1021.06 18305
1020.81 18296.2
1020.75 18330
1020.6 18345.2
1021.69 18341.5
1022.46 18219.9
1021.84 18210.7
1029.23 18408.1
1030.18 18179.6
1030.09 18225.2
1029.9 18207.5
1029.82 18206.6
1029.66 18265
1029.78 18270.7
1029.62 18279.3
1030.59 18281.2
1030.87 18241.2
1029.99 18188.7
1030.54 18150.4
1030.62 18114.2
1030.69 18091.4
1030.79 18114.1
1031.13 18043.2
1031.38 18072.2
1030.48 18112.3
1031.16 18096.8
1031.43 18007.4
1031.49 17955.7
1031.85 17891.2
1031.94 17887.7
1032.24 17896.6
1032 17889.8
1031.86 17876.5
1031.86 17856.5
1031.98 17860.3
1031.72 17867.3
1031.47 17873.2
1030.93 17851.3
1030.8 17869.6
1029.84 17961.4
1030.18 18048.4
1030.27 18037.9
1030.44 18038.2
1030.5 18045.2
1030.48 18027.9
1030.1 18003.2
1029.8 18030.3
1030.4 18035.8
1029.95 18074.1
1029.85 18082.4
1029.56 18106.3
1029.69 18169
1030.2 18249.5
1030.61 18324.1
1030.54 18349.9
1031.23 18345
1031.22 18356
1030.91 18418.7
1030.78 18419
1030.72 18425.1
1030.63 18437.9
1031.03 18474.3
1031.35 18484.9
1032.38 18464.5
1032.34 18470.7
1032.13 18479.3
1031.59 18489.1
1031.57 18499.4
1031.23 18530.9
1030.84 18573
1030.53 18621.6
1030.51 18742.2
1030.51 18838.7
1030.69 18909.5
1030.21 18982.1
1029.94 18980.4
1030.02 18966.7
1029.97 18916
1030.27 18885.8
1030.37 18880.6
1029.89 18829.5
1030.08 18806
1029.87 18839.7
1029.76 18841.5
1029.79 18834.5
1028.94 18820.8
1028.21 18804.7
1028.41 18788
1028.96 18759.8
1028.96 18832.4
1029.3 18855.5
1029.14 18926.2
1029.14 18959.9
1029.22 18966.7
1030.8 18862.7
1031.01 18892.9
1031.05 18946.5
1031.18 18988.7
1031.25 18950.7
1034.18 18939.1
1034.59 18982.4
1033.67 19061.3
1033.27 19157.5
1033.34 19188.4
1033.41 19198.7
1033.73 19200.6
1033 19223.3
1033.11 19214.2
1032.99 19142.8
1033.29 19143.9
1034.1 19132.7
1034.09 19165.2
1033.76 19189.5
1033.4 19362.6
1033.39 19401.8
1033.22 19465
1033.69 19534.6
1033.95 19540
1034.55 19532
1034.14 19512.9
1034.14 19541.2
1034.72 19576.1
1034.69 19537.2
1036.13 19548.8
1036.17 19597.4
1035.34 19582.2
1035.53 19579.4
1035.47 19573.8
1035.38 19588.4
1035.28 19611.8
1037.32 19613.3
1037.39 19573.4
1037.11 19441.6
1037.1 19414.9
1037.18 19394.3
1037.22 19376.9
1036.7 19290.8
1036.82 19209.7
1036.51 19184
1036.45 19193.8
1036.3 19167.7
1036.34 19150.3
1037.43 19140.9
1038 19139.7
1038.15 19160.8
1038.29 19191.9
1039.95 19135.4
1040.2 19154.2
1039.73 19115.6
1039.73 19141.5
1039.68 19191.1
1039.56 19204.6
1039.48 19221.8
1039.48 19226.5
1039.98 19209.8
1040.47 19316.1
1040.41 19336.2
1040.31 19362.7
1039.78 19443.5
1039.68 19415.5
1040.29 19416.4
1039.62 19441.6
1040.09 19465.9
1040.09 19466.5
1041.4 19476.5
1041.75 19479.9
1041.3 19541.4
1041.17 19575.5
1040.67 19586.6
1040.94 19613
1041.04 19627.5
1041.02 19632.5
1041.02 19632.8
1040.83 19633.7
1040.9 19645.6
1040.55 19643.1
1040.28 19652.3
1040.79 19669.5
1040.8 19670.1
1040.76 19665.2
1040.7 19655.8
1040.67 19651.8
1040.63 19654.3
1040.54 19650.6
1041.47 19642
1041.56 19679
1041.54 19696.8
1040.88 19685.7
1040.69 19680.3
1040.27 19698.3
1040.26 19653.4
1040.47 19633.7
1040.63 19604.4
1040.59 19610.3
1040.32 19614.3
1041.29 19622.1
1041.09 19751.6
1041.13 19763.7
1041.13 19770.3
1041.08 19781.2
1040.68 19790.7
1041.37 19838.4
1041.45 19866.2
1041.48 19900.8
1039.67 20070.8
1039.13 20122.6
1039.47 20114.9
1039.44 20126.1
1039.36 20144
1039.22 20150.7
1040.09 20219.2
1039.88 20268
1040.37 20286.2
1039.92 20316.9
1040.61 20378.9
1040.62 20415.4
1040.62 20438.7
1041.1 20466.7
1042.68 20478.6
1042.84 20452.8
1042.78 20460.1
1042.73 20501.9
1042.85 20536.2
1043.73 20572.3
1043.36 20557.2
1043.18 20560.9
1043.02 20553.3
1043.54 20522.7
1044.02 20538.1
1044.13 20554.6
1044.43 20585.8
1044.44 20579.4
1044.28 20653.5
1044.28 20721.8
1044.42 20729.7
1044.25 20717.6
1044.09 20715.8
1044.1 20705.5
1045.2 20708.8
1045.21 20687.6
1045.35 20698.4
1045.28 20703.4
1045.82 20759.7
1045.85 20763.4
1045.84 20748.5
1046.14 20742.5
1046.35 20751.7
1046.31 20741.5
1046.63 20744.8
1049.36 20811.3
1049.03 20829.8
1049.05 20849.2
1049.02 20864.6
1048.85 20830.1
1048.83 20790.9
1048.91 20784.4
1049.14 20791.4
1049.65 20809.9
1049.76 20826
1049.91 20823.9
1049.64 20798.8
1049.75 20810.5
1049.6 20821.1
1049.39 20829
1050.21 20841.3
1050.42 20889.2
1050.5 20973.4
1050.4 20968.6
1050.37 20974
1050.63 20969.6
1050.78 20978.6
1051.02 21001.9
1051.62 21029
1051.96 21043.8
1052.04 21045.8
1052.13 21053.7
1052.17 21106.9
1051.72 21156.6
1052 21220.6
1052.1 21214.8
1052.5 21228.8
1052.36 21283.7
1052.31 21347.4
1053.37 21390.2
1053.31 21416.6
1053.28 21436.1
1052.82 21435.5
1053.6 21411.2
1053.19 21429.5
1053.24 21428.8
1053.27 21424.7
1053.36 21413.2
1053.97 21386.2
1053.79 21371.1
1053.88 21386
1053.88 21391.3
1053.31 21382.4
1054.1 21396.2
1053.76 21342.3
1053.72 21333.6
1053.71 21332.2
1053.54 21325.1
1053.77 21329.7
1054.4 21329.6
1054.47 21340.6
1054.48 21337.4
1054.57 21265.8
1054.61 21295.6
1054.74 21287.1
1054.73 21291.1
1054.96 21292.8
1054.66 21300.4
1054.75 21318.9
1054.92 21307.5
1054.92 21299.2
1054.15 21291.7
1054.22 21290.1
1054.23 21308.4
1055.09 21306.8
1055.25 21289
1055.55 21293.2
1056.57 21324.3
1056.16 21341.6
1056.17 21356.6
1055.86 21380.8
1055.79 21383.4
1056.48 21368.3
1057.09 21357.6
1057.24 21375.1
1057.49 21394
1057.51 21418.9
1058.77 21491.7
1059.32 21511.8
1059 21483.7
1058.8 21442
1058.97 21447.8
1059.03 21473.5
1059.03 21486
1058.66 21488.1
1061.03 21492.1
1061.22 21543.4
1061.3 21562.5
1061.38 21550.8
1061.4 21560.5
1060.98 21569.5
1061.04 21558.8
1060.98 21562.7
1060.68 21557.7
1060.29 21574.4
1060.99 21587.7
1065.09 21299
1065.1 21159.5
1065.6 21154.6
1065.51 21151.4
1065.58 21128.1
1065.48 21110.7
1065.37 21204.9
1065.58 21238.2
1065.41 21222.6
1065.6 21135.3
1065.52 21134.8
1065.78 21134.4
1065.76 21148.8
1065.84 21149.8
1066.09 21150.3
1065.79 21106.4
1065.69 21109.5
1065.49 21107.8
1065.48 21094
1065.5 21095.8
1065.4 21100
1065.34 21088.1
1065.61 21131.3
1065.34 21123.4
1065.42 21157.3
1065.46 21174.6
1065.39 21171.4
1065.48 21156.5
1064.95 21184.4
1065.19 21197.3
1065.31 21206.3
1065.36 21186.5
1065.26 21191.5
1065.17 21183.8
1065.01 21203.7
1065.34 21238.1
1065.2 21209.6
1065.51 21159.8
1065.32 21162.8
1065.36 21129
1065.36 21143.6
1065.16 21163.5
1065.04 21174.1
1064.74 21163.1
1065.13 21221.7
1065.57 21214.6
