239.408 1436.49
343.595 2272.45
397.588 1857.6
434.166 3075.83
434.449 2256.17
531.251 3501.92
532.326 4475.5
534.42 3792.56
538.541 3834.55
592.382 7014.53
598.886 5644.54
657.501 5870.93
679.87 5839.66
690.245 6607.76
753.244 6170.32
753.408 5953.63
753.488 5807.09
785.26 6444.2
793.337 6619.82
794.169 6553.94
780.277 8058.32
804.072 8865.18
807.187 8590.6
808.346 8345.3
830.803 9358.82
883.785 9289.85
888.977 8957
903.671 9035.04
905.893 9062.47
922.147 9074.97
921.118 8995.42
955.952 11048.9
957.244 10523
1016.11 10021.4
1029.66 10251.4
1063.65 11355.8
1072.38 14581
1074.44 13291.5
1075.51 12933.9
1079.69 12520.4
1090.07 13263.8
1089.54 13827.5
1089.32 12927
1089.24 12492.9
1089.6 13243
1120.51 15987.3
1122.76 15113.3
1142.53 15076.2
1146.2 14434.9
1146.23 14344.1
1173.54 14544.3
1226.7 14917.2
1226.48 14680.6
1229.69 14321.2
1233.06 14015.7
1240.42 14033.8
1260.18 13972.1
1264.94 14321.6
1264.8 14638.8
1268.92 15464.6
1272.71 15571.5
1277.16 15129.4
1276.1 15049.8
1314.81 15899.4
1316.09 18829.1
1317.04 15489.9
1317.09 14174.5
1317.06 14277.1
1343.64 13746.5
1347.38 13458.1
1351.33 13056.4
1372.75 12863.7
1375.55 13672.5
1376.75 13487.9
1379.98 13314.7
1383.66 13272.9
1387.59 13378.4
1395.93 13527.6
1395.85 13192.9
1407.71 13473
1409.05 13072.5
1410.12 12965.6
1411.51 12929.3
1410.65 13048.2
1410.94 13118.1
1410.92 13178.9
1425.01 13318.6
1429.29 13259.1
1430.37 13196.7
1448.24 14871.5
1448.4 14332.2
1450.21 14132.2
1454.14 13973.9
1478.83 13839.1
1475.67 13890.9
1478.92 13931.6
1478.91 14003.2
1481.01 13908.5
1485.39 13864
1485.84 13762.2
1486.33 13755.8
1496.51 14487.5
1505.66 14227.4
1505.69 14122.5
1507.38 14105.8
1508.28 14051.6
1509.75 13998.1
1511.73 14016.3
1538.16 14042.2
1537.81 14040.9
1539.21 14119.9
1538.62 14080.8
1538.13 13967.7
1538.67 13934.8
1538.57 14094.1
1538.65 14053.7
1540.9 14148.4
1543.58 14213.3
1543.97 14211.1
1543.79 14221.2
1544.79 14233.6
1546.16 14158.6
1546.3 14129.4
1546.05 14128.9
1545.35 14134.3
1545.92 14126.7
1546.39 14111.2
1547.16 14130.9
1547.15 14747.1
1547.37 14694
1547.47 14682.5
1548.23 14702.8
1548.62 14715.1
1548.84 14721.6
1549.69 14739.5
1550.38 14668.7
1550.97 14676.2
1551.19 14690.6
1551.4 14695
1549.79 14768.4
1548.6 14810.2
1549.3 14834.9
1548.78 14737.4
1547.64 15102.4
1546.96 14984.3
1548.34 15099.1
1547.86 15127.5
1547.55 14973
1549.36 14840
1549.27 14768.5
1547.99 14801.2
1555.08 15014.8
1555.55 15294.2
1556.77 15288.2
1560.76 15495.8
1560.73 15529.2
1563.65 15473.1
1567.85 15419.8
1567.94 15393.5
1567.7 15364.2
1567.41 15351.9
1566.89 15311.1
1567.31 15298.1
1565.89 15853.3
1565.63 16155.5
1567.58 16198.8
1571.51 16115.4
1576.56 16168.1
1577.4 16044.3
1577.52 16250.9
1576.99 16312.4
1578.07 16250.1
1578.12 16228.9
1577.9 16238.6
1578.21 16277.2
1579.91 16267.1
1583.36 16355.6
1582.65 16435.6
1583.28 16539.3
1584.44 16583.8
1584.48 16521.7
1585.03 16561.4
1585.12 16641.7
1583.5 16795.2
1583.05 16906.7
1583.09 16856.7
1583.15 16759.8
1583.02 16677.9
1585.59 16682.2
1585.4 16612.1
1584.12 16636
1585.29 16613.6
1585.35 16658.7
1585.6 16637.7
1586.3 16622.2
1586.6 16618
1587.2 16549
1588.67 16583.5
1590.59 16630.7
1589.45 16634.2
1590.12 16545.1
1589.9 16535.9
1590.3 16544.2
1590.65 16549.1
1590.67 16601
1591.7 16686.2
1593.29 16762.6
1596.2 17035.1
1596.26 17019.9
1596.14 16828.5
1597.41 16879.6
1598.07 17033.5
1598.34 17091.3
1598.48 17081.8
1597.49 17090.5
1597.26 17157.4
1596.46 17091.8
1596.02 17115.7
1595.06 17157.8
1595.38 17151.7
1594.37 17061.3
1594.3 17136.1
1594.44 17200.1
1594.4 17197
1594.15 17182.8
1594.16 17179.8
1596.34 17313.6
1596.52 17277.4
1596.48 17262.6
1596.63 17227.4
1599.63 17340.6
1599.39 17395.1
1599.52 17379.8
1604.55 17618.7
1603.82 17558.9
1603.83 17582.1
1604.57 18102.5
1605.24 18112.9
1605.25 17918.6
1605.37 17870.7
1605.42 17870.8
1607.63 17841.5
1608.08 17913.8
1608.08 17879.3
1607.8 17852.6
1607.78 17836.5
1607.72 17828.4
1607.81 17854.9
1609.03 17871.6
1609.34 17854
1608.66 17882.6
1611.38 17986.5
1611.41 18046.9
1611.5 18010.4
1611.52 17976
1611.6 17923.6
1613.31 18133.5
1614.11 18346.2
1614.27 18326.8
1614.6 18726.4
1614.59 18669.2
1615.61 18613.8
1615.5 18622.6
1615.73 18578.3
1615.41 18597.3
1615.79 18621.8
1615.91 18608.5
1614.92 18648.7
1617.93 18592.7
1618.14 18644.4
1618.96 18649.3
1619.74 18613
1619.82 18637.4
1620.52 18662
1620.52 18673.5
1621.09 18663.5
1623.05 18697.4
1623.06 18681.5
1623.75 18637.1
1623.73 18675.7
1623.85 18702.4
1623.95 18699.3
1623.97 18678.9
1625.51 18714.4
1625.61 18792.9
1625.62 18741.9
1625.57 18740.8
1626.08 18778.2
1625.95 18780.9
1625.91 18788.3
1625.89 18780
1625.8 18775.8
1625.66 18819.7
1626.11 18847.3
1626.4 18853
1626.87 18871.6
1626.98 18895
1627.17 18957.9
1627.54 19108.9
1628.09 19384.8
1628.41 19499.5
1628.64 19447.8
1628.65 19430.4
1628.4 19369.7
1628.6 19351.7
1628.96 19337.7
1629.07 19382.2
1629.12 19341.3
1630.48 19306.9
1630.52 19231.8
1630.58 19237.9
1631.55 19304.3
1631.46 19519.2
1632.8 19582.9
1633.01 19576.7
1632.81 19552.9
1633.98 19530.3
1635.9 19557
1636.11 19593
1636.12 19588.5
1637.83 19557
1637.86 19620.2
1637.98 19618.4
1638.7 19660.4
1638.72 19624.7
1638.75 19618.7
1638.87 19606.5
1639.23 19608.9
1639.16 19653.6
1640.05 19653
1640.1 19706.9
1640.87 19696.4
1639.81 19768.1
1637.53 19936.5
1637.68 19964.6
1642.05 20100.2
1642.67 20175.6
1642.35 20425.6
1645.68 20279
1646.36 20328.8
1646.41 20335.8
1646.6 20326.4
1647.21 20298.1
1647.2 20253.8
1647.91 20282
1651.59 20066.3
1651.84 20051.8
1654.26 20052.1
1654.27 20048.5
1654.63 20038
1656.44 20035.2
1656.38 20053.9
1656.43 20057.8
1656.69 20073
1656.78 20073.7
1658.45 20042.6
1658.45 19932.6
1658.63 19952.8
1658.65 19976.6
1658.9 20033.3
1659.51 20077.1
1659.51 20102.8
1659.51 20037.9
1661.3 20049
1661.32 20108.3
1661.33 20107.5
1662.16 20131.5
1661.57 20159.3
1661.69 20278.4
1661.87 20340.5
1661.89 20404.1
1662.3 20421.4
1662.14 20579.8
1662.12 20629.4
1662.1 20632.6
1659.23 20610.9
1659.18 20611.9
1659.05 20610.7
1658.97 20618.5
1659.22 20607.8
1660.15 20672.1
1659.8 20718.4
1660.11 20809.7
1660.12 20849
1660.26 20847.7
1660.56 21090.3
1660.69 21098.2
1660.79 21078
1661.01 21078.8
1661.56 21097.5
1661.59 21108
1661.93 21126.6
1662.14 21110.8
1662.31 21052.3
1662.35 21052.9
1662.36 21048.5
1662.34 21038.3
1667.31 21026.8
1667.49 21003.7
1667.58 21007
1667.62 21038.3
1667.65 21048.3
1667.79 21051.5
1667.88 21055.4
1669.08 21054.5
1668.81 21078.4
1668.53 21130.1
1668.53 21156
1668.6 21224.2
1668.67 21229.6
1668.55 21235
1668.58 21255.7
1668.53 21175.4
1669.09 21216
1669.02 21306.4
1669.1 21367.7
1669.11 21451
1670.76 21518.4
1670.81 21533
1670.99 21534.9
1670.53 21576.8
1670.7 21616.1
1670.74 21609.5
1670.72 21552.4
1671.34 21545.5
1671.3 21638
1672.1 21686.6
1672.39 21670.4
1672.48 21668.5
1672.44 21638.9
1675.26 21642.9
1675.11 21643.2
1676.13 21798.9
1676.24 21785.8
1676.78 21811.8
1676.75 21900.4
1676.8 22036.8
1676.79 22069.6
1677.77 22051.9
1677.97 22083.8
1678.36 22064
1679.02 22025.7
1678.94 22004.3
1678.92 21999.4
1679.13 21940.8
1679.42 21951.5
1679.56 21954.5
1679.39 21949.7
1679.39 21948.8
1679.34 21964.2
1679.41 21965.6
1679.4 21966.2
1680.92 21951.6
1681.2 21960.4
1681.19 21957.3
1680.54 21996.7
1680.7 22038.3
1682.07 22025.4
1682.14 22027
1682.17 22028
1682.37 21930.9
1682.87 21955.4
1683.06 21935
1683.05 21955.5
1683 21985.2
1682.8 21986.7
1683.04 22023
1683.19 22080.2
1683.31 22092.5
1684.13 22151.4
1685.25 22135.2
1685.22 22144
1685.59 22205.1
1685.63 22203.7
1686.88 22317.8
1687.5 22336.4
1687.49 22342.2
1687.79 22354.2
1687.79 22356.7
1687.7 22370.7
1688.14 22383.6
1688.19 22368
1688.08 22385.3
1689.5 22390
1690.02 22376.5
1689.83 22370.2
1689.94 22363.6
1689.95 22364.1
1689.99 22368.3
1690.31 22391.5
1690.83 22336.1
1691.35 22324.5
1691.08 22360.4
1691.7 22380.2
1691.77 22390.4
1692.41 22414.1
1692.06 22440
1692.06 22417.8
1692.04 22420.5
1691.97 22436.6
1692 22449.1
1692.07 22446.9
1691.72 22451.9
1693.43 22460.5
1693.76 22467.4
1694.09 22468.8
1694.04 22493.6
1694.18 22505.5
1694.07 22511.1
1694.01 22511.3
1693.97 22507.6
1693.66 22536.2
1693.73 22588.4
1693.72 22621.7
1694.08 22636.9
1694.03 22640
1694.02 22626
1694.07 22599.8
1693.18 23004.2
1693.21 23114.6
1693.29 23121.5
1693.57 23147
1693.82 23185.7
1694.07 23160.1
1694.07 23139.3
1694.11 23153.5
1693.89 23158.3
1694.21 23171.2
1693.95 23177.9
1695.76 23093.3
1695.8 23173.2
1696.13 23189.7
1696.2 23173.8
1696.11 23164
1697.54 23061.5
1697.53 23061.9
1697.53 23059.9
1697.56 23059.8
1697.57 23072.4
1697.56 23044.3
1697.52 23029.8
1697.51 23018.1
1697.51 23006.9
1697.49 23026.6
1697.35 23032.8
1697.52 23049.2
1697.64 23061.4
1697.83 23044.8
1697.8 23040.8
1697.96 23132.6
1697.93 23102.9
1697.98 23082.8
1697.89 23074.3
1697.72 23047.4
1698.01 23050.7
1698.27 23068
1698.43 23039
1698.48 23040.5
1698.55 23042
1698.54 23044.4
1698.91 23000.7
1699.02 22991
1699.27 23021.3
1700.51 23073.1
1700.5 23082.7
1700.61 23102.4
1700.73 23079.4
1700.75 23083
1700.4 23163.5
1700.61 23157.7
1701.31 23075.8
1701.32 23073.5
1701.58 23063.5
1701.6 23072.5
1701.6 23057.1
1701.58 23076.8
1702.38 23003.9
1702.69 23040.9
1702.7 23051.1
1705.26 23010.3
1705.27 23025.3
1705.31 23023.9
1705.25 23018.8
1705.48 23049.6
1705.49 23020.3
1705.72 22991.4
1705.75 23009
1705.91 23026.7
1707.09 23068.9
1707.03 23058.3
1706.91 23075.6
1706.87 23036.5
1706.9 23031.5
1706.82 23009.9
1706.81 23032.3
1707.87 23039.7
1707.99 23027.9
1708.2 23026.2
1708.21 23022
1707.08 23004.2
1707.39 23018.5
1707.92 23036.3
1708.03 23118.5
1708.11 23147
1708.13 23155.1
1710.27 23163
1711.88 23178.2
1711.87 23193.4
1711.88 23196.4
1712.3 23223.4
1712.33 23213.2
1712.24 23215.1
1712.22 23210.2
1715.47 23263.9
1715.47 23188.8
1715.47 23160.2
1715.78 23160.9
1715.89 23134.3
1715.88 23143.7
1716.58 23158.6
1716.41 23200.9
1716.54 23221.7
1716.12 23230.2
1716.12 23247.5
1715.93 23274.5
1716.07 23283.1
1716.78 23366.7
1717.14 23403.1
1717.15 23404
1717.04 23421.3
1716.83 23302.4
1717.12 23352.4
1717.39 23396.6
1717.82 23418.7
1717.85 23396.3
1718.77 23453.7
1718.57 23358
1718.73 23354.9
1718.95 23360.6
1719.2 23353.4
1719.37 23412.5
1719.36 23407.2
1719.52 23399.3
1719.88 23382.5
1719.96 23403.4
1722.55 23468.7
1722.64 23490.6
1722.8 23509.3
1722.97 23495.2
1722.91 23504.3
1723.01 23514
1725.55 23556.8
1725.07 23495.7
1725.08 23473.6
1725.53 23468.1
1725.53 23456.7
1725.48 23465.3
1725.47 23485.9
1725.45 23457.5
1725.96 23429.6
1726.08 23449.9
1725.9 23418.9
1725.5 23446.9
1725.56 23425.6
1725.81 23430.7
1725.83 23436.9
1726.57 23427.7
1726.75 23427.2
1726.71 23437.1
1729.76 23448.8
1729.83 23476.1
1730.41 23447.4
1730.63 23447
1731.1 23472
1731.23 23489.1
1731.2 23472.8
1731.17 23478.1
1730.44 23526.3
1730.41 23519.5
1730.42 23510.1
1730.46 23513.4
1730.38 23511
1730.38 23531.6
1730.38 23518.2
1730.39 23558.4
1730.39 23552.6
1730.67 23546.7
1731.59 23640.5
1731.68 23650.8
1731.79 23653.3
1731.78 23661.2
1732.47 23675.9
1732.55 23647.9
1732.55 23645
1732.56 23630.9
1732.76 23615.7
1732.88 23621.1
1732.97 23638.3
1733.88 23600.9
1733.86 23623.7
1733.83 23631.6
1733.83 23642.8
1733.92 23646.4
1734.09 23638.6
1734.07 23626.9
1735.24 23680.7
1735.24 23676
1735.21 23671.9
1735.26 23703.2
1735.23 23738.3
1736.14 23712.2
1736.38 23731.2
1736.03 23928.1
1736.42 23901.6
1736.78 23915.5
1736.62 23973.8
1736.62 23980.8
1736.59 23966.2
1736.65 23962.2
1736.76 23952.6
1736.67 23947.6
1734.52 24044.9
1734.51 24071.5
1734.59 24099.9
1734.14 24113.7
1734.59 24144.1
1734.88 24174.7
1734.97 24164.9
1735.09 24179.3
1735.2 24194.4
1735.17 24204.9
1735.01 24254.2
1735.44 24263.8
1735.35 24270.7
1735.45 24277.2
1735.49 24281.3
1735.18 24315.3
1735.2 24313.7
1735.31 24602.2
1735.25 24587.5
1735.52 24545.4
1735.7 24602.5
1735.69 24613.6
1735.74 24615.9
1734.92 24574.8
1734.97 24516.1
1735.17 24536.9
1735.17 24544
1735.78 24550.5
1736.24 24793.6
1736.29 24775.4
1736.02 24785.2
1736.07 24894.4
1736.44 24840.1
1736.35 24830.7
1736.35 24817.6
1736.2 25063.1
1736.36 25193
1736.36 25261
1736.45 25211.7
1736.31 25037
1736.29 25038.9
1736.26 25035.6
1736.31 24992.6
1737.14 24962
1737.14 24955.5
1737.01 24945.8
1737.07 24947.8
1737.38 24952.8
1737.42 24968
1737.33 24952
1737.32 24950.3
1737.22 24928
1737.54 24919.1
1737.54 24913.6
1737.31 24885.4
1737.3 24887
1737.71 24902.5
1737.71 24879.8
1737.91 24842.3
1739.14 24832.1
1739.22 24800.4
1739.93 24794.9
1739.85 24783.8
1739.87 24778.7
1741.19 24814.3
1741.4 24731.9
1741.4 24722.9
1741.34 24701.7
1741.21 24695.7
1741.51 24716.9
1741.5 24709.5
1741.46 24748.5
1742.21 24821.8
1742.23 24730
1742.33 24741.4
1742.44 24816.7
1742.38 24851.8
1742.36 24871.6
1742.6 24910.1
1743.13 24924.8
1743.02 24927.9
1743.05 24912.6
1743.14 24899.5
1743.13 24898.1
1742.4 24942.4
1742.63 24923.5
1742.64 24993.6
1742.7 24984.5
1742.68 24867.4
1742.68 24865.1
1743.65 24855.5
1743.63 24831
1743.63 24851.7
1743.65 24858.9
1743.7 24857.9
1743.69 24863.4
1743.72 24854.8
1743.89 24852.6
1743.88 24851.9
1743.95 24848.3
1743.4 24849.5
1743.53 24843
1743.8 24864.3
1743.53 24856.9
1743.61 24853.7
1743.53 24870.3
1743.54 24864.3
1744.14 24898.7
1744.34 24900.8
1744.34 24897.2
1744.38 24902.3
1744.62 24908.1
1744.62 24912.3
1744.61 24903.6
1744.59 24913.6
1744.52 24906.9
1744.51 25056.7
1744.45 25102.9
1744.4 25116.5
1744.5 25114.7
1744.47 25120.4
1744.64 25138.8
1744.75 25125.4
1745.37 25051.8
1745.53 25092.3
1746.22 25062.2
1746.2 25080
1746.24 25074.6
1746.33 25080.3
1747.63 25079.4
1747.7 25058.5
1749.89 25107.3
1750.38 25126.7
1750.22 25194.1
1750.25 25206.1
1750.15 25219.9
1750.16 25224.6
1750.48 25162.9
1750.48 25186.4
1750.45 25178.1
1750.29 25145.3
1750.32 25129.9
1750.95 25171.8
1750.92 25193.9
1750.91 25198.1
1751.24 25220.2
1751.2 25220.7
1751.17 25213.6
1750.86 25214.9
1751.43 25284.7
1751.44 25288.3
1751.79 25285.2
1751.19 25254.6
1751.18 25234.2
1750.9 25243.5
1750.95 25222.5
1750.95 25235.4
1750.98 25260.5
1751.16 25240.3
1751.16 25255.2
1750.78 25261.1
1750.57 25288.4
1750.44 25293.9
1750.38 25297.5
1750.24 25282.4
1750.33 25258.2
1750.33 25261.8
1750.13 25288.1
1750.04 25259.9
1750 25260.5
1750.62 25246.4
1750.51 25311.7
1750.66 25337.5
1750.83 25335.2
1750.83 25344.9
1750.82 25343.5
1752.01 25324.4
1753.9 25391.4
1753.88 25395.7
1754.45 25462.1
1754.67 25466
1754.7 25502.7
1755.53 25540.5
1755.9 25573.6
1755.15 25666.9
1755.06 25721.5
1755.06 25717.3
1755.05 25719
1755.58 25707.7
1755.59 25715.5
1756.17 25697.8
1756.21 25704.1
1756.21 25711.4
1756.22 25697.4
1756.4 25660.1
1756.43 25653.3
1756.39 25648.2
1755.76 25643.8
1757.02 25624.9
1757.24 25615.4
1757.19 25618.7
1757.19 25619.2
1757.44 25616.5
1757.45 25609.9
1757.41 25601.4
1757.49 25595.8
1757.37 25603.7
1757.77 25613.1
1757.79 25637.4
1757.78 25649.9
1758.73 25613.9
1758.7 25631.8
1759.53 25599.6
1760.47 25628.4
1760.72 25648.5
1760.61 25638.5
1761.02 25640.7
1761.13 25635.7
1761.17 25620.5
1761.26 25598.4
1761.11 25607.4
1761.37 25591.8
1761.7 25524.2
1761.69 25528.8
1761.64 25533.3
1762.97 25503.9
1763 25545
1763.01 25530.9
1762.81 25531.6
1762.82 25538.5
1763.95 25481.5
1763.95 25471.8
1764.62 25472.1
1765.04 25487.8
1765.05 25465.3
1764.53 25489.6
1765.28 25505.3
1765.18 25496.6
1766.72 25491.2
1766.72 25488.6
1766.79 25491.6
1770.22 25479.6
1770.21 25473.5
1770.19 25480.3
1770.15 25479.5
1770.25 25484.7
1770.22 25268.2
1770.27 25272.3
1769.99 25267.1
1770.05 25284
1769.89 25303.2
1770.1 25302
1770.15 25316.2
1770.07 25319.1
1770.14 25305.9
1770.43 25355.7
1770.45 25347.6
1771.55 25348.8
1771.49 25341
1772.08 25327.6
1771.95 25374.3
1771.92 25446.9
1772.22 25445.9
1776.15 25362.3
1776.51 25393.2
1777.33 25428
1778.96 25452.7
1779.07 25445.3
1776.46 25678.1
1776.44 25725.6
1776.45 25689.2
1776.82 25679
1775.75 25715.3
1775.85 25695.2
1775.89 25740.8
1775.91 25806.5
1775.9 25830.4
1775.97 25845.7
