409.787 4587.69
411.184 2794.46
534.954 3334.31
622.554 8150.82
624.965 5826.26
641.42 5395.12
645.118 4786.2
659.041 4974.37
660.699 4643.71
665.834 4471.87
668.148 4325.64
672.37 3999.86
708.589 4133.64
723.668 4794.42
731.757 4571.88
736.838 4588.58
742.368 4503.4
777.111 4256.39
781.115 4929.88
781.951 4726.86
797.008 4773
809.12 5619.3
837.805 5481.97
837.648 5566.8
872.142 5450.09
872.878 5469.92
873.176 5328
913.641 5471.63
913.981 5114.79
914.424 4936.21
946.889 5167.52
955.122 5535.08
968.432 5625.58
971.309 5809.54
1028.32 6649.01
1028.26 6362.19
1035.75 6223.43
1038.47 6139.66
1042.12 6009.44
1041.5 6449.38
1056.98 7269.35
1084.51 8978.75
1084.17 8423.08
1087.45 8112.36
1132.14 8415.23
1132.4 8134.94
1169.81 8157.52
1173.57 7894.17
1181.24 7900.81
1196.33 7928.5
1198.12 7878.94
1199.36 7746.78
1213.84 7552.92
1229.72 7516.48
1227.35 7965.51
1231.85 7693.44
1241.71 9004.11
1241.9 8408.19
1249.84 8347.21
1249.03 8347.97
1247.46 8908.57
1251.07 8628.96
1257.76 8533.91
1262.51 8521.45
1266.4 10220.1
1263.55 10913.7
1279.9 10265.8
1283.72 9775.77
1289.75 9656.48
1297.4 9777.34
1298.14 9795.01
1315.77 9770.96
1316.19 9823
1317.38 9809.39
1317.79 9719.35
1317.73 9707.79
1320.64 10242.7
1329.96 10015.6
1342.98 10129.2
1353.55 10004.3
1353.52 9694.2
1363.4 9403.79
1370.49 9317.81
1379.52 10649.8
1430.97 13689.8
1432.66 12010.1
1441.41 11700.8
1439.52 16281
1439.85 15838.1
1440.3 14973.6
1439.99 14364.3
1441.22 13989.7
1443.43 13243.4
1443.91 12719.9
1444.4 12240.2
1454.34 12740.9
1453.98 12386.6
1453.93 11622.5
1453.38 11316.4
1453.48 11123.5
1455.6 10938.5
1456.68 10791.6
1457.28 11357.8
1456.78 11327.3
1456.64 11324.4
1456.84 11315.1
1456.61 11292.3
1456.89 11303.4
1457.04 11267.3
1457.74 11230.8
1458.56 11279.8
1460.95 11241.4
1461.57 11209.1
1461.99 11167.6
1462.64 11124.9
1462.6 11112.3
1462.87 11081.1
1463.21 11034.1
1462.98 10997.4
1463.67 10985.4
1464.66 10996
1464.84 11009.3
1465.02 11024.4
1467.32 11016.2
1467.43 11054.7
1467.38 11060.4
1466.53 11043.2
1468.45 10907.2
1468.43 10830.8
1470.01 10774.2
1470.29 10786.5
1470.31 10789.8
1470.47 10792.6
1472.36 10782
1472.4 10805
1473.74 10882.1
1473.69 10849.7
1475.25 10920.7
1477.35 11005.9
1477.02 11072.1
1477.32 11130.2
1479.75 11163.6
1481.83 11215.3
1482.02 11228.3
1482.2 11224.8
1485.41 11538.2
1485.64 11458.2
1485.71 11434.4
1486.18 11420.4
1485.79 11507.5
1485.69 11483
1487.13 11449.9
1487.18 11463.8
1487.2 11451.9
1487.31 11462.9
1487.28 11495.5
1486.52 11628.2
1488.64 11747.7
1489.51 11777.7
1489.25 11824.5
1489.1 11717.3
1509.85 11719.2
1509.84 11825.7
1535.28 12493.3
1535.36 12036.6
1537.46 11921
1540.7 11579
1540.9 11433.3
1541.06 11327.3
1541.06 11246.3
1541.06 11205.4
1541.91 11150.1
1542.35 11158.8
1543.83 11152.7
1549.14 11146.2
1550.53 11132.5
1550.66 11191.2
1549.88 11166.6
1550.15 11204.9
1550.21 11200.2
1550.97 11194.4
1551.13 11165.7
1551.52 11142.6
1552.52 11108.6
1552.46 11087.9
1552.55 11088.8
1552.78 11114.6
1555.45 11113.1
1556.19 11537.4
1557.67 11532.6
1557.38 11517.1
1557.33 11529.9
1564.18 11481.7
1564.14 11281
1563.95 11257.6
1564.22 11129.9
1564.84 11104.8
1564.78 11091.9
1566.21 11100.3
1566.24 11055.1
1566.19 11052.8
1567.03 11038.1
1566.84 11035
1566.22 11037.9
1568.29 11031.4
1569.8 10966.8
1569.97 10979.9
1570.28 10981.2
1573.23 10990.8
1573.22 10972.1
1574.19 10974.8
1575.09 10927.7
1578.02 10755
1578.79 10745.4
1578.79 10759.3
1578.79 10771.9
1579.15 10786.1
1579.13 10789.1
1579.35 10781
1579.38 10792.6
1578.64 10820.5
1579.77 10832.6
1583.04 10781.3
1586.65 10752.3
1586.88 10795.4
1587.4 10816.4
1587.19 10891.7
1588.2 10865.8
1588.24 10881.3
1588.27 10880.6
1587.97 10961.6
1587.92 10984.6
1587.95 11002.4
1587.91 11003.3
1588.45 11003.5
1588.69 10982.5
1588.65 10953.3
1588.53 10953.6
1588.57 10961
1588.47 10959.9
1589.58 10941.1
1589.51 10954.4
1589.54 10948.4
1588.98 10979.6
1588.3 11124
1588.3 11147.6
1589.04 11135.6
1589.57 11118.9
1589.95 11087.4
1590.24 11046
1590.2 11020.3
1590.13 10992.6
1590.4 11021.6
1592.18 11033.8
1592.4 10992.7
1592.43 10966.1
1592.63 10948.5
1592.76 10935.9
1592.77 10924.4
1592.8 10913.1
1592.81 10906.9
1593.32 10914.4
1593.39 10954.3
1593.44 10980.9
1593.44 10982.2
1593.55 10964.3
1593.53 10948.7
1593.41 10953.3
1593.79 10966.4
1593.79 10963.7
1594.53 10938.3
1594.34 10952.2
1594.48 10982.8
1594.72 10996.9
1594.86 11009.2
1594.91 11019.3
1595.39 11048.6
1595.81 11059.8
1595.98 11101.6
1595.78 11119.3
1597.01 11115
1598.9 11156.6
1598.97 11158.2
1598.44 11122
1598.67 11212
1599.25 11218.1
1599.81 11231.5
1600.07 11230.7
1600.09 11236.5
1600.23 11239.3
1600.22 11233.9
1600.32 11229.9
1600.22 11211.4
1600.23 11197
1600.31 11151.2
1600.32 11095
1600.42 11067.1
1600.33 11036.8
1600.89 11048.6
1601.1 11037.9
1601.54 10981.3
1601.73 10974.6
1602.02 10998.3
1602.14 11001
1602.46 11031
1602.87 11046.4
1603.32 11046.1
1603.34 11040.9
1603.31 11035.8
1603.6 11047.2
1603.69 11013
1603.65 11227
1603.69 11294.3
1603.51 11298.7
1603.04 11350.5
1602.99 11401.5
1603.54 11414.9
1604.13 11417.7
1604.09 11406.8
1604.28 11404.1
1604.53 11418.3
1604.64 11409.2
1604.63 11410.4
1604.62 11416.2
1604.42 11413.3
1604.42 11386.6
1605.52 11419.1
1605.51 11443.1
1605.53 11444.6
1605.87 11469.5
1609.04 11477
1609.01 11402.9
1608.93 11369.8
1608.92 11344.6
1609.05 11330
1609.04 11340.7
1609.03 11349
1609.23 11398.8
1609.29 11388.5
1609.36 11392.8
1609.42 11385.2
1609.43 11386.1
1610.02 11377.3
1610.03 11378
1609.98 11367.6
1609.92 11341.5
1610.13 11322.1
1610.14 11323.2
1610.17 11403.8
1610.17 11376.9
1610.19 11344.4
1610.24 11362.7
1610.05 11377.6
1609.67 11438.5
1609.66 11462.9
1609.83 11491.5
1610.1 11543.5
1610.51 11553
1610.62 11605.5
1610.49 11607.2
1610.42 11608.6
1610.46 11606.8
1610.38 11616.5
1610.44 11624.2
1610.54 11647.2
1610.67 11593
1610.66 11581.8
1611.41 11571.7
1611.19 11604
1611.04 11622.5
1611.33 11635.3
1611.33 11641.7
1611.25 11663
1611.27 11662.5
1611.11 11663.5
1611.19 11611.3
1611.2 11593.6
1611.36 11583.2
1611.14 11611.6
1610.49 11626.1
1610.33 11623.2
1610.05 11653
1610.06 11654
1610.04 11643.8
1610.34 11661
1610.57 11663.9
1610.96 11675.9
1610.99 11682.5
1611.12 11593.2
1611.06 11587.3
1611.36 11581.5
1611.69 11592.9
1611.71 11583.1
1611.81 11632.1
1613.07 11610.6
1613.06 11597.4
1613.06 11590.5
1613.92 11588.7
1613.92 11573.2
1614.05 11571.3
1614.07 11580.1
1614.12 11575.8
1614.39 11589.5
1614.18 11570.8
1614.1 11627.8
1614.49 11648.9
1614.49 11658.2
1614.46 11670.8
1614.45 11662.2
1614.44 11660
1614.44 11663.2
1614.96 11664.9
1615.01 11668.4
1614.98 11659.1
1615.06 11658.6
1615.18 11654.2
1615.08 11671.4
1614.8 11675.3
1614.82 11684
1614.82 11684.4
1614.62 11679.3
1614.73 11673.5
1614.76 11657.1
1614.61 11821.9
1614.47 11869.2
1614.44 11867.8
1614.42 11855.7
1616.02 11869.2
1615.86 11883.8
1616.31 11861.7
1616.4 11856.2
1616.39 11834.6
1616.41 11826.3
1616.36 11817.6
1616.29 11811.6
1616.27 11802.4
1616.23 11795.7
1616.35 11794.5
1616.79 11776
1616.87 11740.8
1616.84 11725.7
1616.56 11709.3
1616.54 11715.4
1616.43 11714.3
1616.38 11667.1
1617.03 11687.3
1617.03 11696.7
1617.06 11703.9
1617.04 11825.5
1617.01 11833.3
1617.04 11833.1
1616.95 11837
1616.75 11745.3
1616.88 11739.2
1616.88 11723.6
1616.72 11717.2
1616.72 11709.6
1616.69 11718.9
1616.93 11704.2
1616.9 11700.9
1616.93 11699.1
1616.73 11685.9
1616.93 11678.2
1616.68 11675.9
1616.89 11670.3
1616.91 11686.5
1617.13 11683.8
1617.13 11699.5
1617.93 11731.4
1618.31 11737.2
1618.38 11752.8
1618.38 11758.5
1618.36 11749.8
1618.35 11739.2
1618.36 11731.4
1618.39 11723.7
1618.49 11718.2
1618.59 11685.4
1618.63 11668.9
1618.67 11688.6
1618.69 11678.6
1618.69 11678.7
1618.54 11528.7
1618.4 11537.7
1618.39 11500
1618.45 11510.3
1618.46 11550.4
1618.56 11569.9
1618.54 11581.2
1618.57 11590
1618.46 11645.5
1618.54 11652.9
1618.55 11648.4
1618.63 11655.7
1618.94 11662.7
1618.84 11655
1618.59 11640.7
1618.6 11624.6
1618.69 11724.2
1618.61 11732.1
1618.65 11758.6
1618.66 11759.5
1618.99 11754.8
1619.03 11753.4
1619.55 11757.5
1619.35 11798.6
1619.75 11812
1619.66 11794.4
1619.74 11782.4
1619.66 11762.5
1619.71 11761.5
1619.71 11757.2
1620.07 11740.9
1619.93 11777.1
1620.18 11782
1620.29 11775.3
1620.32 11770.8
1620.29 11737
1620.03 11725.2
1620.45 11719.2
1620.66 11705.9
1620.55 11733.5
1620.55 11697.1
1620.62 11695.7
1620.75 11720.9
1621.21 11778.7
1621.21 11828.3
1621.21 11859.7
1621.18 11876.8
1621.18 11891.1
1621.18 11903.7
1620.94 11895.7
1620.98 11891.6
1621.02 11910.4
1620.86 11929.6
1620.82 11943.9
1622.69 11986.3
1622.63 12022.9
1623.14 12060.7
1623.17 12046.3
1623.15 12059.1
1623.22 12064.4
1623.27 12085
1623.28 12096.8
1623.5 12108.7
1623.36 12142.8
1623.57 12150
1623.69 12138.8
1623.69 12117.7
1623.53 12072.1
1623.56 12047.5
1623.51 12029.1
1623.58 12022.2
1623.95 12018
1623.93 12011.6
1624.13 12016.3
1624.11 12031.8
1624.27 12005.9
1624.41 12006.4
1624.43 12004.8
1624.44 12011.3
1624.81 12033.6
1624.8 12051.9
1624.65 12067.7
1624.94 12078.6
1624.96 12058.6
1625.04 12053.3
1625.06 12047.1
1624.95 12079.5
1624.96 12057.8
1625.39 12062.7
1627.48 12128.5
1627.43 12143.6
1627.43 12133.8
1627.44 12123.5
1627.49 12158.9
1627.46 12156
1627.53 12144.4
1627.32 12156.5
1627.37 12165.8
1627.51 12157.5
1627.54 12154.1
1627.54 12172.2
1627.53 12185.2
1627.53 12195.2
1627.53 12204.6
1627.26 12213.3
1627.3 12210.9
1627.26 12189.3
1627.28 12185.2
1627.31 12192.6
1627.22 12182
1627.2 12174.6
1627.06 12194.9
1626.85 12228
1627.05 12245.2
1627.8 12229
1627.83 12220.1
1627.83 12219.9
1627.81 12215.9
1627.79 12211.6
1627.68 12215.3
1627.81 12212
1628.37 12258.3
1628.44 12268.2
1628.4 12266.2
1628.57 12264.9
1628.57 12263.5
1628.58 12264
1628.57 12243.6
1628.55 12225.7
1628.55 12219.1
1628.5 12221.5
1628.49 12221.7
1628.51 12230.6
1628.67 12234.6
1628.72 12236.7
1628.78 12262.4
1628.76 12267.7
1628.76 12269.3
1629.01 12328.9
1629 12373.3
1629.01 12369.6
1629.04 12345.5
1629.11 12337.1
1629.42 12334.9
1629.38 12365
1629.41 12382.3
1629.43 12384.3
1630.1 12390.2
1630.02 12385.7
1629.8 12387.4
1629.37 12383.4
1629.5 12337.9
1629.98 12342.7
1629.98 12344.8
1629.73 12261.8
1630 12260.4
1630.12 12264.9
1630.35 12268.4
1630.47 12253.9
1630.58 12251.6
1630.74 12241.1
1630.62 12236.7
1630.56 12214.3
1630.56 12226.8
1630.55 12234
1630.54 12237.7
1630.07 12231.2
1629.96 12212.5
1630.11 12240.6
1629.92 12231.5
1630.09 12244.6
1630.09 12246.3
1630.16 12258.3
1630.4 12266.8
1630.38 12278.2
1630.36 12290
1630.54 12291.6
1630.57 12295.4
1631.14 12297.1
1630.45 12310.9
1630.45 12316.6
1630.46 12320.6
1630.5 12328.3
1630.5 12332
1630.55 12338.3
1630.57 12345.6
1630.43 12358.7
1630.44 12363.6
1630.46 12362.2
1630.54 12367.8
1630.58 12321.7
1630.73 12316.9
1630.71 12320.2
1631.27 12327.5
1631.18 12324.9
1631.23 12321.2
1630.8 12325.7
1630.8 12288.4
1630.84 12271.8
1630.88 12258.6
1630.91 12255.6
1630.95 12254.8
1631.41 12256.5
1631.35 12251
1631.39 12242.5
1631.23 12250
1631.27 12215.1
1631.27 12216.9
1631.27 12214.4
1631.07 12161.2
1630.79 12118.2
1630.91 12079.5
1631.44 12035.8
1631.45 12029.6
1631.16 12119.7
1631.13 12119.5
1631.13 12110.3
1631.49 12130.6
1631.59 12090.1
1631.63 12076.1
1632.27 12149.2
1632.47 12159.5
1632.43 12153.3
1633.27 12164.3
1633.25 12150.8
1633.34 12152
1633.95 12173.8
1633.8 12204.4
1633.79 12227.5
1633.69 12239.7
1633.76 12246.8
1633.73 12246.2
1633.73 12243
1633.95 12260.7
1633.96 12241.6
1633.95 12232.5
1634.01 12225.5
1634.18 12221.8
1634.1 12219
1634.07 12218.3
1634.09 12219.6
1633.99 12232.8
1634 12233.8
1634.19 12228
1634.14 12220.2
1633.65 12197.6
1633.67 12175.2
1633.69 12182
1633.66 12205.5
1633.57 12210
1633.68 12203.7
1633.62 12187.6
1633.62 12192.4
1633.62 12212.9
1634.76 12235.7
1634.88 12259.3
1634.87 12270.9
1634.88 12276.2
1634.9 12281.5
1634.83 12285
1635.1 12294.2
1635.15 12294.5
1635.17 12302.2
1635.73 12310.6
1636.02 12306.7
1636.19 12306.4
1636.54 12302.3
1636.52 12286.5
1636.65 12259.4
1636.89 12232.2
1636.93 12215
1637.18 12182.5
1637.54 12091.3
1637.73 12103.2
1637.86 12089
1637.83 12079.1
1637.81 12075.7
1637.81 12073.5
1637.87 12070.8
1637.77 12068.9
1637.71 12113.4
1637.9 12104.9
1637.88 12095.9
1638.29 12105.1
1638.54 12116.8
1638.55 12101.9
1638.57 12102.2
1638.66 12080.2
1638.59 12042.9
1638.65 12035.3
1638.64 12015.9
1638.61 12009.7
1638.6 11994
1638.62 12000.9
1638.61 12003.7
1639.49 12032.1
1639.35 12024.5
1639.46 12016.9
1639.36 11967.6
1639.4 11958.9
1639.1 11970.4
1639.16 11973.5
1639.22 11972
1639.41 11963.6
1639.35 11977.9
1639.26 11973.2
1639.22 11985.1
1639.22 12021.3
1639.03 12072.5
1639.09 12105.6
1639.29 12094.3
1639.78 12086.3
1639.77 12088.1
1640.4 12121.3
1640.36 12145.2
1640.32 12153.4
1640.31 12154.1
1640.31 12157.7
1640.29 12190.2
1640.28 12186.7
1640.15 12177.8
1640.14 12147.4
1640.15 12156.5
1640.32 12165.1
1640.32 12169.6
1640.36 12166.5
1640.31 12166.7
1640.18 12187.4
1639.99 12211.9
1640.26 12211.4
1640.3 12210.1
1640.22 12204.5
1640.69 12210.9
1640.26 12247.2
1640.24 12248
1640.74 12248.4
1640.68 12230
1640.69 12199.4
1640.75 12201.5
1640.79 12207.6
1640.83 12215.1
1641.46 12238.4
1641.41 12239.3
1641.42 12226.2
1641.39 12302.6
1641.97 12308.5
1642.16 12302.9
1641.97 12344.3
1641.79 12349.5
1641.88 12339.7
1642.21 12335.5
1642.21 12345.2
1642.21 12356.9
1642.06 12365.1
1642.45 12341.9
1642.48 12354.5
1642.49 12318.3
1642.52 12320.9
1642.52 12323.5
1642.4 12341.9
1642.4 12340.4
1642.44 12324.9
1642.45 12315.2
1642.92 12311.6
1643.52 12302.1
1643.51 12289.7
1643.55 12288
1643.58 12279.7
1643.56 12275.1
1643.53 12261.2
1643.51 12263.2
1643.95 12281
1643.94 12176.7
1643.87 12176.2
1643.94 12190.1
1644.16 12218
1644.38 12204.8
1644.61 12289.7
1644.56 12290.6
1644.56 12354.3
1645.09 12445
1645.07 12421.5
1645.05 12414.8
1645.21 12526.3
1646.25 12546.3
1646.34 12550.9
1646.19 12532.1
1646.04 12530.1
1646.1 12516
1646.05 12510.3
1646.06 12509.7
1646.07 12514.5
1646.32 12515.6
1646.33 12463.8
1646.34 12489.6
1646.43 12493.8
1646.61 12498.4
1646.8 12509.1
1646.72 12524.4
1646.73 12460.3
1646.8 12470.9
1646.74 12477.2
1646.83 12490.3
1647.96 12510.7
1647.99 12485
1647.98 12475
1649.43 12542.6
1652.12 12501.5
1652.21 12497.9
1652.11 12489.2
1652.04 12505.7
1652.18 12486.4
1652.28 12471.5
1652.28 12462.5
1652.28 12461.7
1652.4 12455.5
1652.46 12458.9
1652.34 12440.5
1652.31 12433.3
1652.33 12420.4
1652.54 12428.5
1652.27 12435.4
1652.39 12430.7
1652.39 12346.6
1652.37 12336.2
1652.34 12333.6
1652.36 12333.8
1652.36 12333.3
1652.43 12333.5
1652.5 12343.2
1652.58 12348.2
1653.39 12328.7
1653.37 12331.3
1653.47 12333.9
1653.38 12351.2
1653.25 12357
1653.3 12301.6
1653.41 12298.4
1653.36 12293.3
1653.34 12297.6
1653.53 12302.9
1653.45 12298.2
1655.95 12261
1655.91 12269.3
1655.93 12265
1656.09 12302.7
1656.09 12304.1
1656.02 12298.4
1655.91 12283.4
1655.96 12276.8
1655.96 12263.8
1655.88 12258.6
1656.63 12246
1656.91 12257.9
1656.92 12263.4
1656.92 12269.4
1656.96 12274.3
1657.65 12298.8
1657.8 12278.6
1657.81 12284.5
1657.76 12297.9
1657.75 12304.8
1657.76 12305.6
1657.81 12299.5
1658.42 12292.5
1658.13 12301.6
1658.12 12292.6
1658.13 12289.7
1657.93 12259.9
1657.76 12415.4
1657.81 12419.4
1657.81 12419.4
1657.85 12420.2
1657.72 12412.2
1657.73 12421.9
1657.73 12427.7
1657.73 12430.7
1658.77 12414.3
1658.78 12421.7
1658.79 12418.2
1658.72 12419.2
1658.72 12423.4
1658.66 12414.8
1658.66 12408.8
1658.59 12423.8
1661.78 12339.3
1661.81 12333.9
1661.77 12332.5
1661.53 12310.7
1663.91 12257.9
1665.52 12230.3
1665.71 12234.1
1665.64 12224.9
1665.65 12220.5
1665.67 12221.3
1665.79 12218.2
1665.92 12216.9
1665.92 12220.2
1666.04 12220.1
1666.35 12218.2
1667.9 12134.4
1668.01 12140.6
1668.09 12136.9
1668.24 12121.6
1667.79 12068.2
1668.35 12036
1668.39 12039
1668.28 12007.9
1667.96 12014.8
1668.11 12024.3
1668.12 12011
1668.22 12015.2
1668.23 11976
1668.24 11966.8
1668.56 11968.4
1668.9 11975.1
1668.91 11970.2
