71.2682 100.723
223.086 2541.84
232.27 1676.7
264.921 1414.03
266.078 1159.71
269.746 973.574
269.833 805.255
295.154 817.896
300.546 932.938
346.318 1808.3
391.46 1943.71
421.095 2406.99
421.152 2118.16
441.457 3441.53
443.188 2966.66
448.204 3025.61
452.96 3273.23
483.276 4847.47
539.463 4881.3
579.219 4182.83
579.221 3898.19
583.774 3803.29
585.741 3891.37
598.496 4514.84
601.437 4320.01
622.057 4445.83
624.356 4195.55
644.44 4204.42
652.575 4493.87
652.816 4528.69
652.068 4669.89
669.204 5613.22
677.743 5855.61
679.854 6055.97
679.513 6051.15
676.128 6136.7
678.576 6212.86
680.015 6465.2
696.353 7445.54
742.391 7478.78
744.738 7135.11
746.137 7044.76
746.418 6992.32
754.432 6933.63
754.249 6890.42
754.342 6833.96
753.297 6908.67
753.906 6982.26
771.934 7024.01
779.635 7039.26
785.533 6857.22
786.429 6823.43
784.341 7288.99
786.914 7311.02
786.908 7466.99
787.182 7453.05
811.388 7273.54
815.851 7236.99
823.291 6941.74
823.538 6865.08
830.252 6645.48
837.498 6592.79
839.326 6636.74
851.052 7177.37
851.511 7001.87
852.436 6939.3
872.999 6686.23
874.338 6935.6
873.464 6997.53
873.341 7098.94
878.433 7875.55
880.689 7639.59
882.705 7581.36
882.469 7485.84
889.199 7509.22
898.705 7336.19
901.266 7276.8
910.741 7282.34
912.727 7991.78
926.208 7823.39
924.78 7932.17
926.703 7808.07
927.188 7776.42
927.3 7740.07
926.741 7790.85
930.39 8080.2
930.592 8208.92
931.624 8449.51
929.972 8517.25
930.012 8520.32
929.727 8525.32
931.854 8742.54
931.925 8648.43
932.083 8585.68
936.104 8655.14
940.303 8589.23
946.505 8507.07
955.017 8786.23
952.724 9174.74
952.794 8907.23
952.541 8821.2
970.161 8811.59
969.986 8935.01
974.239 8824.29
974.343 8819.23
977.719 8756.99
979.704 8747.19
979.753 8677.93
984.621 8709.73
988.767 8603.77
992.444 8526.86
997.161 8501.25
994.945 8697.89
997.111 8734.03
999.562 8623.54
1001.15 8634.26
1004.02 8649.88
1005.03 8644.77
1005.96 8631.39
1005.8 8657.98
1007.24 8637.66
1008.11 8625.36
1008.08 8518.62
1009.09 8462.42
1016.32 8583.67
1018.56 8766.62
1020.09 8825.82
1022.1 8860.48
1023.65 8796.63
1023.55 8770.75
1023.76 8752.2
1028.13 8741.57
1033.19 9028.03
1035.85 9095
1036.19 9057.66
1035.87 9028.12
1036.33 8985.68
1041.79 8841.21
1042.06 8836.13
1043.37 8916.17
1042.37 8812.27
1044.66 8780.1
1044.49 8750.89
1044.67 8862.96
1043.56 8918.49
1043.53 8932.25
1044.98 8970.52
1044.42 8982.97
1043.86 8982.49
1043.52 8994.29
1043.31 9118.56
1042.73 9245.63
1043.42 9309.52
1052.17 9701.09
1054.62 9549.11
1054.46 9509.02
1054.81 9544.02
1054.6 9588.49
1055.85 9588.58
1054.87 9582.57
1054.47 9613.32
1054.55 9623.04
1055.95 9706.1
1056.72 9711.09
1059.39 9948.47
1058.25 10081.6
1058.22 10074.9
1058.73 10097.5
1060.65 10017.1
1060.94 10127.4
1061.22 10098.2
1061.23 10110.6
1060.05 10081.9
1062.68 10015.4
1065.31 10046.9
1066.33 9980.45
1066.26 9981.55
1066.1 9855.81
1066.04 9819.65
1066.04 9795.42
1066.82 9860.13
1067.5 9864.94
1070.88 9909.46
1070.64 9911.3
1071.13 10088.1
1072.3 10138.5
1072.22 10062
1072.14 9902.16
1071.54 9824.23
1070.44 9923.74
1070.51 9933.06
1071.65 9894.08
1071.56 9841.7
1071.17 9809.87
1071.4 9939.3
1072.9 9944.39
1083.37 10040.3
1083.23 10146.4
1083.33 10205.7
1083.16 10215.1
1081.59 10171.6
1081.84 10117.2
1081.33 10151.4
1081.54 10193.3
1082.65 10227.4
1092.85 10277.2
1093.14 10095.7
1092.98 10066.5
1092.95 10007.3
1093.57 9934.61
1094.02 9959.78
1097.47 9977.61
1097.24 9969.27
1097.2 9966.67
1097.46 9974.31
1099.35 9965.87
1101.64 9962.53
1106.04 10003.8
1107.23 10008.2
1107.19 10032.4
1106.72 10009
1106.84 9989.52
1106.71 9985.45
1106.92 9981.29
1108.13 9983.89
1108.11 10009.2
1108.1 10062.6
1109.98 10078.5
1112.41 10159.6
1112.46 10148.7
1112.9 10161.7
1113.61 10154.3
1113.96 10149.6
1113.92 10322.7
1114.15 10367.1
1114.16 10343.4
1114.08 10337.8
1114.04 10331.9
1113.92 10335.5
1113.51 10278.4
1114.86 10238.7
1117.33 10279.6
1121.29 10318.3
1121.22 10341.1
1118.08 10313.4
1118.37 10515.5
1118.67 10594.4
1118.7 10625.4
1117.2 10700.4
1115.24 10811.5
1115.18 10901.6
1115.26 10972.4
1118.21 11001.5
1118.94 10989.2
1118.85 11099.3
1119.14 11127.8
1119.1 11118.6
1118.47 11096.2
1118.49 11079.4
1120.81 11105.2
1120.8 11159.3
1122.11 11143.6
1121.92 11239.4
1121.51 11240.4
1121.43 11272.6
1124.01 11395.5
1124.01 11442.7
1123.93 11441.7
1123.47 11359
1125.74 11412.7
1125.59 11435.3
1126.16 11451.3
1126.06 11421.6
1126.49 11345.4
1127.72 11333.8
1128.15 11357.2
1126.53 11622.3
1126.54 11651.1
1126.02 11702.3
1126.83 11623.3
1127.05 11721.3
1127.81 11824.7
1127.76 11854.5
1126.94 11807.7
1126.94 11841
1126.69 11892.3
1126.41 12001.1
1126.85 12044.5
1126.86 12098.4
1127.75 12088.1
1127.34 12097.8
1126.84 12118.9
1126.63 12115.4
1126.8 12140.4
1126.84 12160.2
1128.35 12248.7
1128.48 12280.6
1129.51 12167.6
1129.49 12176.1
1130.2 12149.5
1129.99 12170.2
1130.04 11997.8
1129.95 11965.8
1130.08 11948.9
1129.94 11941.8
1129.66 11915.8
1130.29 11965.1
1130.4 11911.5
1130.05 11903.4
1130.08 11891.5
1130.14 11886.4
1130.79 11879.8
1130.6 11900.5
1130.2 11933.5
1130.23 11942.8
1129.08 11856.2
1129.54 11854.5
1129.7 11908.8
1129.1 11922.8
1128.98 11980
1128.99 11958.2
1128.94 11911.3
1128.79 11863.6
1128.57 11826.3
1128.18 11778.2
1128.19 11742.9
1129.13 11779.1
1129.17 11819.6
1129.66 11823.7
1130.48 11827.1
1130.68 11804.7
1130.81 11796
1130.81 11780
1130.26 11734.5
1130.86 11740.9
1131.5 11792.8
1132.44 11789.4
1132.8 11799.3
1133.43 11798.1
1133.47 11787
1133.04 11928.4
1134.01 11967.4
1134.55 11964.7
1134.57 11945.5
1134.55 11906.2
1134.44 11878.8
1134.43 11874.6
1135.88 11878.4
1135.74 11864.5
1136.07 11864.1
1136.16 11862.9
1136.68 11882.7
1136.57 11865.3
1136.95 11913.1
1137.26 11842
1136.42 11785.3
1136.28 11760.5
1136.38 11727
1136.27 11678.8
1136.07 11742.6
1136.12 11812.7
1136.96 11828.4
1136.86 11813.3
1136.81 11793.7
1136.75 11790.5
1136.74 11783.9
1136.75 11780.7
1136.55 11788.3
1136.55 11767.8
1136.46 11741.9
1136.54 11728.2
1136.64 11705
1136.79 11692
1136.68 11702.5
1137.14 11701.8
1137.15 11700
1137.09 11685.5
1136.54 11658.2
1136.49 11633.1
1136.09 11617.3
1135.59 11635.6
1135.63 11669.8
1135.69 11686.8
1136.75 11752.5
1136.82 11738.7
1136.81 11756.1
1136.8 11758.5
1136.71 11692.4
1136.96 11611.6
1136.96 11623.6
1136.96 11637.9
1137.8 11638.6
1137.86 11628.1
1137.83 11689.9
1137.84 11684.2
1138.39 11725.2
1138.26 11762.7
1138.44 11766.6
1138.56 11768.3
1138.52 11774.4
1138.62 11768.1
1138.63 11776.2
1138.32 11783.5
1137.84 11802.1
1138.03 11808.9
1138.17 11804.1
1138.06 11731.2
1137.8 11667.5
1138.03 11635.8
1138.38 11630.2
1138.39 11638.9
1138.34 11637.2
1138.46 11636.7
1138.53 11638.5
1138.7 11641
1138.53 11643
1138.17 11640.6
1138.46 11669.1
1138.33 11675.3
1138.12 11681.8
1139.01 11685.5
1139.02 11658.4
1139.15 11725.8
1139.35 11748.2
1139.14 11727.6
1139.24 11712.1
1139.38 11704.5
1139.93 11668.1
1140 11679.1
1139.78 11654.2
1140.29 11659.4
1140.12 11661.9
1140.6 11672.4
1140.81 11684.3
1140.65 11695.3
1140.32 11690.9
1140.89 11674.6
1140.95 11683.9
1140.69 11811.3
1140.52 11793
1139.64 11762.9
1139.69 11744.9
1139.82 11733
1139.84 11725
1139.67 11617
1139.87 11628.9
1140.33 11657.6
1140.33 11668.3
1140.33 11602.8
1139.94 11624
1139.48 11606.5
1139.57 11577.6
1139.7 11577.4
1139.82 11557.5
1139.54 11528.3
1139.92 11506.7
1139.39 11572.7
1139.73 11556.6
1140.48 11535
1140.44 11508.3
1140.36 11470.4
1140.23 11435.1
1140.23 11383.5
1139.9 11371.4
1140.15 11295.5
1140.24 11275.8
1140.65 11273.5
1141.47 11266.5
1141.74 11264.9
1141.78 11251.6
1141.74 11211.7
1142 11233.8
1143.5 11257.9
1144.53 11286.7
1145.51 11289.7
1145.57 11297.4
1145.76 11298.5
1145.72 11275.7
1145.81 11283
1145.67 11286.1
1145.39 11309.1
1145.33 11333.9
1145.74 11360.4
1146 11369.4
1145.78 11428.1
1146.01 11443.8
1145.97 11423.8
1146.1 11406.1
1145.79 11393
1145.78 11361.4
1145.79 11308.5
1146.3 11292.7
1146.3 11301.9
1146.31 11297
1146.67 11284.4
1146.61 11286.3
1146.32 11247.2
1147.21 11267.5
1147.24 11252.8
1147.06 11271.5
1147.5 11282.1
1147.72 11297.5
1147.19 11443.4
1146.94 11552.3
1146.84 11515.7
1146.83 11437.1
1146.28 11410.5
1146.62 11443.2
1146.61 11456.9
1146.58 11464.1
1146.64 11466.9
1146.52 11467.9
1146.77 11428.6
1146.86 11432.4
1146.9 11441.7
1147.37 11440.2
1147.36 11440.4
1147.23 11407.4
1147.27 11399.7
1147.26 11404.5
1147.43 11417.1
1147.37 11427.1
1147.36 11420.5
1147.36 11425.3
1147.65 11415.7
1147.78 11427.3
1147.54 11548.9
1147.36 11557.8
1147.63 11568.8
1147.62 11547.9
1147.24 11508.9
1147.21 11521.4
1147.13 11520.3
1147.36 11516.5
1148.02 11521.9
1148.03 11497
1148.15 11504.1
1148.25 11607.9
1148.6 11642.2
1148.97 11655.7
1150.06 11688.9
1150.01 11704.4
1150.33 11723.5
1150.48 11735.3
1150.48 11755.9
1150.28 11779
1150.61 11796.8
1150.56 11799.9
1150.74 11774.7
1150.72 11778.2
1150.66 11772.4
1150.66 11781.3
1150.54 11798.5
1150.78 11775.6
1150.77 11789.7
1150.75 11798.3
1150.69 11807.4
1150.65 11846.1
1150.7 11839.1
1150.31 11830.5
1150.07 11876.1
1150.72 11897.4
1151.24 11904.7
1151.32 11916.4
1151.11 11936.2
1151.04 11942.4
1150.19 11889.9
1149.79 11878.2
1150.56 12033.3
1150.91 12137.9
1151.26 12199.4
1151.2 12209.2
1151.44 12238.1
1151.48 12264.4
1151.82 12279.2
1152.31 12290.2
1152.39 12307.1
1152.56 12285.8
1152.54 12306.9
1152.65 12316.7
1152.97 12300.8
1153 12333
1153.19 12415.7
1153.1 12419.7
1152.94 12397.4
1152.93 12385.6
1153.23 12391
1152.92 12367.8
1152.67 12363.1
1153.19 12366.2
1153.15 12353
1153.2 12362.3
1153.13 12359.1
1154.26 12379.5
1153.84 12395
1153.79 12393.5
1153.78 12411
1153.72 12470.5
1153.45 12518.7
1153.25 12506.4
1153.28 12527.8
1153.33 12531
1153.1 12553.7
1153.56 12544.1
1153.26 12614.2
1153.2 12491.3
1153.06 12496
1153 12506.3
1153.37 12477.8
1153.49 12519.6
1153.44 12537.1
1154.01 12528.5
1154.1 12529.5
1154.69 12515
1154.55 12524
1154.18 12523.7
1154.3 12538.1
1154.95 12525.3
1155.03 12529.1
1155.18 12531.7
1155.38 12535.4
1157.11 12559.2
1156.75 12526.8
1156.6 12551.2
1157.28 12564.9
1157.32 12542.1
1157.43 12525.7
1157.27 12505.4
1157.18 12501.5
1156.92 12531.3
1156.41 12470.7
1156.64 12482.4
1157.32 12453.3
1157.79 12449.9
1158.29 12460.4
1158.28 12459.4
1158.41 12462
1158.84 12421
1159.69 12401.6
1159.61 12381.7
1159.66 12376.8
1159.46 12329.5
1159.42 12323.7
1159.62 12336.4
1159.65 12330
1159.57 12348
1159.4 12361.4
1159.63 12385.9
1159.51 12398.7
1159.57 12398.5
1159.8 12393.8
1160.03 12388.3
1160.32 12404.2
1160.34 12405.2
1160.21 12392
1160.99 12398.1
1160.96 12413.3
1161.19 12424.8
1161.24 12434.1
1161.36 12431.5
1162.15 12410.9
1162.27 12408
1162.29 12406
1162.34 12404.9
1162.38 12405.2
1162.27 12403
1162.51 12421.6
1162.5 12447.4
1162.37 12467.6
1162.18 12477.9
1162.17 12489.4
1162.45 12544.2
1162.31 12554.8
1162.35 12563.8
1162.25 12607.5
1162.21 12591.3
1162.57 12595.7
1163.16 12636
1163.1 12662.4
1163.23 12674.3
1163.33 12714.2
1163.34 12733.8
1163.22 12750.6
1163.45 12761.7
1163.45 12755.3
1163.4 12764.2
1163.38 12764.1
1163.41 12755.1
1163.5 12751
1163.69 12827.5
1163.7 12814.1
1163.65 12841.6
1163.65 12852.9
1163.24 12856
1163.08 12881.8
1162.51 12905.3
1162.44 12970.4
1162.57 13008
1162.61 13027.6
1162.9 13042.9
1163.12 13063.8
1163.16 13068
1163.22 13075.3
1163.12 13069.9
1163.06 13062.9
1162.92 13127.1
1162.74 13127.4
1162.89 13127.4
1163.65 13106.6
1164.06 13139.7
1165.42 13147.7
1165.45 13154.5
1165.52 13158.5
1165.73 13154.6
1165.74 13135.6
1166.38 13146
1166 13160.8
1166.07 13154.7
1165.9 13148.5
1165.89 13146.3
1165.9 13134.9
1165.85 13124.9
1165.7 12985.4
1165.71 13040.3
1165.51 13029.8
1165.52 13000.9
1165.42 12959.4
1165.32 12931.7
1165.32 12944
1165.33 12938.2
1165.07 12924.2
1164.99 12921.1
1165.03 12920.2
1165.47 12904.5
1165.41 12890.9
1165.34 12848.6
1165.35 12793.7
1165.39 12781.6
1165.45 12766.8
1165.56 12776.4
1165.57 12781.7
1165.63 12776.9
1165.6 12772.5
1165.6 12763.1
1165.32 12861.9
1165.21 12881.6
1165.23 12866.4
1165.27 12865.6
1165.62 12921
1165.91 12936.4
1165.98 12931.2
1166.08 13034
1165.97 13004.9
1165.97 12981.2
1166.2 13036.4
1166.23 13014
1166.21 13045
1165.54 13025.5
1165.39 13025.9
1165.66 13053.1
1165.6 13004.6
1165.7 12942.7
1165.88 12921.5
1165.66 12889.9
1165.16 12832.1
1165.22 12777.9
1165.31 12768.4
1165.34 12837.6
1165.95 12848.3
1166.02 12859.7
1166.05 12862.5
1166.12 12866.9
1166.19 12848.8
1166.1 12840
1165.99 12815.5
1166.42 12790.1
1166.51 12833.1
1167.2 12853.8
1166.86 12847.2
1166.82 12839.8
1166.64 12807
1166.62 12848.3
1166.88 12844
1167.04 12849.1
1167.05 12853
1167.16 12863.1
1167.16 12854.1
1167.42 12845.3
1167.92 12833.6
1167.9 12824.4
1168.89 12811.7
1169.53 12836.3
1169.61 12840.3
1169.64 12829
1169.37 12819.3
1169.73 12781.4
1169.53 12757.4
1169.36 12782.1
1168.96 12782
1168.96 12792.6
1168.92 12791.4
1168.92 12810.7
1169.24 12806.5
1169.62 12808.4
1170.81 12805.5
1170.69 12743.8
1170.64 12717.1
1170.66 12731
1170.69 12733.2
1170.63 12732.2
1170.35 12674.3
1170.47 12636.9
1170.54 12624.7
1169.96 12635.1
1170.31 12723.9
1170.25 12719.7
1170.31 12758.3
1170.33 12754.5
1170.47 12749.2
1170.82 12795.9
1170.72 12730.7
1171.1 12861
1170.76 12723.3
1170.86 12715.9
1170.93 12709.5
1171.23 12705.1
1171.26 12698.1
1171.34 12676.3
1171.79 12678.8
1172.19 12701.3
1172.12 12710.3
1173.35 12791.8
1173.23 12861.5
1173.29 12897.3
1173.28 12912.5
1173.29 12919.1
1173.8 12909.3
1173.79 12931
1173.82 12919
1173.82 12905.3
1173.91 12913.7
1173.85 12923
1173.85 12917.6
1174.13 12910.3
1174.12 12937.8
1173.98 12937.4
1174.81 12983.1
1175.2 13041.9
1175.17 13037.8
1175.09 13015.7
1174.84 12963.7
1174.45 12959.4
1174.77 12970.8
1174.9 12985.6
1174.9 13014.7
1174.92 13028.7
1175.05 13041.2
1175.39 13044.6
1175.38 13051.6
1175.52 13079.2
1175.44 13113.3
1175.56 13155.5
1175.81 13168.6
1176.26 13291.2
1176.17 13403.3
1176.25 13434.7
1176.39 13430.7
1176.26 13429.2
1176.27 13414.4
1176.27 13406
1176.07 13384.4
1176.09 13367.6
1176.49 13381.4
1176.7 13387.1
1176.68 13411.1
1177.4 13442.3
1177.22 13453
1177.2 13468.5
1177.27 13489
1177.04 13431
1177.07 13455.1
1176.98 13463.7
1177.08 13457.2
1177.08 13459.8
1177.13 13438.1
1177.5 13446.1
1177.5 13452.8
1178 13356.5
1178.11 13275.2
1178.16 13237.6
1178 13220.3
1177.78 13203.6
1177.92 13187.8
1177.94 13205.4
1177.92 13203.4
1177.91 13202.8
1177.96 13236.5
1177.98 13210.2
1177.91 13201.4
1177.95 13201.6
1178.01 13214.4
1178 13245.5
1177.95 13253.3
1177.89 13279.4
1178.03 13295.3
1178.24 13289
1178.1 13282.4
1178.03 13257.8
1177.72 13246.1
1177.75 13258.2
1177.99 13253.1
1177.7 13251.1
1177.71 13261.4
1177.55 13477.3
1177.53 13579.6
1177.5 13622.8
1177.5 13898.1
1177.84 13904.4
1177.93 13940.6
1177.91 13961.9
1177.69 13961.4
1177.75 13922.4
1177.76 13936.1
1178.15 13967.9
1178.28 13969.7
1178.14 13986.5
1178.17 13989.2
1177.93 14004.9
1177.71 13988.8
1177.63 13991.1
1177.42 13991.5
1177.5 13996.2
1178.52 14009.3
1178.48 14016
1179.48 14084.1
1179.26 14034.3
1179.58 14025.2
1180.21 14042.7
1179.87 14004.4
1179.9 13990.7
1179.98 14020.3
1180.6 14032.4
1180.58 14044.2
1180.06 14096.9
1180.35 14146.9
1180.34 14161.2
1180.38 14162.3
1180.52 14153.4
1180.49 14140.9
1180.83 14136.4
1180.82 14104.8
1180.7 14127.8
1180.68 14124.5
1180.69 14130.4
1180.68 14100.4
1181.02 14102.4
1181.18 14104.7
1181.18 14115.8
1180.41 14111.8
1180.07 14086.1
1180.08 14079.2
1180.06 14096.4
1180.01 14116.2
1179.95 14129.1
1180.19 14128.1
1180.39 14155.9
1180.23 14115.7
1180.23 14103.1
1180.36 14114.9
1180.27 14123.4
1180.14 14124.1
1180.16 14123.6
1180.45 14153.1
1180.44 14168.9
1180.68 14142.8
1180.57 14124.6
1180.78 14126
1180.43 14075.8
1180.43 14041.7
1180.42 14008.2
1180.41 13991.6
1180.52 13983
1180.59 13970.9
1180.52 13964.3
1180.47 13952.5
1180.7 13945.8
1181.12 13928.9
1181.1 13905.1
1181.5 13890.7
1181.1 13876.5
1181.09 13852.9
1181.52 13841.9
1181.92 13837.4
1181.87 13839.7
1181.38 13809.4
1181.41 13826.2
1181.41 13825.5
1181.27 13837.6
1181.41 13841.6
