170.585 347.246
224.127 467.318
246.158 582.822
254.789 530.621
279.982 569.97
285.436 714.51
326.998 935.072
396.445 1177.26
417.839 2055.38
422.947 1751.74
423.255 1638.92
423.545 1586.8
436.881 1657.01
491.345 2948.32
502.159 2684.52
504.053 2565.34
504.273 2526.9
505.448 2539.29
506.504 2633.6
511.636 2723.01
516.33 3045.16
520.537 3220.05
530.631 3311.98
549.021 4179.15
547.807 4046.33
547.859 3903.24
548.342 4975.13
549.15 4694.16
549.918 4705.97
552.132 4737.79
552.684 4322.24
556.121 4331.39
602.783 5072.7
618.092 5524.33
619.657 5344.92
667.783 5921.02
672.701 5724.69
672.702 5875.63
673.796 5774.72
675.472 5737.07
676.054 5626.61
683.784 5946.43
682.496 6920.04
681.606 7189.22
693.722 8248.68
690.716 8105.13
690.606 7841.03
701.269 7548.49
700.703 7401.45
710.737 7584.12
737.533 8287.84
737.451 8180.13
738.079 8115.5
742.804 8193.84
749.388 8319.82
755.108 8645.6
759.281 8794.02
778.152 8948.07
780.307 8670.97
788.976 8695.01
799.236 8575.64
799.282 9424.56
806.212 9360.33
805.719 10108.5
813.583 11113.6
813.147 10757.7
825.058 10438.8
831.055 10277.7
833.442 10221.5
829.699 10515.5
828.937 10714
830.714 10683.8
832.493 10720.8
843.815 11297.2
844.174 11284
845.342 11087.8
859.343 11018.2
866.295 10900
866.382 10910.9
868.533 10912.3
872.434 10942.3
873.002 10870.3
875.525 10881.3
880.554 13688.2
881.266 12924.3
879.262 12699.5
880.434 12530.9
880.212 23916.6
881.462 20858.1
881.355 17798.2
885.215 17211
893.835 16976
908.042 15937.6
907.45 15137.9
903.203 15168.1
906.143 14938.4
909.655 14623.8
912.691 14379.1
912.737 14163.4
949.805 14555.8
967.72 14024.9
966.989 14024.4
969.686 15122.6
975.466 14408.4
984.933 14239.9
996.365 14037
996.918 13829.6
1003.23 13859.4
1003.25 13740.7
1004.01 13665.8
993.731 17928.6
991.583 17256.9
991.064 16899.7
992.855 15656.5
997.164 15148.7
996.132 14851.3
997.061 14502.6
1007.37 14673.7
1010.61 14564.9
1015.56 14971.1
1020.28 15580.9
1024.14 15270.7
1023.79 15046.6
1025.97 14963.1
1026.35 14953.1
1026.35 15031
1027.24 15085.2
1030.83 15112.7
1032.24 15105.1
1032.11 15122.2
1030.86 15841.7
1032.38 15572.9
1032.45 15304.4
1033.65 15445.8
1034.88 14903.4
1035.96 14970.4
1042.16 14914.2
1040.5 14830.6
1040.06 14846.4
1040.58 15868.4
1040.76 15431.6
1040.82 15431.1
1046.4 15582.2
1047.82 15374.4
1049.13 15332.3
1049.58 15364.1
1049.62 15443.2
1053.4 15429.2
1053.47 15467.2
1052.63 15427.3
1060.95 15369.8
1061.26 15480.9
1069.7 15497.6
1073.51 15792.6
1072.81 15747.3
1074.13 15734.4
1074.81 16042.8
1074.81 16125.3
1074.53 16193.9
1074.39 16254.3
1080.01 16413.7
1080.36 16502
1079.79 16552.9
1086.6 16429.3
1089.42 16348.5
1090.49 16299.5
1090.47 16300.1
1090.4 16266.9
1090.67 16213.5
1090.32 16164.8
1090.27 16181.9
1087.51 16246.6
1087.21 16181.9
1085.59 16199.7
1083.96 16098.4
1089.9 16379.8
1093.41 16330.6
1091.25 16297.3
1091.64 16289.9
1091.73 16338.8
1091 16332.2
1091.28 16340.3
1091.03 16340.3
1090.85 16370.7
1092.74 16342.7
1094.59 16313.8
1094.52 16296.6
1094.04 16302.1
1095.69 16308.5
1098.96 16375.2
1099.05 16357.2
1098.61 16365.5
1098.6 16344.8
1098.05 16392.3
1098.04 16427.2
1098.02 16471.6
1098.04 16501.5
1099.3 16439.9
1099.58 16454.4
1100.89 16584.7
1098.55 16464.8
1098.44 16523.1
1097.62 16875
1097.84 16702.6
1099.91 16629.1
1099.42 16532.5
1099.88 16495.4
1100.3 16398.5
1103.22 16401.7
1104.68 16345.8
1104.68 16367.3
1104.51 16214.1
1103.76 16159.3
1104.44 16209
1106.35 16420.9
1106.27 16386.2
1105.16 16381.8
1105.16 16488.5
1105.13 16509
1104.72 16519.6
1106.9 16587.4
1107.12 16591.7
1110.41 16576
1116.4 16680.6
1115.28 16961.7
1115.29 17004.9
1115.42 16965.4
1115.37 16910.8
1115.39 16900.9
1115.2 16939.5
1114.79 16979.8
1116.74 16968.4
1116.98 16985.9
1117.51 17036.9
1117.62 17023
1117.58 17022.3
1116.18 17089.9
1116.51 17084.5
1117.93 17027.8
1122.86 17208.5
1122.78 17234.7
1122.8 17233.5
1122.79 17226
1121.78 17187.2
1121.6 17221.2
1122.07 17243.3
1126.24 17367.5
1125.64 17341.5
1127.57 17365.3
1127.83 17385.1
1130.02 17484.7
1129.97 17496.8
1130.32 17481
1130.92 17381.9
1132.43 17462.6
1133.25 17490.9
1132.13 17472.9
1131.32 17447.2
1131.25 17469.9
1132.64 17484
1133.17 17473.8
1132.36 17471
1131.73 17836.1
1132.69 17957.7
1132.2 17769.9
1131.77 17629
1131.6 17661.9
1131.59 17600.1
1131.44 17510.9
1131.34 17466.5
1131.49 17430
1131.77 17376
1132.43 17353.1
1132.96 17264.1
1132.22 17137.9
1132.62 17148.4
1135.25 17247.5
1135.31 17291.2
1135.9 17289.9
1137.03 17317.8
1136.65 17300.8
1136.64 17303.5
1137.77 17336
1137.83 17335.7
1137.84 17343.5
1137.44 17399.4
1138.01 17279.7
1140.06 17237.9
1140.24 17224.5
1140.98 17174.7
1141.27 17213.8
1141.73 17137.5
1141.62 17008.6
1141.87 17014.9
1141.76 17023
1142.05 17024.6
1141.43 17004.8
1141.81 17020
1151.55 17074
1151.55 17143.7
1152.24 17202.4
1152.36 17175
1152.69 17168.6
1153.01 17173.8
1153.91 17162.2
1153.74 17136.3
1153.8 17116.1
1155.03 17126.6
1154.42 17095.6
1154.6 17051.5
1155.98 17123.9
1156.61 17182.1
1156.79 17197.1
1156.61 17200.3
1157.59 17253
1157.41 17230.7
1157.38 17193.7
1157.14 17185.4
1157.37 17194.2
1157.73 17197.4
1157.66 17204.8
1157.2 17487.3
1157.56 17761.4
1157.2 17871.4
1157.99 17869.7
1158.07 17871.9
1157.73 17822.3
1157.76 17844.5
1157.53 17808.8
1157.64 17855
1158.68 17875.3
1159.3 17831.5
1159.44 17831.7
1158.95 17776.7
1159.18 17775.4
1158.82 17738.1
1157.97 17767.8
1157.79 17772.6
1157.65 17902.2
1157.18 17841.5
1156.75 17878.9
1157.06 17882.9
1157.13 17840.6
1157.42 17851.6
1157.32 17877.9
1157.2 17909.6
1157.19 17928.7
1157.18 17938.2
1156.9 18031.3
1157.42 18132.7
1157.64 18146.7
1160.23 18218.5
1162.33 18155.6
1162.76 18183.5
1163.17 18185.3
1162.97 18224
1163.11 18242.5
1163.23 18269.5
1162.66 18414.8
1163.11 18468.3
1163.79 18638.8
1163.92 18584.2
1164.12 18637.6
1164.46 18685.6
1164.95 18680.7
1163.66 18913.7
1164.16 19105.6
1164.31 19182.2
1164.04 19223.2
1163.99 19255.8
1164 19266.1
1164.11 19271
1163.7 19250.8
1164.22 19218.1
1165.63 19196.2
1165.04 19167.5
1165.27 19137.1
1165.07 19168.8
1164.98 19186.8
1165.75 19257.6
1165.45 19611.8
1165.64 19474.6
1165.47 19481.7
1166.4 19489.6
1166.34 19480.3
1166.74 19463.1
1166.41 19352.9
1166.36 19377.8
1166.74 19354.4
1166.79 19337.4
1166.76 19330.2
1168.3 19324.2
1168.4 19271.4
1168.23 19274.3
1168.69 19258.7
1168.61 19254.4
1168.45 19218.7
1168.65 19220.2
1170.02 19238.7
1170.06 19195.2
1170.09 19169.2
1171.73 19200.9
1172 19182.5
1172.03 19143
1172.95 19140.7
1172.83 19045.7
1174.58 19084
1175.06 19098.6
1176.33 19109.9
1175.04 19253.6
1175.32 19310.2
1175.33 19315.6
1175.41 19312.9
1175.25 19309.8
1175.72 19315.4
1176.21 19365.4
1176.14 19278.6
1176.17 19271.5
1176.27 19268.6
1176.27 19264.6
1176.42 19255.3
1177.62 19258.8
1178.22 19190.9
1178.25 19188.2
1177.98 19213.4
1177.98 19219
1178.02 19221.5
1177.93 19196.2
1178.67 19222.5
1178.53 19189.6
1178.4 19201.1
1179.99 19172.4
1180.28 19163.8
1183.03 19186.8
1183.4 19166
1183.28 19170.7
1183.48 19269.6
1183.17 19286.3
1183.86 19323
1183.75 19288.6
1183.76 19267.2
1183.72 19263.1
1183.23 19314.4
1182.57 19306.7
1182.68 19270.3
1182.98 19249.3
1183.02 19218.9
1183.09 19197.7
1183.06 19171.3
1183.27 19164.8
1183.52 19166.8
1183.4 19182.7
1183.29 19101.1
1183.29 19103
1183.12 19118.2
1183.09 19117.6
1184.62 19167.2
1184.67 19164.3
1185.53 19165.7
1185.46 19173.1
1186.89 19161.3
1187.73 19134.1
1187.73 19138.6
1188 19121.2
1188.09 19097.8
1188.45 19018.4
1189.04 18954.2
1188.96 18978.2
1188.87 18985.4
1188.95 18938.5
1188.56 18910.7
1188.43 18909
1188.99 18954
1188.97 18922.6
1189.04 18916.6
1190.16 18871.9
1190.29 18876.1
1190.05 18905.1
1190.53 18857.3
1190.82 18831.1
1190.65 18826.6
1190.68 18810.2
1190.51 18804.5
1192.78 18844.2
1192.71 18815.9
1192.24 18801
1192.21 18783.2
1192.43 18737.9
1192.47 18738.3
1191.89 18736.3
1191.89 18765.9
1191.89 18812.9
1191.72 18803.3
1191.56 18874.7
1191.54 18897.6
1191.63 18918.7
1192.85 18964
1193.72 18975.4
1193.81 18977.2
1193.78 19004.5
1194.35 19073.7
1193.78 19023.1
1194.12 19084.1
1194.11 19103.8
1194.14 19061.6
1194.31 19066.5
1195.79 19085.8
1195.87 19142.9
1195.96 19302.4
1196.13 19256.4
1196.06 19263.3
1196.76 19273.5
1196.53 19233
1196.56 19249.2
1196.59 19255.5
1196.06 19241.3
1194.83 19317.4
1195.64 19320.6
1195.65 19310.9
1197.07 19408
1197.09 19420.4
1196.97 19433.6
1196.68 19423.2
1196.45 19425.5
1196.67 19442.1
1196.64 19435.5
1197.22 19458
1197.68 19475.6
1197.78 19484.9
1198.27 19483.2
1198.68 19465.5
1199.08 19498.1
1199.81 19522.6
1200.27 19540.7
1199.98 19551.3
1199.98 19556.2
1200.46 19563.6
1200.32 19589.3
1200.29 19596.9
1200.29 19594.3
1201.22 19592.7
1201.29 19561.2
1201.72 19606.3
1201.69 19622.1
1202.51 19601.6
1201.96 19638.5
1201.81 19611
1201.83 19606
1202.43 19670.7
1202.43 19697.5
1203.06 19718.2
1203.36 19757.4
1203.51 19786.9
1203.69 19735.7
1203.69 19744.8
1202.58 19732.4
1202.87 19765.4
1200.74 19899.9
1200.73 19975.1
1200.73 19923.3
1200.69 19907.5
1200.76 19897.5
1200.77 19879.5
1200.67 19884
1200.56 19920
1200.55 19890.9
1200.71 19897.8
1200.71 19852.1
1200.76 19809.1
1201.45 19861.2
1204.31 19850
1204.54 19810.2
1204.47 19763.6
1204.3 19656.7
1203.89 19582.6
1203.06 19634.3
1203.06 19634.3
1203.18 19603.8
1203.25 19594.9
1203.67 19561.8
1203.86 19555.5
1204.2 19548.6
1204.52 19567
1204.52 19561
1204.42 19560.7
1204.42 19561.4
1204.37 19554.2
1204.38 19538.8
1204.41 19516.2
1204.27 19482.8
1204.29 19461.9
1204.3 19477.3
1204.14 19488.6
1204 19473
1204 19462.5
1204.01 19470.3
1203.89 19486.8
1203.86 19449.2
1203.93 19461.3
1203.93 19481.3
1203.95 19502.6
1204.12 19515.8
1204.18 19515.6
1204.42 19548
1204.62 19572.2
1205.2 19584.7
1205.23 19583.6
1209.44 19608
1209.56 19606.5
1209.75 19561.6
1212.26 19600.2
1211.49 19716.6
1211.53 19730.9
1211.42 19738.3
1211.44 19732.4
1211.35 19743.9
1211.25 19849.9
1211.24 19890.8
1213.14 19973.9
1213.5 19995.9
1213.54 20035.7
1213.49 19944.4
1213.39 19883.9
1214.55 19936.8
1214.59 19894.6
1214.7 19881.6
1214.71 19878.9
1214.83 19870.1
1214.72 19896
1214.92 19899.1
1215.34 19918.7
1216.36 19930.4
1216.62 19931.1
1216.53 19914.9
1216.47 19879.5
1216.24 19876.1
1216.71 19903.5
1218.18 19953
1218.19 19972.2
1218.37 19984.6
1218.26 19945.5
1218.24 19941.7
1218.46 19912
1218.46 19918.4
1218.5 19935.9
1219.12 19934
1219.13 19932.2
1219.01 19965.5
1218.91 19927.5
1218.96 19959.7
1219.06 19994.2
1219.38 20047.9
1219.53 20114.5
1219.21 20126.7
1219.41 20174.5
1218.33 20256.3
1218.34 20329.9
1218.1 20291.5
1218.65 20343.9
1218.56 20381.3
1219.15 20394.6
1219.34 20435
1221.47 20538.5
1222.28 20511.9
1222.04 20445.1
1222.07 20429.1
1221.62 20583.5
1221.32 20542.2
1222.5 20583.6
1222.32 20565.4
1222.31 20546.1
1220.16 20541.5
1220.18 20521.5
1220.24 20459.2
1221.62 20503.2
1221.73 20358.7
1222.19 20322.3
1222.16 20323.6
1221.83 20325.2
1221.93 20339.5
1222.58 20349.9
1222.65 20351.6
1223.08 20360.5
1223.03 20367.6
1223.12 20400.3
1223.01 20440.4
1222.93 20451.4
1222.96 20452.6
1223.67 20446.9
1223.86 20469.6
1224.53 20461
1224.47 20400.3
1224.49 20393
1224.46 20488.9
1224.79 20444.7
1224.79 20416.2
1224.78 20398.1
1224.81 20388.5
1225.61 20399.6
1225.43 20412.3
1225.51 20509.3
1225.17 20534.6
1225.07 20539.3
1224.62 20493.7
1224.1 20430.5
1224.12 20420.1
1224.15 20444.1
1224.39 20464.6
1224.56 20466.1
1225.5 20518.2
1225.63 20559.7
1225.36 20585.4
1225.34 20594.5
1225.45 20592
1225.35 20585
1225.65 20590.4
1225.83 20580.8
1225.92 20582.4
1225.94 20594.8
1226.77 20617.6
1227.02 20549.2
1227.4 20508.8
1227.3 20544.1
1227.29 20581.8
1227.39 20606
1227.97 20647.6
1227.83 20701.9
1227.79 20705.7
1227.68 20678.7
1227.89 20656.9
1227.85 20649.1
1227.86 20655.3
1228.24 20665.7
1228.57 20693.6
1228.79 20703.6
1228.79 20704.1
1228.8 20679.6
1228.9 20679.9
1228.66 20670.4
1228.79 20680
1229.11 20754
1229.33 20673.4
1231.12 20600.8
1231.09 20620.4
1231.34 20620.7
1231.24 20604.6
1231.21 20597.5
1231.22 20578.6
1231.76 20602.3
1231.77 20583.9
1232.23 20630.7
1232.16 20637.3
1232.15 20615.2
1232.44 20618.3
1232.43 20582.8
1232.41 20569
1232.32 20570.5
1233.15 20601.8
1233.08 20590.1
1233.03 20578.7
1233.42 20585.4
1233.29 20613.6
1234.65 20635.5
1234.65 20622
1234.99 20628.8
1235.41 20537.8
1235.42 20540.8
1234.06 20578.3
1234.01 20595.1
1234.07 20611.1
1234.38 20613
1234.17 20601.4
1235.11 20638.9
1234.92 20668.2
1234.97 20681.1
1234.97 20635.6
1235.22 20622.6
1235.21 20613.6
1237.17 20692.8
1237.84 20716.1
1237.91 20758.1
1238.14 20784.2
1238.14 20796
1238.43 20809
1238.32 20810.7
1238.35 20821.5
1238.36 20834.4
1238.33 20845.5
1238.55 20858.9
1238.58 20875.7
1238.56 20871.5
1239 20903.6
1238.99 20913.8
1238.99 20953
1239.07 20971.1
1239.83 21011.2
1239.75 21008.4
1238.99 21021.2
1239.08 21052.4
1239.09 21046.5
1239.28 21049.9
1239.45 21057.5
1239.47 21043
1239.49 21034.4
1239.55 20986.6
1239.26 20985
1239.15 20978.9
1239.34 20972.1
1239.2 20948.9
1240.42 20974.8
1240.6 20933
1240.44 20952.1
1240.53 21007.7
1240.55 21029.4
1240.6 21032.9
1240.54 21077.9
1240.53 21114.2
1240.57 21122.8
1240.61 21128.6
1240.67 21141
1240.69 21141.2
1240.69 21133.4
1240.78 21125
1240.75 21120.6
1240.9 21137.5
1240.66 21075.2
1240.39 21069.4
1240.44 20976.1
1240.58 20945.6
1240.66 20926
1240.69 20922.2
1240.8 20910.5
1240.79 20919.3
1240.88 20916.2
1240.82 20927.8
1240.96 20958.8
1241.05 20955.6
1240.96 20953.5
1241.04 20947.6
1240.76 20966.8
1240.58 20966.1
1240.58 20962.9
1240.61 20963.4
1240.64 20947.1
1240.67 20959.6
1240.63 20966.3
1240.7 20965.9
1240.81 20992.7
1240.73 20997.1
1240.72 21010.3
1241.13 21032
1241.12 21065.1
1241.26 21051.4
1241.48 21022.3
1241.42 21017.3
1241.89 21043.4
1241.92 21074.4
1242.28 21083.8
1242.27 21083.4
1242.25 21082.8
1242 21029.9
1241.88 21076.7
1242.01 21072.1
1242.14 21063.2
1242.14 21050.7
1242.06 21069.3
1242.13 21079.8
1241.96 21088.3
1241.94 21082.4
1242.33 21092.5
1242.35 21095
1241.97 21104.7
1242.31 21134.4
1242.25 21146.9
1242.2 21186.9
1241.99 21207.9
1242.33 21233.1
1243.42 21233.4
1242.91 21364.1
1242.94 21405.9
1243.01 21436.8
1243.26 21464
1243.14 21465.1
1242.79 21498
1242.67 21488.3
1242.74 21473.3
1242.79 21494.3
1242.81 21506.4
1242.89 21512.7
1242.99 21517.6
1243.33 21544.4
1242.95 21544.1
1242.76 21524.9
1242.79 21518.2
1242.93 21535.1
1242.98 21532.1
1243.08 21531.4
1243.04 21520.6
1243.11 21517.7
1243.06 21517.4
1242.8 21510.3
1242.71 21527
1242.83 21546.6
1242.86 21543.4
1243.78 21581.9
1243.88 21555.5
1243.25 21584.2
1243.17 21566
1243.32 21562.9
1243.32 21559.2
1241.87 21577
1243.9 21536
1244.04 21573
1244.05 21580.7
1244 21578.1
1243.99 21582.1
1244.31 21570.4
1244.2 21550.8
1244.51 21576.5
1245.32 21549.3
1244.88 21544.4
1244.3 21571.4
1244.28 21588
1244.27 21569.2
1244.02 21570.7
1244.15 21580.8
1244.39 21574.3
1244.82 21573.6
1244.82 21583.1
1244.68 21604.1
1244.59 21634.2
1244.84 21637.9
1244.79 21629.7
1244.9 21620.8
1244.67 21632.5
1244.4 21665.6
1244.36 21685.8
1244.34 21694.3
1244.34 21698
1244.13 21686.6
1244.27 21686.2
1244.28 21660.5
1244.38 21654.8
1244.31 21635.2
1244.53 21609.9
1244.04 21609.1
1244.03 21565.2
1243.71 21558.7
1243.79 21547.6
1244.87 21573.8
1245.03 21552.6
1245.1 21553.6
1245.75 21569.6
1245.98 21583.6
1246.36 21602
1246.29 21589.7
1245.94 21572.8
1246.56 21570.7
1246.63 21574.2
1246.64 21591.3
1247.14 21615.4
1247.81 21659.2
1247.9 21616
1248.36 21682.3
1248.43 21676.3
1248.56 21667.6
1248.5 21639.4
1247.45 21714
1247.57 21716.5
1247.57 21718.7
1247.44 21758.7
1247.63 21756.3
1247.91 21758.8
1247.56 21724.9
1248.2 21819.6
1248.01 21746.4
1247.94 21719.6
1247.9 21709.6
1248.23 21700.5
1248.31 21707.2
1248.46 21710.4
1248.89 21665.7
1249.23 21661.8
1249.16 21700.8
1249.23 21717.2
1249.24 21746.3
1249.93 21724.3
1250 21702.6
1250.21 21642.4
1249.98 21655.4
1250 21675.7
1249.92 21684.3
1250.19 21685.3
1250.13 21697.1
1250.55 21729.7
1250.55 21743
1250.75 21759.8
1250.96 21788
1250.98 21818.2
