197.041 960.891
277.694 984.424
278.635 997.504
328.638 923.609
346.901 870.08
352.521 838.996
406.555 1299.54
454.281 1147.98
486.041 1037.11
490.197 1141.88
538.88 1392.3
541.311 1594.03
553.959 1785.12
563.442 2773.03
579.746 2548.8
590.257 2412.03
593.429 2677.82
593.096 2769.25
592.447 2746.38
585.317 2668.56
578.251 3101.57
617.399 3465.83
628.268 4891.83
658.675 5729.21
657.754 5108.06
664.885 5284.89
685.654 5542.13
685.172 5759.71
729.946 5000.37
740.98 5957.38
739.723 5565.53
746.626 6079.56
760.81 6043.65
761.992 6059.1
764.447 5945.94
764.363 6061.22
768.324 6097.13
769.767 5986.03
777.773 7248.54
809.626 7714.13
840.584 9139.06
850.413 7875.08
854.199 8660.6
908.327 8335.12
983.581 9464.72
986.018 8658.92
991.913 10352.9
997.154 9475.39
997.33 9036.55
999.963 8680.42
999.731 8566.12
995.034 8552.52
997.937 8770.75
1002.56 8635.21
1000.64 8897.94
1000.72 9846.87
1009.2 11136.8
1019.53 10345.9
1025.39 10839.4
1064.25 10684.1
1074.02 10340.5
1081.89 9956.54
1093.81 9920.71
1099 10060.9
1099.12 10086.4
1107.26 9820.68
1115.5 9877.64
1131.43 11593.1
1131.84 11440.9
1133.07 11416.2
1152.09 11958.8
1153.01 11500.7
1152.64 11192.6
1151.72 11169.7
1152.94 11049.8
1173.59 11140.2
1175.54 11124
1175.79 10917.4
1180.04 10921.9
1186.03 10592.3
1184.8 10570
1196.86 11798
1196.89 11453.5
1199.41 12366
1211.69 12234.1
1210.28 12472.6
1211.48 12617.3
1273.19 14278.4
1271.8 13126.6
1285.23 12801.4
1285.16 12340
1293.74 12129.5
1294.97 11904.8
1301.32 12010.7
1302.44 11765.8
1332.64 11674.7
1332.65 11715.8
1334.56 11786.9
1334.68 11651.8
1334.41 11496.2
1333 11608.2
1332.92 11563.7
1331.76 12473.1
1335.4 12347.6
1335.37 12142.6
1338.3 12211.1
1338.3 12070.6
1340.59 11605.8
1338.29 11664.7
1334.24 12000.9
1334.28 12481.8
1335.73 12660.9
1335.86 12608.4
1339.41 12566.7
1344.13 12810.6
1342.52 12750.8
1346.19 12786.8
1347.44 12793.5
1360.29 13476.5
1360.81 13340.3
1360.95 13313.4
1360.47 13609.5
1359.62 13497.1
1361.86 13596
1362.3 13593.1
1368.98 13923.2
1374.95 15590.7
1376.93 14978.8
1395.12 14995.7
1394.67 14231.1
1389.77 14284.5
1389.76 13925.5
1394.28 14031.1
1394.36 13757.3
1393.88 14083.9
1393.14 14309.1
1394.69 14393.4
1394.73 14376.8
1395.83 14371.2
1397.2 14455.3
1396.82 14507.6
1398.95 14680.3
1400.7 14520.1
1402.99 14457.4
1402.97 14354
1404.9 14463.9
1405.38 14383
1405.33 14418.2
1405.36 14383.3
1406.21 14397.9
1406.15 14899.6
1406.41 15121.8
1406.17 14996.5
1405.79 14900.5
1405.52 14889.3
1405.67 14930.4
1405.68 14962.9
1405.31 15046.8
1405.3 15064.5
1405.39 15057.7
1407.84 15225
1407.6 15243.6
1408.38 15239
1407.28 15313.9
1407.39 15386.6
1407.43 15484.8
1409.04 15494.8
1410.25 15500.3
1413.05 15700.2
1416.91 15856.6
1416.8 15774.1
1415.87 15880.7
1416.12 15946.8
1416.31 16044.2
1417.54 16009.2
1417.52 15983.4
1414.28 16024.8
1418.16 15936.7
1418.1 15918.8
1419.09 15989.9
1419.92 16175.3
1419.26 16178.9
1420.34 16605.1
1420.34 16595.6
1421.13 16724.5
1421.09 16680
1421.09 16640.1
1421.91 16590.9
1434.28 16359.3
1437.65 17135.1
1437.83 17136.9
1438.98 17008.3
1439.97 16948
1440.69 16960.5
1441.07 16923.7
1441.17 17008.4
1440.48 17042.4
1443.17 17161.5
1444.31 17308
1443.32 16960.7
1445.82 16568.7
1445.81 16467
1445.83 16422.2
1445.75 16379.3
1445.61 16361
1445.02 16365.7
1445.71 16456.6
1446.42 16545.2
1446.52 16600.5
1446.83 16589.5
1446.93 16598.6
1448.29 16661.7
1448.46 16690.2
1448.63 16692.2
1445.47 16819.9
1443.86 17072.7
1444.24 17217.3
1443.78 17295.1
1443.19 17372
1443.79 17385.3
1443.73 17414.7
1443.06 17350.5
1443.54 17362.7
1443.79 17371
1444.5 17380.1
1448.29 17450.5
1449.04 17473.5
1449.98 17610.7
1450.89 17556.4
1452.33 17549.7
1454.45 17524.1
1455.68 17555
1458.48 17525.7
1458.44 17503.1
1458.74 17496.3
1459.23 17485.2
1458.89 17484.6
1458.94 17496.9
1459.92 17512.1
1468.58 17737.9
1468.56 17583.1
1470.77 17439.8
1470.61 17386.4
1470.76 17459.3
1470.49 17493.7
1470.61 17523.9
1470.75 17555.9
1471.31 17566.9
1471.17 17590.5
1471.13 17605.3
1482.99 17886.6
1485.32 17849.2
1485.28 17791.1
1491.41 17956.8
1492.13 17848.2
1493.66 17908.3
1493.56 17787.1
1493.99 17905.8
1494.68 17959.6
1494.73 17845.4
1494.63 17888.1
1494.67 17881.3
1494.85 17890.4
1494.92 17877.1
1494.94 17868.8
1495.05 17844.1
1494.97 17829
1494.94 17818.4
1494.99 18012.4
1495.03 18004.2
1495.16 17983.4
1501.47 17784
1501.8 17873.4
1522.69 17653.3
1522.7 17599
1523.17 17617.2
1523.67 17625.1
1524.38 17672.4
1524.32 17648.9
1530.71 17502.7
1530.82 17503.1
1530.84 17452.5
1533.61 17572.6
1533.45 17563.7
1533.47 17549.8
1532.82 17534.4
1533.13 17572.8
1533.23 17573.9
1533.46 17570.2
1536.61 17516.8
1536.62 17528.9
1535.73 17559.9
1534.65 17703.9
1534.82 17724.7
1534.85 17807.7
1536.26 17821.7
1536.58 17821.6
1536.65 17843.3
1536.4 17846.8
1536.91 17848.9
1537.93 17900.2
1537.89 17878.5
1537.87 17863
1537.67 17816.6
1538.35 17843.6
1537.5 17947.8
1537.95 18003.5
1537.95 18033.5
1539.96 18087.5
1540.29 18059
1544.12 18019.7
1544.15 18023
1544.77 17972
1544.69 18117.1
1548.01 18307.3
1548.57 18318.1
1552.13 18399.4
1553.5 18491.5
1556.24 18539.8
1556.23 18477.1
1556.65 18520.7
1556.64 18481.5
1557.27 18514.2
1560.16 18559.2
1559.98 18573.6
1560.45 18597.6
1560.56 18607.9
1560.65 18650.5
1560.26 18655.6
1560.23 18655
1560.27 18669.8
1560.74 18683
1560.89 18708.6
1560.37 18825
1560.56 18816.4
1560.96 18847.9
1561.07 18906.6
1562.84 18957.9
1563.62 18923
1563.71 18934.8
1564.17 18911.9
1564.23 18920.1
1564.55 18926.8
1564.57 18922.4
1564.75 18913.4
1571.4 18922.3
1573.89 19061.9
1573.92 19022.4
1575.72 18980.7
1575.87 18947.4
1575.22 18978.2
1576.84 19015.3
1576.4 18993.6
1577.46 18979.8
1577.8 18909.1
1577.54 18902.2
1578.31 18832.7
1578.62 18822.1
1576.64 18847.3
1576.61 18893.1
1576.54 18905.6
1577.2 18909.4
1576.56 18928.3
1576.56 18977.9
1576.62 19021.5
1577.48 19084.9
1577.09 19075.2
1577.17 19129.2
1578.55 19133.6
1579.27 19087.5
1579.28 19073.5
1579.18 19064.1
1579.78 19138.2
1581.15 19121.5
1581.06 19177.4
1580.92 19111.2
1583.08 19139.3
1585.35 19197
1588.41 19038.2
1589.17 19083.6
1589.67 19096
1589.77 19106.3
1589.75 19064
1590.21 19078.2
1590.66 19068.1
1591.43 19083.1
1592.09 19149.2
1591.77 19072.7
1592.35 19142.6
1592.35 19169.4
1592.39 19195.3
1592.58 19206.1
1592.7 19199.8
1592.7 19189.4
1593.63 19244.2
1597.69 19149.2
1597.22 19173.3
1596.73 19145.4
1596.72 19173.3
1596.73 19184.3
1596.62 19198.3
1596.83 19203
1596.92 19169.6
1597.5 19176.5
1597.72 19181.3
1603.3 19143
1603.32 19155.2
1608.74 19170.2
1608.81 19182.7
1608.86 19167.6
1609.03 19090.7
1609.6 19056.3
1610.67 18851.7
1610.75 18864.8
1610.94 18868.5
1610.92 18899.3
1611.07 18954.5
1612.77 18970.2
1613.05 18981
1614.83 18997.2
1614.36 18969.6
1614.51 18950.1
1614.52 18952.4
1614.89 18965.6
1614.82 18932.1
1615.15 18930.9
1615.16 18917.9
1615.24 18901.2
1615.17 18906.3
1615.57 18873
1615.61 18853.2
1617.01 18844.8
1617.48 18824.8
1617.63 18815.8
1617.47 18774.9
1617.4 18801.3
1617.48 18833.7
1617.82 18825.3
1617.8 18804.3
1617.96 18837.8
1617.92 18886.9
1618.14 18908.2
1618.17 18906.1
1618.29 18878.7
1618.39 18849.3
1618.46 18856
1618.36 18846
1618.44 18843.2
1619.46 18864.4
1619.58 18838.4
1619.62 18830.3
1619.69 18990.5
1620.03 19058.7
1620.2 19011.7
1620.53 18946.5
1619.25 18834.8
1619.64 18848.8
1619.75 18832.6
1622.25 18849.5
1622.22 18831.8
1622.22 18800.1
1622.27 18807.5
1622.26 18804.2
1622.15 18814.3
1622.15 18806
1622.51 18818.9
1623.07 18856.6
1623.06 18840.9
1624.02 18842.1
1624.06 18818.9
1623.6 18814.4
1623.36 18801.3
1623.56 18847.5
1623.57 18858
1623.65 18847.6
1623.74 18842.4
1624.12 18856.6
1623.84 18969.1
1623.83 18862.9
1624.41 18865.9
1624.44 18893.4
1624.44 18915.3
1624.36 18948.3
1630.94 19077.2
1631.08 18968.1
1630.86 18991.8
1631.06 19042.4
1631.79 19083
1632 19095.8
1631.96 19063.9
1632.31 19061.9
1632.4 19061.8
1632.4 19069.4
1635.76 19073.4
1635.7 19058.7
1635.54 19067.9
1635.61 19048.8
1635.39 19141.8
1635.39 19170.4
1635.61 19189.7
1635.66 19184.8
1635.67 19197.4
1635.64 19174.4
1635.7 19171.4
1636.31 19175.1
1636.88 19177.7
1637.03 19171.4
1637.09 19162.7
1639.08 19160.5
1639.05 19188.1
1639.3 19197.9
1639.34 18885.7
1639.34 18907.3
1639.69 18955
1639.51 18953.9
1639.53 18963.4
1639.76 18975.7
1639.9 18970.8
1640.06 18971.1
1640.02 18988.9
1639.25 18998.8
1639.22 19077.7
1639.62 19095.7
1639.66 19100.5
1639.73 19088.7
1639.79 19068
1639.79 19061.4
1639.8 19128.1
1639.74 19144.8
1640.33 19151.3
1640.44 19151.2
1639.88 19160.6
1645.64 19175.6
1645.64 19192.3
1645.3 19236.9
1645.15 19258.6
1646.64 19329.3
1646.65 19347.2
1646.53 19359.2
1646.57 19374.4
1646.87 19381.8
1646.93 19383.5
1647.38 19411.2
1647.31 19363.9
1647.16 19377.9
1647.26 19366.3
1647.91 19394.2
1647.96 19408.9
1648.03 19411.7
1648.15 19409.2
1648.43 19419.6
1648.51 19363.8
1648.79 19404.9
1648.53 19356.6
1648.47 19325.7
1648.16 19268.8
1648.31 19258.6
1648.31 19243.3
1650.53 19458.3
1651.38 19531.6
1651.37 19508.7
1651.39 19498.2
1651.49 19504
1651.41 19506.7
1653.05 19495.6
1652.82 19507.3
1653.27 19510.5
1653.39 19516.4
1654.17 19545.1
1654.81 19571.7
1654.91 19570.3
1655.01 19618.4
1655.18 19597.7
1655.77 19602.8
1655.78 19547.8
1655.82 19585.8
1655.8 19532.7
1655.98 19540.9
1655.97 19529.3
1655.06 19578.5
1655.12 19652.1
1655.14 19693.8
1655.99 19731.2
1656.02 19752.6
1656.2 19772.8
1657.63 19786.4
1657.7 19737.4
1658.48 19720.4
1659.17 19711.3
1660.38 19766.6
1660.63 19798.3
1660.57 19697
1661.89 19736.6
1661.94 19697.1
1662.74 19902.9
1662.77 19924.4
1663.05 19940.4
1663.38 19921.2
1664.44 19918.4
1664.59 19944.4
1665.29 19938.5
1665.33 19927.2
1665.34 19920.1
1665.52 19926.2
1664.98 19874.2
1665.04 19887
1665.62 19801
1669.39 19823.9
1669.39 19822.9
1669.42 19833.5
1669.35 19825.7
1669.42 19824.5
1670.38 19961.1
1670.4 19888.2
1671.37 19831.1
1671.4 19820.6
1671.73 19850.1
1672.15 19853.4
1672.08 19849.8
1672.1 19866.3
1673.22 19895.1
1674.62 19955.4
1674.6 19948.2
1674.81 19954.1
1674.77 19940.4
1674.75 19927.5
1674.67 19922.5
1674.67 19926.5
1674.52 19923
1674.66 19911
1674.66 19908.9
1674.67 19858.6
1674.65 19886.9
1674.36 19864
1674.45 19854.5
1674.98 19830
1674.97 19822.1
1674.97 19708
1675.01 19839.6
1675.5 19796.2
1675.33 19749.8
1675.42 19738
1675.67 19745.1
1675.25 19741.7
1675.77 19753.3
1675.69 19747.1
1675.65 19758.1
1675.65 19752.2
1676.67 19735.6
1677.08 19730.6
1675.28 19719.5
1675.41 19768.1
1675.23 19757.1
1674.15 19759.9
1674.13 19786.6
1674.45 19788
1675.34 19791.1
1675.34 19783.5
1675.34 19786.2
1675.45 19790.2
1675.48 19786.2
1675.43 19780.8
1675.45 19758.2
1677.67 19708.8
1677.76 19749.1
1677.89 19756.2
1677.92 19748.1
1677.92 19741.4
1679.74 19765.3
1680.15 19704
1680.34 19711.1
1680.38 19675.6
1680.49 19669.3
1680.53 19662.1
1680.46 19603.6
1680.67 19587.6
1680.51 19574.1
1679.76 19578.6
1679.73 19542.7
1679.84 19561.4
1680.58 19537.7
1680.96 19562.3
1681.01 19589.1
1682.05 19633.9
1682.07 19601.5
1689.41 19561.9
1689.75 19599.7
1689.92 19559.8
1689.88 19538.1
1688.86 19561.6
1689.31 19632
1689.33 19627
1690 19614.2
1690.03 19617.7
1690.03 19614.1
1689.7 19624.4
1689.69 19572.7
1689.81 19559.8
1689.87 19556.9
1689.9 19554.7
1691.36 19578.7
1692.18 19568.4
1692.24 19584.6
1692.38 19622.3
1692.52 19628
1692.4 19648.5
1692.32 19645.7
1692.57 19675
1692.6 19678.3
1692.62 19668.1
1698.89 19636.2
1698.95 19686.9
1698.94 19618.4
1699.21 19608.8
1699.28 19592.7
1699.16 19586
1699.98 19635.1
1699.84 19632.3
1699.82 19610.6
1699.57 19575.9
1699.56 19541.7
1699.7 19561.4
1699.73 19581.5
1700.26 19614.1
1700.53 19592.1
1700.79 19605.2
1700.81 19605.5
1700.81 19609.1
1701.36 19609.6
1702.3 19628.9
1702.31 19635.5
1702.42 19641.8
1703.6 19746
1703.64 19715.9
1703.67 19692.7
1705.13 19619.2
1704.93 19594
1704.89 19582.1
1704.92 19574.8
1705.1 19571.9
1705.19 19531.8
1705.18 19482.7
1705.32 19447.5
1706.44 19499.1
1706.44 19717.8
1706.44 19728.7
1706.47 19707
1706.38 19741.1
1706.39 19760
1707.57 19761
1707.58 19780.2
1709.23 19776.3
1708.86 19745.7
1709.09 19770.1
1708.87 19801.5
1708.87 19821.3
1709.95 19789.8
1709.8 19781.9
1711.29 19717.4
1711.37 19717.9
1713.12 19697.6
1713.13 19746.9
1713.17 19771.1
1713.79 19793.4
1714.23 19814.6
1715.25 19691.8
1715.26 19650.1
1717.02 19696.2
1717.42 19648.3
1717.28 19627.5
1717.28 19629.1
1717.53 19604.1
1717.79 19605.9
1718.58 19633.4
1718.66 19620.8
1718.59 19622.8
1719.31 19613.5
1719.76 19621.9
1720.36 19646.7
1720.64 19646.7
1722.37 19645.2
1722.87 19670.7
1723.37 19692.3
1723.45 19664.5
1723.51 19671.4
1728.69 19656.3
1728.91 19709.6
1728.96 19730.9
1729.13 19723.1
1729.04 19718.5
1729.03 19706.4
1729.71 19663.2
1734.64 19668.7
1734.67 19730.1
1734.69 19713.7
1734.62 19721.7
1734.6 19711.9
1735.13 19723
1736.05 19666.7
1735.96 19672
1736.21 19648.5
1736.03 19653.3
1736.03 19492.7
1735.97 19464.4
1735.97 19443.8
1735.6 19412.8
1735.41 19433.2
1735.67 19421.1
1735.97 19434.7
1736.1 19417.3
1737.46 19459.5
1737.42 19439.6
1737.14 19398.5
1737.47 19346.1
1737.63 19379.1
1737.35 19371.6
1736.95 19359.1
1737 19374.5
1736.83 19394.3
1737.95 19414.9
1737.8 19359.6
1737.83 19340.5
1738.12 19333.4
1738.28 19343.5
1737.59 19244.4
1737.58 19338.5
1738.23 19339.2
1739.15 19267.9
1739.22 19159.7
1738.82 19215.3
1739.42 19222.3
1739.45 19218.1
1739.1 19266.3
1739.1 19230.3
1739.11 19205.5
1739.5 19189.5
1740.46 19172
1740.49 19173.7
1740.49 19144
1741.3 19145.4
1741.31 19183.6
1741.44 19179.9
1741.47 19182.2
1741.57 19203.6
1741.59 19188.1
1741.34 19200.1
1741.4 19222.3
1741.5 19230
1741.55 19262.1
1741.87 19277.5
1741.88 19277.9
1741.74 19261.5
1741.52 19219.6
1741.73 19245.1
1741.93 19274.9
1741.95 19280.2
1741.87 19284.9
1741.77 19413.1
1741.82 19355
1741.81 19436.7
1741.37 19405.4
1741.43 19427
1742.69 19447
1742.65 19384.5
1742.67 19399.8
1742.8 19411.1
1742.69 19413.9
1742.71 19435.4
1744.29 19452.7
1744.17 19474.7
1744.21 19482.8
1743.91 19470.7
1743.89 19477.2
1745.11 19558.1
1745.21 19494.9
1746.29 19546.4
1745.91 19598
1745.92 19618.4
1746.08 19644.3
1747.27 19656.6
1747.31 19687.9
1748.03 19684.9
1748.05 19690.4
1748.21 19725.2
1747.96 19738.8
1747.97 19757.3
1747.93 19740.1
1749.34 19826.2
1749.41 19756.7
1749.22 19797.8
1750.08 19899.2
1751 19946.5
1751.6 19970
1751.67 19976.4
1751.7 20006.6
1751.76 19999.1
1751.76 19993.8
1751.73 19987.9
1751.7 20028.2
1751.74 20023.2
1751.67 19996.3
1751.66 19996.3
1751.72 20097.5
1751.75 20101.3
1751.73 20101.3
1751.94 20114.9
1752.38 20146.1
1754.05 20228.3
1753.93 20239.2
1753.9 20259.1
1753.93 20266.9
1754.27 20269.3
1754.3 20279
1756.05 20388.4
1756.06 20563.1
1756.11 20592.4
1756.3 20626.2
1756.02 20665
1756.08 20679.3
1756.74 20688
1756.73 20682.8
1756.37 20688.7
1756.59 20685
1756.65 20697.9
1757.01 20705.9
1757.12 20713.8
1757.16 20715
1757.08 20733.7
1757.09 20746
1757.25 20759.6
1757.22 20743.5
1757.26 20754.5
1757.26 20760
1757.44 20762
1757.44 20753.8
1757.64 20779.6
1757.27 20771.3
1757.21 20805.9
1756.86 20908.4
1756.89 20805.2
1757.49 20825.6
1757.49 20839
1757.61 20839.6
1757.41 20876.6
1757.38 20874.8
1757.38 20874.2
1757.64 20887.7
1757.66 20890.8
1757.67 20887.6
1757.55 20843
1757.61 20856
1757.43 20853.2
1757.49 20842.2
1757.89 20995.9
1758.22 21036.9
1758.19 21033
1758.18 21044
1758.19 21054.6
1758.22 21043
1759 21051.6
1759.5 21023.5
1759.5 21022
1759.62 21021.2
1759.64 21068.5
1759.65 21070.9
1759.51 21102.4
1759.62 21121.9
1759.57 21148.4
1759.48 21187.9
1759.35 21219.5
1759.38 21186.7
1759.3 21163.1
1759.4 21072
1760.03 21047.6
1760.17 21012.7
1760.47 20980.5
1761.19 20959.2
1761.26 20898.5
1761.3 20945.8
1761.7 20946.9
1761.71 20979.3
1761.73 20978
1761.8 20985.3
1761.7 20986.1
1761.83 20962.8
1761.94 20968.5
1761.99 20948.6
1762.64 20993
1762.7 20996.7
1762.7 20998.4
1762.9 21014.3
1762.97 21008.9
1764.05 21011
1764.03 21018.7
1765.02 20970.6
1764.98 20931.5
1766.58 20923.9
1766.56 20856.8
1767.15 20834.6
