107.819 1359.95
156.24 939.527
224.095 2120.18
253.901 3901.06
256.612 3129.28
261.141 2792.77
334.509 3462.68
338.024 3189.02
347.605 3024.06
497.567 3184.85
528.972 3301.35
556.883 3418.23
590.123 4698.63
594.027 4408.67
597.655 5809.34
650.396 4900.85
671.414 4586.49
697.998 5330.49
701.115 5044.15
707.879 4754.08
725.41 4627.05
748.806 4689.08
755.536 5087.74
760.952 4795.06
762.491 4998.97
763.618 5200.3
764.048 5080.99
786.175 5934.28
792.392 5840.81
800.839 5609.26
804.804 5952.73
831.997 6638.89
866.677 6843.06
871.601 6673.6
892.083 6851.23
892.121 6617.28
891.849 6681.36
934.993 7200.58
937.16 7221.78
938.831 7263.73
954.016 9115.57
950.924 9249.8
951.433 8823.13
953.062 8621.13
964.3 8755.14
970.121 8887.55
973.963 8673.21
1007.33 8855
1008.13 9567.17
1011.6 9469.59
1011.13 9475.86
1018.11 11352.6
1019.94 10380.5
1024.32 10172.7
1027.54 11342.8
1040.75 10682.4
1041.94 9834.9
1041.92 9286.09
1042.64 9131.87
1049.97 9195.91
1052.78 9079.6
1047.74 9169.94
1053.83 9771.07
1054.32 10392.6
1062.36 10383.9
1079.84 10361.9
1082.48 10152.6
1087.81 10165.1
1092.51 10247.7
1092.28 10144.2
1095.15 10058.9
1095.76 10015.9
1124.65 10964.4
1123.97 11301.4
1129.71 11298.6
1142.03 10955.3
1143.4 10768.7
1172.44 10445.6
1173.83 10300.1
1178.76 10289.5
1187.15 10718.2
1205.15 10352.7
1209.04 10196.1
1209.97 10112.7
1227.22 10729.7
1230.5 10795.3
1232.94 10996.3
1236.57 10945.9
1237.6 11019.2
1239.95 11058.9
1254.48 11062.2
1265.17 11060.8
1269.29 11130
1270.1 11025.3
1276.67 11064.2
1277.82 11060.3
1278.04 10967.3
1281.42 11015.3
1290.91 10978
1307.46 11417.7
1314.92 11278
1313.97 10868.4
1316.95 11103.2
1319.68 11081.4
1321.62 11055.5
1320.6 11185.6
1320.87 11119.3
1322.32 10972.9
1322.43 10896.4
1324.06 10867
1323.82 10825.2
1333.28 10827.5
1335.84 10843.7
1336.25 10695.4
1336.22 10631.8
1342.17 10667.7
1341.72 10984.3
1341.76 10950.7
1344.95 10939.7
1347.41 10911.1
1347.52 10930.2
1347.66 10909.3
1349.09 10927.5
1349.23 10895.2
1351.93 10834
1354.33 10863.3
1353.88 11036.3
1357.13 11987.9
1358.96 11069.5
1360.01 11100.2
1359.31 11251.9
1359.01 11420.6
1358.85 11387.8
1358.61 11445
1358.37 11707.5
1358.4 11694.6
1358.9 11750
1358.9 11806.2
1359.08 11791.7
1358.4 11798.1
1358.58 11803.6
1358.63 11818
1360.12 11796.4
1359.87 11765.8
1359.8 11791.5
1359.55 11958.5
1358.66 12034.3
1358.52 12102.5
1360.81 12130.4
1360.89 12066.2
1361.89 12045.5
1362.12 12064.4
1362.25 12042.5
1363.22 12070.1
1367.58 12052
1367.87 12060.6
1368.04 12008.5
1367.3 12128.9
1380.9 12306.6
1385.48 12234.8
1385.91 12199.9
1386.11 12110.2
1386.29 12088.9
1386.17 12114.2
1386.68 12093.9
1386.47 12074.1
1386.5 12039.6
1386.3 12077.7
1386.56 12073.6
1387.13 12094.8
1387.65 12103.9
1388.03 12097.3
1388.7 12137.1
1393.94 12068.2
1394.04 12098.6
1394.02 12201.6
1394.78 12207.5
1394.84 12077.5
1394.89 12053.5
1395.47 12079.2
1395.42 12043.9
1393.83 12593.5
1395.21 12593.8
1395.43 12447.3
1396.08 12335.5
1396.54 12359.2
1396.41 12329.9
1395.98 12288.4
1396.25 12300.9
1396.31 12262.3
1395.73 12242.1
1396.76 12271.7
1396.86 12247.7
1396.77 12233.7
1396.93 12193.1
1396.94 12171.6
1397.81 12187
1398.49 12200.2
1399.49 12470.2
1399.9 12476.3
1397.55 13026.1
1397.81 13014.4
1398.21 13049
1398.25 12953.1
1404.78 12950.4
1405.81 12899.5
1407.12 12882.2
1406.98 12829.2
1408.03 12823.2
1407.85 12839.5
1407.76 12843.1
1407.77 12854.1
1408.48 12880.4
1408.41 12867.5
1408.89 12855.4
1408.81 12865.4
1409.19 12875.1
1409.72 12864.1
1411.38 12863.6
1412.3 12829.9
1417.09 12851.3
1416.96 12836.2
1420.58 12866.9
1422.55 12830
1422.46 12776.9
1422.63 12743.6
1423.72 12992.7
1422.91 12903
1424.64 12992
1440.05 13077.4
1439.4 12640.1
1443.62 12379.1
1445.41 12262.4
1445.12 12224.4
1445.96 12234.1
1445.99 12232.2
1448.08 12190.9
1448.93 12188.3
1448.01 12253.7
1448.09 12259.9
1449.69 12295.8
1449.23 12375.4
1449.94 12431.2
1449.11 12480.4
1449.84 12497.7
1449.76 12493.2
1450.52 12513.3
1451.67 12527.9
1453.89 12620
1454.88 12814.2
1455.07 12701.3
1456.48 12919.9
1457.45 12737.2
1458.3 12743.9
1458.55 12750.1
1458.19 12693.8
1459.33 12669.8
1459.6 12691.6
1459.66 12715
1459.88 12717.2
1459.95 12716.5
1459.92 12694.3
1459.84 12681.5
1459.33 12728.1
1459.43 12748.3
1459.59 12774.1
1459.96 12853.7
1461.19 12963.9
1462.34 12953.6
1462.72 13006.4
1463.94 13005.4
1463.98 13022.8
1463.53 13016.7
1463.55 13036
1464.39 13026.2
1464.39 12924.5
1467.34 13044.8
1467.51 12970.6
1467.53 12977.3
1467.42 12990.1
1467.46 12997.5
1467.31 12965.1
1467.77 12956.5
1468.87 12982.5
1470.37 12950.2
1470.6 12905
1470.38 12860.6
1468.99 12932.8
1470.92 13047.8
1471.16 13039
1471.23 13028.5
1471.36 12979
1471.39 12970.5
1471.69 13005
1471.44 13011.4
1471.96 13015.1
1471.81 13031.5
1472.31 13037.7
1473.54 13119.1
1473.72 13155.6
1474.57 13207.5
1474.71 13220.1
1474.49 13157.4
1473.82 13086.2
1473.47 13060.9
1473.29 13098.2
1472.71 13055.8
1474.18 13091.6
1474.86 13049.9
1475.58 13110.3
1475.55 13081.8
1475.49 13083.9
1473.65 13346.1
1473.27 13371.2
1473.36 13227.5
1473.38 13155.2
1473.46 13085.1
1473.59 13066.3
1473.9 13053
1473.68 13088.1
1473.8 13053.6
1474.6 13374
1474.6 13374.9
1473.69 13353.1
1473.44 13326.4
1473.8 13346.5
1473.87 13322.7
1473.69 13314.5
1473.69 13344.5
1473.69 13375.4
1473.68 13403.6
1476.17 13532.1
1476.15 13532.3
1475.54 13492.2
1476.88 13547.5
1477.21 13517.3
1476.65 13482.2
1476.42 13442.7
1477.21 13440.8
1481.61 13490.7
1482.24 13496.3
1483.02 13522.1
1482.31 13473.9
1482.45 13463.3
1482.71 13483.2
1482.58 13472.3
1483.09 13512.9
1483.57 13547.2
1483.25 13581.6
1484.41 13610.2
1484.29 13645.8
1484.09 13717
1484.15 13760.3
1484.26 13787.9
1484.22 13797.7
1484.26 13795.3
1484.59 13813.8
1484.59 13826.4
1484.76 13841.4
1484.83 13831
1484.91 13822
1484.84 13814.2
1484.74 13801.8
1484.67 13814.2
1484.6 13802.1
1484.57 13797.9
1485.19 13771.4
1485.2 13788.7
1485.26 13805
1485.34 13823
1485.49 13833
1485.29 13813.8
1484.91 13825.6
1485.08 13944.7
1485.1 13940.8
1486.9 13956.4
1486.93 13943.9
1486.9 13934.3
1486.98 13947.8
1487.12 13997.7
1487.24 14004.9
1487.3 14005
1487.32 14013.1
1487.32 14028.3
1487.38 14033.6
1486.88 14016.5
1488.3 13913.1
1488.86 14008.3
1488.85 13937.2
1490.78 13935.4
1492.14 13987.8
1492.4 13966
1492.92 13872.1
1492.4 13848.8
1492.39 13890.8
1492.17 13932.3
1492.68 13940.7
1492.67 13926.2
1493.01 13920.4
1492.98 13905.2
1492.55 13908.5
1492.49 13898.2
1492.53 13891.8
1492.3 14080.5
1492.22 14082.2
1492.28 14077.1
1492.72 14091.8
1492.54 14059.9
1492.7 14121.7
1496.84 14083.5
1496.91 14052.4
1496.97 14055
1497.16 14031.9
1497.21 14012.6
1497.66 14026.8
1497.66 14006.1
1496.87 13907.8
1496.51 13839.9
1496.38 13872.9
1496.45 13880.1
1496.37 13872.7
1496.61 13862.2
1497.07 13860
1497.01 13873.2
1497.03 13880.9
1497.14 13883
1497.86 13934.7
1497.02 13905.4
1496.95 13933.5
1497.27 13958.2
1497.17 13973.7
1497.34 14003.6
1497.55 14025.4
1497.73 14039.8
1501.73 14022.6
1501.65 14043.6
1501.79 14052
1501.71 14052.5
1501.48 14066.5
1501.87 14038.5
1501.06 14055
1501.07 14052.2
1501 14078.7
1501.24 14083.3
1500.91 14095.5
1500.91 14097.1
1500.9 14093.2
1500.79 14100.1
1500.12 14103.8
1500.08 14108.3
1499.95 14125.4
1500.12 14143.1
1504.08 14212.5
1504.05 14080.1
1503.91 14075.8
1503.92 14093.5
1503.95 14121
1503.97 14027.7
1504.85 14000.7
1504.17 13979.2
1504.94 14032.3
1504.2 13994.6
1503.87 13952.5
1504.85 14026.1
1504.9 13998.7
1505.07 14014.5
1505.2 14029.7
1505.59 14040.3
1505.61 14040.6
1507.41 14102.6
1507.47 14074.3
1507.47 14039.1
1507.28 14015.3
1507.75 14250.3
1507.68 14229.3
1507.29 14276.4
1507.5 14270
1507.93 14269.6
1508.05 14258.8
1508.11 14247.3
1507.83 14254.9
1507.87 14245.9
1507.93 14237.1
1508.44 14220.9
1508.37 14170.8
1507.93 14135.1
1508.05 14175.2
1508.07 14240.4
1509.07 14256.9
1509.57 14282.3
1509.44 14287.1
1509.38 14300.8
1509.66 14300
1509.82 14255.7
1509.4 14342.3
1509.41 14384.5
1509.84 14357.1
1510.39 14375.8
1510.42 14455.6
1510.47 14456.7
1510.98 14486.8
1511 14521.6
1510.97 14546.6
1510.97 14562.5
1512.28 14600.3
1512.31 14598.5
1512.96 14630.1
1512.96 14634.6
1513.38 14626.6
1514.08 14565.6
1514.23 14575.3
1515.7 14628.9
1515.73 14728.7
1517.96 14626.7
1518.56 14697
1518.49 14728.8
1518.36 14735.8
1518.55 14672.8
1518.43 14590.2
1518.32 14552
1518.44 14546.6
1518.39 14544.8
1518.34 14547.9
1518.35 14546.6
1518.3 14489.1
1518.3 14516
1518.27 14548.5
1518.31 14565.1
1517.97 14337.4
1518.06 14318.9
1518.11 14368.2
1518.67 14421.4
1520.06 14554.5
1520.22 14600.9
1521.29 14581.3
1521.08 14633.4
1520.93 14649
1521.15 14652.2
1521.18 14660.3
1521.16 14685.2
1521.04 14714.3
1521.2 14721.4
1521.49 14743.1
1521.15 14749.4
1521.19 14748.1
1520.05 14824.6
1519.48 14768.6
1519.47 14772.7
1520.65 14760.6
1520.65 14751.2
1520.66 14758.5
1520.43 14726
1520.59 14704.8
1520.53 14703.1
1520.81 14696.4
1521.49 14733.2
1521.6 14763.6
1521.22 14766.4
1521.22 14776.8
1521.2 14782.7
1521.36 14753.6
1521.31 14799.2
1521.24 14809.1
1522.05 14842
1521.74 14820.7
1521.74 14846
1521.74 14873.6
1521.39 14931.6
1521.53 14966.7
1521.94 15015.1
1522.5 14981.5
1522.48 14948.1
1522.8 14941
1523.03 14928.8
1522.03 14936
1522.07 14981
1522.48 15019.9
1522.48 15003.4
1522.47 15068.4
1522.46 15047.1
1522.47 15043.9
1522.44 15036.1
1522.54 15044.3
1523.38 15092.2
1523.39 15077.8
1523.51 15051
1523.54 15058.2
1523.58 15051.7
1523.54 15041.1
1523.43 15038.5
1523.54 15079.3
1524.47 15135.7
1524.53 15131.8
1525.08 15119.4
1525 15083
1524.9 15085.4
1525.13 15101.4
1526.27 15354.1
1526.1 15308.4
1525.38 15397.4
1525.6 15417.7
1525.6 15412.9
1526.53 15439.6
1526.13 15438.9
1526.26 15438.7
1526.02 15401.7
1526.02 15393
1526.16 15385.6
1526.64 15375.8
1526.37 15365.5
1526.2 15349.9
1526.21 15350.5
1526.15 15354.1
1526.16 15359.1
1526.03 14889.8
1526.42 15156.4
1526.32 15167.7
1526.3 15147.4
1526.21 15123.9
1526.41 15114.3
1526.43 15104.9
1526.51 15102.4
1526.4 15106.4
1526.4 15115.6
1527.14 15081.2
1527.18 15057.1
1527.21 15058.7
1527.22 15055.8
1527.12 15055.3
1527.17 15051
1526.53 15113.5
1526.35 15128.6
1525.88 15112.1
1526.01 15131.6
1526.11 15146.5
1525.66 15358.2
1525.72 15398
1525.75 15403.3
1526.11 15415.9
1526.14 15418.6
1526.35 15414.3
1526.34 15408.1
1526.35 15409
1526.24 15413.9
1526.25 15406.4
1526.4 15401
1526.4 15384
1526 15353.2
1525.9 15356.7
1525.75 15329.9
1525.89 15342.6
1525.94 15355.5
1526.57 15332.5
1526.59 15353.5
1526.7 15356
1526.76 15360.7
1526.82 15352.3
1526.87 15337.6
1526.74 15283.9
1526.76 15256.9
1526.85 15242.7
1527.28 15232.5
1527.47 15159.1
1527.59 15150.8
1527.59 15142.9
1527.47 15148.2
1527.47 15137.7
1527.19 15101.8
1526.92 15061.6
1527.09 15057
1527.42 15065.8
1527.45 15059.1
1527.4 15056.4
1527.38 15054.6
1527.48 15050
1527.6 15047.5
1527.73 15048.5
1527.7 15077.2
1527.8 15119.7
1527.71 15108.9
1527.99 15127.2
1528.58 15089.6
1528.9 15072.7
1528.89 15084.8
1528.9 15086
1529.22 15089.7
1529.3 15081.3
1529.89 15078.3
1529.97 15058.3
1529.98 15044.1
1529.98 15040.6
1530.03 15043.6
1530.77 15059.8
1530.45 15063.1
1530.46 15062
1530.69 15072.6
1530.95 15078.8
1531.07 15075.3
1531.03 15072.9
1531.05 15073.7
1531.08 15051.5
1531.4 15013.1
1531.53 15076.4
1531.96 15083.5
1531.93 15092.2
1531.87 15098.6
1532.12 15089.8
1531.87 15108.3
1531.82 15104.8
1531.98 15080.5
1531.97 15036.4
1531.86 15025.2
1532.42 15041.6
1532.93 15094.9
1532.98 15129.9
1532.98 15137.7
1533.09 15133.2
1533.03 15134.4
1533.07 15142.9
1533.07 15139.6
1533.08 15142.4
1532.9 15148
1534.16 15174.5
1534.05 15195.5
1534.21 15199.1
1534.21 15212.3
1534.03 15219.9
1534.9 15208.3
1534.95 15277.2
1534.97 15267.9
1534.81 15280.1
1534.77 15280.6
1534.75 15267.8
1534.9 15265.9
1534.9 15248.9
1535.71 15243.8
1535.87 15228.9
1535.94 15219.6
1536.28 15234.2
1536.9 15239.8
1537.29 15245.8
1537.54 15255.9
1537.62 15284.1
1537.99 15310.5
1538.01 15304
1538.16 15304
1538 15295.8
1537.88 15276.9
1537.87 15257.6
1538.04 15248.1
1537.87 15241.4
1538.71 15251.3
1539.09 15274.1
1539.06 15266.6
1539.13 15264.7
1539.39 15253.3
1539.34 15241.4
1539.14 15199.7
1539.13 15205.3
1539.13 15202.2
1539.11 15201.5
1539.42 15208.2
1539.35 15210.2
1538.93 15168.3
1538.55 15164.2
1538.85 15183.4
1539.03 15204.2
1539.98 15217.6
1539.99 15210.8
1541.26 15173.8
1541.09 15180.7
1541.05 15185.7
1541.03 15182.9
1541.02 15176
1541.03 15172.8
1540.94 15173
1541.36 15197.4
1541.48 15190.9
1541.38 15177.2
1541.69 15175.5
1541.68 15161.2
1542.32 15181.6
1542.22 15174.8
1542.19 15178.5
1542.68 15156.1
1542.71 15145.4
1542.73 15152.4
1542.74 15160.9
1542.58 15160.6
1542.67 15167.2
1542.9 15158.1
1542.95 15147.6
1542.93 15146.2
1542.92 15155.4
1542.86 15130
1543.22 15165.9
1543.11 15230.7
1543.65 15228.4
1544.15 15244.2
1544.04 15201.6
1544.16 15180.6
1544.12 15162.7
1544.23 15133.1
1544.03 15131.7
1544.31 15138.1
1544.29 15128
1544.29 15131.8
1544.34 15139
1544.24 15141.5
1544 15134.7
1543.86 15122.2
1543.79 15121.1
1543.77 15114.5
1543.63 15120.2
1543.1 15124.8
1542.98 15145.5
1543.09 15146.3
1543.15 15149
1543.66 15152.3
1543.72 15167.6
1543.78 15165.5
1543.76 15189.7
1544.18 15106.9
1544.17 15099.2
1544.54 15146
1544.51 15143
1544.51 15153.3
1544.58 15142.3
1544.81 15187.9
1544.96 15208.7
1545.06 15186.5
1544.97 15169.1
1545.2 15163.3
1545.22 15137.9
1545.11 15131.9
1545.31 15134.6
1545.87 15110.9
1545.83 15114.2
1545.94 15115.4
1546.24 15134.3
1546.17 15117.4
1546.02 15110.2
1546.02 15091.3
1546.14 15086.9
1546.03 15070.9
1546.25 15039.4
1546.38 14892.3
1546.38 14820.5
1546.26 14804.7
1546.01 14701.9
1546.12 14696.8
1546.1 14712.7
1546.42 14732.1
1546.28 14726
1546.38 14747.1
1546.35 14772.7
1546.83 14775.6
1546.87 14791
1546.95 14802.5
1546.98 14804.3
1547.05 14800
1547.07 14807.7
1547.03 14813.2
1547.01 14825.5
1547.03 14806
1547 14811.2
1547.1 14816.9
1546.93 14788.1
1547.03 14785.5
1547.14 14799.3
1547.1 14795.1
1546.86 14766.9
1546.95 14752
1547.06 14762.1
1547.65 14792.9
1547.46 14785
1547.51 14807.3
1547.52 14818
1547.46 14824.7
1547.47 14834.3
1547.85 14881.6
1547.78 14865.5
1547.75 14863.3
1547.34 14817.4
1547.55 14795.4
1547.45 14792.2
1547.44 14795.7
1547.4 14802.5
1547.52 14791
1547.63 14793.1
1547.75 14808.1
1547.98 14807.5
1548 14825.3
1547.85 14837.8
1548.22 14874.8
1548.2 14884.9
1548.2 14895.4
1548.23 14910.3
1548.23 14917.8
1548.3 14914.2
1549.24 14911.6
1549.2 14917.7
1549.31 14946
1549.29 14936.8
1549.35 14950.8
1549.37 14953.8
1549.5 14986.6
1549.72 15016.1
1550.06 15025.7
1551.48 15037.2
1551.43 15071.2
1551.42 15094.1
1551.55 15121.6
1551.87 15147.1
1552.66 15213.9
1552.75 15208.3
1552.96 15192.2
1553.3 15225.4
1553.32 15253.8
1553.26 15264.7
1553.24 15274.5
1553.25 15278.4
1553.26 15282.8
1553.21 15273.1
1552.81 15288.7
1553.06 15297.9
1552.99 15292
1553.02 15242.9
1553.11 15258.8
1553.04 15248.8
1552.75 15234.3
1553.19 15234.7
1553.23 15242.8
1553.25 15244.6
1552.96 15230.6
1553.09 15223.2
1553.54 15206.1
1553.55 15223.1
1553.88 15214.3
1553.66 15202.9
1554.08 15227.1
1554.15 15243.1
1554.32 15217.6
1554.99 15213.8
1554.69 15200.5
1554.61 15187.5
1554.96 15197
1555.03 15194.7
1555.05 15198
1555.04 15209.8
1554.88 15214.5
1554.94 15210.7
1555.25 15230.1
1555.2 15228.9
1555.23 15256
1555 15285.7
1555.06 15299
1555.01 15312.4
1555.01 15283.9
1555.01 15312.3
1555.02 15297.3
1554.99 15298.7
1554.93 15300.5
1554.89 15307.8
1554.87 15308.5
1554.95 15312
1554.96 15315.4
1555.04 15306.3
1555 15276
1555.2 15253.9
1555.21 15253.6
1554.83 15232.7
1554.91 15219.9
1554.88 15190.3
1554.86 15192.9
1555.33 15182.2
1555.33 15173.8
1555.68 15179.8
1556.08 15132.3
1556.3 15196.5
1556.27 15235.8
1556.33 15250.3
1556.33 15247.7
1556.55 15269.8
1556.55 15264.3
1556.64 15254
1556.57 15262.5
1556.61 15273.1
1556.57 15278.2
1556.68 15279.5
1556.72 15278.2
1556.66 15280.4
1557.64 15269
1557.69 15265.2
1557.74 15285.9
1557.59 15312.5
1557.57 15306.5
1557.66 15304.1
1557.67 15302.8
