67.1472 57.9498
111.843 308.946
150.483 669.116
205.49 712.907
214.284 661.659
308.483 3411.86
306.559 3104.15
396.741 3110.21
406.618 2773.6
407.386 2604.84
416.689 2742.23
475.466 2977.16
497.702 2791.13
557.273 3106.22
562.759 3405.74
584.36 4682.22
587.578 4453.2
587.947 4227.33
590.595 4067.94
604.57 4328.65
637.732 4263.07
659.501 4380.91
661.562 4354.57
662.853 4347.23
662.996 4315.04
663.381 4268.47
664.012 4247.22
678.293 4298.83
682.434 4813.14
683.002 4716.44
701.007 5534.68
707.467 5443.99
709.105 5509.7
706.022 6802.73
706.106 6338.24
707.606 6112.2
716.369 6247.51
716.569 6592.42
725.905 6532.97
735.919 6801.17
760.563 6800.55
763.393 6841.21
764.503 6858.43
806.811 9437.23
805.184 8567.95
804.527 8311.27
804.85 8241.34
804.381 8492.6
803.946 8424.11
805.115 8842.06
802.689 9608.18
825.197 9574.37
825.839 9210.42
829.626 9167.04
828.261 9211.53
834.299 9109.48
854.505 8876.12
870.032 8855.47
868.27 9131.13
863.788 9339.62
866.346 9335.29
867.581 9381.13
868.67 9482.08
881.286 9362.8
881.265 9257.74
881.276 9236.69
898.176 9866.78
910.296 9982.62
927.531 9873.11
931.862 9754.61
930.241 9430.9
932.319 9298.4
938.579 9223.67
939.269 9281.68
939.214 9220.11
938.668 9238.98
937.79 9250.41
935.78 9423.06
935.14 9490.9
940.092 9879.72
941.696 9857.61
939.312 9921.36
953.118 10053.2
952.699 10782.5
953.141 10688.9
967.084 11164.1
970.53 11586.7
970.699 11422.3
970.694 11405.7
973.438 11327.5
974.046 11301.6
968.752 12650.8
970.704 12634.5
970.669 12591.2
977.488 12958.1
985.267 12707.9
988.176 12615.6
988.649 12513
988.76 12443.3
988.656 12358.6
988.832 12304.3
989.167 12272.6
989.004 12260.1
988.419 12219.5
989.642 12230
989.774 12230.8
990.488 12268.5
991.088 12301.4
991.402 12310.5
991.272 12328.8
997.833 12537.2
996.787 12330.1
1001.04 12254
1002.41 12276.5
1002.21 12298.5
1008.47 12376.5
1009.74 12335
1009.98 12348.1
1009.87 12322.2
1009.23 12726.5
1009.55 12669.4
1012.2 12599.6
1017.45 12712.3
1019.42 12666
1021.92 12529.5
1024.37 12701.5
1025.07 12717.8
1027.9 13352
1028.89 13178
1036.06 13197.8
1035.72 13090.1
1038.62 13041.5
1043.34 13076.3
1043.12 13025.2
1044.9 13046.3
1043.42 13096.2
1044.18 13182.4
1045.31 13198.8
1046.22 13195.1
1046.35 13189.8
1047.29 13235.9
1047.58 13108.6
1047.89 13119.7
1056.76 13167.1
1056.71 13011.5
1056.67 13069.5
1058.68 13203.2
1058.64 13189.3
1060.94 13195.6
1060.98 13101.7
1060.67 13259.3
1060.78 13561.3
1062.75 13742.9
1070.65 13976.3
1070.87 13871.8
1073.88 13754.9
1077.89 14184.1
1078.91 13887
1078.46 13728.1
1078.25 13659.6
1078.95 13667.9
1079.35 13615.9
1078.78 13525.9
1078.59 13356
1078.53 13406.2
1079.91 13412.6
1079.92 13414.3
1078.2 13378.9
1078.28 13421.5
1079.01 13448
1079.03 13466.5
1079.78 13569.7
1080.44 13590.8
1080.28 13542.3
1085.47 13480.3
1085.22 13516.3
1086.86 13564
1086.39 13489.2
1086.06 13491.8
1086.81 13513.5
1086.63 13505.3
1089.29 13617.2
1089.11 13660.2
1090.3 13639.4
1091.91 13595.6
1090.34 13523.3
1090.4 13519.9
1094.05 13432.7
1094.67 13497.1
1094.3 13472
1096.77 13605.9
1099.65 13684.5
1100.37 13722.6
1100.4 13745.2
1100.91 13743.1
1102.37 13795.1
1105.72 13849.6
1105.45 13835.8
1111.38 13783
1112.86 13947.1
1112.87 13943.6
1113.01 13936.3
1114.41 13968.3
1114.64 13911.3
1114.3 13865.2
1114.25 13824.2
1115.5 13818.1
1115.33 13875.7
1114.68 14679.3
1114.86 14712.5
1113.04 14577.7
1113.31 14602.3
1112.7 14524.3
1112.3 14630.5
1114.08 14387.1
1113.92 14387.2
1118.25 14444.3
1118.25 14439
1120.32 14474.8
1119.88 14448.8
1119.91 14436.5
1119.85 14420.2
1119.86 14412.1
1120.95 14437.6
1120.98 14435.2
1120.87 14461.5
1121.83 14462.6
1121.6 14480.7
1121.68 14498.8
1121.64 14445
1121.76 14383.7
1122.05 14344.2
1121.37 14245.5
1121.29 14293
1121.28 14344.5
1121.14 14271.1
1121.13 14318.7
1121.38 14353
1121.62 14377.5
1121.47 14358.1
1121.27 14353.4
1121.31 14358.1
1122.05 14354.3
1122.94 14327.4
1123.08 14341.8
1123.65 14352.1
1123.38 14346.4
1124.32 14382.3
1124.22 14372.1
1126.75 14478.1
1127.15 14414.1
1128.12 14368.6
1129.66 14396.6
1129.75 14389.1
1140.65 14353.6
1140.74 14371.1
1140.24 14175.2
1139.95 14106.8
1139.94 14102.5
1140.74 14057.6
1140.66 14000.1
1141.16 13980.9
1141.91 13976.2
1142.2 13969.2
1142.43 13978.4
1143.83 13892.2
1144.19 13867.7
1145.58 14207.4
1145.65 14146.3
1145.62 14148.4
1146.84 14087.1
1147.87 14148
1148.02 14160.5
1148.31 14174.1
1148.65 14186.4
1148.63 14202.5
1148.66 14165.8
1149.23 14172.4
1149.2 14183.5
1149.05 14474.2
1148.44 14445.7
1148.89 14435.8
1148.31 14569.9
1148.75 14534.7
1147.74 14641.6
1147.7 14600.7
1147.76 14577.3
1147.42 14501.9
1147.2 14504.6
1147.19 14541.8
1147.13 14586.8
1146.84 14595.7
1148.48 14604.6
1148.77 14533
1148.48 14526.6
1150.39 14497.4
1150.59 14584.7
1150.55 14545.7
1150.54 14626.6
1150.64 14604.1
1150.48 14589.7
1150.42 14589.4
1150.55 14635.3
1150.21 14631.6
1150.18 14650.6
1151.24 14705.4
1152 14740.6
1153.12 14672.5
1153.38 14634
1153.48 14633.6
1153.67 14621.3
1153.69 14602.6
1153.33 14656.1
1153.1 14697.4
1153.13 14709.6
1152.13 14869
1152.42 14870.2
1153.03 14866.1
1152.62 14837.1
1152.64 14811.4
1153.32 14752.7
1154.14 14709.2
1154.72 14731.5
1153.58 14688.6
1154.03 14660.4
1154.02 14675.5
1154.11 14928.2
1153.72 14872
1153.74 14854.6
1154.01 14936.9
1154.07 14984.3
1153.93 15017.1
1155.1 15057.7
1155.27 15072
1155.25 15131.4
1155.24 15228.2
1155.3 15317.1
1154.5 15389.9
1154.61 15399.3
1154.61 15219.6
1153.3 15173.2
1153.15 15189.9
1153.19 15196.8
1154.09 15231.1
1154.76 15236.1
1154.86 15254.5
1154.93 15265.3
1154.87 15269.2
1154.95 15255.4
1154.92 15251.4
1154.7 15247.9
1153.66 15249.3
1153.04 15242
1153.72 15235.6
1153.89 15198.4
1154.02 15186.2
1154.99 15189
1155.53 15198.7
1155.39 15212
1154.93 15261.9
1154.98 15274.9
1154.96 15185.9
1154.8 15149.9
1154.92 15165
1155 15143.7
1154.86 15138.1
1154.9 15159
1154.93 15176.8
1155.67 15176.2
1155.43 15145.8
1155.51 15132.8
1155.3 15198.9
1155.48 15208.2
1155.47 15206.3
1155.54 15210.2
1155.01 15255.7
1155.23 15280.4
1155.4 15285.4
1155.52 15297.9
1154.93 15254.5
1154.71 15296
1154.26 15264.3
1154.33 15316
1154.59 15270.1
1155.09 15196.8
1153.1 15158.2
1153.57 15144.5
1153.46 15118.2
1154.47 15161.2
1154.27 15179.9
1154.57 15127.3
1154.6 15071.7
1154.26 15084.1
1154.19 15104
1153.91 15079.2
1154.67 15094.1
1154.63 15092.9
1155.2 15091.2
1155.18 15046.2
1155.72 14970.4
1156.09 14994.4
1155.89 15101.3
1157.06 15210.8
1157.73 15319.8
1157.89 15278.1
1157.83 15268.1
1157.94 15309.1
1157.93 15328.6
1158.37 15351.5
1157.91 15382.3
1157.87 15416
1158.27 15374
1159.87 15569.2
1159.8 15574.9
1159.88 15634.8
1160.13 15670.1
1160.11 15692.7
1160.1 15682.7
1160.17 15677.1
1160.35 15682.4
1160.41 15682.7
1160.34 15682.2
1160.28 15674.3
1160.44 15678.5
1160.66 15670.6
1160.59 15677.5
1160.77 15688.1
1161.51 15711.4
1161.47 15730.1
1161.49 15762
1161.5 15822.6
1162 15855.2
1162.2 15822.7
1162.29 15812.4
1162.33 15811.1
1162.54 15782.4
1162.08 15762.6
1162.61 15791.7
1162.85 15721.6
1163.1 15671.1
1162.84 15627.7
1162.21 15634.7
1162.57 15516.6
1163.83 15555.3
1169.05 15457.3
1169.77 15511.3
1169.82 15510.4
1169.54 15450
1169.35 15477.5
1169.34 15491.8
1169.38 15477.2
1169.32 15471.5
1169.12 15492.2
1169.1 15511
1169.89 15530
1169.51 15589.8
1169.5 15528.6
1169.52 15491
1169.57 15535.6
1170.03 15567.8
1169.57 15603.3
1169.54 15612.9
1169.53 15658
1169.65 15623.5
1169.73 15631.4
1169.71 15613.9
1170.01 15603.5
1168.83 15602.1
1168.05 15560.8
1168.62 15554.8
1168.63 15560.1
1168.22 15537.3
1168.4 15524.1
1168.89 15517.8
1169.02 15503.1
1169.44 15653
1169.61 15643.6
1169.74 15634.2
1169.47 15616.8
1169.3 15599.8
1169.58 15576.1
1168.36 15543.3
1168.31 15536.7
1168.32 15518.1
1168.36 15499.8
1168.48 15497
1168.39 15487.7
1168.17 15477.6
1167.81 15530.3
1167.72 15694.2
1167.83 15642.2
1167.82 15709.5
1167.74 15677.7
1167.84 15596.9
1167.74 15553.2
1168.13 15582.1
1168.15 15589.6
1169.03 15610.2
1168.9 15631.5
1169.27 15666.8
1170.42 16033.6
1169.74 16027.1
1170.14 15948.9
1170.31 15909.6
1170.84 15897.7
1171.16 15915.4
1170.29 15918.4
1170.44 15912.5
1170.25 15923.3
1170.02 15909.9
1170.02 15894.6
1169.9 15908.3
1169.84 15909.9
1169.81 15913
1169.46 15935.3
1169.12 15944
1169 15886.7
1168.82 15867.3
1168.68 15865.6
1168.68 15878.7
1168.78 15901.6
1168.8 15932.1
1169.04 15919.8
1168.71 15912.7
1168.58 15870.8
1168.61 15879.2
1168.59 15885.3
1168.15 15870.6
1168.05 15806.2
1166.77 15814.2
1166.8 15909.4
1167.57 15913.8
1167.39 15901.1
1168.2 15950.4
1168.21 15982.7
1167.47 16022.5
1167.57 16070.1
1167.35 16073.5
1168.91 16109.5
1168.91 16135
1168.92 16151.9
1168.94 16183.6
1169.63 16157.5
1170.11 16164.8
1170.18 16165.9
1170.21 16163.4
1170.6 16174.4
1170.95 16130.3
1170.96 16137.4
1171.17 16137
1170.97 16250.1
1170.98 16276.1
1171.15 16300.9
1171.12 16276.8
1171.05 16260.2
1171.03 16248.1
1171.15 16231.2
1171.2 16228
1171.74 16235.2
1171.77 16245.5
1171.75 16249
1171.77 16248.5
1171.46 16252
1171.51 16229.6
1172.12 16244.3
1172.22 16281.7
1172.22 16279.7
1172.23 16281.2
1172.22 16236
1172.21 16164.5
1172.48 16165.3
1172.44 16142.2
1172.65 16126.7
1172.83 16133.3
1172.8 16117.7
1172.73 16102.2
1172.31 16126.2
1172.44 16239.7
1172.9 16246.9
1172.69 16186.9
1172.42 16177.2
1172.45 16143.3
1172.34 16151.7
1172.35 16147.9
1172.36 16057.3
1171.98 16014.6
1171.77 15988.8
1171.82 15970.4
1171.87 15944.7
1172.31 15946.3
1172.04 15954.6
1171.61 15885.8
1171.46 15872.5
1171.47 15868.4
1172.17 15877
1171.77 15902.8
1171.06 15899.3
1171.05 15900.8
1171.34 15965.6
1171.94 16007
1172.24 15995.4
1172.96 16019.5
1172.89 16043.4
1173.47 16082
1173.14 16099.2
1173.9 16110.6
1173.68 16113.8
1173.28 16137.5
1174.03 16151.7
1174.56 16166.9
1174.71 16184.6
1174.79 16212.1
1174.81 16226.2
1175.23 16233.9
1175.29 16229.5
1175.36 16243.8
1175.29 16226.3
1175.73 16211.6
1175.85 16215.9
1175.9 16203.6
1175.88 16206.9
1175.8 16196
1175.84 16193
1175.77 16158.8
1175.79 16176.6
1176.08 16052.7
1176.37 16032
1176.36 16059
1175.87 16101.3
1175.54 16120.6
1175.76 16131.2
1175.91 16134.9
1176.29 16146.3
1176.24 16146
1176.18 16120.9
1176.42 16125.1
1176.78 16118.2
1176.85 16137.1
1176.94 16122.8
1176.8 16136
1177.21 16163.4
1176.98 16116.5
1176.73 16092.1
1177.29 16089.3
1178.43 16108.6
1178.16 16130.5
1178.19 16260.6
1178.57 16273
1178.61 16340.2
1178.22 16329.1
1178.88 16351.2
1178.98 16424.4
1178.98 16475.8
1178.96 16521.7
1179.13 16538.2
1179.27 16543.2
1179.13 16563.5
1178.85 16572.6
1179.16 16570.3
1179.36 16566.7
1179.47 16560.3
1179.51 16576.5
1179.44 16566.7
1179.69 16548.9
1179.71 16548.2
1180.11 16553.2
1180.01 16578
1180.08 16527.9
1180.3 16515.9
1180.39 16500.2
1180.61 16509.5
1180.58 16505.5
1180.35 16478.5
1180.52 16434.8
1180.48 16415.7
1180.8 16441.5
1180.4 16513.1
1180.34 16481.6
1180.33 16484.9
1180.27 16475.9
1180.17 16464.5
1179.95 16457.1
1180.36 16456.8
1180.59 16465.4
1180.69 16474.6
1180.71 16482.6
1180.59 16484.1
1180.98 16484.1
1180.26 16472.5
1180.12 16477.5
1180.12 16420.4
1181.07 16545
1181.01 16469.5
1180.99 16444.6
1180.99 16446
1181.73 16432.9
1181.71 16516.2
1181.57 16551.9
1181.53 16565.8
1181.43 16542.2
1181.48 16517.6
1181.28 16526.6
1181.41 16514.5
1181.47 16533.9
1181.33 16648.1
1181.46 16651.2
1181.37 16646.9
1181.36 16638.7
1181.57 16645.4
1181.57 16643.6
1181.67 16684.2
1181.83 16681.2
1181.68 16689.1
1181.91 16713.5
1182.25 16779
1181.95 16792.4
1181.56 16812.5
1181.57 16848.9
1182.3 16881.6
1182.39 16883.8
1182.7 16864.2
1182.71 16854.3
1182.82 16854.1
1183.81 16854.9
1184.42 16882.4
1184.26 16901.2
1184.11 16912.6
1184.08 16931.2
1184.31 16988.8
1184.44 17018.9
1184.46 17053.8
1184.32 17058.4
1184.31 17030.1
1184.32 17032.1
1184.43 17025.9
1183.78 17004
1183.85 17029.7
1183.64 17011.5
1183.76 16998.7
1184.33 17025.3
1184.31 17031.6
1184.63 17038.4
1184.74 17046.2
1184.73 17058.6
1184.73 17075
1184.49 17020.1
1184.92 17018
1184.84 17018.5
1184.84 16989.4
1185.2 16993.8
1185.19 16952.4
1185.2 16936.7
1185.24 16923.2
1185.93 16914.8
1185.88 16914.8
1186.08 16897.3
1186.24 16863.4
1186.25 16867.9
1186.32 16858.2
1186.29 16820.8
1185.96 16789.2
1185.96 16770.5
1185.8 16801.7
1186.58 16777.1
1186.7 16728.5
1186.83 16733.7
1186.77 16764.2
1186.79 16740.9
1186.84 16717.8
1187.13 16715.5
1187.28 16705.6
1187.23 16710.7
1187.2 16686.7
1187.27 16685
1188.5 16679.5
1188.07 16685.1
1187.85 16697.4
1188.24 16694.6
1188.28 16679.7
1188.01 16642.1
1188.37 16651.9
1189.13 16661.7
1188.67 16634.2
1188.27 16592
1188.29 16568.4
1187.94 16530
1188.2 16526
1188.26 16505
1188.32 16492
1188.6 16472.8
1188.57 16466.5
1188.04 16460.6
1188.3 16450.9
1188.31 16427.3
1188.73 16439.2
1188.61 16396.5
1188.52 16389.1
1188.52 16389.5
1188.53 16400.3
1188.33 16417.6
1188.38 16442
1188.5 16447.8
1188.74 16454.4
1188.68 16446.1
1188.78 16453.5
1188.76 16451.6
1188.86 16463.4
1189.29 16475.7
1188.99 16484.8
1189.51 16520.8
1189.46 16537.9
1189.79 16542.3
1189.92 16574.2
1189.6 16617.9
1189.61 16625.5
1188.87 16623.9
1188.39 16593.1
1188.46 16600.1
1188.53 16586.9
1188.13 16578.4
1188.34 16582.7
1188.33 16586.7
1188.33 16588.9
1188.34 16582.8
1188.38 16576.7
1188.13 16553.6
1187.99 16508.4
1188.12 16470.4
1188.19 16441.5
1188.2 16436.8
1188.24 16427.5
1188.29 16412.9
1188.33 16381.3
1188.34 16381.7
1188.33 16307.9
1188.49 16313.1
1188.16 16283.4
1188.2 16302
1188.21 16294.3
1188.13 16287.5
1187.99 16290.2
1188.44 16288.4
1188.62 16275.2
1188.64 16252.2
1188.96 16276.2
1189.04 16295.4
1189.27 16299
1189.25 16282.1
1189.2 16283.5
1188.78 16326.5
1188.52 16295.7
1188.52 16287.6
1188.5 16266.4
1188.85 16259.3
1188.99 16249.5
1188.73 16197.2
1188.61 16176.9
1188.52 16162.9
1188.12 16192.9
1189.61 16201.1
1189.29 16222.2
1189.49 16228.8
1189.57 16212.9
1189.75 16202.4
1189.76 16195.3
1189.55 16199.3
1189.5 16186.3
1189.3 16171.6
1189.52 16173.9
1189.95 16122.2
1190.03 16105
1190.03 16086.6
1190.37 16074.4
1190.38 16090.6
1190.45 16111.4
1190.43 16122.7
1190.94 16186.9
1190.68 16157.5
1190.68 16120
1190.35 16128.7
1190.32 16130.4
1190.82 16124.4
1190.78 16106.8
1190.73 16085.1
1190.84 16066.8
1190.62 16042.2
1190.13 15989.2
1190.55 15994.2
1190.46 16005.4
1190.57 16011.3
1190.57 16002.5
1190.45 15988.3
1190.38 15988.6
1190.41 15916.4
1190.79 15845.7
1190.88 15837.1
1190.92 15851.1
1191.03 15866.4
1190.8 15868.1
1190.79 15891
1190.76 15883.2
1190.84 15873.7
1190.87 15868.3
1190.85 15832.7
1190.53 15772.4
1190.99 15754
1190.68 15731.2
1190.74 15727.8
1191.14 15718.3
1191.05 15720.7
1191.02 15704.4
1191.13 15707.6
1190.74 15705
1190.71 15693.4
1190.69 15686.1
1190.92 15687.6
1191.28 15675.4
1191.54 15691.4
1192.35 15713.9
1192.31 15707.7
1192.31 15736.4
1192.02 15740.2
1192.05 15753.8
1192.21 15744.7
1193.01 15749.9
1193.03 15759.2
1193.44 15779.4
1193.43 15785.3
1193.44 15785.2
1193.67 15783.7
1193.62 15793.2
1193.62 15790.9
1193.78 15802.3
1193.62 15801.6
1193.59 15797.8
1193.67 15809.1
1193.93 15820
1195.39 15827.8
1195.41 15827.7
1195.48 15802.9
1195.68 15803.4
1195.59 15814
1195.65 15809.1
1195.5 15802.2
1195.45 15798.6
1195.92 15791
1195.93 15802.4
1195.23 15844
1195.24 15878.2
1195.21 15899.4
1195.15 15896
1195.28 15914.8
1195.26 15883.4
1195.67 15892.3
1195.62 15886.6
1195.56 15811.3
1195.67 15767
1195.74 15753.2
1196.09 15761.4
1196.05 15752.3
1195.99 15745.1
1195.76 15740.8
1195.76 15726.6
1195.67 15703.6
1195.75 15692.2
1195.62 15651.8
1195.64 15635.2
1196.5 15654.8
1196.5 15670.7
1196.34 15662.5
1196.41 15664.9
1196.84 15644.3
1196.65 15634.9
1196.65 15633.1
1196.33 15620.8
1196.28 15615.1
1196.36 15599.9
1196.09 15617.1
1195.97 15622.4
1195.8 15622.2
1196.11 15617.1
1196.12 15613.6
1196.14 15615.6
1196.08 15623.4
1195.92 15598.8
1195.68 15560.7
1196.04 15571.6
1195.74 15624.2
1195.75 15633.1
1195.48 15612.9
1195.59 15597.3
1195.85 15588.8
1195.36 15586.3
1195.23 15625.2
1195.23 15646.8
1195.28 15650.4
1195.25 15686.3
1195.09 15693.9
1195.06 15699.7
