35.4782 60.6608
288.918 473.327
315.24 1048.94
322.065 1109.44
352.296 1209.08
362.93 1056.36
363.866 967.547
363.769 994.725
365.139 1026.37
370.507 1560.94
371.743 1485
377.046 1504.83
377.981 1537.84
381.906 1656.75
393.174 1868.22
405.891 1959.3
411.692 2309.64
430.364 3202.48
432.865 3201.88
465.253 3398.94
465.645 3391.55
465.337 3335.57
465.836 3397.3
476.361 3653.98
506.552 4540.51
509.762 4239.85
546.499 4688.33
550.148 5252.75
552.438 5156.51
552.999 4960.88
553.146 4895.19
554.024 4800.91
557.415 4762.8
560.372 4924.23
569.266 4988.79
569.862 5090.72
578.191 5405.27
578.167 5320.77
578.041 5301.99
580.744 5601.99
580.218 5527.82
580.087 5439.55
580.514 7074.66
583.076 7114.35
585 7237.78
589.53 7080.2
622.221 6866.95
645.497 6810.81
644.792 6616.6
670.992 6931.31
669.922 6998.07
685.728 6913.34
689.73 6793.95
688.252 6692.44
686.554 6628.62
690.452 8974.87
691.116 8827.57
691.349 8606.35
704.16 8213.35
718.415 9124.41
724.845 8537.55
735.02 10842.3
767.978 15071.6
767.342 13899
788.424 13319.1
811.234 12923.4
819.039 11423.2
826.5 10596.7
827.929 10242
828.215 9917.62
845.921 10379.4
844.532 10459.7
845.993 10352.7
850.262 10073.3
857.828 10025.6
865.366 10354.3
879.392 10103.9
879.764 10118.8
881.62 10217.1
882.013 10194.5
883.681 10207
882.281 10178.5
882.08 10219.6
885.202 10616.9
885.697 10484
884.633 10363.6
885.08 10756.7
885.177 10835.5
886.359 11027.7
887.026 10951.4
902.495 12202.1
901.915 13472
904.854 14092.8
912.072 13750.4
914.115 13489.8
963.118 13912.3
968.574 13642.8
976.019 13269.8
990.058 13147.8
990.914 12654.5
1001.5 11812.2
1001.01 11571.2
1001.6 11545.1
1007.98 11415
1010.93 11335.7
1017.56 11067.5
1023.65 11197.4
1024.12 11093.3
1022.5 11247.3
1031.08 11346.6
1030.22 11464.1
1028.47 11654.4
1033.2 11691.1
1036.32 11842.8
1037.66 12140.8
1039.68 12392.1
1039.67 12476.3
1039.96 12495.2
1039.68 12539.3
1046.3 12730.4
1046.28 12610.6
1046.04 12579.7
1048.54 12609.5
1045.11 12562
1052.63 12480
1054.69 12429.5
1054.36 12579.2
1058.65 12433.2
1045.58 13131.9
1045.9 13275.2
1046.93 13230.9
1046.7 13341
1043.79 13758.7
1049.2 14104.2
1049.08 14052.6
1048.3 13986.4
1049.34 13983.9
1052.11 14030.8
1057.14 13985.8
1063.87 14101.6
1063.58 14138.2
1066.21 14130.1
1074.4 14136
1082.38 13821.1
1083.32 13903.8
1084.09 13974
1084.39 13843.3
1084.42 13861
1082.78 13895.6
1083.4 13901
1085.35 13955.2
1086.67 13998.1
1089.63 13936.3
1088.76 13965.4
1089.09 13984.9
1098.88 14250
1100.33 14447.2
1109.37 14418.5
1117.51 14408.3
1117.55 14371.6
1116.89 14466.4
1124.25 15050.5
1124.27 14794.8
1124.52 14761.5
1124.41 14701.1
1124.15 14687.1
1124.54 14686.9
1140.29 15067.5
1139.98 14566.6
1140.04 14630.7
1149.49 14897
1148.56 14745.1
1150.08 14872.6
1150.1 14794.1
1151.81 14697
1151.83 14665.1
1159.12 14812
1148.4 14638.9
1148.45 14784.6
1149.91 15001.8
1150.32 15141.8
1149.64 15230.4
1153.58 15390.1
1153.44 15257.1
1156.93 15209.5
1159.95 15504
1159.95 15539.5
1160.2 15510.7
1161.51 15480.4
1161.97 15420.2
1161.03 15416.7
1161.14 15386.5
1161.19 15365.5
1165.27 15421.3
1165.44 15473.3
1165.67 15469
1167.11 15571
1168.18 15808.5
1173.89 16498.4
1173.87 16661.6
1174.13 17869.2
1173.99 17649.3
1181.13 17395.9
1182.84 16844.8
1185.85 16792.9
1185.78 16602.8
1185.95 16421.4
1185.76 16392.5
1193.15 16736.3
1193.04 16609.4
1192.67 16519.6
1194.62 16571.9
1194.61 16461.2
1198.53 16447.1
1201.55 16685.1
1201.91 16803.3
1200.92 16856.7
1202.51 17075.7
1201.26 17297.6
1201.75 17135.2
1201.69 17002.2
1202.16 17011.6
1203.66 17048.5
1205.14 17049.4
1205.93 17002.8
1206.14 17002.2
1206.17 17009.6
1205.91 16967.5
1207.48 16981.3
1207.53 17010.8
1207.61 16990.9
1211.04 17043.8
1217.98 16986.7
1218 16962.9
1219.41 16982.1
1219.74 16996.5
1220.09 16985.2
1224.28 17085.3
1224.26 17267.5
1224.16 17206.7
1224.92 17508.8
1227.02 17751.3
1233.81 17674.9
1234.48 17589.8
1235.29 17334.7
1235.12 17289.8
1235.65 17390
1236.08 17296.6
1236.05 17331.5
1236.8 17385.8
1235.51 17310.6
1242.17 17477.1
1243.43 17415
1243.48 17604.5
1243.33 17652.6
1243.27 17636.5
1244.94 17596.5
1244.4 17597.7
1244.05 17617.8
1244.38 17613
1244.47 17632.6
1244.93 17572.9
1245.08 17522
1245.36 17499.8
1245.24 17456.7
1246.65 17499.3
1247.11 17558.1
1246.89 17498.2
1246.92 17530.4
1247.07 17459
1247.09 17473.8
1246.51 17508.2
1246.37 17539.2
1246.35 17516.5
1245.77 17532.5
1245.77 17513.6
1246.39 17500.1
1249.43 17418.4
1249.66 17506.5
1248.45 17535.2
1250.34 17623.8
1252.74 17645.6
1252.74 17579.1
1253.28 17557.1
1254.84 17606.9
1255.35 17597.1
1256.97 17670.5
1256.87 17613.9
1256.49 17691.9
1256.53 17668.2
1256.56 17596.9
1253.88 17619.9
1254.5 17650.5
1255.19 17677.5
1254.93 17636.3
1254.89 17637.3
1256.55 17622.7
1257.66 17615.1
1257.5 17634.2
1257.27 17591.8
1257.54 17645.5
1260.09 17615.6
1259.55 17692
1258.73 17635.2
1259.61 17767.9
1260.64 17756.8
1261.36 17754.1
1262.4 17715.2
1261.57 17808.3
1261.99 17868
1267.57 17758.8
1267.71 17652.8
1266.92 17679.5
1265.88 17770.7
1265.69 17814.1
1265.73 17828.5
1266.13 17801.7
1265.98 17717.6
1267.46 17699
1267.38 17678.6
1267.18 17662.6
1268.01 17660.1
1268.05 17659.3
1268.11 17594.5
1267.93 17560
1266.89 17465.3
1267.51 17378.6
1267.95 17322.8
1268.81 17386.7
1268.75 17346.8
1269.86 17414.3
1269.96 17431.8
1270.4 17456.5
1270.35 17539
1269.95 17610.8
1269.96 17666.9
1269.51 17703.8
1271.79 17620.8
1272.41 17485.4
1272.92 17545.5
1275.22 17603.8
1274.78 17598.1
1276.49 17586.4
1276.48 17535.7
1276.08 17553.4
1274.96 17555.3
1277.97 17459
1278.4 17542.4
1278.03 17543.2
1279.97 17488.3
1280 17481.9
1279.45 17479.4
1279.31 17459.1
1280.58 17473.9
1280.47 17490.5
1280.62 17460.5
1281.55 17476.2
1281.7 17472.5
1281.98 17467.7
1281.93 17475.4
1282.17 17514.7
1282.18 17663.8
1282.09 17573.8
1282.28 17594.7
1282.45 17625.6
1284.41 17734.9
1285.85 17717.6
1287.84 18137.4
1287.88 18109.4
1288.51 18073.7
1289.36 18040.5
1291.19 18124.9
1291.2 18179.1
1291.33 18218.2
1292.52 18208.9
1292.07 18129.3
1291.5 18090.5
1291.57 18120.5
1292.64 18282.1
1292.61 18335.9
1295.03 18430.7
1295.31 18481.3
1295.27 18658.1
1299.36 18730.7
1299.2 18656.4
1299.41 18637
1299.84 18654.2
1299.77 18635
1301.76 18621.2
1302.55 18662.9
1302.28 18633.6
1302.4 18726
1302.17 18853.6
1302.15 18833.1
1304.41 18947.7
1307 18828.8
1307 18757.4
1307.03 18767.5
1307.64 18801.8
1307.5 18735.8
1307.25 18740.5
1307.65 18732.2
1308.68 18706.7
1308.68 18708.1
1308.93 18721.6
1309.53 18725.4
1309.99 18684.5
1311.25 18708.8
1312.41 18608.8
1312.3 18894.3
1312.63 18985.1
1312.26 19056.4
1313.33 18927.6
1313.34 18773.4
1313.73 18635
1314.8 18569.1
1314.82 18572.2
1314.7 18538.3
1315.61 18542.1
1316.37 18547.6
1317.09 18579.3
1318.09 18596.3
1318.12 18575.4
1318.65 18519.5
1318.63 18465.9
1318.57 18457.3
1318.62 18425
1321.6 18445
1320.64 18411.5
1320.33 18378.2
1320.76 18379.3
1320.49 18753.7
1320.19 18731.2
1320.06 18837.8
1321.45 18685.5
1321.45 18763.8
1321 18795.8
1322.01 18848.9
1322.1 18862.8
1322.62 18882.4
1323.4 18847.5
1323.43 18944.6
1323.49 18952.5
1323.41 18997.7
1325.18 19056.8
1325.31 19040.8
1325.16 19073
1325.11 19062.8
1325.15 19077.3
1325.25 19078.1
1325.29 19063.8
1326.78 19046.8
1326.82 19078.2
1329.8 19066.3
1326.3 19179.4
1327.39 19201.9
1327.33 19173.8
1327.21 19074
1329.36 19070.3
1329.24 19163.3
1329.19 19098.6
1329.01 19039.4
1329.01 19196
1328.36 19230
1328.36 19222
1327.83 19154.1
1328.76 19146.3
1330.41 19122.8
1331.75 19129.4
1331.75 19109.9
1331.93 19121.6
1332.82 19166.8
1332.66 19147.2
1333.32 19132.2
1332.01 19151.3
1332.1 19179.6
1332.53 19232.4
1332.62 19272.8
1332.86 19307.2
1334.23 19335.7
1334.09 19385.6
1334.43 19419.7
1334.61 19388.2
1334.9 19360.9
1334.92 19323.8
1334.46 19254.2
1334.13 19214.9
1334.02 19211
1334.22 19220.1
1334.98 19263.4
1335.52 19267.8
1335.62 19290.7
1335.6 19263.9
1335.42 19307.1
1335.36 19305.6
1335.3 19369.6
1335.86 19407.2
1336.15 19404.1
1336.28 19388.3
1336.46 19411.8
1336.43 19421.3
1336.48 19428.2
1337.11 19408.2
1336.63 19558.6
1336.83 19637.3
1336.98 19606.8
1336.94 19617
1336.88 19623.4
1336.88 19761.7
1336.98 19793.2
1336.96 19779.4
1336.96 19783.5
1336.99 19774.2
1337.36 19800.1
1337.63 19770.7
1337.5 19807.2
1337.28 19821.8
1337.3 19802.8
1337.03 19834.1
1336.82 19789.7
1336.98 19765.2
1336.97 19757
1337.39 19789.7
1337.35 19774.2
1338.59 19777.8
1338.66 19798
1338.68 19813.2
1339.93 19849.8
1340.04 19810.5
1340.04 19799.5
1340 19776.3
1339.8 19760.9
1341.65 19729.8
1341.86 19745.6
1341.96 19671.9
1341.99 19709.3
1342.13 19706.5
1341.57 19642.5
1341.59 19756
1341.52 19719
1341.5 19726.5
1341.6 19735.2
1342.69 19740.2
1343.23 19750.2
1343.22 19760.2
1342.55 19827.3
1342.45 19809.7
1342.35 19766.9
1342.3 19745.9
1342.07 19744.6
1342.03 19740.2
1342.07 19738.3
1342.1 19722.1
1342.12 19734.2
1342.24 19726.1
1342.22 19730.4
1342.26 19710.1
1343 19731.7
1342.99 19681.6
1343.73 19660.6
1343.72 19621.3
1343.73 19624.8
1344.14 19633.1
1344.53 19565.9
1344.44 19580.2
1343.39 19549.7
1343.64 19519.3
1343.65 19522.7
1343.91 19494
1343.97 19490.2
1343.77 19477
1343.5 19466.1
1343.37 19432
1343.33 19428.5
1343.3 19413.1
1343.64 19432.7
1343.58 19413.3
1344.24 19455.4
1344.73 19431.5
1344.75 19425.7
1344.82 19444.8
1344.82 19429.4
1344.85 19432.3
1344.84 19433.8
1345.35 19448
1345.12 19456.6
1345.36 19496.7
1345.37 19512.7
1345.53 19522.5
1345.6 19529.1
1345.91 19524
1345.94 19539.2
1346.51 19548.1
1346.5 19548.3
1346.54 19555.6
1346.51 19551.6
1346.73 19544.4
1347.42 19556.6
1347.41 19530.2
1347.41 19528
1348.4 19561.9
1348.58 19544.6
1348.76 19514
1348.86 19424.6
1348.86 19418.1
1348.89 19421.8
1349.21 19369.2
1349.23 19363.4
1349.03 19355.2
1349.15 19349.8
1349.26 19352.1
1349.55 19342.5
1350.07 19214.2
1350.22 19357.7
1350.78 19330.7
1352.39 19253.3
1351.96 19223.6
1351.99 19216.1
1352.23 19206.1
1352.11 19212.6
1352.11 19219.2
1352.75 19183
1354.17 19231.7
1354.25 19196.7
1354.47 19259.8
1354.4 19249.3
1354.41 19218
1355.52 19125.9
1355.42 19156.6
1357.22 19170
1356.91 19148.3
1358.61 19209
1358.6 19191.2
1358.3 19200.5
1358.31 19193.3
1358.3 19181.7
1358.72 19179.5
1358.84 19196.3
1358.68 19218.8
1358.63 19265.5
1358.84 19309.3
1358.9 19347.2
1358.78 19394.6
1358.82 19432.9
1358.73 19466.4
1358.32 19494
1358.12 19500.1
1359.06 19512.7
1358.99 19536.6
1359.06 19536.7
1358.92 19552.4
1359.86 19599.7
1360.96 19627
1361.24 19634.3
1362.05 19652.5
1362.36 19518.8
1362.37 19521.7
1362.26 19554.6
1364.59 19647.8
1364.58 19636.2
1364.92 19659.5
1364.92 19633.4
1365.67 19661.5
1365.53 19638.8
1365.48 19629.3
1365.66 19634.4
1366.54 19603
1366.5 19641.3
1366.31 19633.1
1366.17 19640.3
1366.32 19657.9
1367.05 19730.6
1366.82 19732.4
1366.83 19733.7
1367.17 19747.7
1367.19 19738.3
1367.33 19733.1
1367.61 19739.5
1367.48 19750.1
1366.97 19761.6
1366.98 19784.1
1367.33 19761.3
1367.28 19739.9
1367.33 19765.6
1367.25 19763.6
1368.2 19860.3
1367.7 19884.8
1367.29 19888.9
1367.29 19846.6
1366.5 19886
1366.89 19870.7
1366.88 19879.7
1366.97 19900.2
1367.06 19918.6
1367.52 19908.6
1367.52 19890.6
1367.55 19897
1367.56 19897.5
1367.53 19840.2
1368.17 20022.7
1368.19 20079.9
1368.18 20048.7
1368.19 20042.7
1368.32 20064.8
1368.62 20089.4
1368.95 20079.5
1369.02 19950.8
1369.07 19963.9
1370.34 19914.3
1370.46 19920.6
1370.64 19936.7
1371.31 19922.3
1371.39 19892.1
1371.18 19873.3
1370.79 19868.2
1371.37 19842.9
1371.55 19858
1371.49 19850.9
1371.59 19839.8
1371.69 19843.6
1371.69 19804.3
1371.58 19824
1371.58 19828.1
1371.56 19829.1
1371.63 19826.8
1371.8 19829.2
1371.83 19825.5
1372.31 19844.6
1371.34 19869.8
1371.42 19885.9
1371.65 19906.5
1371.72 19917.1
1371.71 19920.9
1371.5 19918.7
1371.91 20012.2
1371.81 20057.2
1371.78 20056.7
1371.76 20071.8
1371.8 20100.8
1372.48 20149.3
1372.23 20162.4
1371.85 20193.4
1372.03 20204.1
1371.96 20219.9
1372.72 20240.3
1372.32 20248.3
1372.13 20250.3
1372.97 20299.6
1373.98 20323.9
1373.95 20335.4
1373.92 20331.5
1374.1 20354.4
1373.68 20344
1374.34 20334.1
1374.36 20341.5
1374.46 20352.6
1374.57 20331.5
1374.6 20338.5
1374.46 20355.7
1375.31 20412.5
1375.16 20437.2
1375.24 20457.9
1375.28 20446.4
1377.68 20486.5
1377.85 20436.2
1379.29 20427.9
1378.45 20459.6
1378.45 20510
1378.49 20545.6
1378.53 20556.8
1378.49 20553.8
1378.48 20554.5
1378.32 20563.8
1378.3 20567.3
1378.35 20577.2
1379.21 20588.1
1379.42 20585.3
1378.89 20598.9
1379.5 20642.4
1379.21 20668.2
1379.16 20682.2
1379.19 20682.1
1378.66 20730.5
1379.09 20773.2
1379.16 20768.3
1379.05 20778.5
1379.05 20790.6
1379.49 20802.9
1379.59 20797.1
1380.12 20770.8
1384.3 20819.2
1384.34 20765.5
1384.41 20695.3
1384.39 20694.2
1385.11 20623.3
1385.69 20663.8
1385.45 20619.2
1385.45 20654.8
1385.61 20662.3
1385.43 20658.4
1384.53 20673.5
1384.54 20682.2
1385.6 20658.6
1385.97 20630.9
1385.98 20583.6
1386.15 20576.2
1386.26 20561.5
1386.77 20550.3
1386.76 20523.1
1386.79 20527.7
1386.83 20524.5
1387.21 20531.8
1386.98 20554.8
1387.03 20571.6
1387.2 20628.4
1387.22 20649.3
1387.31 20647.8
1387.31 20662.8
1386.63 20678.1
1386.35 20694.5
1386.64 20708.7
1386.56 20726.2
1386.56 20724
1386.62 20736.4
1386.44 20743.4
1386.76 20761.5
1386.3 20746.8
1386.4 20728.9
1386.22 20725.8
1386.27 20732.9
1386.26 20740.3
1386.03 20717.7
1386.14 20717.1
1386.64 20731.6
1386.78 20723
1387.63 20722
1387.96 20700.2
1389.12 20716.7
1389.15 20725.5
1389.09 20653.2
1389.11 20639.1
1389.15 20623.8
1389.1 20619.2
1389.56 20641
1389.51 20620.2
1389.48 20604.9
1389.48 20607.1
1389.52 20650.1
1389.69 20653.5
1389.63 20649.7
1388.85 20609.4
1388.9 20607.1
1389.18 20646
1389.58 20656.6
1389.55 20650.8
1389.28 20627.6
1389.69 20755.3
1389.76 20749.1
1389.71 20730.4
1390.67 20729.5
1390.6 20727.8
1390.64 20737.1
1390.68 20722.4
1391.46 20734.2
1391.55 21006.8
1391.52 20932.6
1391.68 20891.4
1391.6 20880.2
1391.44 20890.3
1391.73 20867.6
1392.41 20882.4
1392.55 20853.1
1392.55 20838.6
1392.73 20842.8
1392.63 20839.4
1392.62 20846
1392.65 20849.9
1391.73 20867.9
1391.37 20756.7
1391.12 20764.5
1392.37 20798.7
1392.4 20831.4
1392.39 20830.7
1393.18 20833.6
1393.47 20916.4
1393.73 20935.5
1393.72 20936.4
1395.06 20952.9
1395.25 20945.6
1395.41 20950.3
1395.68 20986.4
1395.51 20996.1
1395.54 20991.2
1395.55 21000.9
1395.4 21002
1395.21 21001.9
1395.1 21007.9
1395.61 21056.4
1397.61 21095.7
1397.88 21044.6
1398.17 21024.8
1399.06 21073.8
1399.03 21069.6
1399.73 21057.1
1399.78 21019
1399.79 20990.9
1399.76 20974.9
1399.69 20967.3
1399.56 20958.1
1399.3 20901.4
1399.57 20851.6
1399.62 20847.5
1399.69 20824.2
1399.69 20833.1
1399.97 20864.5
1400.01 20884.5
1399.94 20882
1400 20867.5
1400.82 20912.5
1400.81 20923.6
1400.75 20918.8
1400.71 20915.5
1400.72 20915.2
1400.71 20909.4
1401.08 20902.6
1401.17 20895.4
1400.85 20906.9
1401.07 20903.4
1400.96 20898.5
1400.96 20913.3
1400.84 20920
1402.67 20949.6
1402.31 20917.9
1402.7 20906
1402.67 20905.1
1402.56 20890.5
1403.14 20887.4
1403.13 20884.4
1403.2 20880.3
1403.18 20879.7
1403.38 20896.3
1403.72 20859.4
1403.75 20854.2
1402.34 20868.6
1402.51 20932.3
1402.37 20949.5
1402.4 20958.8
1402.04 20943.2
1402.03 20876.7
1402.42 20873
1402.4 20878.9
1402.46 20920
1402.45 20930.9
1402.45 20929.8
1402.46 20954.9
1402.5 20955.4
1402.74 20971.7
1402.79 20980.9
1402.65 20993
1402.6 20998.8
1402.3 21006.6
1402.58 20991.7
1402.55 20992.2
1402.52 21000.4
1402.95 21040.4
1402.75 21058.7
1402.86 21063.6
1402.85 21061.3
1402.59 21032.2
1402.74 21045.3
1402.47 21044.4
1402.64 21045.7
1402.3 21039.9
1402.32 21048.3
1402.32 21072.3
1402.27 21069.8
1402.21 21056.7
1402.15 21059.9
1402.1 21046.6
1402.1 21037
1402.01 21030.2
1403.09 21023.2
1403.38 21065.2
1403.95 21045.5
1404.6 21049.9
1404.6 21028.5
1404.41 21008.4
1404.54 20999.9
1404.49 20998.4
1404.63 20993.8
1404.53 21003.8
1404.4 20993.5
1404.32 21014.4
1405.02 20983.1
1405.04 21028.4
1405.05 21028.9
1405.83 21048.7
1405.87 21027.5
1407.57 21109.6
