279.926 2542.29
281.565 1709.02
282.435 1294.36
283.525 1145.81
293.407 1355.17
301.505 1353.94
301.483 1250.83
305.252 1181.4
312.038 1186.6
313.601 1311.08
314.284 1255.03
314.384 1213.98
327.34 1249.41
334.734 1368.1
347.894 1377.3
348.91 1408.72
363.69 1496.13
364.279 1488.72
364.2 1487.64
364.322 1477.18
403.352 2386.42
427.157 3139.89
427.714 2880.32
436.208 3093.16
492.874 3217.99
495.357 3163.42
504.721 3392.35
504.705 3231.22
523.613 4735.96
539.832 4521.7
546.34 4644.3
556.647 4725.28
555.987 4592.79
571.212 4974.91
573.389 4843.63
574.448 4899.11
577.006 4917.82
580.263 4847.32
585.113 4712.46
585.018 4705.38
595.944 5272.97
598.026 5518.38
601.37 5475.85
604.004 5558.09
604.014 5505.58
610.824 6433.08
624.359 6461.91
633.407 6200.1
644.779 6393.02
652.28 6346.19
655.414 6299.21
657.193 6452.71
657.406 6437.11
658.814 6396.66
662.132 6363.47
667.059 6878.32
669.091 7504.58
670.225 7087.92
670.138 6873.42
670.53 6856.73
686.254 6901.6
694.418 6762.9
692.797 6800.89
693.535 6837.17
694.602 6818.55
697.108 6806.05
696.495 6835.93
694.6 8488.92
709.577 8028.65
713.342 7781.87
712.937 7583.86
717.875 7517.25
715.777 7551.81
718.617 7797.01
721.007 7750.58
721.365 7733.95
721.692 7758.66
721.785 7777.27
721.847 7815.13
721.146 7850.94
720.702 8014.09
722.733 8237.23
729.131 8804.55
728.662 8671.01
733.336 8583.79
733.258 8515.73
743.51 8431.14
743.016 8378.2
747.524 8316.02
746.955 8379.06
751.287 8344.25
751.711 8390.94
751.913 8370.12
751.886 8338.81
752.28 8270.98
760.869 8349.9
771.165 8999.31
771.878 9039.4
771.515 9135.8
770.426 9228.6
770.049 9308.72
769.5 9401.55
769.999 9476.81
776.418 9686.35
776.961 9703.41
785.901 9937.92
786.23 10192.3
786.785 10269.3
790.57 10302.1
790.611 10305
790.695 10383.6
792.908 10490.4
793.622 10504.9
800.251 10618.6
800.554 10607.8
802.649 10696.6
801.724 10949
804.723 11096.1
807.845 11071.4
812.398 11088.1
812.1 11013.9
815.451 11162.5
816.883 11264.6
817.828 11305.1
819.279 11362.2
819.784 11318.3
818.459 11369.6
817.626 11414.5
817.486 11517.6
816.742 11585.9
813.83 12096.2
814.461 11940.7
815.026 12029.4
819.051 12113.6
820.139 12009
821.509 12018.8
821.918 12055.9
824.451 12134.1
824.646 12553.3
824.841 12589.3
823.838 12329.5
823.833 12372.1
820.737 12427.9
824.441 12608.5
824.128 12584.4
825.174 12585.1
824.419 12724.7
824.577 12869.7
824.715 12950.9
825.216 12721.6
825.298 12612.9
827.992 12779.2
829.728 12922.5
834.766 13147
834.018 13074.9
837.555 13104.1
843.249 13149.1
839.89 13177.9
842.301 13160.5
841.624 13507.3
842.684 13516.1
844.501 13448
845.255 13547.1
843.506 13706.4
845.187 13921.8
851.049 13936.3
850.923 14012.9
851.04 14036.3
851.493 14144.2
852.804 14446.1
852.505 14679.8
853.708 14725.3
854.636 14751.1
855.434 14657.8
856.392 14547.1
855.401 14515.4
854.314 14455.6
852.937 14608.1
851.012 14673.6
851.403 14662.4
851.238 14670.7
850.676 14581.4
851.373 14490.2
852.25 14524.5
850.144 14761
852.933 14955.6
853.484 14935.4
854.097 14891.5
856.779 14937.2
856.426 15040.5
855.794 15135.2
855.49 15192.8
856.121 15236.6
857.743 15254.4
857.843 15280.9
857.983 15255.9
858.617 15183.5
860.206 15068.8
859.12 15052.5
859.664 15057.6
861.684 15093.6
861.285 15167.1
861.932 15157.2
862.036 15176.3
862.086 15214.6
862.193 15262
861.765 15337.4
861.747 15417.5
862.172 15405.2
862.002 15360.5
862.159 15361.5
863.756 15376.2
864.687 15390.5
865.032 15399.5
864.98 15395.3
865.13 15400.3
865.462 15404
865.112 15407.6
865.158 15448.4
865.28 15356.5
865.265 15259.3
865.265 15212.6
865.581 15214.1
865.599 15196.9
864.966 15273.4
866.915 15372.9
868.216 15470.4
868.186 15544.9
869.897 15581.2
869.792 15540
867.588 15542.1
869.93 15628.2
870.044 15365.5
875.893 15212.7
875.774 15056
875.613 14949.8
877.695 14909.2
879.039 14890.3
879.176 14700.6
879.253 14542.5
879.661 14474.5
880.266 14496.8
880.604 14509.3
881.247 14555.9
881 14539.1
881.242 14532.6
882.545 14548.2
884.2 14585.6
884.234 14611.6
883.701 14644.5
883.852 14650.3
883.539 14675.2
883.696 14679.5
885.07 14650.8
885.073 14620.9
885.014 14633
884.81 14665.1
884.811 14713.6
884.835 14746.7
884.958 14722.6
884.671 14958.6
884.576 14895.4
884.468 14813.8
884.472 14783.5
884.497 14737.8
884.255 14696.6
883.369 14579.3
883.458 14605.7
883.248 14616.4
883.009 14634.3
883.418 14625.4
883.681 14630.2
883.679 14656.6
883.573 14675.4
883.179 14676
883.226 14695.8
883.208 14670.3
883.007 14680.8
882.12 14676.4
882.827 14684.1
883.498 14750.1
883.893 14802.2
883.688 14918
883.96 14929.5
883.833 14903.2
884.187 14898.7
884.107 14910.9
883.191 14914.8
882.231 14954.3
882.427 15022.7
882.933 15053.1
882.855 15072.8
883.425 15090.7
883.167 15120.5
883.652 15153.3
882.083 15192.2
883.773 15414.4
883.748 15401.6
883.537 15374.7
882.963 15386.4
883.008 15465
883.439 15457.4
883.54 15446.7
888.71 15425.7
888.551 15343.9
888.644 15571.4
888.76 15557.8
888.978 15535.7
888.878 15524.9
888.623 15502.7
888.586 15494.2
888.688 15426.6
890.073 15422.7
891.399 15368
891.305 15352.5
891.517 15367.3
891.51 15380.4
892.485 15423
893.011 15439.7
892.935 15416.6
896.008 15450.7
896.779 15482.3
896.006 15452.9
896.278 15509.9
896.631 15595
897.788 15629.6
897.805 15600
898.176 15606.1
896.104 15609.4
895.965 15618.6
896.503 15625.7
896.501 15615
896.252 15602.2
896.259 15579.2
896.38 15584.8
895.818 15546.3
896.155 15597.5
897.713 15624.8
897.607 15612.1
896.901 15657.1
896.806 15605
896.877 15486.1
896.749 15364
895.822 15367.2
895.866 15362.4
895.98 15386.7
895.954 15323.5
895.691 15435.2
894.802 15461
894.747 15459.8
895.671 15542.2
895.507 15597.3
895.073 15605.6
895.068 15621.6
896.913 15661.5
896.925 15661.9
897.352 15676.2
897.085 15717.3
897.105 15743
896.695 15711.7
896.512 15707.7
896.529 15700.4
896.91 15712.4
896.74 15743.3
896.736 15719.7
896.609 15675.7
896.638 15660.7
895.917 15686.8
895.842 15735.8
896.034 15754.5
895.939 15755.7
896.704 15739.7
897.403 15713.7
898.569 15772.3
899.355 15838
900.718 15914.6
900.778 16037.8
900.117 16189.1
900.259 16243.9
899.783 16266
900.115 16324.3
900.245 16364.1
900.03 16385
900.023 16428.9
900.248 16468.2
898.614 16388.7
898.24 16537.6
898.164 16405.2
898.479 16319.6
898.039 16275.8
898.296 16287.8
899.135 16300.4
899.555 16330.9
899.614 16276.3
899.793 16251.8
899.485 16213.2
899.883 16218.4
899.775 16211.4
898.971 16238.1
899.422 16226.5
900.079 16254.6
900.08 16253.9
900.567 16309
899.708 16413.7
899.685 16434.8
899.63 16441.6
899.726 16532.3
900.249 16565.2
899.466 16646.7
899.471 16658
900.863 16692.5
900.947 16738.3
901.248 16898.3
901.666 16942.6
902.136 16975.1
904.146 16987.6
904.26 17004.9
904.182 16926.7
903.358 16990.5
903.735 17039.4
904.441 17088.6
904.492 17133
904.822 17317.3
904.775 17109.3
903.911 17184.1
904.314 17278.2
904.378 17299.1
903.832 17289.7
904.632 17298
904.935 17365.6
904.676 17258.4
904.851 17328.8
906.148 17664.1
905.616 17697.9
905.688 17743.5
905.593 17907.9
905.388 17888.4
905.405 17862.3
903.142 17915.9
903.297 17899.1
903.357 17923.8
903.233 17923.2
903.025 17913.5
903.804 17941.4
904.16 17884.6
904.053 17795.7
904.113 17821.6
905.408 17908.7
905.284 17927.8
905.561 17939.5
905.887 17966.5
906.082 18006.2
906.149 18015.9
906.06 18041.6
905.672 18038.4
907.014 18170.7
907.104 18197.3
906.998 18145.6
906.635 18179.1
906.629 18155.7
907.351 18144.1
907.546 18222.4
908.395 18243.6
908.306 18213.6
908.355 18159.5
908.585 18105.8
909.158 18067.2
909.297 18063.6
909.454 18087.7
910.679 18018
910.642 17996.2
910.584 18032.3
910.771 18068.2
910.469 18060.3
910.385 18070.5
910.303 18097.8
910.342 18175.2
910.482 18204.1
910.502 18234.5
910.532 18237.6
910.396 18163.8
910.342 17995.4
910.358 17899.1
910.119 17900.9
910.706 17923.7
911.404 18060.1
911.494 18205.7
912.893 18293.3
913.193 18270.7
914.59 18294.1
914.685 18306
915.107 18346.4
915.414 18389.1
916.502 18783.2
916.667 18906.3
916.677 18942.9
916.127 19094.4
916.259 18990.7
916.343 18964.4
916.426 18993.3
916.628 19014.4
915.537 19068
914.782 19010
915.696 18877.4
915.75 18856.6
916.116 18837.2
916.231 18792
917.396 18767.2
917.561 18732.7
917.508 18725.9
917.854 18735.1
917.944 18729.6
916.791 18788.3
916.811 18774
918.522 18803.2
917.003 18880
917.003 19022.7
916.859 19092.7
917.045 19129.1
917.328 19320.5
917.189 19505.3
917.292 19384.4
917.263 19279.7
916.868 19175.2
916.929 19032.4
917.184 18910.1
917.307 18841.6
916.21 18821
919.444 18864
919.443 18851.1
922.744 18917.8
922.191 18906.3
922.194 18897.1
923.978 18701.6
923.513 18734
922.9 18788.5
922.887 18813
923.046 19049.6
923.303 19176.6
923.385 19251.8
924.167 19247.5
923.57 19241.6
923.677 19239.9
923.14 19216.2
923.803 19201.8
924.366 19219.4
924.477 19200
923.033 19264.9
921.547 19280.3
929.686 19913.5
929.353 19993.9
929.36 19587.2
929.572 19347.4
930.656 19458.8
931.038 19527.4
931.15 19493.5
931.22 19505.3
931.336 19516
931.574 19502.9
931.993 19536.1
932.077 19574.9
932.193 19611.8
932.181 19606.5
932.195 19614.1
933.071 19773.6
932.848 19617.9
932.857 19677.6
932.927 19621.4
932.988 19597.6
932.99 19533.5
932.909 19558.3
934.031 19636.7
934.07 19625.5
934.066 19628.1
934.086 19598
934.129 19592.3
933.125 19576.4
933.202 19585.7
932.346 19579.5
933.814 19616.4
934.05 19594.1
933.552 19583.7
933.107 19541.6
933.722 19534.8
933.799 19552.4
934.493 19668.4
934.451 19759.1
935.762 19874
935.848 19812.3
935.807 19848.4
938.396 19919.1
938.333 19926.6
939 19931.1
938.081 19898.7
938.081 19908
938.06 19866.9
938.059 19859.2
938.074 19869.6
937.857 19904.3
937.831 19873.1
939.392 19900.3
944.296 20067.2
944.378 20077.5
944.387 19950.8
944.22 19840.3
944.124 19761.3
944.059 19714.9
946.013 19780.4
946.846 19806.2
946.633 19822.8
946.587 19834.4
946.043 19809.1
947.372 19812.7
947.359 19800
947.356 19702.3
947.24 19656.7
947.1 19644.6
947.611 19692.6
947.65 19716.9
947.788 19748.7
947.74 19782.2
947.428 19878
947.298 19890.7
947.499 19898.2
947.934 19866.4
947.63 19902.9
947.425 19909.3
947.396 19910.4
947.374 19957.4
947.746 20005.2
950.117 20090.4
950.051 20133.9
950.21 20160
949.819 20141.6
949.511 20151.4
949.57 20096.6
949.048 20203
950.884 20315.7
950.75 20353.1
951.278 20427.9
951.085 20481.8
951.885 20545.7
951.933 20674.1
951.678 20567.9
951.458 20458.1
950.936 20450.3
950.995 20413.8
951.037 20378.5
951.441 20376.1
951.574 20373.1
951.628 20403.9
952.07 20392.9
952.714 20396.6
953.002 20389
952.839 20367.7
952.822 20380.9
952.514 20361.4
951.954 20394.1
951.99 20364.4
952.055 20295.7
952.052 20316.9
952.059 20307.8
953.699 20283.1
953.756 20313.1
954.093 20307.9
954.171 20333.3
953.923 20336.7
954.16 20339.2
953.928 20295.8
953.951 20293.3
954.118 20297.2
954.765 20312.6
955.742 20332
955.359 20320.8
954.887 20282.9
954.897 20277.5
954.939 20273.1
954.862 20305.6
954.978 20312.4
954.677 20346.6
954.677 20361.7
955.452 20368.9
955.626 20314.8
955.127 20243.4
955.273 20282.7
955.318 20280.6
955.036 20239.5
955.062 20194.5
954.501 20079.3
954.484 20041.3
954.612 20062.9
954.55 20071.5
954.692 20081
955.029 20077.9
954.905 20065.8
954.933 20052.3
953.37 20044.4
953.526 20087.1
952.689 20076.7
952.239 20059.1
952.351 20099.4
952.43 20083.1
952.685 20105.6
952.683 20106.4
952.349 20086.9
952.403 20106.1
951.88 20134.5
954.831 20182.1
957.024 20214.8
956.966 20227.1
956.932 20217.9
956.855 20193.6
956.418 20192.7
956.394 20198.5
956.619 20189.9
956.618 20206.5
956.687 20232.3
956.795 20245.2
957.124 20257
957.21 20241.7
957.18 20324.4
958.064 20482.9
958.047 20676.5
958.055 20772.7
958.321 20756.3
958.698 20780
958.695 20794.9
958.374 20796
958.486 20822
959.156 20833
959.184 20817
958.849 20753.9
959.281 20693.7
959.306 20633.1
959.308 20610.1
959.323 20610.7
959.393 20608.7
959.379 20605.4
960.873 20661.1
960.871 20696.4
960.885 20716.9
961.212 20740.4
961.34 20732.1
961.378 20743
961.135 20710.6
961.096 20670.2
961.533 20703.8
962.035 20713.2
962.272 20695.6
961.302 20763.3
960.631 20756.2
960.381 20810.6
960.228 20827.4
960.426 20760.6
961.022 20743.2
961.002 20675
960.727 20633.5
961.316 20670
961.281 20742.5
961.119 20760.1
960.992 20730.8
960.978 20776.4
961.959 20794.1
962.676 20851.7
962.274 20888.4
961.996 20888
962.045 20846.4
962.097 20824.3
962.122 20815.8
962.041 20799.4
962.12 20811.9
962.097 20823.3
962.116 20821
962.185 20812.8
962.157 20802.7
961.931 20809.6
961.934 20747.5
961.883 20760.9
961.889 20740
961.394 20764.4
961.41 20785
961.226 20754.8
961.24 20741.3
961.462 20683.8
961.831 20653.2
961.619 20690.1
961.723 20721.6
963.138 20729.6
963.052 20745.1
963.274 20735.8
963.212 20731.1
964.27 20736.5
964.006 20807
963.659 20816.6
963.626 20817.9
964.349 20759.2
964.785 20687.2
965.135 20665.1
965.364 20654.8
966.523 20775.4
966.652 20686.8
966.815 20646.2
967.376 20565
969.936 20537.6
969.916 20528.9
970.757 20511
971.726 20540.9
971.403 20604.2
971.478 20558
972.07 20552.7
972.284 20593
973.475 20562.5
973.907 20449.9
973.84 20440.8
973.696 20419.8
973.701 20420.3
974.25 20578.5
973.802 20702.5
974.525 20681.6
974.794 20621.5
974.969 20605.1
975.149 20567.1
975.317 20561.3
975.333 20564.3
975.57 20567.9
975.838 20559.8
976.062 20590.4
976.127 20589
976.131 20590.4
976.124 20576.6
976.115 20565.3
975.666 20592.8
976.91 20648.2
976.965 20673.9
978.48 20742.9
979.02 20794.1
979.949 20748.1
979.938 20718.4
979.901 20711.9
981.176 20728
981.186 20745.7
981.236 20724
981.298 20711.4
981.291 20703.9
980.847 20733
980.723 20729.8
981.918 20769.6
981.918 20795.1
981.496 20801.9
981.526 20804
982.232 20863.3
981.816 20860.3
981.845 20839.4
981.778 20857
981.764 20868.7
981.792 20830.8
982.153 20844.7
982.478 20832.3
982.583 20854
982.818 20827.9
982.657 20834
982.602 20873.3
982.599 20868.2
982.548 20849.8
982.553 20826.5
982.845 20856.6
982.968 20877
982.96 20826.9
982.805 20778.1
982.808 20714
982.811 20657.5
982.832 20603.7
983.84 20609.6
983.783 20601.5
983.334 20468.7
983.396 20465
983.346 20381.1
983.361 20381.9
983.394 20341.1
983.618 20355.8
984.034 20357.9
983.154 20385.3
982.727 20439.4
982.667 20428.4
982.284 20417.2
982.279 20418.5
981.777 20392.9
981.777 20422.9
981.851 20452.4
981.954 20455.3
981.943 20516.8
981.77 20524.1
981.892 20622.4
981.971 20600
982.298 20597.7
983.013 20599.2
983.299 20627.1
983.728 20637.1
984.164 20644.4
984.165 20635.1
985.035 20704.1
985.018 20684.6
985.667 20713.2
985.976 20701.1
986.12 20662
986.213 20672.9
986.316 20703.7
986.571 20724.9
986.767 20741.6
986.783 20768.8
986.709 20762.2
986.735 20732.4
986.794 20737.5
987.292 20810.6
986.999 20794.7
987.233 20807.5
987.122 20794.8
986.898 20751.9
986.844 20731.6
986.647 20745.2
986.645 20751.2
986.548 20743.5
986.548 20762.1
986.591 20770.2
986.646 20762.9
986.572 20760.3
986.871 20768.3
986.548 20734.4
986.521 20730.3
986.532 20721.7
986.116 20625.8
987.204 20643.6
988.073 20727.1
988.072 20752.3
988.858 20776.3
988.984 20583
988.904 20593.1
988.879 20589
989.87 20672
990.183 20642.5
990.013 20575.4
991.03 20642.8
991.758 20575.9
991.633 20530.9
991.629 20452.7
991.573 20447.7
991.629 20438.8
991.371 20409.8
991.533 20403.3
991.583 20423.2
990.23 20481.1
990.19 20541.6
990.265 20570.9
989.411 20616.4
989.48 20619.6
989.427 20612.7
989.702 20681.7
989.691 20673.2
989.69 20642.3
990.36 20638.6
990.34 20651.6
990.475 20650.1
990.334 20637.5
990.29 20636.4
989.859 20584.2
989.385 20488.1
990.194 20529.2
990.277 20572.6
990.102 20600.7
989.6 20642.4
989.745 20649.1
989.839 20652.9
990.004 20677.9
990.159 20686.9
990.149 20693.8
988.582 20700.3
988.897 20775.3
988.666 20783.1
988.479 20867.1
988.556 20920.7
988.585 20965.6
988.99 21005.1
989.312 20981.6
989.272 20974
989.071 20964.8
989.058 20911.9
989.5 20858.7
989.441 20904.8
989.677 20950
989.886 20992.2
989.918 21019.3
989.975 21037.8
989.844 21065.5
989.563 21097.6
989.594 21130.3
989.619 21129.6
989.658 21163.1
989.648 21155.7
989.372 21208.6
