257.302 446.472
257.627 377.021
306.052 1090.22
312.813 969.019
354.35 4231.01
365.475 3500.74
485.128 3448.73
488.601 3457.44
503.192 3473.14
543.696 3850.54
550.287 3725.42
581.244 5683.46
620.867 6034.27
628.004 5485.56
636.4 4992.79
639.216 4900.56
641.506 4766.97
643.071 4760.54
652.621 4623.55
670.705 6063.84
688.894 5988.92
689.399 5557.6
695.643 5698.14
710.511 5690.41
711.038 5716.09
710.985 5711.62
721.733 7691.6
742.104 8433.82
742.989 8194.77
743.358 7794.37
754.851 7893.28
754.574 7933.25
755.162 7989.81
755.484 8005.18
759.505 8112.43
759.298 8189.19
764.735 8026.16
807.258 8710.91
820.544 8615.77
825.627 9166.86
841.929 9102.12
854.511 9224.27
856.007 9380.13
855.873 9510.89
897.857 10937.4
897.724 10863.8
899.104 10913
902.937 10808.1
913.153 10765.5
922.759 10673.9
923.158 10601.9
989.674 12229.9
1034.33 16871.3
1037.14 12527.2
1056.47 11270.3
1056.48 9547.95
1056.34 8772.51
1092.02 8689.36
1091.69 8666.84
1097.33 8940.16
1124.25 9187.28
1124.4 9059.2
1126.61 9076.14
1129.62 11397.6
1129.62 9953.95
1138.68 8903.33
1138.57 8393.54
1138.79 8322.26
1145.48 8086.77
1151.24 8351.88
1160.1 8750.39
1166.66 8627.84
1167.59 8491.41
1171.25 8439.55
1177.6 8316.92
1191.02 8952.58
1190.78 8851.16
1189.78 8911.19
1191.8 9079.95
1191.23 9051.53
1203.06 8980.26
1211.25 8987.95
1210.33 8796.01
1216.75 8607.04
1217.67 8578.66
1251.51 8763.09
1252.21 8634.54
1261.2 8765.81
1264.26 8768.91
1265.47 8643.93
1266.16 8545.91
1266.51 8493.85
1269.6 8432.49
1271.25 8379.52
1271.12 8387.79
1278.65 8309.99
1285.5 8269.87
1285.35 8206.55
1285.32 8187.89
1284.01 8185.92
1301.04 8323.02
1299.44 8303.78
1301.26 8240.65
1310.86 8304.74
1312.04 8163.03
1316.78 8097.97
1320.28 8067.58
1319.29 8058.92
1319.71 8060.62
1325.44 8076.12
1326.16 8074.73
1328.51 8058.02
1329.63 8033.03
1330.75 8015.89
1333.28 8015.29
1333.12 8025.06
1334.42 8019.84
1334.67 7946.2
1335.37 8002.43
1335.56 7990.79
1334.99 8011.32
1334.97 8106.06
1336.09 8226.56
1336.75 8245.81
1336.64 8260.88
1338.12 8262.56
1338.29 8223.68
1342.04 8166.62
1342 8174.39
1341.89 8163.06
1342.1 8127.94
1348.16 7999.99
1348.13 8007.69
1348.33 8034.74
1349.06 8063.41
1349.77 8101.62
1349.69 8097.13
1350.12 8076.71
1350.91 8071.86
1351.71 8055.45
1352.01 8048.4
1353.01 8044.17
1354.85 8042.45
1355.35 8007.25
1355.76 7980.51
1355.82 7974.29
1356.85 7963.42
1357.97 7964.83
1357.99 7955.18
1358.32 8039.6
1357.77 7977.54
1360.02 7978.89
1359.91 7972.86
1359.6 7967.09
1359.61 7960.84
1359.62 7941.28
1359.47 8039.94
1360.53 8073.74
1360.37 8015.16
1362.09 8460.62
1362.04 8327.44
1361.87 8316.28
1363.76 8314.81
1364.15 8288.65
1364.67 8260
1364.39 8301.9
1364.16 8287.55
1366.35 8295.57
1365.51 8389.8
1367.07 8400.31
1366.69 8337.47
1366.84 8368.18
1366.84 8380.79
1367.84 8386.16
1367.91 8403.26
1367.93 8396.48
1367.81 8390.04
1368.29 8400.82
1367.89 8403.85
1368.55 8409.23
1370.17 8446.35
1371.86 8606.58
1371.63 8639.73
1375.85 8666.83
1377.32 8705.1
1377.35 8734.76
1377.1 8739.17
1377 8777.05
1376.98 8809.81
1376.98 8841.96
1377.02 8858.36
1376.99 8887.87
1376.46 8903.61
1376.49 8919.64
1378.02 9352.76
1378 9365.07
1378.53 9339.87
1378.54 9349.7
1378.74 9353.07
1378.59 9394.88
1379.25 9722.79
1379.16 9687.77
1378.9 9725.4
1378.87 9723.41
1379.04 9763.32
1379.48 9781.79
1379.44 9800.23
1379.58 9814.35
1379.68 9786.98
1381.14 9763.9
1382.4 9739.39
1386.56 9729.4
1386.58 9751.82
1387.17 9745.66
1386.8 9720.1
1388.73 9661.2
1399.36 9687.81
1410.99 9699.2
1411.26 9691.65
1411.18 9697.71
1411.19 9705.28
1411.26 9700.47
1411.4 9712.46
1412.09 9712.92
1412.86 9717.65
1422.74 9521.87
1422.75 9596.77
1433.03 9436.76
1433.59 9388.69
1434.26 9438.05
1434.34 9450.9
1434.64 9473.55
1434.67 9366.95
1434.81 9371.48
1435.06 9362.29
1434.64 9295.81
1436.6 9187.16
1436.98 9171.18
1437.68 9171.71
1439.97 9291.2
1441.56 9047.3
1442.94 8848.51
1442.81 8916.1
1442.64 8972.43
1442.99 9023.29
1443.61 9068.22
1443.63 9113.91
1443.65 9097.33
1443.74 9085.88
1445.33 9097
1446.04 9092.1
1446.03 9085.89
1446.56 9090.33
1446.45 9057.7
1446.63 9039.22
1446.62 9029.56
1447.64 9019.98
1447.63 9020.01
1447.38 9011.96
1447.65 9072.88
1447.63 9113.82
1447.84 9163.17
1448.05 9229.01
1448.39 9259.9
1448.24 9409.39
1450.73 9450.98
1450.81 9492.7
1450.8 9498.71
1450.65 9477.22
1450.73 9486.34
1450.71 9512.5
1450.67 9516.38
1450.75 9509.06
1450.73 9528.2
1450.81 9538.23
1450.35 9508.09
1450.05 9411.09
1450.04 9345.53
1449.99 9313.25
1450.08 9306.63
1450.72 9304.36
1450.72 9304.32
1450.86 9310.53
1450.8 9313.48
1451.04 9302.97
1451.04 9258.42
1451.16 9252.37
1450.71 9240.7
1450.88 9260.35
1450.99 9295.88
1451.35 9299.13
1451.33 9312.52
1450.79 9433.84
1450.71 9453.93
1450.77 9466.64
1450.84 9468.17
1451.28 9488.41
1451.15 9484.77
1451.07 9507.26
1451.29 9628.52
1451.33 9617.97
1451.3 9619.65
1451.85 9628.86
1451.73 9636.39
1451.82 9649.12
1452.05 9656.43
1451.57 9673.19
1451.55 9695.78
1454.46 9647.38
1454.54 9619.16
1454.02 9599.05
1454.14 9590.89
1454.56 9592.17
1454.4 9587.25
1454.56 9585.49
1454.47 9586.53
1453.9 9849.49
1453.92 9803.44
1454.12 9798.4
1455.73 9849.62
1455.69 9848.25
1455.76 9850.3
1455.69 9791.27
1455.57 9779.47
1455.4 9850.48
1456.27 9894.31
1456.47 9917.49
1456.44 9921.83
1456.42 9929.59
1456.19 9909.74
1456.17 9902.95
1456.3 9897.83
1456.47 9880.13
1456.9 9863.38
1457.95 9904.48
1457.96 9887.15
1457.95 9888.13
1458.22 9885.37
1458.17 9899.43
1458.69 9882.2
1458.71 9896.89
1458.86 9894.9
1459.3 9903.69
1459.58 9946.01
1460.38 9961.18
1460.47 9988.39
1460.88 9987.76
1460.82 9978.89
1460.71 9967.73
1460.71 9970.96
1461.36 9983.34
1461.34 9996.54
1461.5 9997.83
1461.61 10047
1461.82 10063.7
1462.49 10118.8
1462.2 10142.3
1462.23 10121.2
1462.22 10098.1
1462.22 10090.5
1462.01 10164.2
1462.05 10105.7
1462.19 10121.9
1462.19 10127.6
1462.07 10124.9
1461.96 10128.3
1462.06 10138.2
1462.06 10149.2
1462.25 10137.6
1462.03 10124.4
1462.05 10074.3
1462.7 10130.2
1462.84 10102.4
1462.85 10111.1
1462.84 10107.6
1463.07 10122.5
1462.92 10143.9
1462.93 10137.3
1462.97 10115.6
1463.02 10093.2
1463.62 10087.1
1464.11 10121.5
1463.97 10136.8
1465.28 11021.9
1465.3 11342.2
1465.23 11437.6
1465.26 11468.7
1466.41 11458
1466.33 11447.9
1466.32 11435.5
1466.29 11421.9
1466.29 11415.5
1466.69 11410.5
1467.63 11447.2
1468.31 11476.2
1468.22 11486.5
1468.87 11514.9
1468.9 11520.1
1468.94 11536.5
1468.93 11539
1469 11562.4
1469.09 11578.8
1469.34 11588.8
1469.42 11604.6
1469.65 11607.7
1469.64 11617
1469.52 11649.8
1469.23 11615.9
1469.21 11486.4
1469.43 11454.1
1469.35 11450.7
1470.07 11484.3
1470.16 11466.5
1470.11 11457.9
1470.17 11456.2
1470.04 11456.3
1470.37 11432.9
1470.9 11427.2
1470.8 11434.1
1470.83 11445
1470.91 11458.3
1471.12 11461.3
1471.2 11398.9
1471.1 11382.6
1471.45 11415.2
1472.11 11470.9
1472.1 11461.7
1472.07 11466.9
1472.36 11474.7
1472.42 11479.7
1472.51 11474.9
1472.69 11492.5
1472.6 11492.2
1472.59 11492.9
1472.68 11481
1472.9 11481
1472.85 11486.6
1472.59 11502.8
1472.73 11525.9
1472.73 11546.3
1473.11 11546.6
1473.18 11555.1
1473.13 11549.5
1473.45 11537
1473.48 11503.4
1473.58 11490.9
1473.41 11517.8
1473.45 11493.6
1473.94 11477.7
1473.96 11474.2
1473.96 11463
1473.94 11456.2
1473.89 11451.3
1474.1 11449.1
1473.81 11424.3
1473.83 11425.7
1473.81 11421.9
1473.92 11433.4
1473.9 11443.9
1473.84 11444.9
1473.84 11451.2
1474.27 11420.7
1474.23 11418.3
1474.23 11420.5
1474.47 11414.3
1474.46 11411.3
1474.56 11406.6
1474.59 11386.2
1474.67 11389.9
1474.74 11397.7
1474.61 11410.1
1474.33 11364.5
1474.32 11320.1
1474.4 11316.1
1474.37 11268.9
1474.38 11250.3
1474.53 11258.9
1474.46 11266.3
1474.57 11265.4
1474.64 11266.6
1474.61 11260.1
1474.64 11270
1474.84 11246.8
1475.01 11232.4
1474.88 11260.5
1475.16 11238.4
1475.26 11228.4
1475.16 11209.9
1475.21 11196.1
1475.14 11175.4
1475.16 11168.2
1475.13 11169.6
1476.65 11153.2
1476.73 11151
1476.68 11159.5
1476.68 11164
1477.56 11185.9
1477.73 11207.2
1477.68 11215.2
1477.65 11216.6
1477.64 11209.8
1477.64 11205.9
1477.57 11167.6
1477.59 11167.3
1477.75 11168.8
1477.75 11182.6
1477.74 11185.3
1477.65 11178.8
1477.16 11167.8
1477.54 11168
1477.53 11175.2
1477.58 11161.7
1477.7 11160.1
1477.85 11161.9
1477.93 11164.4
1478.06 11154.8
1478.04 11154.8
1478.08 11151
1478.47 11146.6
1478.46 11147.7
1478.5 11144.5
1478.62 11154.6
1478.66 11156.9
1478.68 11178.2
1478.62 11182.3
1478.66 11191.5
1478.74 11195
1478.74 11199.2
1478.69 11192.4
1478.98 11190.8
1478.58 11194.1
1478.71 11189.3
1478.72 11184.7
1478.71 11179.6
1479.14 11198.8
1479.14 11197.5
1480.62 11161.8
1480.61 11166.9
1480.62 11167.9
1480.54 11173.9
1480.57 11173.9
1480.42 11177.6
1480.27 11190.6
1480.25 11197.7
1480.32 11205.8
1480.68 11239.8
1480.58 11223.4
1480.53 11212.3
1480.47 11213.6
1480.61 11221.2
1480.45 11222.2
1480.55 11223.6
1480.54 11231.9
1481.92 11193.5
1481.99 11197.1
1482.18 11197.4
1482.52 11171.6
1482.55 11188.1
1483.33 11208.4
1483.62 11199.8
1483.68 11182
1483.64 11182.6
1483.62 11181
1483.75 11180
1483.8 11178.1
1483.6 11169.3
1484.13 11191.7
1483.91 11200.3
1484.23 11194.7
1484.51 11192.7
1484.51 11194.8
1484.68 11201.5
1484.53 11190.4
1485.13 11200.6
1485.29 11213.6
1485.24 11167.9
1485.35 11147.8
1485.26 11130.6
1485.35 11140.4
1485.36 11143.5
1485.4 11128.3
1485.28 11112.4
1485.01 11083
1484.99 11095.6
1485.15 11106
1485.12 11095.2
1485.12 11088.3
1485.34 11103.8
1485.3 11116.3
1485.12 11147.1
1485.08 11163.6
1485.48 11168.2
1485.45 11170.9
1485.44 11172.1
1485.61 11163.1
1485.32 11142.7
1485.44 11155.9
1485.86 11159
1485.88 11166.7
1485.86 11156.2
1485.96 11138.5
1485.97 11130.6
1486.11 11126.1
1486.25 11121.1
1486.54 11139.6
1486.95 11146.8
1487.08 11155.9
1487.3 11169.5
1487.38 11179.4
1487.4 11183.9
1487.59 11188.6
1487.61 11187.5
1487.44 11183.5
1487.36 11212.5
1487.45 11205.4
1487.24 11162.8
1487.25 11171.2
1487.84 11159.1
1487.88 11151
1487.7 11173.3
1487.6 11168.5
1487.73 11193.7
1487.82 11203.3
1487.83 11217.6
1487.89 11208.1
1487.91 11217.4
1487.93 11232.4
1487.66 11227.5
1487.76 11247.6
1487.8 11243.1
1487.86 11232.2
1488.14 11207.1
1488.12 11192.5
1488.13 11183.6
1488.23 11171.5
1488.22 11161.5
1488.53 11178.2
1488.52 11171.4
1488.56 11167.2
1488.54 11136.1
1488.53 11133.2
1488.76 11136.6
1488.82 11165
1488.9 11167.8
1489.04 11165.1
1489.07 11162.4
1489.09 11157
1488.94 11125
1488.97 11102.2
1489.26 11099.8
1489.14 11103.9
1489.14 11093.1
1489.51 11083.1
1489.67 11075.1
1489.65 11076.9
1489.64 11075.6
1489.65 11065
1489.69 11055.7
1489.71 11050.8
1489.93 11049.1
1489.94 11054.2
1489.98 11059.9
1490 11059.5
1490.07 11056.2
1490.07 11054
1490.15 11053.8
1490.01 11044.8
1489.82 11046.8
1489.99 11049.5
1489.97 11046.5
1489.98 11063.1
1489.88 11059.8
1490.37 11043.8
1490.4 11063.5
1489.9 11065.3
1489.91 11061.1
1489.93 11059.1
1489.89 11097.8
1489.8 11103.7
1489.79 11106.1
1489.72 11105.6
1489.57 11128.5
1489.36 11139
1489.38 11159.8
1489.51 11146.3
1489.5 11148.7
1489.36 11148.8
1489.41 11153.8
1489.53 11161.8
1489.62 11167.5
1489.8 11167.8
1489.88 11166.6
1489.87 11192.3
1489.88 11206.2
1489.87 11216.9
1489.73 11215
1489.91 11208.6
1489.93 11214.9
1489.79 11213
1489.52 11191.2
1489.55 11176.9
1489.75 11178.8
1489.94 11180.3
1489.96 11178.8
1489.91 11175.3
1489.81 11152.8
1489.76 11140.2
1489.74 11128
1489.74 11121.9
1489.69 11119.2
1489.71 11114.3
1489.75 11116.8
1489.61 11084.7
1489.94 11041.1
1490.14 11047.5
1490.16 11052.6
1490.26 11058.2
1490.29 11060.3
1490.2 11056.6
1490.31 11061
1490.33 11064.4
1490.17 11066.9
1490.37 11076.6
1490.4 11063.3
1490.45 11069.3
1491.48 11037
1490.95 11021.6
1492.1 11011.7
1491.68 10898.9
1491.72 10837.3
1491.68 10830.1
1491.67 10822.2
1491.82 10810.8
1491.83 10791.6
1491.83 10780.9
1491.76 10766.1
1491.76 10755.5
1491.93 10751.5
1492.18 10737.9
1492.25 10714.9
1492.25 10707.6
1492.27 10700.8
1492.25 10693.5
1492.25 10690.4
1492.24 10682.4
1492.5 10683.3
1492.49 10674.6
1492.5 10672.5
1492.7 10686.1
1492.69 10677.9
1493.32 10668.8
1493.32 10673.4
1493.43 10679.5
1493.89 10678.2
1494.61 10672
1494.88 10686.3
1494.86 10694.3
1494.86 10695.1
1494.88 10700.7
1494.93 10698
1495.02 10699.2
1495.04 10677.2
1495.15 10673.3
1495.3 10663.6
1495.3 10660.2
1495.28 10650.7
1495.31 10658.5
1494.96 10638.1
1494.92 10617.3
1494.92 10607.5
1494.9 10595.9
1494.91 10579.2
1494.74 10570.7
1494.72 10571.1
1495.34 10542.5
1495.46 10539.4
1495.28 10516
1495.54 10509.9
1495.59 10504.5
1495.72 10493.2
1495.75 10497.6
1495.74 10470.9
1495.72 10472.3
1495.73 10473.1
1495.7 10470.9
1495.57 10470.6
1495.61 10469
1495.61 10461.1
1495.59 10453
1495.41 10400.8
1495.54 10394.1
1495.54 10387.2
1495.53 10382.9
1495.54 10389.1
1495.35 10391.4
1495.33 10395.6
1495.33 10389.9
1495.29 10388
1495.28 10402.1
1495.3 10394.9
1495.5 10394.7
1495.2 10406.2
1495.72 10437.4
1495.72 10465.3
1495.7 10467
1495.59 10472.3
1495.53 10472.5
1495.67 10484.6
1495.6 10491
1496.31 10484.7
1496.28 10492
1496.24 10492.6
1496.51 10501.3
1496.39 10511.9
1496.34 10516.9
1496.31 10506.2
1496.34 10510
1496.31 10500.8
1496.28 10492.1
1496.05 10505.5
1496.02 10515.7
1496.03 10519.7
1495.96 10526.3
1496.1 10532.8
1496.25 10543.5
1496.37 10545.3
1496.39 10547.8
1496.24 10550.4
1496.31 10557.6
1496.31 10562.7
1496.8 10551.7
1496.73 10546.1
1496.77 10544.5
1496.93 10537.9
1496.92 10539.6
1496.91 10531.8
1496.97 10526.2
1496.98 10520.8
1496.99 10512.7
1497 10510.2
1497 10509.7
1496.98 10513.5
1496.86 10533.8
1496.85 10537.7
1496.88 10510.2
1496.87 10490
1496.9 10468.7
1496.82 10460.2
1496.66 10453.9
1496.77 10446.4
1496.42 10463.7
1496.42 10495.6
1496.55 10493.8
1496.49 10490
1496.59 10494.6
1496.6 10496.7
1496.69 10500.6
1496.51 10507.1
1496.51 10508.5
1496.4 10513.4
1496.44 10511.1
1496.44 10510.4
1496.4 10510.4
1496.55 10507.1
1496.56 10506.3
1496.55 10502.6
1496.55 10476.6
1496.41 10473.2
1496.34 10467.6
1496.24 10463.4
1496.23 10458.9
1496.1 10452.5
1496.11 10447.2
1496.08 10442.3
1495.97 10425.6
1495.99 10420.6
1495.87 10407.9
1495.87 10406.2
1495.76 10397.2
1495.92 10392.3
1496.06 10390.3
1496.12 10383.9
1496.1 10381.7
1496.1 10375.8
1496.09 10368.2
1496.13 10362.4
1496.14 10359.7
1496.17 10356.4
1496.22 10345.1
1496.41 10356.3
1496.51 10363
1496.43 10367.6
1496.41 10365.7
1496.32 10361.3
1496.28 10358.6
1496.37 10350.3
1496.54 10346.5
1496.57 10378.1
1496.57 10369.9
1496.47 10358
1496.47 10357.5
1496.34 10329.4
1496.29 10324.9
1496.35 10333.3
1496.24 10322.1
1496.27 10323.2
1496.2 10323.4
1496.1 10322.2
1496.05 10320.6
1496.15 10333.3
1496.15 10289.4
1496.09 10294.8
1496.1 10301.4
1496.11 10305
1496.05 10312.2
1496.04 10316.5
1496.12 10308.7
1496.05 10295.4
1496.2 10279.6
1496.16 10275.7
1496.16 10277.3
1496.17 10283.6
1496.49 10363.8
1496.66 10367.5
1496.74 10365.3
1496.82 10364.8
1496.83 10363.2
1496.83 10363
1496.86 10362.3
1496.97 10362.4
1497.44 10355.1
1497.41 10355.9
1497.45 10358
1497.33 10347.4
1497.34 10340.4
1497.29 10345.1
1497.25 10346.2
1497.28 10351.1
1497.55 10427.1
1497.89 10416.5
1497.93 10422.1
1498.02 10430.3
1497.8 10431.6
1497.83 10427.2
1497.74 10419.9
1497.67 10427.6
1497.78 10455.4
1497.93 10436.7
1498.1 10425.9
1498.17 10410.4
1498.3 10403.1
1498.31 10387.3
1498.45 10378.2
1498.35 10380.3
1498.34 10377.5
1498.66 10367.7
1498.56 10361.4
1498.51 10354
1498.35 10350.4
1498.43 10351.3
1498.43 10345.1
1498.3 10347.2
1498.3 10346.2
1498.21 10331.8
1498.2 10327.9
1498.11 10324.3
1498.33 10334.5
1498.42 10328.5
1498.5 10337.1
1498.64 10355.8
1498.63 10355.5
1498.63 10355.7
1498.63 10370.5
1498.64 10380.6
1498.95 10412
1498.9 10425.3
1498.93 10445.4
1499.04 10456.1
1499.04 10463.9
1499.01 10452.7
1499.01 10450.7
1499.02 10450.1
1499.16 10456.8
1499.18 10461.6
1499.27 10459.3
1499.3 10451.5
1499.34 10445.8
1499.34 10448.8
1499.27 10458.2
1499.26 10462.9
1499.22 10463.3
1499.27 10462.8
1499.2 10462.3
1499.23 10464.3
1499.26 10464.7
1499.28 10463.2
1499.28 10460.8
1499.04 10427.9
1499.45 10473.7
