105.94 1030.61
107.785 739.21
110.032 717.327
172.351 1188.49
194.957 2152.04
244.544 2139.62
244.544 1899.17
356.277 2322.05
393.065 2556.82
393.065 2391.15
436.479 2875.21
436.887 2636.8
474.029 2759.16
478.78 2745.08
548.202 3015.23
550.797 2993.91
547.568 2944.19
589.159 3326.66
591.366 3214.71
586.607 3340.42
586.572 3328.15
588.681 3592.5
608.091 3744.56
647.408 4382.45
648.909 4016.29
648.251 4317.6
647.196 4196.01
672.041 4577.9
672.257 4501.8
672.13 4534.42
671.286 5014.35
679.778 5275.9
726.932 5450.64
738.579 5468.16
744.921 5642.86
769.089 7083.36
771.367 6204
792.853 8613.35
794.403 7854.58
799.814 7844.62
799.069 7987.69
805.051 7810.57
805.356 7753.76
823.524 7742.24
830.726 8329.62
839.806 8745.24
839.518 8807.3
849.601 9267.26
867.028 9295.37
875.667 9815.5
883.769 9590.95
925.367 13850.9
925.255 12067.3
929.802 11115
938.33 10807.7
947.648 10281.2
947.76 10040.4
955.525 9918.59
958.323 9689.74
958.821 9699.42
962.456 9658.29
963.66 9461.71
967.879 9382.14
981.878 9260.71
985.314 9235.32
986.16 9095.57
994.666 8913.55
1001.09 8831.5
1018.26 9483.92
1018.43 9259.87
1019.35 9111.5
1019.45 9094.08
1020.46 9153.68
1020.44 9135.34
1028.82 9662.58
1052.62 10184
1057.88 10199.6
1058.34 10493.1
1059.18 10833.8
1061.98 10998.9
1062.01 11009.5
1079.27 11837.4
1084.27 11342.4
1101.73 11155.7
1101.35 11047.2
1101.7 10979.3
1105.2 11238
1118.33 11341.2
1138.16 10834
1137.91 11579.8
1145.81 11380.6
1146.46 11987.4
1151.19 11673.9
1152.65 11606.8
1152.63 11583.4
1179.09 11288.6
1184.96 11020.2
1196.56 10889.7
1205.43 10553.2
1212.96 10525.4
1212.48 10416
1211.47 10407.2
1212.61 10412
1215.89 10248.6
1220.28 10195.9
1220.61 10159
1222.55 10148.6
1224.29 10085.3
1229.4 10031.5
1228.91 10031.6
1231.17 10018.9
1233.31 9951.17
1233.78 9922.83
1233.6 10054.4
1237.13 10018.6
1238.46 10029.7
1239.41 10031.5
1246.2 9998.46
1247.57 9968.65
1252.58 9879.37
1253.02 9872.17
1255.76 9847.98
1256.21 9801.3
1257.02 9785.64
1256.57 9769.26
1257.84 9718.55
1261.38 9699.27
1261.4 9638.83
1263.53 9582.23
1263.57 9468.12
1264.65 9444.71
1264.22 9526.28
1263.92 9507.99
1267.45 9701.23
1267.44 9655.2
1267.3 9564.48
1269.03 9542.3
1268.8 9561.42
1273.32 9535.31
1273.13 9575.57
1274.04 9584.41
1275.66 9624.05
1275.35 9638.06
1278.29 9667.81
1311.65 9961.88
1312.87 9403.02
1313.31 9330.29
1314 9313.83
1314.56 9298.71
1313.8 9339.5
1322.88 9257.33
1327.74 9283.66
1331.1 9318.76
1330.31 9230.58
1332.5 9236.75
1335.77 9167.92
1338.2 9298.84
1338.22 9386.11
1340.07 9439.6
1341.89 9391.79
1342.67 9408.84
1342.96 9402.88
1345.08 9379.5
1343.25 9440.18
1342.49 9481.59
1341.34 9602.97
1341.5 9784.85
1346.55 9884.4
1347 9807.66
1347.52 9890.48
1347.36 9866.72
1348.25 10015.6
1348.09 9871.65
1348.26 9896.71
1347.52 9958.61
1349.35 9790.5
1349.54 9695.7
1349.78 9655.95
1349.77 9629.16
1351.19 9612.75
1352.25 9627.13
1352.58 9648.69
1352.6 9677.61
1354.3 9687.64
1354.13 9715.94
1354.61 9729.31
1357.68 9638.38
1357.95 9623.52
1357.15 9913.87
1358.11 9904.06
1358.03 9868.55
1358.12 9899.3
1359.06 9939.67
1360.65 9936.18
1360.71 9940.67
1361.26 10026.2
1362.49 10091.9
1362.34 10152
1363.19 10218.6
1365.93 10222.9
1365.64 10260.5
1365.95 10236.9
1369.51 10149
1369.68 10165.7
1369.82 10158.5
1373.25 10125.2
1373.2 10138.3
1374 10161.6
1375.17 10143
1375.04 10117.6
1375.39 10055.5
1377.22 10128.6
1375.27 10166
1377.15 10343.1
1377.1 10347.6
1376.99 10275.1
1376.93 10224.4
1376.7 10159.8
1376.75 10129.5
1376.73 10093.9
1376.77 10085.2
1377.19 10055
1378.71 10003.3
1378.49 10022.5
1378.4 10006.4
1378.98 10007.5
1378.61 9941.88
1379.44 9881.23
1380.64 9931.4
1380.58 9953.77
1380.35 9931.58
1381.97 9890.29
1382.39 9882.2
1382.29 9888.78
1382.98 9899.3
1382.76 9915.53
1384.29 9949.27
1386.24 9870.32
1386.16 9926.1
1386.63 9951
1387.59 9982.51
1387.64 9991.39
1387.7 9983.33
1390.22 10011.5
1390.86 10047
1390.95 9965.82
1390.62 9911.16
1392.99 9928.14
1394.03 9772.69
1394.65 9828.23
1394.63 9832.39
1394.2 9809.58
1394.84 9798.06
1394.86 9808.2
1394.29 9799.77
1394.8 9811.14
1396.03 9830.27
1395.98 9825.03
1397.15 9868.1
1397.8 9931.89
1399.02 9964.34
1398.84 10012.5
1400 10077
1399.89 10102.7
1400.13 10102.6
1400.11 10194.6
1400.12 10237.9
1398.97 10325.8
1399.28 10386.7
1400.15 10389.8
1400.29 10377.5
1398.34 10470.1
1398.37 10531.1
1398.27 10484
1398.43 10452.4
1398.55 10441.1
1398.91 10435.3
1399.18 10453.6
1399.25 10467
1398.8 10512.3
1399.93 10548
1401.86 10570.6
1403.25 10572.4
1403.64 10585.8
1403.6 10608.2
1404.09 10641.7
1403.93 10639.1
1404.71 10687.4
1404.76 10709
1404.38 10774.5
1405.7 10776.9
1405.71 10792.2
1405.45 10807.3
1405.17 10805.2
1406.05 10767.2
1405.99 10775.8
1406.32 10802.9
1406.49 10760.4
1406.58 10762.8
1406.65 10742.5
1406.19 10785.4
1406.04 10763.6
1406.84 10765.5
1407.97 10720.5
1407.78 10722
1407.8 10720.9
1408.25 10727.5
1408.17 10743
1408.12 10773.4
1408.3 10786.9
1408.39 10782.3
1408.37 10780.9
1408.21 10775.6
1409.19 10759.6
1409.08 10812.1
1409.03 10817.6
1408.74 10811
1408.76 10820.6
1409.05 10843.7
1409 10853.6
1408.75 10858.1
1407.46 10827.9
1407.71 10860.6
1407.69 10804.6
1408.19 10822.5
1408.24 10819.9
1408.48 10818.1
1407.64 10798.7
1407.62 10783.2
1407.59 10777.9
1408.33 10748.8
1409.4 10745.3
1409.26 10732.9
1409.75 10727.3
1409.71 10706.5
1409.84 10707.8
1409.58 10712.4
1409.75 10700.7
1409.03 10733.8
1409.49 10692.7
1409.98 10702.2
1410.1 10721.5
1410.05 10733.6
1410.08 10755.9
1410 10773.7
1409.93 10797.2
1410.06 10812.6
1410.06 10815.5
1409.89 10800.4
1409.93 10769.8
1410.95 10778.7
1410.93 10775.7
1410.98 10775.7
1411.01 10771.7
1412.35 10821.5
1411.94 10846.3
1412.27 10882.7
1413.2 10886.6
1417.64 10812.9
1417.41 10841.8
1417.69 10853.9
1418.02 10855
1418 10835.7
1417.87 10834.3
1417.54 10820.8
1417.61 10816.1
1417.8 10808.8
1417.95 10803.3
1417.87 10789.4
1417.88 10789.1
1417.94 10786.6
1417.86 10780.4
1418.18 10758.8
1418.18 10766.5
1418.19 10767.6
1418.46 10742.2
1418.52 10695
1418.47 10680
1418.49 10667.8
1418.58 10656.7
1419.17 10680.9
1418.53 10629.6
1418.47 10648.5
1418.11 10648.9
1418.4 10678.8
1418.07 10672.9
1423.57 10592.4
1423.6 10620.2
1424.03 10595.4
1424.37 10590.4
1424.23 10588.1
1424.37 10598.7
1424.3 10584.6
1424.62 10581.1
1424.62 10573
1424.62 10562
1424.3 10547.7
1424.41 10535.8
1424.83 10537.4
1426.1 10515.6
1426.07 10519.4
1425.98 10524.1
1426.2 10526.8
1426.03 10475.6
1425.98 10454.5
1425.9 10450.5
1425.87 10442.5
1425.94 10440.9
1425.97 10436.6
1425.77 10424.1
1426.2 10417.6
1426.86 10389.4
1426.52 10396.6
1426.95 10409.9
1426.97 10421.1
1427.58 10403.6
1428.33 10403.7
1428.33 10411.8
1428.45 10426.3
1428.48 10462.3
1428.7 10473.1
1428.79 10477.8
1430.42 10476
1430.32 10478.5
1430.26 10399.6
1430.24 10453.9
1430.26 10436.2
1430.07 10420.1
1429.99 10418.4
1429.99 10413.2
1429.7 10418.2
1430.98 10613.1
1431.01 10590.1
1431.26 10587.1
1431.37 10562.6
1431.42 10607
1431.77 10586
1432.03 10567.3
1432.1 10556.5
1432.09 10558.8
1432.36 10558.6
1432.46 10578.6
1432.34 10581.7
1432.18 10591.1
1432.76 10598.6
1432.72 10586.5
1432.8 10582.6
1433.45 10564.4
1432.88 10606.2
1432.93 10642.2
1432.26 10692.8
1432.33 10734.6
1432.42 10749.3
1432.17 10741.8
1431.5 10724.8
1433.77 10815.4
1433.79 10814.4
1433.91 10800.6
1434.03 10818.8
1434.15 10830.7
1434.18 10841.7
1434.3 10854.3
1433.65 10856.2
1434.14 10845.6
1434.01 10828.2
1433.65 10695.2
1433.86 10686.9
1434.12 10670.4
1434.99 10694.1
1434.98 10732.9
1435.04 10744.7
1435.11 10735.5
1435.25 10692
1435.17 10676.3
1435.32 10682.9
1435.32 10668.3
1436.5 10638.6
1436.5 10626.3
1436.3 10626.1
1436.28 10624.1
1436.09 10693.5
1441.76 10669.5
1441.41 10655.1
1441.58 10657.9
1441.67 10650.5
1441.69 10646.3
1441.51 10646.3
1441.68 10645.6
1444.15 10692.6
1444.01 10689.1
1444.03 10705.6
1443.96 10701
1443.89 10689.9
1443.69 10690.6
1443.84 10697.4
1443.89 10686.1
1443.88 10667.8
1444.01 10667.4
1443.68 10648
1444.38 10638.6
1444.37 10629.2
1444.41 10638
1444.39 10637.4
1444.84 10646.4
1444.91 10645.4
1444.87 10551.9
1444.89 10536.1
1445.17 10533.1
1444.98 10546
1444.86 10556.3
1446 10585
1445.93 10578.5
1445.98 10571.6
1445.8 10575
1446.06 10579.3
1447.22 10567.5
1447.16 10575.9
1447 10551.9
1447.53 10562.7
1447.69 10562.8
1447.68 10588.8
1447.55 10603.3
1447.51 10541.5
1447.58 10546.7
1447.72 10555.7
1447.69 10551.5
1447.49 10518.5
1447.49 10494.9
1447.38 10487.5
1447.15 10486.6
1447.4 10497
1447.47 10517.8
1447.32 10505.7
1447.16 10510.9
1447.09 10499.7
1447.05 10506.2
1447.02 10504.3
1447.03 10509.1
1446.96 10514.5
1446.96 10512
1446.95 10510.7
1446.98 10520.7
1446.59 10512
1446.25 10552.5
1446.07 10613.2
1446.04 10603.7
1446.14 10604.9
1446.07 10611.5
1447.22 10621.9
1447.47 10631.6
1447.55 10636.2
1447.12 10624.9
1447.12 10612.6
1447.05 10603.3
1446.63 10574.3
1446.87 10552.9
1446.77 10579.7
1446.83 10577.5
1446.86 10582.1
1446.02 10536.4
1446.3 10427.9
1446.07 10412.4
1446.05 10414.7
1446.15 10431.7
1446.22 10427
1446.26 10427.1
1446.32 10433.2
1446.78 10435.8
1447.08 10429.4
1447.19 10434.9
1447.19 10435.4
1447.42 10445.1
1447.55 10458.5
1448.14 10424
1448.66 10416.5
1448.45 10423.9
1448.27 10426.1
1448.28 10433.7
1449.48 10478.6
1449.81 10511.1
1450.1 10512.2
1450.4 10538.4
1450.91 10519.1
1450.88 10516.5
1450.78 10539.1
1450.84 10527.7
1450.89 10528.2
1451.29 10528.1
1451.29 10508.4
1451.29 10500
1451.05 10522.1
1451.88 10509.4
1451.7 10508.4
1451.92 10519.5
1451.99 10516.6
1451.91 10538.4
1451.92 10541.5
1451.43 10506.5
1454.26 10598.8
1454.36 10563.1
1454.92 10521.4
1455.21 10517.6
1455.45 10507.2
1455.46 10515.9
1455.76 10544.7
1455.93 10533.4
1456.56 10530.1
1456.56 10524.1
1456.57 10521.1
1456.55 10518.4
1457.01 10532.9
1457.22 10533.9
1457.24 10522.2
1457.46 10525.7
1457.63 10514.3
1457.5 10453.1
1457.38 10454.7
1457.21 10427.2
1457.5 10484.7
1457.42 10500.5
1457.34 10502.1
1457.1 10469.1
1456.78 10465
1456.97 10463
1456.95 10452.8
1456.95 10454.3
1456.48 10594.7
1456.56 10556
1456.63 10516.8
1456.63 10525
1456.77 10573.8
1455.8 10613
1455.81 10664.7
1456.31 10681.9
1456.2 10689.4
1456.38 10700.1
1456.12 10691.8
1456.59 10687.4
1456.6 10692.9
1455.97 10653.6
1456.12 10669.2
1456.36 10664.5
1456.38 10678
1456.3 10678.5
1456.54 10660.8
1457 10706.6
1457 10714.6
1457.03 10722.7
1457.05 10735.3
1457.08 10772
1457.22 10771.7
1457.21 10744.1
1457.2 10755.9
1457.2 10753.5
1456.63 10708.2
1455.96 10763.5
1455.91 10787.1
1455.69 10776.1
1455.56 10783.6
1455.4 10774.3
1455.35 10778.8
1455.32 10785.9
1455.37 10798.4
1455.43 10802.5
1455.21 10801.1
1455.21 10809.4
1455.33 10822
1455.48 10776.1
1456.07 10801.8
1456.12 10829.2
1456.19 10842.6
1456.19 10858.8
1456.26 10844.9
1456.42 10835.7
1456.42 10826.3
1456.18 10808
1456.13 10805.2
1456.06 10788.4
1456.08 10791.3
1456.27 10774.8
1456.26 10797.8
1456.33 10814.2
1456.38 10828.7
1456.34 10825.8
1456.91 10816.7
1456.88 10815.4
1457.02 10848.8
1456.73 10852.5
1456.69 10865.1
1456.74 10852.3
1457.47 10906.9
1456.92 10889.5
1457.84 10861.6
1457.99 10917.2
1458.01 10932.1
1458.25 10960
1459.02 10977
1459.64 10988.8
1459.52 10973.8
1459.5 10968.8
1459.92 10958.7
1459.9 10962
1459.74 11019.9
1459.52 10991.9
1460.87 10993.4
1460.71 10959.2
1461.09 10971.1
1461.17 10991
1461.28 10982.9
1461.49 10972.9
1461.63 10992.7
1461.43 10977.4
1462.34 11126.6
1462.33 11147.4
1462.23 11143.2
1462.7 11158.5
1462.76 11140.5
1462.71 11142.9
1462.71 11142.7
1463.18 11140.7
1463.18 11140.6
1463.26 11137.6
1463.24 11125.2
1462.62 11116.9
1462.62 11125.4
1463.09 11136
1463.09 11140.1
1463.04 11139.3
1463.07 11135.5
1463.05 11118
1463.05 11092
1462.91 11083.1
1462.92 11057.7
1462.98 11034.2
1462.98 11027.7
1462.93 11026.3
1462.88 11021.7
1462.96 11017
1462.86 11023.7
1462.97 11028.9
1462.98 11043.4
1462.91 11029.7
1463 11027.1
1462.95 11023.3
1463.33 11007.9
1463.33 11000.2
1463.88 11006.8
1464.7 11008.7
1464.65 10987
1465.22 11009.2
1465.16 11021.5
1465.27 11030.3
1465.28 11036.5
1465.43 11049.4
1465.72 11050.6
1465.71 11055.2
1465.49 11006.9
1465.58 11008.1
1465.64 11002.9
1468.3 11019
1469.64 11017.7
1469.76 11035.6
1469.74 11038.6
1470.15 11043.9
1470.34 11067.4
1471.24 11087.7
1471.23 11099.2
1471.76 11122.1
1471.39 11160.6
1471.41 11195.5
1471.02 11201.6
1471.53 11236.5
1471.7 11253.9
1471.7 11248.6
1472.44 11314.5
1472.82 11378.5
1472.84 11392.8
1472.83 11387.2
1472.79 11363.2
1472.75 11348.6
1472.66 11341.6
1472.65 11298.7
1472.67 11290.7
1472.74 11291.6
1473.03 11227.1
1473.01 11246.5
1472.97 11269.8
1472.9 11269.7
1473.13 11249
1473.35 11252.8
1473.4 11260.1
1473.12 11259.2
1473.16 11274.8
1473.48 11301
1473.49 11314.9
1474.16 11327.7
1474.08 11332.1
1474.14 11333
1474.02 11322
1474.33 11340.6
1474.43 11346.8
1474.58 11337.6
1474.54 11341.1
1474.47 11318.8
1474.17 11260.3
1474.51 11244.3
1474.42 11236.1
1474.43 11222.9
1474.71 11369.9
1474.77 11316.1
1474.82 11299.8
1475.09 11310.2
1475.2 11324.5
1475.08 11332.9
1475.26 11339.7
1475.26 11353.4
1475.54 11377.9
1475.52 11388.7
1475.93 11369.2
1476.01 11343.6
1475.95 11336.4
1475.39 11324.6
1475.45 11341
1475.45 11359.9
1475.41 11411.9
1475.71 11439.5
1475.87 11451.1
1475.86 11447.5
1475.93 11448.2
1476.11 11469.2
1476.09 11480.7
1476.09 11471.9
1476.21 11468
1476.26 11470.2
1476.22 11459.7
1476.17 11464.4
1476.21 11484.5
1476.06 11488.1
1476.15 11492.6
1476.3 11519.6
1476.21 11532.1
1475.93 11542.1
1475.9 11541.2
1475.82 11547.3
1475.83 11552.4
1475.82 11555.9
1475.91 11562.8
1475.71 11559.1
1475.7 11547.5
1475.66 11504.7
1475.71 11565.5
1475.81 11551
1475.92 11570
1476.13 11571.9
1476.24 11575.5
1476.5 11578.3
1476.22 11573.1
1476.12 11562
1476.16 11560.1
1478.27 11598.6
1478.19 11580.9
1478.16 11590.4
1478.14 11602.6
1478.16 11608.1
1478.14 11609.8
1478.34 11652
1478.23 11638.2
1478.26 11627.5
1478.2 11634.5
1478.27 11627.9
1478.28 11634
1478.27 11631.5
1478.3 11649.5
1478.36 11657.6
1478.2 11658.8
1478.03 11669.3
1477.96 11668.1
1478.17 11683.6
1478.19 11693.1
1478.24 11688.9
1478.38 11694.4
1478.16 11700.7
1478.2 11696.2
1478.65 11705.6
1478.25 11714.2
1478.13 11689.2
1478.16 11696.2
1478.14 11693.4
1478.35 11686.6
1478.45 11672.7
1478.78 11687.2
1478.76 11666
1478.72 11682
1478.73 11702.2
1478.75 11705.9
1478.75 11693.5
1478.89 11693.7
1478.93 11694.3
1479 11699.4
1479.31 11693.1
1479.28 11687.2
1479.6 11706.3
1479.65 11703.3
1479.74 11712.6
1479.68 11729.2
1479.63 11742.8
1479.72 11746.6
1479.71 11736.9
1480.17 11764
1480.28 11758.3
1480.45 11757.3
1481.01 11758.4
1480.92 11746.6
1480.97 11758.8
1481.01 11768.5
1480.89 11775.7
1481.18 11787.7
1481.16 11793.7
1481.09 11764.7
1481.09 11741.1
1481.68 11702
1481.8 11699.1
1481.85 11697.8
1481.99 11704.4
1481.99 11725.2
1481.95 11730.5
1481.91 11738.9
1481.89 11739.8
1482.16 11738.1
1482.17 11729.7
1482.03 11753
1482.27 11752.3
1482.53 11759.6
1482.52 11766.3
1482.3 11765.5
1481.7 11804.5
1481.75 11805.6
1481.88 11823.1
1482.16 11844
1481.95 11853.1
1481.94 11846.4
1482.09 11841.2
1482.14 11846.2
1482.12 11849.7
1482.28 11852.6
1482.3 11849.6
1482.32 11842.5
1482.32 11826.9
1481.96 11834.6
1482 11826.4
1482.02 11814.1
1482.06 11808.4
1482.06 11807
1482.29 11811.1
1482.23 11819.8
1482.23 11807.7
1482.3 11789.2
1482.29 11788.6
1482.26 11793.5
1482.29 11792.5
1482.29 11797.8
1482.23 11798.7
1482.22 11798.5
1482.21 11795.4
1482.22 11769.7
1482.3 11771.4
1482.26 11762.3
1482.29 11756
1482.05 11757.1
1481.75 11780.5
1481.52 11783.4
1481.62 11796.8
1481.83 11807.2
1481.82 11807.1
1482.08 11806.9
1482.09 11797.5
1482.02 11798.2
1482.05 11779.4
1482.06 11783.6
1482.09 11779.6
1482.11 11777
1482.1 11773.9
1482.12 11774.3
1482.29 11780.3
1482.02 11775
1482.04 11785.7
1482.07 11793.6
1481.92 11807.4
1481.96 11831.9
1482.02 11840.9
1482.14 11870.8
1482.13 11875.4
1482.18 11870.7
1481.93 11856.5
1481.94 11861.4
1481.48 11813.1
1481.46 11828.7
1481.44 11812.9
1481.43 11803.2
