29.1553 60.1179
82.7277 266.703
118.617 623.179
196.264 1689.35
218.734 1555.86
244.786 1872.98
248.756 1865.27
329.836 3271.34
347.708 3058
410.649 3313.62
442.051 4352.75
443.425 3350.43
445.72 2963.37
446.095 2626.41
455.602 2386.44
465.346 2488.11
465.172 2367.84
496.973 2598.69
518.758 2737.73
529.155 2811.01
522.853 3272.13
523.327 3253.79
535.456 5314.33
536.601 4988.89
544.063 4729.26
545.754 4529.43
572.815 5603.64
580.077 5244.4
580.958 4982.43
626.061 5136.58
631.762 4890.59
633.865 5068.25
634.74 5130.89
636.6 5086.96
636.884 5018.07
656.88 5351.45
657.899 5287.25
666.343 5269.09
674.918 6152.13
679.977 5927.38
679.975 5894.47
683.585 6052.83
688.054 6234.46
685.899 6625.63
685.551 6616.1
687.189 6540.24
707.284 6869.51
713.129 7141.05
722.572 8153.51
735.17 7969.93
745.876 7512
744.632 7239.13
749.469 7643.51
753.964 7206.97
785.354 7237.36
782.043 7861.09
781.4 7864.37
781.771 7733.6
781.858 7679.35
799.132 8148.34
801.701 7660.32
800.624 7711.97
812.654 8069.76
812.956 7981.51
815.912 7861.69
833.343 8040.69
830.612 8152.16
829.794 8269.96
831.104 8338.58
835.026 8347.55
834.537 8350.15
835.063 8340.67
863.039 9273.76
864.637 9003.71
868.382 8916.16
868.784 8794.36
876.976 9589.03
879.097 9596.95
879.851 9618.8
879.868 9592.46
877.28 9837.61
881.062 10273.5
881.008 10123.9
888.302 10200.9
908.037 10218.2
909.528 10084.8
909.898 10028.7
910.032 9934.99
911.89 9976.71
914.315 10063.2
916.824 10090.7
932.052 10212.7
928.658 10989.7
928.051 11389.3
929.021 11223.6
928.714 11539.3
929.808 11603.3
930.487 12131.8
930.955 12064.4
938.539 12064.7
948.464 12094.6
956.718 12104.9
960.074 11974.3
958.313 11862.6
966.45 11731.8
966.615 11613.3
967.076 11503.4
966.569 11491.1
965.054 11510.8
962.493 12117.9
965.108 12231.3
973.119 12143.6
975.714 12057.1
975.935 11994
976.069 11925.1
976.99 11869
976.219 11837
975.432 11838.3
975.122 11782
975.149 11665.6
974.933 11665.5
974.446 11553.1
975.018 11547.4
976.741 11529.6
976.38 11539.9
977.438 11565.8
979.796 11502.7
979.478 11430.5
978.638 11446.2
980.623 11431.8
978.708 11868.9
981.946 11828.8
982.497 11817.7
991.433 11659
991.58 11656.4
1008.66 11526.5
1010.18 11515.5
1010.73 11453.8
1010.71 11420.1
1011.87 11369.3
1013.1 11345.4
1011.85 11341.3
1012.42 11357.7
1012.66 11373.5
1013.39 11442.5
1014.33 11444.1
1024.26 11916.6
1023.37 11976.8
1024.17 11936.1
1025.9 11855.1
1026.18 11724
1028.14 11641
1028.16 11606.3
1027.15 11560.6
1028.65 11644.6
1029.6 11635.6
1032.04 11649.9
1031.9 11686.5
1030.61 11767.1
1030.83 11826.7
1031.25 11865.4
1031.55 11897.8
1031.57 11919.5
1031.73 11929.8
1032.53 11903
1035.55 11843.8
1049.01 12262.7
1046.79 12665.1
1050.62 12693.7
1050.24 12782.9
1050.32 12787.1
1050.09 13372.7
1049.19 13832.1
1048.29 13228.6
1050.52 13241.5
1051.83 13463.9
1051.45 13600.4
1051.24 13681.4
1051.22 13687
1051.36 14003.3
1050.74 14105.4
1049.99 14120.5
1050.76 14045.3
1051.41 14009.6
1051.47 13946.4
1052.73 13924.6
1053.76 14465.5
1053.67 14302.4
1060.66 14281.6
1060.71 14210.1
1060.78 14141.9
1060.65 14044.3
1058.51 14105.5
1059.09 14096.9
1058.25 14122.1
1058.47 14119.7
1058.87 14123.1
1058.83 14117.8
1059.71 14101
1059.33 14089.9
1060.54 14082
1060.73 14058.5
1060.79 14044
1061.03 14045.3
1061.31 14096.7
1061.85 14069.2
1061.81 14062.4
1062.54 14004.2
1062.64 14055.7
1062.38 14060.8
1062.91 14087.9
1066.76 14148.7
1067.07 14247.9
1067.07 14291.9
1067.86 14283.9
1070.19 14308.8
1070.09 14299.4
1070.15 14318.7
1070.32 14321.8
1070.64 14313.1
1069.17 14439.1
1069.16 14467.4
1069.04 14481.8
1067.17 14509.5
1068.25 14461.3
1066.37 14520
1066.72 14506.6
1066.55 14507.9
1066.53 14516.9
1066.97 14323.6
1068.3 14337
1069.99 14257.4
1071.06 14422.8
1071.08 14351.2
1071.13 14346.1
1071.59 14317.2
1072.3 14303.1
1072.43 14301
1072.55 14293
1073.86 14334
1075.7 14290.4
1075.38 14366.2
1075.41 14323.7
1074.69 14353.9
1074.73 14404.7
1075.63 14417.8
1078.58 14474.3
1083.55 14639.2
1083.49 14581.6
1083.31 14520.8
1086.87 14800
1086.8 14781.7
1086.4 14762.6
1098.62 15250.4
1098.04 15174.6
1097.84 15168.9
1098.88 15229.6
1098.88 15285.1
1098.3 15219.7
1098.31 15233.4
1102.97 15342.5
1103.24 15216
1103.25 15112.2
1103.32 15018.4
1105.77 15121.9
1105.89 15262
1113.69 15206
1113.53 15311.8
1114.41 15334.2
1114.96 15373.3
1114.85 15428.3
1114.86 15436.1
1115.01 15428.2
1115.2 15423.2
1115.13 15417.8
1114.18 15444.7
1114.15 15434
1114.05 15444.2
1119.26 15469.1
1122.84 15598.8
1127.5 15802
1127.41 15908.7
1130.62 15995.2
1130.22 16011.5
1130.21 16006.5
1130.65 16001.4
1130.25 15866.7
1129.88 15928.7
1133.21 15753.7
1133.21 15732.1
1134.9 15743.7
1135.25 15624.9
1133.86 15626
1133.88 15845.1
1138.41 15815.9
1138.91 15897.6
1138.97 16122.1
1138.51 16422.9
1138.56 16468.3
1138.87 16541.4
1139.81 16717.9
1140.31 16720
1140.32 16675.6
1140.36 16624.2
1141.94 16514.5
1142.64 16537.1
1142.74 16488.8
1142.73 16466.2
1144.37 16439.1
1144.55 16439.6
1144.44 16438.6
1143.97 16452.1
1143.34 16464.1
1142.89 16571.6
1142.9 16627.5
1143.73 16472.9
1143.88 16384.2
1146.77 16362.8
1146.87 16360.2
1145.57 16464.5
1145.73 16521.2
1145.25 16600.3
1144.53 16649.8
1144.54 16730.1
1144.48 16789.7
1145.22 16845.1
1144.89 16759
1144.89 16758
1144.44 16771.8
1144.61 16799.3
1144.67 16847.4
1144 16814.4
1144.02 16800.3
1144.03 16777
1144.34 16793
1144.19 16792.3
1144.03 16800
1145.73 16783.5
1146.33 16771.1
1146.47 16789.1
1147.79 16784.1
1147.94 16770
1147.98 16759.5
1147.87 16759.1
1148.42 16782.3
1148.54 16758.9
1148.9 16774.5
1148.91 16781.8
1148.73 16761.4
1150.17 16778.3
1153.92 16781.7
1155.78 16785.8
1155.79 16825.5
1155.47 16823.2
1155.53 16880.2
1157.26 16836.2
1157.7 16824.6
1158.06 16829.9
1157.85 16832.8
1157.86 16821.3
1156.6 17120.2
1156.91 17142.2
1158.55 17131.5
1158.55 17066.7
1158.52 17055.2
1159.43 17032.3
1159.13 17049.2
1159.18 16947.7
1158.49 16926.4
1159.5 16936.7
1160.08 16924.1
1159.9 16941.1
1159.85 16947
1159.83 16935.8
1163.8 17023.4
1164.95 17052.5
1164.94 17065.4
1165.04 17057.3
1165.21 17025.5
1164.93 17088.4
1164.69 17103.3
1164.49 17124.9
1164.29 17124.3
1164.42 17084.7
1166.99 17125.1
1166.52 17168.1
1167.47 17164.3
1167.7 17208
1167.81 17221.3
1170.52 17186.2
1170.51 17226.4
1170.59 17233.9
1169.61 17315.2
1169.6 17325.4
1171.3 17400.7
1173.9 17415.2
1173.28 17392.5
1173.36 17525.9
1172.97 17589.8
1173.06 17665.3
1173.81 17847.1
1173.87 17824.5
1173.9 17830.5
1173.8 17830.9
1173.6 17842.2
1173.62 17817.5
1173.53 17795.3
1173.02 17668.5
1172.59 17582.1
1172.93 17608.6
1172.71 17601
1172.74 17620.8
1172.53 17606.6
1173.01 17611.7
1173.02 17643.1
1173.01 17624.6
1173.59 17635.4
1174.01 17546.5
1173.91 17569.6
1173.27 17545.1
1174.36 17645.9
1174.25 17642.8
1174.25 17657.3
1174.92 17715.6
1176.14 17722
1176.19 17747.7
1174.86 17735.8
1174.89 17771.2
1176.46 17826.2
1177.75 17854.7
1177.77 17833.8
1177.87 17774
1177.98 17771.2
1179.11 17782.2
1179.94 17795.2
1179.98 17811.6
1179.96 17823.3
1179.96 17832.1
1179.45 17845
1179.18 17857.1
1180.15 17853.7
1179.9 17894.1
1180.34 17851.9
1180.78 17912.2
1180.85 17929.6
1181.07 17948.5
1181.08 17971.9
1183.72 17987.9
1183.76 18022.8
1184.15 18038.4
1187.39 18010.1
1187.27 18068
1187.42 18087.7
1186.91 18121.1
1186.98 18121.4
1188.01 18109.8
1188.89 18075.2
1190.31 18090.9
1190.4 18126.8
1190.68 18128.4
1190.76 18112.1
1191.05 18093.1
1190.77 18061
1191.18 18011.7
1191.69 18092.7
1190.12 18263.5
1190.25 18326.5
1191.62 18307.1
1191.75 18280.2
1191.57 18366.2
1192.03 18352.7
1192.95 18375.6
1194.67 18439.6
1195.34 18472
1195.17 18503.7
1195.11 18529.4
1195.31 18512.4
1197.62 18427.6
1197.75 18460.8
1197.75 18496.6
1197.73 18486.8
1202.21 18400.8
1202.75 18422.9
1202.08 18420.1
1203.19 18414
1203.06 18428.6
1204.01 18422.2
1208.61 18491.1
1208.85 18512.3
1209.72 18542.6
1209.82 18551
1210.34 18570.4
1210.67 18561.2
1210.81 18555.4
1212.07 18527.7
1212.17 18515.3
1214.2 18572.9
1213.09 18617.3
1213.03 18594.4
1211.97 18567.9
1211.28 18616
1211.32 18699
1211.62 18688.7
1210.92 18720.4
1210.91 18707.7
1210.83 18675.7
1210.76 18728
1212.17 18664.8
1213.17 18646.8
1213.22 18655.3
1209.89 18726.6
1210.04 18745.7
1210.48 18682.7
1211 18663.7
1210.89 18689.6
1210.89 18668.1
1211.13 18649.1
1211.12 18639
1211.34 18651.5
1211.35 18660.1
1211.16 18650.7
1211.2 18650
1211.84 18641.8
1212.03 18631.6
1211.97 18622.8
1212.18 18611.7
1212.39 18614.6
1214.42 18606.5
1213.17 18655.2
1221.44 18786.6
1221.43 19003.2
1221.51 19023.3
1221.65 18989.5
1221.63 18997.5
1222.12 19010
1226.45 19029.8
1227.15 19109.2
1225.97 19182.6
1232 19203.2
1232.63 19212.7
1232.77 19174
1232.78 19137.7
1232.56 19171.2
1234.14 19122.1
1233.71 19141.9
1233.84 19214.5
1235.11 19164.7
1235.21 19143.2
1234.89 19111.6
1234.92 19109.6
1234.35 19129.3
1234.42 19148.1
1233.98 19158.6
1234.67 19134.6
1237.03 19092.3
1236.04 19140.2
1236.03 19125.4
1235.87 19120.9
1237.3 19108.8
1237.31 19105.7
1237.26 19102.8
1241.65 19120.8
1241.97 19127.4
1242.12 19142.3
1242.07 19146.3
1242.38 19137.8
1245.89 19056.1
1245.85 19041.7
1245.79 19054
1244.84 19223.4
1243.65 19268.1
1243.99 19301.6
1243.93 19245.1
1244.27 19174.9
1245.1 19189.3
1244.49 19124.9
1243.41 19199.3
1243.35 19196.4
1244.37 19136.8
1244.59 19125.1
1244.58 19124.5
1244.53 19113.6
1244.57 19120.7
1244.18 19146.4
1245.21 19178
1245.1 19237.2
1245.09 19248.4
1245.15 19251
1245.36 19245.8
1245.51 19223.9
1245.88 19221.6
1245.97 19228.7
1245.98 19222.7
1247.2 19239
1247.4 19239
1248.08 19263.9
1248.18 19240.7
1248.33 19232.5
1248.33 19174.9
1248.09 19195.8
1248.09 19141.8
1247.27 19143.9
1247.58 19150.1
1247.8 19126
1247.79 19155.8
1247.6 19174.9
1248.21 19193
1248.43 19191.6
1248.41 19213.5
1248.17 19137.4
1248.47 19114.8
1247.78 19254.2
1247.86 19262.4
1247.81 19256.5
1247.76 19268
1248.48 19262.8
1249.4 19266.2
1249.32 19286.1
1249.74 19297.3
1249.8 19316.7
1249.8 19301.3
1249.08 19383.3
1250.88 19357.3
1250.88 19352.3
1251.17 19338.6
1251.16 19315.4
1251.05 19317.9
1250.9 19337.5
1250.83 19330.8
1250.92 19323.3
1251.03 19297.7
1251.36 19279.4
1251.26 19281.7
1251.55 19298.9
1251.41 19299.5
1249.44 19377.7
1251.74 19524.8
1251.72 19581.3
1251.77 19583.3
1252.08 19576.6
1252.1 19626.1
1251.5 19645.4
1251.5 19641.7
1251.57 19641.1
1251.24 19634.5
1251.08 19650.3
1251.24 19667.4
1252.26 19708.2
1252.27 19684.3
1251.58 19644.6
1251.36 19666.1
1252.87 19697.8
1252.87 19716.3
1252.96 19710.7
1252.98 19691.1
1256.65 19702.7
1257.04 19716
1257.61 19690.5
1257.54 19693.3
1257.49 19764.6
1257.63 19764.2
1257.55 19757.5
1257.57 19766.5
1257.47 19764.8
1258.55 19730.7
1258.64 19739.8
1259.12 19755.5
1259.4 19751.6
1259.45 19760.3
1259.5 19771.5
1259.08 19772.8
1258.9 19767.3
1258.9 19766.4
1259.76 19758.3
1259.43 19778.4
1259.59 19801.1
1259.92 19697.7
1262.88 19719.2
1262.98 19722
1262.03 19765.2
1261.7 19799.2
1261.98 19837.2
1261.82 19816.2
1261.57 19790.4
1261.92 19817.1
1262.12 19808.9
1262.15 19800.4
1262.24 19766.7
1262.31 19743.3
1262.3 19721.7
1262.3 19713
1262.75 19705
1262.49 19709.6
1264.12 19753.4
1264.12 19774.8
1264.11 19814.7
1264.96 19902
1264.95 19865.3
1265.13 19883.5
1265.98 19958.9
1266.88 19978.1
1267.08 19984.5
1267.59 19987.1
1267.5 20027.2
1267.52 20004.6
1267.48 19990.3
1267.47 19950.3
1267.26 19967.2
1269.21 19943.8
1269.2 19959
1269.99 19992.9
1269.34 19968
1268.94 20019
1269.03 20018
1268.94 20008.9
1269.14 19976.5
1269.66 19979.9
1269.95 19990.9
1270 19993.5
1270.68 20016.5
1270.7 20014.5
1270.59 20013.6
1270.61 20017.6
1270.63 20018.6
1270.38 20016.4
1270.4 20014
1269.83 20014
1269.61 20035.2
1269.66 20001.7
1269.58 19983
1269.61 19971.2
1270.3 19959.1
1273.91 19964.7
1274.43 19979.4
1274.49 19961.4
1274.5 19898.6
1274.57 19893.6
1274.57 19895.1
1275.12 19890.9
1276.1 19891.7
1275.9 19888.2
1275.99 19859.6
1276.03 19835.7
1275.8 19860.3
1275.91 19854.6
1275.79 19846.7
1275.96 19672.3
1275.96 19727.1
1276 19744.7
1276.02 19773.3
1276.04 19774.9
1276.04 19786.5
1276.28 19802.6
1276.45 19813.3
1276.42 19817.5
1276.34 19825.2
1276.03 19840.5
1275.92 19854
1275.75 19844.4
1275.72 19856.8
1275.78 19857.2
1276.05 19903.6
1275.97 19923.7
1275.98 19937
1275.96 19897.5
1276.03 19908
1276.01 19911.5
1277.03 19953.7
1277.15 19932.1
1277.15 19925.5
1277.14 19931.3
1277.14 19944
1277.23 19963.2
1277.34 19973.8
1277.18 19979.2
1277.04 19993.9
1277.07 19999.4
1277.54 20019.6
1277.42 20026.8
1280.1 20056.8
1279.92 20071.5
1279.92 20048.3
1281.33 20009.9
1281.49 20046.6
1281.14 20066
1280.86 20071.4
1280.95 20065.9
1281.31 20102.8
1282.47 20177.6
1282.49 20190.7
1282.48 20160.9
1282.52 20143.6
1283.61 20135.8
1282.91 20132.8
1283.01 20122.5
1283.07 20122.3
1283.21 20156
1283.03 20147.1
1283.05 20136.1
1282.89 20130.3
1283.28 20141.7
1283.35 20132.7
1283.65 20135.5
1283.74 20131.7
1283.8 20135.3
1283.86 20136.2
1284.15 20144.6
1284.18 20190.6
1284.18 20153.9
1284.81 20159.1
1285.08 20188.8
1285.07 20199.1
1284.87 20205.7
1284.85 20189.8
1284.85 20206.1
1284.68 20180
1284.69 20212.9
1285.1 20146.5
1284.95 20192.8
1285.06 20201
1285.09 20193.4
1285.47 20186.9
1285.28 20174.5
1285 20165.6
1285 20151.2
1285.24 20153.6
1285.24 20146.4
1285.22 20139.3
1285.32 20128.8
1284.33 20172.3
1284.44 20188.9
1284.44 20213.9
1284.46 20226.6
1284.46 20232
1286.53 20275.3
1286.53 20302.9
1286.45 20330.7
1286.51 20310.1
1286.29 20308.9
1286.12 20308.2
1286.54 20346.4
1286.2 20345.6
1286.49 20350.7
1286.49 20369.7
1286.8 20401.4
1286.5 20443.9
1285.95 20426.4
1285.74 20425
1285.73 20436.7
1285.64 20462.3
1285.61 20458
1285.69 20520.1
1285.67 20515.2
1285.55 20493.6
1285.72 20509.6
1285.89 20523.4
1286.78 20481.4
1286.52 20501.1
1286.5 20509.9
1285.96 20494.3
1286.06 20485.8
1286.09 20455.1
1287.42 20476.6
1287.43 20463.9
1287.37 20457.6
1287.17 20460.8
1288.31 20486.8
1288.5 20478.3
1288.45 20467.7
1288.03 20468.6
1288.5 20463.2
1288.52 20470.9
1288.45 20484.4
1288.73 20518.5
1288.78 20529.4
1288.81 20534.8
1288.8 20541.3
1289.57 20542.6
1289.23 20557.3
1289.61 20476.9
1290.26 20531.1
1290.51 20548.3
1290.05 20559.9
1290.27 20567.7
1290.99 20576
1290.9 20572.7
1290.91 20570.4
1291.06 20569.7
1290.99 20579.8
1292.35 20585.3
1292.28 20603.1
1292.25 20613.7
1292.29 20609.5
1292.18 20619.3
1292.02 20628.7
1292.03 20641.8
1292.05 20628.8
1292.22 20610.3
1292.77 20601.9
1292.79 20592.2
1293.9 20596.5
1294.36 20618.7
1294.49 20616.8
1293.89 20638.6
1293.87 20637.7
1293.79 20625.2
1293.52 20618.9
1293.6 20599
1293.58 20593.9
1293.07 20592.7
1293.13 20613.4
1293.37 20614.9
1293.37 20621.1
1293.41 20631
1293.4 20640.9
1293.61 20656.2
1293.41 20678.1
1294.15 20696
1294.06 20752.2
1294.58 20752.5
1293.25 20829.1
1292.95 20847.4
1292.89 20840.2
1292.67 20851.1
1292.74 20846.1
1292.76 20838.1
1292.77 20816.7
1292.77 20807.4
1292.72 20792.2
1292.76 20793.6
1293.25 20782
1293.31 20768.7
1293.32 20769.6
1293.29 20769.7
1293.27 20792.8
1293.24 20792.6
1293.23 20780.7
1293.34 20773.5
1293.54 20808.2
1293.45 20804.9
1293.45 20807.4
1293.33 20809.8
1293.47 20897.2
1294.17 20904.1
1293.94 20973.2
1294.16 20985.4
1294.97 21023.9
1295.48 21048.8
1295.51 21030.6
1295.68 21024.2
1295.65 21036.8
1295.58 21017.4
1295.86 21010.1
1295.67 21015.7
1295.67 21014.1
1296.18 21017.3
1296.22 21025
1296.29 21042.9
1296.33 21045.5
1296.32 21042.5
1296.44 21040.5
1296.44 21041.7
1296.57 21034.5
1296.47 21012.9
1296.41 21024.4
1296.25 21025.8
1296.19 21016.6
1296.2 21019.9
1296.14 20964.8
1295.81 21056.5
1295.9 21156.5
1295.85 21125.8
1296.43 21132.3
1296.38 21126.7
1296.35 21114.3
1296.32 21124.7
1296.41 21117.3
1296.89 21115.2
1296.45 21140.8
1296.32 21160.1
1296.37 21171.5
1296.38 21184.4
1296.38 21181.2
1296.5 21151.4
1296.35 21135.2
1296.21 21071.9
1296.28 21063.4
1296.26 21052.5
1296.16 21051.2
1296.58 21061.6
1296.81 21067.1
1297.34 21267.3
1296.98 21082
1296.98 21100.9
1296.49 21123
1296.44 21135.3
1296.46 21147.1
1296.43 21151.1
1296.4 21193.6
