23.8957 19.7329
111.509 179.873
132.932 1051.23
184.474 797.12
385.225 1728.4
426.474 1767.84
428.201 1623.99
461.048 1841.62
508.223 3536.31
529.111 4764.65
641.251 4793.11
661.517 3996.98
672.74 3953.67
683.802 3945.25
691.384 4120.16
723.611 4802.49
727.047 4382.58
727.76 4351.59
726.777 4397.89
760.247 7205.02
782.826 7739.97
784.76 6769.51
785.706 6483.31
791.947 6676.18
806.902 7709.5
805.799 7815.05
808.793 8337.24
895.407 9918.6
913.795 17903.3
927.483 16298
925.899 13696.1
931.16 14329.1
932.561 12646.1
944.012 12543.8
946.561 11856.8
947.058 11250.2
953.447 12022.5
952.589 11419.5
954.616 11161.8
952.283 11278.6
965.554 12147.7
967.197 11465.6
981.098 11065.8
984.767 10966.4
980.32 10971.5
989.314 11290.2
990.815 11320.6
1006.96 13792.1
1068.95 13554
1071.93 13175.2
1080.59 12974.4
1081.85 12716.4
1107.76 12508.6
1107.71 12193.5
1134.88 11876.9
1135.21 11947.3
1131.03 11824.4
1142.86 11808.6
1161.14 11349.5
1212.21 11921.2
1223.76 11283.2
1224.23 11230.6
1229.46 11247.2
1232.04 11347.4
1243.99 13063.3
1253.59 13756.8
1259.21 14345.1
1261.27 14598.7
1280.04 14192.6
1279.3 14383.5
1284.74 14140.9
1284.32 14312.7
1303.1 13352.7
1321.16 13351.8
1323.14 13143.6
1324.81 12871.7
1328.08 12804.7
1348.73 15533.5
1347.87 15214
1354.88 14933.5
1354.83 14654.8
1355 14400.6
1355.05 14671
1358.4 15130.1
1358.16 14805
1357.29 14604.8
1363.53 14421.3
1370.08 14359
1373.82 14371.1
1382.18 14367.5
1385.92 14394.8
1385.85 14230
1384.76 15194.6
1388 15132.9
1402.74 15992.7
1402.82 15714.5
1403.12 15570.2
1404.2 15446.5
1413.64 15422.2
1402.64 16938.3
1400.21 17957.5
1401.39 18133.4
1403.38 18055
1409.25 17648.5
1414.11 17322.7
1414.12 16977.2
1415.97 16760.6
1417.71 16665.6
1430.21 16677.9
1432.72 16625.6
1434.16 16473.1
1437.54 16398.8
1440.41 16382.7
1441.92 16420.7
1448.32 16256.4
1448.69 16304.2
1449.3 16262.7
1449.03 16258.6
1449.14 16252.5
1451.2 16286.2
1451.84 16168.9
1450.36 16293.1
1451.79 16465.6
1453.56 16605.4
1455.62 16805.1
1456.67 16878.2
1458.03 16953.4
1458.47 16990
1457.93 16985.8
1458.41 17153.8
1456.83 17166.4
1458.9 17143.4
1458.92 17143.8
1459.33 17217
1460.06 17270.7
1460.11 17258.4
1459.49 17290.3
1459.97 17269.1
1455.95 17714.1
1456.59 17741.2
1464.59 17646.2
1462.64 17645.8
1462.75 17681.9
1462.4 17749.9
1462.62 17741
1465.9 17782.6
1465.32 17778.8
1466.33 17737.7
1465.11 17746.5
1464.88 17744.6
1464.47 17775
1461.88 17773.6
1462.78 18204.9
1462.68 18223.3
1462.21 18209.2
1463.44 18158.5
1463.48 18055
1466.15 17961.5
1468.46 17833.2
1468.48 17781.4
1469.16 17733
1466.7 17703.2
1466.13 18024.1
1467.37 18000.3
1467.43 17982.3
1467.04 17948.1
1467.06 17949.7
1467.02 17979.6
1469.07 18126.4
1470.72 18188.6
1469.06 18363.6
1468.31 18438.8
1468.49 18529.9
1467.74 18597.1
1467.23 18571.2
1468.09 18634.5
1468.67 18775.3
1469.58 18809.7
1469.65 18822.5
1471.52 19028.3
1476.33 19006.1
1478.53 19034.6
1478.97 19004.2
1478.92 18997.3
1477.87 19011.7
1478.54 18979.9
1478.4 18985
1481.65 19176
1482.57 19143.3
1482.61 19137.9
1482.72 19202.1
1481.8 19305.7
1482.58 19208.7
1482.62 19206
1482.64 19160.3
1483.2 19268.7
1482.86 19258.9
1482.69 19278.8
1482.24 19289.4
1482.72 19277.9
1483.53 19290.8
1487.87 19390.7
1488.55 19525.2
1489.09 19469.9
1488.56 19493
1490.09 19553.6
1490.25 19594.9
1490.49 19616.5
1490.53 19641.1
1490.64 19631.4
1491.08 19630.1
1491.22 19646.8
1491.23 19888.5
1492.53 20038.2
1496.46 20058.3
1502.29 20102.8
1502.47 20199.6
1502.39 20266.5
1504.83 20258.1
1505.73 20505.8
1506.71 20429.8
1507.54 20443.3
1507.91 20870
1510.98 20990.6
1511.08 20981.2
1510.77 21117.1
1511.64 21156.7
1512.12 21187.4
1513.08 21251
1532.89 21736.9
1533.09 21185.7
1537.19 21352.5
1538.72 21259.5
1538.37 21259.1
1538.17 21343.2
1538.32 21366
1544.31 21416.6
1543.56 21347.8
1543.54 21433.4
1543.25 21500.9
1545.33 21453
1547.16 21454.3
1552.65 21642.6
1552.86 21707.8
1558.25 21560.1
1561.97 21573.2
1563.66 21553
1563.85 21638
1575.52 21898.3
1575.2 21919.7
1575.2 22001.4
1575.14 22115.6
1574.95 22245.2
1577.7 22297.2
1577.68 22320.5
1577.69 22355.4
1581.17 22469.3
1583.22 22356.6
1584.66 22378.8
1585.07 22400.8
1585.25 22442.5
1591.59 22366.5
1591.59 22361.1
1591.53 22376
1593.16 22315.5
1593 22338
1602.96 22720.3
1602.99 22389.4
1602.79 22569.5
1602.83 22575.9
1605.39 22568.5
1605.89 22564.4
1605.93 22610.7
1603.87 22316.4
1603.81 22313.2
1603.75 22367.1
1603.82 22275
1603.18 22269.4
1604.2 22245.2
1604.13 22330
1603.99 22523.3
1605.33 22618.3
1604.92 22672.3
1605.93 22682.4
1605.93 22681.1
1606.88 22696.7
1606.76 22716.5
1615.43 22742.3
1615.35 22733.8
1615.43 22723.2
1615.43 22720.8
1615.35 22704
1615.08 22610
1615.23 22637.5
1615.42 22631
1615.53 22547.9
1617 22610
1616.91 22655.7
1616.65 22698.4
1616.42 22830.7
1616.98 22765.7
1616.15 22738.2
1616.17 22735.1
1616.56 22744.4
1617.65 22794.8
1617.41 22796
1617.19 23050.6
1619.19 23233.8
1619.1 23057.7
1619.08 23086.8
1619.02 23086.1
1619.02 23082.6
1619.52 23161.8
1619.5 23099.4
1619.57 23099.2
1619.45 23128.4
1619.3 23118.8
1618.91 23127.8
1618.47 23136.9
1618.3 23144.8
1618.27 23146.8
1621.79 23496.8
1621.39 23118.9
1621.51 23117.1
1625.65 23306.1
1627.12 23132
1637.93 23427.8
1637.74 23191.1
1638.94 23377.1
1638.87 23469
1638.82 23550.7
1639.12 23570.6
1640.36 23498.9
1641.48 23564.9
1641.81 23620.6
1642.64 23678.9
1642.62 23702.3
1643.18 23699.5
1643.19 23700.7
1643.86 23677.1
1643.97 23683.5
1644.5 23719
1644.49 23730.8
1645.42 23712.6
1644.63 23640.7
1644.68 23697.8
1644.72 23746.1
1644.27 23787.1
1644.18 23694.5
1642.29 23829.8
1641.57 23816.8
1641.46 23775.6
1641.85 23731.9
1641.9 23739.1
1642.24 23712.1
1644.61 23711.5
1644.6 23704
1645.58 23655
1645.47 23642.2
1645.4 23624.9
1645.56 23589.3
1646.17 23582
1645.66 23594.8
1645.56 23615.6
1645.51 23630.2
1645.53 23640.8
1645.7 23644.9
1647.19 23669.1
1646.68 23645.5
1646.84 23666.1
1646.62 23677.2
1647.37 23703.1
1649.1 23850
1649.63 23691.4
1649.38 23715.4
1649.29 23733.1
1648.99 23741.6
1649.01 23748.6
1649.61 23721.2
1649.71 23744
1649.71 23736.6
1650.38 23741.5
1650.87 23737.2
1650.86 23738.8
1650.61 23732
1650.9 23726.1
1651.11 23722.8
1651.24 23714
1654.96 23858.1
1655.14 23686.2
1655.39 23727.5
1656.58 23914.8
1659.4 23918.2
1661.29 23801.3
1661.18 23793
1661.61 23880.9
1662.96 23972.1
1663.17 23903.5
1665.77 24019.8
1666.58 23988.5
1666.52 24000.6
1667.56 24045
1667.32 24033.6
1667.66 24059.5
1667.68 24033.3
1667.76 24044.1
1667.03 24094.8
1667.19 24139.3
1667.17 24177.9
1667.26 24161.7
1666.94 24213.3
1666.81 24257.5
1666.79 24298.9
1666.29 24322.3
1666.01 24339.7
1665.99 24334.7
1666.09 24350.3
1666.08 24361.8
1665.93 24377.6
1666.23 24428.9
1666.14 24451.2
1666.14 24468.9
1665.5 24488.4
1666.03 24537.7
1667.84 24553.9
1667.44 24601.4
1667.39 24616.1
1667.47 24616.3
1667.64 24694.2
1667.55 24640.3
1669.75 24660
1668.51 24698.2
1668.06 24932.9
1667.86 24976.8
1668.82 25015.9
1670.58 25026.4
1670.44 25009.5
1671.17 25072.1
1671.08 25141.7
1671.03 25194
1671.08 25152.6
1671.07 25190.9
1671.51 25206
1671.29 25236.1
1674.11 25236.9
1674.15 25248.8
1673.93 25269.8
1677.33 25289.6
1677.68 25331.5
1677.2 25379.3
1677.1 25418.4
1679.44 25464.9
1679.79 25266.4
1679.71 25147.4
1679.75 25083.4
1679.86 25036.1
1681.73 25008.8
1681.78 24884.2
1682.91 24882.7
1683.02 24923.4
1683.02 24920.8
1682.4 24974.9
1683.39 24935.9
1683.96 24992.9
1683.8 24995.5
1683.41 25000.6
1683.38 24982.8
1683.37 25027.5
1682.63 25038.5
1682.95 25075.7
1682.55 25228.6
1682.69 25217.1
1682.71 25202.5
1682.73 25211
1683.15 25201.4
1683.16 25236.2
1683.15 25227.4
1683.17 25197.1
1684.58 25285.2
1688.99 25289.3
1693.5 25374.3
1693.51 25341.6
1693.58 25399.2
1693.87 25407
1693.93 25398.6
1693.87 25404.1
1693.65 25310.7
1693.91 25300
1694.06 25289.4
1694.84 25322.4
1694.6 25916.2
1694.66 25965.4
1694.67 25909.5
1695.51 25915
1695.52 25907.9
1697.19 25881.7
1697.18 25861.3
1697.17 25796
1697.2 25787.6
1697.17 25788.4
1697.03 25782.4
1698.59 25825.3
1700.36 25782.5
1702.19 25742.1
1702.19 25743.3
1702.2 25761.5
1702.93 25781.3
1703.43 25750.7
1703.44 25772.2
1703.46 25792.1
1703.84 25860
1703.7 26003.9
1703.71 26027.9
1703.71 26011
1703.72 26011.4
1702.92 26038.6
1702.83 26019.3
1702.91 26031.8
1702.98 26053.8
1702.63 26094.3
1703.46 26132.8
1703.46 26123.6
1703.48 26123.6
1702.22 26117.5
1702.03 26083.8
1702.02 26073
1702.25 26060.8
1702.82 26042.4
1702.79 26034.9
1703.84 26012.5
1703.78 26045.5
1703.97 26075.2
1704.04 26042.5
1704.04 26016.4
1704.03 26016.6
1703.79 26013.9
1703.71 26025
1703.8 26027.3
1704.16 26034.2
1704.1 26028.3
1703.94 26019.9
1703.96 25932.8
1704.12 25943.8
1704.68 25919.7
1705.06 25895.8
1705.05 25866.9
1705.46 25871
1705.76 25837.4
1705.71 25841.3
1705.98 25851.4
1706.3 25873.8
1707.34 26157.4
1707.38 25922.5
1707.08 25990.6
1706.78 26017.3
1706.84 26025.4
1706.37 26002.9
1706.79 26066.9
1706.73 26169.8
1707.04 26223.8
1707.04 26255.7
1707.11 26266.1
1708.33 26309.9
1709.46 26306.9
1709.18 26332.3
1710.62 26376
1710.89 26373.4
1711.52 26360
1711.64 26375.9
1711.56 26356
1711.65 26328.8
1711.7 26353.2
1711.73 26367.7
1711.68 26366.7
1711.35 26376.9
1711.4 26370.4
1711.88 26384
1711.79 26519.9
1711.66 26520
1711.66 26486.4
1711.34 26476.7
1711.34 26473.2
1711.29 26479.3
1711.65 26496.8
1711.61 26521.5
1712.08 26515.9
1712.44 26511.5
1712.95 27295.5
1712.74 27346.1
1712.77 27335
1713.51 27310.3
1714.01 27333
1714.03 27297.9
1713.93 27282.4
1714.09 27271.9
1714.1 27253.1
1714.58 27254.7
1714.83 27244.2
1715.07 27220.2
1714.73 27258.4
1714.98 27268.9
1714.96 27265
1714.99 27259.9
1715.32 27246.9
1715.21 27247.7
1717.58 27579.4
1720.31 27553.9
1723.72 27614.3
1723.91 27518.5
1723.91 27561.1
1723.92 27605.7
1724.12 27633.7
1723.84 27650.8
1723.83 27650.7
1723.78 27646.2
1725.23 27926.8
1725.22 27849.2
1725.25 27927
1725.27 27905
1725.19 27897.8
1726.39 27923.2
1726.34 27959.1
1726.37 27989
1725.97 27981.4
1726.05 27968.7
1726.19 27976.7
1726.32 27985.5
1727.23 27907.6
1728.27 27862.1
1729.33 27844.3
1729.38 27823.1
1729.55 27831.8
1729.64 27848.8
1729.63 27850.1
1729.46 27874.4
1729.63 27879.3
1729.06 27891.3
1729.43 27910.6
1730.07 27858.2
1729.89 27907.6
1729.92 27923.5
1729.93 27931.6
1729.93 27919.1
1729.93 27916.5
1730.46 27914.3
1729.65 27910.6
1729.61 27902.5
1729.63 27905.9
1729.8 27898.7
1730.63 27893.3
1730.65 27899.7
1730.7 27909.9
1731.28 27866.2
1731.39 27879.2
1731.88 27897.1
1731.46 27886.3
1731.64 27897.8
1731.63 27929.4
1731.81 27952.3
1732.97 27974.7
1732.93 28018.6
1733.12 28024.4
1733.11 28062
1733.1 28067.1
1733.17 28063.2
1733.27 28038.7
1733.24 28027.9
1733.24 28021.6
1733.3 27999
1733.32 27990.2
1733.32 27949
1733.2 27971.7
1732.91 27906.7
1732.77 27971.1
1733.24 28005.1
1733.07 28000.3
1733.31 27995.6
1733.36 27986.1
1733.32 27957.5
1733.36 27980.8
1733.32 27944.1
1733.29 27925.5
1733.29 27927.4
1733.25 27899.2
1734.24 27931.5
1734.24 27952.2
1734.17 27967.9
1733.95 27979.8
1734.06 27991.8
1734.06 27994.2
1734.17 28008.8
1734.17 27999.1
1737.63 27969.1
1737.65 28186.6
1737.64 28174.7
1737.64 28185.1
1737.28 28199.7
1739.83 28171.4
1739.77 28199.2
1740.11 28213
1740.14 28216.7
1739.43 28224.3
1741.81 28226.1
1741.53 28241.6
1741.35 28214.9
1741.28 28206.8
1741.27 28202.1
1742.86 28200.3
1742.8 28228.9
1742.86 28241
1743.11 28246.8
1743.5 28286
1743.74 28303.1
1743.94 28305.5
1743.98 28308
1744.04 28307.4
1743.98 28305
1743.99 28296.8
1744.19 28301.4
1744.66 28290.7
1744.65 28309.3
1744.99 28329.7
1744.93 28332.4
1745.04 28307
1745.32 28311.4
1745.19 28327.4
1745.07 28353.5
1745.14 28320.8
1744.33 28347.6
1744.32 28308.8
1744.29 28294.3
1744.23 28267.3
1744.06 28260
1744.02 28440.9
1743.97 28471.4
1745.7 28448.6
1745.7 28457.9
1745.81 28463.5
1745.89 28465.4
1745.58 28485.1
1745.64 28469.6
1745.65 28458.8
1745.8 28460.5
1746.41 28459.4
1746.48 28486
1746.44 28469.8
1746.23 28566.6
1745.96 28606.9
1745.99 28606.4
1745.96 28619.1
1746.09 28597.2
1746.48 28591.9
1746.41 28608.9
1747.86 28643.1
1747.93 28644
1747.91 28648.7
1748 28633.8
1748.24 28632.2
1748.17 28624.3
1748.18 28610.7
1748.17 28587.6
1748.01 28613.4
1748.14 28607.8
1748.14 28601.3
1748.23 28596
1748.33 28620.8
1748.41 28632.8
1748.42 28631.7
1749.05 28630.8
1749 28642.4
1749.14 28636.1
1749.14 28641
1749.33 28642.6
1750.38 28629.4
1750.44 28636.3
1750.54 28651.6
1750.51 28650.1
1750.67 28628.8
1750.74 28614.6
1750.74 28614.3
1751.03 28594.3
1751.04 28582.2
1753.3 28664.1
1753.56 28621.2
1753.56 28651.6
1753.52 28651.1
1753.5 28647
1753.46 28647.8
1753.44 28639.8
1753.4 28640.1
1753.41 28641.5
1753.42 28642.9
1753.28 28661
1753.25 28664.6
1753.36 28643.8
1753.11 28601.9
1753.04 28569.2
1752.94 28569.1
1752.97 28581.3
1753.27 28535.7
1753.56 28571.6
1753.43 28573
1753.49 28572.1
1754.11 28569.1
1754.03 28562.2
1754.14 28558.4
1754.17 28568.5
1754.14 28566.8
1754.07 28565.4
1754.11 28574.7
1754.1 28598.8
1754.05 28602.7
1754.44 28610.2
1754.45 28610.9
1756.23 28540.9
1756.23 28528.7
1756.27 28523.9
1756.43 28531.3
1756.31 28527.9
1756.45 28551.1
1756.61 28612.8
1756.55 28594.4
1756.57 28593.6
1756.61 28586.3
1755.57 28474.1
1755.98 28522
1756.12 28512.4
1756.24 28559.4
1756.54 28544
1756.45 28506.7
1756.02 28486.1
1756.07 28477.3
1756.02 28449.7
1756.06 28445.3
1756.38 28485.8
1756.4 28464.7
1756.48 28454.9
1756.43 28459.7
1756.45 28456.4
1756.48 28457.7
1756.23 28466.5
1758.04 28519
1758.23 28476.1
1757.98 28517.4
1757.71 28532.6
1758.85 28543.7
1758.96 28492.3
1759.31 28554.1
1759.21 28524.8
1759.32 28537.1
1760.58 28573.3
1761.04 28536.1
1760.6 28560.9
1760.89 28595.7
1760.78 28610.1
1761.69 28596.3
1761.66 28587.1
1761.66 28601.3
1761.74 28631.6
1761.66 28616.3
1761.93 28612.9
1762.07 28626.1
1762.24 28632.5
1762.23 28624.4
1762.12 28627.8
1762.14 28626.9
1762.17 28631.2
1762.18 28636
1762.62 28671.1
1762.64 28671.2
1762.72 28653.2
1762.77 28648.4
1762.92 28651.6
1763.35 28625.3
1763.65 28647.1
1764.59 28668.4
1764.59 28686.7
1764.75 28689.9
1764.59 28646.7
1764.48 28622.2
1764.36 28644.6
1764.4 28709.3
1764.4 28714.9
1764.22 28742
1764.43 28742.8
1764.41 28718.4
1764.51 28740.7
1764.39 28752.6
1764.29 28800
1764.19 28800.1
1764.22 28842.8
1764.82 28855.8
1765.18 28908.2
1765.87 29236.8
1765.79 29335.5
1765.87 29310.9
1765.83 29335.8
1765.85 29361.2
1765.85 29372.6
1766.33 29392.3
1766.29 29406.7
1766.28 29421.1
1766.28 29419.1
1766.08 29480
1766.04 29466.1
1766.11 29458.5
1766.2 29407.9
1766.2 29406.1
1766.37 29410
1766.34 29419
1766.35 29435.3
1766.33 29412.8
1766.16 29412.3
1766.16 29423.1
1766.73 29471.3
1767.8 29404.2
1767.41 29443.9
1768.39 29499.6
1768.39 29468.7
1768.3 29492.1
1768.33 29518
1768.46 29526.2
1770.65 29546.1
1770.65 29552.3
1770.65 29546.1
1770.64 29550
1770.68 29549.7
1771 29564.6
1771.05 29577.1
1771.06 29578
1771.48 29583.6
1771.56 29600.1
1771.3 29597.4
1771.96 29588
1771.56 29611.6
1771.97 29615
1772.08 29620.1
1771.5 29653.9
1771.5 29621.4
1771.5 29578.1
1771.45 29570.8
1771.54 29575.8
1771.65 29571.4
1771.56 29578.1
1772.12 29666.2
1772.19 29672.4
1772.17 29664.6
1772.14 29645.2
1772.06 29639.7
1772.13 29656.7
1772.14 29647.6
1772.14 29602.7
1772.32 29573.8
1772.23 29601.5
1772.65 29585.2
1772.68 29584.2
1772.7 29599
1771.43 29846.6
1771.38 29672.1
1771.41 29671.8
1771 29576.6
1771.24 29535.9
1771.28 29547
1771.35 29547.2
1770.8 29303.6
1774.04 29453.7
1774.03 29367.6
1774.43 29371.7
1774.46 29374.9
1774.46 29372.3
1774.54 29347.9
1774.6 29285.6
1775.02 29196.4
1775.36 29237.7
1775.47 29184.1
1775.95 29112.7
1775.92 29105.7
1775.98 29075.1
1775.99 29085.6
1776.02 29087
1776.02 29082.5
1776.25 29076.1
1776.22 29072.8
1776.21 29072.8
1776.36 29068.2
1776.21 29089.1
1776.33 29081.6
1776.32 29091.3
1776.32 29098.5
1776.31 29109.6
1777.41 29105
1777.8 29096.9
1779.31 29195.8
1779.23 29032.8
1779.39 29106.5
1779.39 29101.7
1779.06 29135.4
1778.93 29175.2
1778.97 29166.4
