181.731 612.586
333.779 876.897
334.515 764.088
334.557 692.666
334.943 651.214
375.895 973.869
402.883 1132.15
428.13 1393
487.028 1589.72
526.024 2024.38
585.86 1711.82
599.357 1774.82
598.906 1884.47
644.414 2278.73
650.739 2373.07
651.339 2227.32
652.021 2233.35
652.967 3191.18
657.284 2961.13
680.016 3350.17
683.421 3111.34
687.207 3061.33
709.316 3427.3
710.546 3447.55
710.734 3615.43
713.337 4338.64
739.111 5426.57
734.322 5949.71
782.959 5876.07
784.641 5899.1
784.147 5796.43
783.917 5736.52
784.516 5911.12
790.34 5900.35
791.789 6288.9
790.033 6073.36
790.671 6044.44
790.658 6020.48
802.541 6267.07
804.043 6494.09
807.661 7072.14
867.244 7647.5
871.667 7527.82
875.373 7486.44
875.498 7638.03
874.102 7388.6
874.364 7253.7
874.744 7276.57
885.115 7602.39
885.535 7585.96
903.937 7664.45
909.103 7613.12
911.524 7687.76
911.534 7664.13
936.1 7824.4
941.56 7532.19
941.946 7391.82
952.691 7397.06
955.814 7381.87
956.233 7384.1
968.451 7568.58
970.719 7659.3
970.675 7585.21
970.438 7559.35
973.848 7480.08
976.197 7903.24
976.76 8254.46
995.397 8585.12
995.095 8825.98
995.945 8690.31
999.303 8579.26
997.977 8504.01
999.025 8426.51
1000.06 8345.13
1003.27 8441.58
1003.01 8541.96
1003.6 8658.89
1010.08 8655.92
1013.27 8359.09
1028.74 8555.88
1030.98 8159.41
1034.85 8212.62
1039.5 8127.57
1043.5 8095.17
1043.48 8170.2
1043.69 8139.94
1045.3 8148.14
1045.58 8114.81
1045.99 8132.46
1046.05 8149.36
1046.41 8122.54
1048.9 8057.96
1063.12 8151.79
1068.87 8234.5
1068.77 8315.05
1068.97 8391.25
1077.85 8175.22
1081.95 8505.75
1082.35 8484.92
1083.84 8442.95
1091.15 8209.31
1090.93 8205.59
1095.95 8162.84
1101.1 8096.87
1101.9 8060.18
1101.2 8017.71
1099.8 8128.46
1102.66 8176.4
1102.31 8258.96
1107.14 8065.76
1107.46 8034.65
1107.65 8051.17
1106.59 8128.8
1106.96 8144.91
1106.75 8160.83
1105.51 8177.56
1107.55 8189.12
1113.19 8262.58
1114.59 8248.68
1119.96 8276.49
1119.98 8289.59
1122.82 8264.93
1125.54 8581.82
1125.85 8546.71
1128.51 8410.13
1131.86 8341.33
1131.88 8290.73
1132.36 8272.83
1135.43 8072.65
1138.65 8025.89
1138.16 8045.04
1138.19 8165.09
1137.78 8204.39
1142.93 8288.5
1143.76 8263.47
1145.82 8292.53
1144.82 8401.48
1145.23 8365.26
1148.01 8344.39
1147.95 8366.73
1152.52 8344.06
1152.88 8390.74
1152.49 8383.07
1152.6 8404.97
1158.91 8471.21
1158.82 8473.98
1159.99 8509.76
1159.8 8508.42
1160.64 8495.94
1160.7 8480.94
1165.34 9094.52
1166.56 8978.44
1166.64 8948.66
1167.3 8907.07
1167.22 8859.68
1169.45 8815.62
1169.26 8814.66
1168.38 8836.4
1168.32 8848.16
1167.95 8860.94
1169.47 8907.2
1169.51 8923.43
1173.25 8947.61
1173.06 8972.62
1175.03 8962.08
1193.02 8732.96
1193.32 8628.07
1194.15 8573.77
1194.64 8553.46
1196.45 8548.53
1201.41 8530.29
1206.29 8438.15
1205.22 8409.77
1204.85 9220.34
1205.1 9066.51
1205.14 8986.58
1205.23 8964.1
1212.04 9020.5
1211.87 9195.91
1211.59 9269.1
1211.52 9306.6
1210.81 9349.3
1210.91 9172.03
1210.98 9083.83
1210.1 9427.49
1209.59 9558.93
1215.02 9608.18
1216.21 9678.94
1210.96 9819.97
1211.07 9911.78
1212.37 10544.7
1212.88 10648.9
1212.96 10562.7
1214.26 10504.2
1214.28 10427.4
1214.6 10407.1
1214.5 10389.6
1214.89 10392.6
1215.42 10374.9
1216.3 10295.7
1216.59 10373.8
1218.39 10394.9
1219.9 10409.6
1220.15 10428.1
1220.65 10391.1
1222.57 10385.1
1223.79 10352.4
1224.29 10317.8
1224.1 10265.4
1224.4 10185
1224.15 10051.9
1224.27 10088.3
1224.98 10124.6
1224.86 10102.5
1224.88 10085.6
1224.5 10073.6
1225.99 10069.5
1226.21 10046.8
1225.93 10039.4
1225.95 10035.6
1228.5 10054
1230.45 10048.5
1230.23 10008.3
1231.19 9921.12
1231.43 9916.44
1238.46 10118.2
1238.85 10132.7
1238.89 10087.8
1238.89 10059.2
1239.69 10037.8
1240.29 10052.8
1240.62 10046.1
1240.14 10028.1
1240.78 10011.5
1241.02 9974.2
1244.39 10003.6
1246.44 10056.5
1246.45 10050.2
1246.45 10072.2
1247.48 10076.5
1247.03 10040.8
1246.7 10228.4
1246.49 10265.2
1248.24 10345.3
1247.24 10308.8
1247.13 10301.3
1247.63 10391.2
1248.47 10456.9
1248.77 10503.7
1248.87 10527.2
1248.56 10517.5
1248.57 10523.8
1249.74 10533.5
1250.15 10561.7
1250.55 10612.1
1248.17 10399.7
1247.7 10517.5
1247.45 10488
1247.49 10518.5
1251.24 10521.4
1251.23 10523
1251.63 10548.8
1251.21 10574
1251.12 10582.6
1251.69 10604.6
1252.15 10598.8
1252.38 10587.5
1252.45 10581.8
1252.67 10587.3
1253.05 10573.9
1252.86 10570.8
1253.24 10574.4
1253.09 10591.8
1252.75 10763.8
1252.85 10812.6
1254.23 10810.4
1254.51 10828.6
1254.11 10888.7
1254.01 10906.1
1254.12 10901.4
1253.97 10903.5
1254.52 10905.1
1254.46 10894.9
1253.91 10881.8
1255.01 10891.2
1254.95 10891.5
1254.95 10837.1
1255.57 10842
1255.57 10904.8
1255.56 10900.4
1255.25 10844.7
1255.55 10837.9
1255.04 10829.4
1255.03 10822.9
1255.18 10875.7
1257.68 10887.4
1257.57 10912.6
1257.51 10912.6
1257.82 10878.3
1258.07 10866.5
1258.53 10863.5
1257.94 10880.1
1257.95 10892.1
1257.05 10852.9
1257.17 10861.1
1257.35 10878.8
1257.95 10835.2
1258.96 10979.1
1259.44 10991.3
1259.48 11003.1
1260.34 11058.6
1260.2 11083.5
1260.14 11143
1259.39 11105.3
1260.7 11077.5
1261.66 11045.4
1261.89 11045.2
1261.79 11224.9
1262.36 11193.2
1262.58 11037.6
1262.16 10961.8
1260.94 11019.6
1260.97 11051.4
1260.62 11072.1
1260.83 11079.9
1260.88 11105.8
1260.74 11154.7
1260.64 11375
1261.02 11423.6
1262.79 11495.4
1263.34 11539
1263.42 11550
1262.81 11508.4
1263.52 11480.4
1263.82 11513.5
1263.73 11541.7
1263.52 11571
1263.52 11595.9
1263.94 11612.2
1264.3 11597.6
1264.36 11615.1
1263.8 11629.4
1268.09 11497.9
1268.78 11565.2
1268.79 11612.9
1269.57 11663.2
1269.53 11694.3
1269.33 11713.3
1269.46 11722.8
1269.1 11756.5
1269.19 11765.1
1271.46 11711.4
1271.04 11970
1275.55 11954.9
1275.43 11973.1
1275.5 11957.9
1275.57 11944.6
1275.87 11869.7
1276.3 11938.7
1276.23 11594.7
1276.25 11543.2
1276.55 11559.8
1276.3 11589.4
1276.24 11608.6
1276.32 11609.4
1277.19 11568
1280.72 11517.7
1280.31 11536.5
1280.56 11551.3
1280.44 11831.4
1280.24 11849
1280.46 11897
1280.17 11939
1280.24 11964.7
1279.01 11958.5
1279.05 11889.9
1279.03 11901.4
1278.73 11888.4
1278.82 11825.3
1279 11830.9
1278.44 11776.5
1278.48 11741.3
1281.25 11665.7
1280.9 11602.1
1280.73 11576.2
1280.74 11559.9
1281.1 11521.4
1281.24 11503.8
1281.09 11491.6
1281.03 11502.3
1281.06 11505.5
1281.4 11500.3
1281.45 11498.9
1281.57 11504.8
1281.51 11490.3
1281.73 11474
1281.44 11462.7
1282.63 11534
1282.65 11530.4
1282.6 11547.4
1282.66 11495.3
1282.7 11483.4
1282.3 11462.1
1282.28 11376.1
1282.29 11396.6
1282.39 11406.9
1283.55 11416
1284.52 11466.3
1284.54 11460.1
1284.73 11455.5
1286.68 11576.7
1284.93 11309.5
1285.11 11392.2
1284.74 11359.9
1285.16 11357.7
1285.3 11337
1285.3 11326.2
1285.74 11300.6
1285.61 11283
1285.68 11117.6
1285.69 11138.7
1285.24 11148.7
1285.17 11143.6
1283.41 11413.1
1283.53 11522.1
1284.27 11441.6
1284.28 11412.3
1284.15 11405
1284.46 11427.3
1284.3 11457.8
1284.29 11476.9
1284.42 11513.4
1284.66 11527.6
1284.78 11533.3
1284.71 11520.3
1284.2 11525
1284.59 11547
1284.35 11578.3
1284.41 11607.1
1285.48 11582.8
1285.31 11554.4
1285.4 11521.1
1285.49 11638.2
1285.34 11683.7
1285.75 11708.9
1287.01 11665.2
1287.05 11775
1286.88 11789.5
1286.88 11806
1287.05 11816.2
1287.17 11838.8
1287.16 11828.3
1286.84 11801.3
1287.24 11793.4
1287.48 11667
1287.96 11594.4
1287.6 11564.1
1287.8 11587.4
1287.88 11610.4
1288.04 11606.2
1288.08 11604.9
1288.55 11562.9
1289.23 11597.1
1289.17 11647.5
1289.1 11688.9
1289.2 11864.1
1289.21 11784.5
1289.56 12002.1
1289.64 11936.8
1289.68 11936
1289.91 11936.1
1289.48 11907.5
1290.05 11909.3
1290.24 11918.7
1290.35 11908.8
1290.45 11898.5
1290.31 11886.7
1290.26 11907
1291.93 12302.5
1291.91 12318.1
1291.84 12313.4
1291.68 12278.7
1292.44 12300.3
1292.59 12275.3
1293.09 12297.8
1293.12 12291
1294.37 12281.7
1294.68 12280
1296.23 12301.3
1296.21 12300
1296.23 12312.4
1295.94 12211.7
1295.91 12196.4
1295.91 12217.4
1296.64 12227.3
1296.69 12240.3
1296.39 12217.1
1296.35 12259.4
1296.23 12240.7
1296.12 12318.9
1296.16 12273.6
1296.71 12230.5
1296.76 12270.2
1298.36 12278.5
1298.56 12318.5
1298.61 12305.4
1298.4 12279.6
1298.36 12232.3
1298.42 12237.5
1298.49 12259.6
1298.65 12232.5
1298.52 12227.1
1298.56 12188.8
1298.25 11779.9
1298.09 11755.1
1298.17 11719.3
1298.24 11692.1
1298.21 11677.2
1298.15 11675.6
1298.3 11664.2
1298.2 11661.6
1298.19 11667
1298.15 11681.9
1298.53 11714.1
1298.51 11741
1298.51 11736.1
1299.13 11683.2
1299.23 11687.3
1299.05 11703.7
1299.01 11736.3
1299.43 11744.2
1299.65 11779.8
1299.69 11801.5
1299.3 11728.8
1299.29 11712.4
1299.27 11703.2
1299.27 11822.3
1298.69 11845.6
1298.68 11836
1298.76 11772
1298.97 11728.6
1299.19 11767.8
1299.18 11781.9
1300.67 11804.9
1300.68 11860.2
1300.66 11867.1
1300.36 11867.6
1300.5 11877.4
1300.77 11894.4
1300.88 11901.5
1300.91 11931.5
1300.61 11946.4
1300.74 11934.9
1300.73 11923.3
1300.96 11912.4
1301 11898.3
1300.99 11904.7
1300.99 11897.6
1301.08 11958.7
1300.57 12033.9
1300.45 11994.1
1300.45 11953.9
1300.42 11937.8
1300.48 11929.8
1300.61 11928.5
1301.26 11930.9
1301.38 11922.4
1301.45 11937.4
1301.32 11919.6
1301.67 11927.6
1301.64 11935.5
1301.18 11929
1301.18 11930.7
1301.3 11945
1301.66 11943.1
1301.88 11956.2
1301.79 11958.7
1302.14 11956.6
1302.27 11965.3
1302.53 11962.9
1302.68 11994.9
1302.7 12086.9
1302.48 12087.8
1303.29 12107.9
1303.29 12049.5
1303.62 12041.8
1305.23 12013
1305.22 12059.7
1305.24 12054.6
1305.66 11981.8
1305.85 11998.1
1305.78 12039.7
1305.61 12040.6
1306.02 12025.3
1306 12015.7
1305.98 12012
1305.95 12016.5
1305.97 12023.7
1306.04 12035
1306.43 12052.9
1306.52 12077.4
1306.64 12073.9
1306.94 12274.9
1306.96 12339
1307.27 12355.2
1307.27 12357.1
1307.51 12365.8
1308.02 12380.2
1308.07 12412.4
1308.11 12436.3
1308.45 12440.9
1308.94 12452.1
1308.95 12505.6
1308.94 12544.6
1309.11 12566.3
1308.98 12548.7
1309.01 12537
1311.78 12588.8
1311.88 12571
1311.99 12596.5
1312.25 12607.8
1312.26 12630
1312.26 12633.6
1312.04 12625.5
1313.75 12630.6
1314.37 12633.3
1314.61 12632.7
1314.45 12631.3
1314.61 12638.3
1314.57 12627.7
1314.53 12626.6
1314.68 12630.7
1314.7 12600.2
1314.68 12543.4
1314.75 12575.9
1314.96 12588
1315.04 12599.9
1315.4 12601
1315.37 12603.7
1315.11 12639.7
1315.03 12647.6
1315.1 12640.7
1315.11 12650.7
1315.1 12644.9
1315.51 12650
1315.39 12636.2
1315.47 12626
1315.49 12618.1
1315.54 12565.8
1315.55 12560.1
1315.52 12547.3
1315.7 12548.8
1315.66 12540.6
1315.62 12543.6
1315.63 12541.5
1315.59 12559.2
1315.58 12569.7
1315.92 12572.6
1315.73 12574.6
1315.82 12600
1315.99 12606
1316.04 12621.3
1316.04 12624.1
1315.9 12617
1315.96 12626
1315.98 12640.9
1316 12648.2
1315.86 12641.3
1316.18 12616.4
1316.04 12599.5
1316.05 12593.9
1315.64 12615.8
1315.54 12648.2
1315.53 12651.9
1315.53 12644
1316.17 12650.2
1316.57 12673.9
1316.5 12689.8
1316.51 12691.5
1316.64 12689.4
1316.53 12694.5
1316.57 12666.1
1316.51 12664.3
1316.48 12665.2
1316.5 12688.7
1316.5 12668.4
1316.08 12642
1316.14 12642
1316.08 12651.9
1316.19 12649.6
1316.58 12633.4
1316.58 12631
1316.69 12634.9
1316.59 12660.4
1316.54 12687.3
1316.63 12695.2
1316.67 12694.3
1316.75 12748.7
1316.87 12765.9
1316.53 12801.6
1316.68 12819.8
1316.7 12835.8
1316.94 12848.6
1316.78 12856.4
1316.79 12865.8
1316.97 12890.9
1316.96 12912.9
1317 12928
1317.07 12962.4
1317.11 12949
1317.57 12936
1317.71 12937
1317.73 12921.4
1317.62 12941.1
1317.58 12880.9
1317.61 12902.1
1318.12 12913.8
1318.1 12940.5
1318.11 12960.4
1318.08 12976
1318.08 12886.5
1318.1 12893.9
1318.12 12901.3
1318.49 12918.8
1318.51 12910.9
1318.55 12917.2
1318.5 12927.9
1318.48 12894.3
1318.42 12907.3
1318.41 12976.7
1318.34 12982.5
1318.84 12991.3
1318.97 12997
1319.11 13008
1319.08 13065.2
1320.07 13256.3
1320.11 13183.8
1321.13 13129
1321.72 13123.6
1321.79 13102.6
1321.76 13138
1321.76 13166.6
1321.65 13156
1321.25 13129.7
1321.07 13113.9
1321.11 13095.3
1320.97 13059.9
1321.01 13034.3
1320.89 13032.5
1321.09 13036.7
1320.99 13033.2
1320.99 13003.1
1321.07 12990.2
1321.06 12952.4
1321.18 12951.6
1321.18 12959.8
1321.15 12958.7
1321.28 12972.8
1321.2 12954.2
1321.33 12983.5
1321.33 12976
1321.33 12968.8
1320.92 12989.2
1320.56 12998.5
1320.56 12997.7
1320.58 12983.2
1320.83 12953.9
1320.8 12939
1320.66 12942.9
1320.55 12939.8
1320.57 12980.2
1320.61 12969.7
1320.8 12930.3
1320.79 12919.7
1320.77 12917.2
1320.81 12896.9
1320.75 12871.8
1320.74 12859.7
1320.63 12848.3
1320.7 12864.9
1320.79 12878.8
1321.39 12897
1321.46 12928.4
1321.45 12890.6
1322.23 12968.8
1322.41 13000.4
1322.38 12952.3
1322.28 12946.8
1322.31 12942.5
1322.4 12840.8
1322.27 12848.8
1322.4 12847.6
1322.37 12849.8
1322.4 12848.4
1322.49 12856.4
1322.5 12822.2
1322.76 12862.1
1322.84 12866.5
1322.83 12865.6
1322.82 12862.8
1322.81 12864.7
1322.78 12869.4
1322.79 12855.4
1322.67 12853.7
1323.65 12841.7
1323.68 12873.7
1323.84 12893.2
1323.87 12908.8
1324.58 12888.8
1324.44 12815.3
1324.45 12795.7
1324.45 12806.1
1324.56 12826.6
1324.49 12834
1324.59 12839.9
1324.33 12850.6
1324.38 12862.5
1324.44 12944.3
1324.53 12946
1324.49 12950.3
1324.5 12947.5
1324.58 12938.5
1324.3 12956.1
1324.36 12964.6
1324.95 12963.3
1325.07 13016.4
1324.97 13012.8
1325 12966.7
1325.09 12967.2
1325.12 12982.3
1324.98 12983.1
1325.14 13004.5
1326.03 13021.9
1326.02 13024.1
1326.02 13033.5
1325.9 13039.6
1325.84 13038.6
1326.7 13063.4
1326.94 13098.1
1326.79 13095.7
1326.72 13097.5
1326.97 13097
1327.15 13094.4
1327.54 13100
1327.25 13078.2
1327.14 13035.6
1327.12 13034.2
1326.85 13009.2
1326.99 12993.5
1326.58 12954.9
1326.35 12966.1
1326.58 12961.7
1326.67 12967.2
1326.68 12992.8
1327.16 12942.3
1327.13 12963.3
1326.96 12965.1
1326.91 12945.7
1326.98 12956.3
1326.94 12966.6
1326.97 12937.4
1326.76 12920.5
1326.76 12903.3
1326.7 12901.4
1326.67 12902.6
1326.26 12902.1
1326.25 12896.6
1326.25 12894.6
1326.31 12872.6
1326.22 12848
1326.64 12864.6
1326.72 12819.6
1326.8 12867.2
1326.71 12873.6
1326.71 12891.1
1327.6 12888.5
1328.21 12928.2
1328.07 12931
1328.08 12938.4
1328 12947.4
1328.01 12955.6
1327.95 12967.5
1328.26 12941.8
1328.26 12916.4
1329.69 12949.7
1329.69 12965.8
1329.6 12939.3
1329.77 12921
1329.66 12923.8
1329.4 12914.3
1329.57 12912.3
1329.59 12891.8
1329.95 12853.6
1329.84 12876.8
1329.93 12894.9
1329.85 12866
1329.84 12869.5
1329.94 12909
1330.11 12929.3
1330.34 12948.4
1330.83 12963.3
1330.82 12975.2
1330.78 12974.9
1330.77 12973.5
1330.75 12974
1330.81 12968.4
1331.31 12968.3
1331.21 12970.2
1330.99 12979.8
1331.09 12973.5
1331.09 12971.8
1331.99 12969.5
1332.1 12974.2
1332.24 12975.8
1331.92 12981.6
1331.87 12994.5
1332.02 12998.5
1332.14 12994.8
1332.5 12995.5
1333.95 13035.1
1333.86 12997
1333.89 13011.9
1333.9 13029.9
1334.18 13005.4
1334.18 13000.3
1334.14 13005.4
1334.13 13022.2
1334.34 13022.7
1334.41 13023.2
1334.93 13040.1
1334.93 13064.7
1334.69 13073.3
1334.76 13061.2
1334.81 13071.4
1334.74 13088.5
1334.73 13090.8
1335.31 13088.5
1335.38 13096.2
1335.35 13099.2
1336.55 13157
1336.55 13119
1336.72 13102.5
1336.68 13084.9
1336.93 13062.4
1337.07 13074.9
1337.5 13097.3
1337.52 13097.6
1337.53 13146.4
1337.52 13126.5
1337.52 13139.8
1337.65 13158.8
1337.88 13176.3
1337.85 13187.1
1337.82 13199.5
1337.8 13204.2
1337.74 13209.2
1337.92 13208.4
1338.23 13315.7
1338.23 13316.8
1338.21 13315.4
1338.29 13312
1340.13 13336.3
1339.89 13293.9
1339.88 13296.4
1339.98 13311.3
1340.07 13298.3
1339.98 13283.3
1340.03 13292.3
1339.99 13313.2
1340.6 13324.9
1340.61 13328.7
1340.73 13328.4
1340.52 13326
1340.53 13328.1
1340.52 13323.3
1340.24 13319.4
1340.44 13301
1340.56 13307.9
1340.43 13313.1
1340.42 13312.9
1340.25 13302.3
1340.24 13283.7
1340.24 13277
1340.25 13274.2
1340.4 13262.6
1340.37 13259.7
1340.4 13256.7
1340.38 13226.8
1340.36 13241.5
1340.42 13235.5
1340.48 13250.3
1341.04 13229.7
1341.1 13198.6
1341.1 13151.6
1341.34 13126.6
1341.05 13125.6
1341.36 13155.1
1341.26 13232.6
1341.19 13254.4
