54.9106 93.7116
89.6357 157.518
139.707 597.428
155.435 891.833
160.457 997.889
225.602 1020.33
229.987 978.916
280.38 1321.13
313 1966.08
357.197 2383.13
356.629 2160.67
377.841 2499.2
390.258 2381.76
390.285 2292.85
486.553 2537.36
533.95 3948.85
534.177 4118.72
534.369 3521.25
531.205 3551.89
564.337 4655.19
583.978 4049.32
584.406 3384.86
584.514 3179.2
593.911 3340.13
619.838 3353.43
640.92 3322.83
641.691 3396.83
643.145 3453.21
643.394 3432.18
644.361 3460.53
645.11 3476.39
671.551 3491.32
675.015 4033.6
706.087 5324.79
724.888 4877.35
734.56 5048.76
734.303 4819.13
733.005 4836.24
750.588 5067.15
773.687 6151.17
776.092 6244.8
776.545 5698.65
811.875 6430.83
811.638 7221.08
829.456 7396.1
828.061 7384.62
832.121 7317.89
838.163 7470.68
839.242 7046.23
846.591 7842.7
869.034 7892.97
872.432 7622.26
879.622 7225.49
909.847 9524.12
909.259 7677.98
913.188 6721.16
913.309 6541.46
916.96 6273.05
927.705 6149.8
928.96 5903.17
930.25 5837.4
929.468 5888.17
944.247 5792.24
943.656 5862.5
943.981 5943.47
942.749 6005.82
949.186 6007.7
949.098 6076.57
950.189 6607.08
949.824 6484.97
950.193 6547.09
955.497 6510.49
959.873 6827.36
968.552 6792.61
969.648 6798.66
971.255 6921.09
970.476 6988.56
969.868 7030.12
974.202 7430.11
974.763 7148.81
974.763 7057.09
976.003 7056.49
977.218 7032.36
977.286 7008.61
979.54 7244.52
982.931 7335.79
984.266 7260.39
984.263 7219.65
986.567 7236.26
991.264 7232.47
991.658 7277.26
993.386 7346.95
994.53 7382.76
993.703 7333.1
998.214 7291.9
997.858 7347.7
997.637 7404.93
998.397 7565.17
996.98 7671.35
1003.98 8316.51
1004.11 8323.84
1007.86 8267.22
1007.84 8294.2
1007.77 8331.76
1007.19 8558.47
1007.2 8612.16
1007.29 8623.68
1007.27 8557.99
1006.91 8504.46
1009.81 8572.5
1010.22 8618.79
1011.6 8653.77
1016.41 8600.81
1014.75 8589.04
1016.2 8537.43
1016.19 8519.29
1016.27 8577.78
1015.69 8613.17
1014.82 8648.89
1015.89 8681.72
1017.17 8705.74
1016.92 8614.35
1019.66 8556.21
1028.91 8503.65
1028.96 8461.7
1029.22 8349.29
1033.61 8335.23
1031.86 8418.21
1034.83 8454.25
1033.69 8319.15
1034.05 8296.98
1038.61 8383.03
1038.92 8391.86
1039.82 8449.6
1039.88 8501.97
1042.78 8572.34
1042.63 8590.83
1042.46 8612.23
1040.89 8621.34
1042.37 8637.59
1044.6 8970.68
1044.52 9013.3
1044.42 9058.64
1044.49 9079.8
1044.49 9086.27
1045.33 9100.57
1045.4 9131.47
1046.43 9160.59
1046.44 9061.52
1046.27 9014.67
1046.07 9002.16
1046.09 8991.48
1045.25 9012.32
1045.75 9014.21
1043.95 9036.11
1051.17 9270.76
1054.08 9174.82
1055.2 9087.87
1054.93 9074.86
1056.15 9074.34
1055.68 9094.08
1055.61 9094.83
1056.63 9127.37
1059.45 9188.5
1060.7 9254.18
1060.67 9111.62
1060.48 9077.49
1059.46 9105.82
1060.04 9106.99
1061 9093.11
1060.26 9087.21
1060.88 9029.29
1060.98 9020.23
1064.29 8979.92
1065.42 9263.56
1067.4 9322.85
1067.23 9404.84
1067.7 9503.85
1068.02 9512.01
1068.61 9470.88
1069.31 9470.85
1072.31 9489.83
1073.08 9482.15
1073.28 9530.67
1073.21 9564.26
1075.55 9622.29
1077.08 9576.77
1077.2 9524.47
1079 9335.63
1079.13 9326.92
1079.56 9317.74
1079.58 9293.41
1079.23 9320.6
1079.61 9374.58
1079.97 9453.76
1079.83 9493.01
1079.82 9535.58
1081.17 9545.61
1081.13 9519.53
1077.96 9665.87
1078.09 9593.57
1077.66 9609.36
1077.96 9543.18
1079.36 9531.21
1080.05 9520.49
1080.64 9454.93
1080.58 9458.7
1084.14 9437.97
1084.29 9430.42
1084.18 9432.91
1084.41 9437.36
1084.65 9446.44
1084.61 9268.46
1084.6 9291.41
1084.66 9272.89
1084.06 9253.41
1083.34 9282.88
1085.49 9292.06
1084.91 9299.08
1084.85 9276.88
1084.89 9279.91
1084.81 9244.7
1084.55 9213.5
1084.72 9169.24
1085.31 9172.71
1085.58 9178.5
1088.14 9144.43
1088.5 9146.4
1088.38 9146.23
1088.46 9159.49
1090.25 9220.03
1089.33 9260.52
1089.06 9458.8
1089.95 9486.23
1090.1 9480.47
1089.37 9480.84
1089.35 9449.27
1089.94 9416.94
1089.93 9399.92
1090.03 9407.48
1087.65 9451.36
1088.34 9657.47
1088.38 9657.83
1088.25 9671.88
1088.26 9654.55
1087.71 9671.38
1089.23 9726.6
1088.88 9741.02
1089.1 9711.92
1089.13 9705.34
1089.12 9689.57
1090.35 9700.22
1091.06 9673.88
1091.11 10361.5
1091.21 10373.5
1091.2 10420.1
1090.24 10672.7
1092.43 10760.2
1092.93 10823.5
1093.53 10855.2
1093.69 10763
1093.83 10783.5
1093.73 10805
1093.77 10819.5
1099.28 10864.2
1102.82 10988
1103.02 10859.7
1103.03 10801.2
1106.53 10602.3
1107.23 10731.4
1107.14 10756.3
1107.23 10735.2
1106.72 10737.4
1106.71 10724.4
1106.58 10750.4
1106.78 10769
1107 10776.9
1106.92 10771.7
1106.87 10774.1
1106.17 10757.6
1106.59 10780.5
1106.52 10807.4
1106.52 10813.3
1106.85 10810.5
1106.73 10868.7
1107.37 10954.6
1107.18 10957.5
1107.38 10968.1
1107.4 10983.1
1107.93 10965.5
1108.13 11055.7
1108.5 11062.9
1109.37 11063.8
1109.23 11075.1
1112.12 10986.7
1112.32 11007.4
1112.48 11013.2
1124.3 10956.5
1124.35 11034.2
1124.33 11028.6
1124.83 11033.9
1124.94 10978
1124.99 10975
1125.51 11002
1125.39 11044.8
1125.83 10973.3
1126.42 10943.6
1126.43 10915.9
1125.47 10864.2
1125.5 10922.1
1125.33 10972.1
1125.34 10975
1125.58 10984.7
1126.2 10976.1
1126.31 10958.7
1125.37 10932.9
1125.37 10936.5
1125.37 10955.7
1123.63 10874
1123.81 10858.5
1122.62 10897.5
1122.47 10891.8
1122.95 10901.6
1123.02 10884.2
1122.83 10911.9
1122.73 10944.7
1122.82 10954.5
1122.79 10965.2
1122.9 10968.6
1123.07 11003.5
1123.04 11119
1123.88 11148.2
1123.91 11152.7
1123.91 11187.2
1123.74 11228.9
1123.64 11205.8
1123.86 11199.9
1123.79 11214.5
1123.83 11212.7
1124.35 11278.5
1124.27 11292.2
1122.58 11268.4
1122.71 11330.9
1122.21 11298.5
1122.13 11278.8
1122.23 11264.1
1124.28 11302.3
1124.07 11359
1126.56 11369.8
1126.63 11375.4
1126.73 11396.3
1126.62 11396.2
1127.4 11368
1128.27 11385.9
1128.68 11308.9
1128.85 11181.5
1129.05 11187.5
1128.32 11030.9
1128.39 10811.5
1128.73 10704
1128.42 10732.5
1128.46 10709.2
1128.34 10740.4
1128.49 10739.6
1129.43 10771.6
1130.26 10798.5
1130.26 10815.7
1129.94 10871
1129.83 10889.5
1129.79 10906.9
1130.99 10885.4
1130.9 10885.1
1130.72 11010.4
1130.79 10992.3
1131 10978.8
1131.94 10975.4
1131.89 10974.7
1131.89 10971.7
1134.56 10999.2
1135.34 10976.4
1135.2 10889.4
1135.19 10908
1135.11 10923.3
1135.76 10902.9
1136.29 10936.4
1136.23 10860.4
1136.42 10862.9
1136.75 10809
1136.41 10790.9
1137 10770.5
1137 10764.7
1136.83 10825
1138.43 10860.8
1138.43 10897.2
1138.34 10853.8
1138.45 10869.9
1138.63 10862.1
1138.62 10883.3
1138.7 10913.7
1139.01 10894.4
1138.68 10960.1
1138.84 11018.6
1139.38 11073
1140.74 11088
1140.74 11100.6
1143.83 11099.8
1144.94 11142.9
1144.27 11073.8
1144.52 11072.5
1145.21 11096
1145.16 11119.6
1145.37 11143.8
1145.38 11146.3
1145.66 11169.6
1145.65 11194.9
1145.94 11227.1
1146.06 11227.9
1146.06 11208
1145.98 11189.8
1145.5 11214.7
1145.49 11221.8
1145.28 11190.6
1145.42 11180.3
1145.67 11155.9
1146.28 11134.3
1146.5 11124.6
1146.84 11089.1
1147.68 11067.6
1148.16 11123.5
1148.16 11139.2
1149.02 11173.6
1148.98 11227.9
1149.14 11226.3
1149.21 11211.4
1148.76 11197.6
1148.42 11153.8
1148.22 11157.7
1148.57 11146
1148.57 11134.3
1148.67 11168.7
1148.44 11172.6
1148.43 11147.8
1148.43 11112.6
1148.79 11163.7
1149.58 11202.7
1149.72 11215.5
1150.14 11189.8
1150.16 11102.2
1150.16 11148.4
1150.15 11138.4
1149.18 11143
1148.97 11064.5
1148.92 11025.9
1149.16 11011.2
1149.2 11029.7
1149.23 11023.5
1149.27 11028.6
1149.21 11027.1
1149.07 10991.3
1149.38 10968.2
1149.76 10968.8
1149.39 10933.3
1149.41 10927.6
1149.46 10936.1
1149.72 10901.4
1149.62 10872.1
1149.32 10847.7
1149.91 10862.2
1149.93 10839.6
1149.69 10808.4
1149.7 10792.8
1149.5 10781.3
1149.58 10773.5
1149.27 10754.6
1149.55 10738.8
1152.35 10759.6
1152.86 10776.9
1152.99 10777.9
1152.99 10778.9
1153.02 10791.9
1153 10793.5
1152.79 10781
1153.04 10782.6
1153.07 10761.3
1153.08 10767
1153.15 10777.1
1152.99 10766.6
1153.02 10780.3
1153.04 10791.9
1153.04 10816.8
1155.1 10874.1
1155.1 10865.5
1158.9 10923.6
1158.83 10891.2
1158.41 10833.9
1158.41 10797.4
1158.59 10796
1158.14 10794.4
1158.13 10785.1
1158.18 10847.1
1158.28 10872.1
1158.56 10885.7
1158.36 10888.3
1158.72 10875.4
1158.74 10876.8
1158.36 10862
1158.35 10866
1158.36 10897.5
1157.68 10920.6
1157.66 11013.2
1157.77 10982.7
1157.76 10933.2
1157.73 10924.9
1157.85 10923.2
1158.17 10909.3
1158.1 10905.5
1158.05 10899.8
1158.04 10903.6
1157.45 10905.9
1157.39 10895.7
1157.56 10894.1
1156.49 10927.6
1156.49 11004.9
1156.41 11008.5
1157.01 10943.7
1157.27 10925.8
1157.41 10920.5
1157.43 10884.5
1157.65 10907
1157.71 11039.5
1157.66 10984.2
1157.62 10984.3
1157.52 10993.2
1157.52 10943.9
1157.57 10934.9
1157.55 10931.6
1157.58 10940.2
1157.69 10955.4
1157.68 11012.1
1158.3 11041.2
1158.31 11036.9
1158.6 11028.2
1158.59 11019.2
1159.05 10986.8
1159.05 11003.7
1160.36 10980.3
1160.11 11001
1160.2 11021.5
1160.17 11040.1
1160.13 11051.8
1159.42 11225
1159.74 11254.8
1159.53 11220.2
1159.67 11207.5
1159.72 11206.4
1159.68 11215.5
1160.63 11226.8
1160.72 11215.4
1160.39 11171.4
1160.19 11163.1
1160.14 11115.4
1159.82 11138.8
1159.76 11189.4
1158.71 11120.7
1158.72 11088.7
1158.66 11085.1
1158.7 11078.2
1159.18 11033.1
1159.18 11098.5
1159.14 11133
1159.03 11143.8
1159.46 11143.5
1159.07 11156.9
1159.09 11170.4
1158.5 11145.7
1158.42 11211.8
1158.78 11210.3
1159.04 11206.1
1158.9 11211.5
1158.9 11198.4
1159.29 11240.7
1159.28 11332.1
1159.28 11285.7
1159.41 11263.5
1159.4 11257.9
1158.89 11260.7
1159.33 11258
1159.27 11246.8
1159.32 11252.7
1159.31 11293
1159.28 11301.7
1159.33 11307.3
1159.93 11281
1160.35 11264.8
1160.54 11301.7
1160.89 11350.1
1160.98 11381.9
1160.93 11387.1
1160.68 11380.4
1160.06 11451.4
1159.97 11451.4
1159.54 11332.8
1160.53 11369.7
1160.62 11394.8
1160.76 11396.2
1160.77 11390.2
1160.61 11378
1160.63 11360
1160.64 11308.8
1160.76 11307.4
1160.83 11322.8
1160.8 11309.6
1160.34 11286.1
1160.52 11279.4
1160.09 11284.9
1160.29 11224
1160.58 11231.7
1161.32 11224.5
1161.32 11182.1
1161.41 11184.9
1161.36 11174.9
1161.43 11170.6
1161.93 11164
1161.81 11213.7
1162.17 11167.3
1162.02 11177
1162.12 11181
1162.06 11173.9
1162.25 11185.7
1162.36 11280.6
1162.72 11226.3
1163.74 11216.3
1163.75 11210.9
1163.92 11176.4
1163.92 11164.5
1163.99 11157
1163.92 11318.8
1163.76 11334.4
1163.83 11333
1164.19 11322.8
1164.02 11323.1
1164.72 11330.7
1165.31 11316.3
1165.73 11290.7
1165.82 11253.9
1165.85 11238.2
1165.83 11250.2
1166.11 11237
1166.22 11244
1166.23 11242.1
1166.21 11246.9
1166.35 11239.4
1166.32 11172.8
1166.14 11216.1
1166.38 11193.9
1167.07 11195
1167.13 11197.4
1167.29 11186.9
1167.33 11165.8
1167.04 11139.6
1168.79 11154.1
1168.75 11138.3
1169.01 11128.1
1169.06 11121.2
1168.97 11124.8
1169.39 11152.3
1169.74 11189.7
1169.65 11185.8
1169.85 11179.4
1169.5 11183.8
1171.2 11194.2
1171.69 11151.4
1171.55 11115.1
1171.92 11120.7
1172.33 11127.1
1172.21 11173.9
1172.51 11368.4
1172.83 11381.8
1172.85 11418.8
1172.94 11396.9
1173.76 11397.8
1173.96 11386
1174.4 11367.3
1175.03 11336.3
1173.83 11341.5
1173.9 11352.6
1174.26 11384.7
1174.43 11398.3
1174.44 11444.4
1174.47 11436.6
1174.44 11434.2
1175.25 11466.1
1175.11 11470.2
1175.11 11479.1
1175.06 11495
1175.16 11492.5
1175.2 11509.1
1175.4 11506.8
1175.01 11485.2
1174.92 11410.4
1174.77 11359.7
1174.82 11350.8
1175.21 11354.8
1175.11 11335.2
1175.43 11353.6
1175.39 11357.5
1175.34 11368.6
1175.31 11367.7
1175.54 11376.3
1175.59 11393.9
1175.59 11396.2
1175.46 11405.9
1175.36 11437.4
1175.09 11491.6
1175.57 11432.3
1176.13 11416.3
1176.09 11417.9
1176.02 11365.4
1176.07 11368.3
1176.77 11357.1
1176.76 11364.7
1176.74 11369.4
1176.48 11375
1176.39 11374.2
1176.44 11381.5
1176.11 11334.7
1176.1 11363.6
1176.21 11395.2
1176.23 11421.6
1176.19 11428.8
1176.18 11430.8
1176.13 11449.1
1176.1 11461.1
1176.13 11460.7
1176.06 11476.1
1176.99 11495.1
1177.22 11504
1177.19 11501.5
1177.35 11522.3
1177.46 11541
1177.99 11564.2
1178.89 11536.6
1178.69 11564
1178.68 11622.5
1178.88 11622.5
1178.78 11619.9
1179.09 11607.8
1179.44 11619.3
1179.43 11623
1180.16 11586.6
1180.38 11602.7
1180.43 11587.8
1180.33 11586.7
1180.31 11597.4
1181.17 11656.4
1181.37 11669
1181.46 11680.6
1181.82 11694.8
1181.83 11705.9
1181.78 11720.5
1182.13 11747.6
1182.38 11782.1
1182.52 11783.5
1182.51 11791.4
1182.73 11830.7
1182.88 11880.8
1182.84 11888.4
1182.87 11871.4
1182.91 11766.5
1182.9 11746.5
1182.83 11723.8
1183.29 11760
1183.31 11790.8
1182.72 11917.1
1182.76 11977.9
1182.76 11996.6
1182.7 11988
1182.67 11986.8
1182.35 11901
1182.33 11878.7
1182.16 11889.3
1182.3 11891.8
1182.29 11899.1
1182.29 11925.1
1182.39 11923.4
1182.36 11921.7
1182.38 11929.5
1182.42 11921.9
1182.54 11937.5
1182.53 11930.9
1182.6 11924.8
1183.26 11928.9
1183.32 11920.1
1183.32 11907.9
1183.63 11909.8
1183.58 11881.3
1183.38 11965.1
1183.69 12011.2
1183.64 12025.4
1184.79 12046.5
1184.84 12043.3
1185.16 12016.9
1185.17 12015.8
1185.04 12017.3
1187.33 12285.8
1187.25 12338
1186.97 12282.5
1186.95 12333.4
1186.71 12308.5
1187.52 12307.4
1187.44 12284.2
1188.15 12286.6
1188.1 12299.5
1188.52 12298
1188.49 12296.7
1188.5 12280.8
1188.55 12284.9
1188.46 12259.5
1188.14 12245.7
1188.45 12243.9
1188.23 12227.7
1189.21 12229.9
1189.18 12199
1189.33 12206.7
1189.35 12222.4
1189.42 12230
1189.5 12237.6
1189.39 12251.5
1189.28 12260.1
1188.97 12277.3
1189.04 12348.8
1189.1 12362.8
1189.29 12379.3
1189.27 12381.8
1189.27 12376.9
1189.83 12362.5
1190.41 12377.5
1190.58 12380.9
1190.69 12393.4
1190.73 12394.4
1190.77 12396.1
1190.79 12386.3
1190.65 12371.4
1190.63 12373.7
1190.92 12382
1192.01 12400.3
1192.02 12383.3
1191.97 12365.9
1191.98 12368.1
1191.69 12331.9
1191.71 12324.9
1191.7 12328.1
1191.77 12396.6
1191.56 12340.2
1191.56 12311.7
1191.5 12302.8
1191.88 12277.2
1192.09 12298.3
1192.1 12257.9
1192.15 12255.4
1192.61 12188.3
1192.6 12184.7
1192.87 12175.6
1193.06 12247.4
1193.08 12237
1192.84 12224.6
1192.73 12213.8
1193.58 12263
1193.7 12240.9
1193.65 12242.6
1193.7 12227.9
1193.87 12241.6
1193.52 12229.6
1193.39 12243.6
1193.76 12232.1
1194.8 12181.2
1194.89 12199.8
1194.88 12177.9
1195 12179.6
1195.26 12212.4
1195.18 12218.3
1195.15 12229
1195.07 12241
1195.31 12246.1
1194.82 12243.7
1194.76 12254.8
1194.8 12270.9
1194.44 12262.1
1194.34 12302
1194.83 12277.2
1194.37 12257.8
1194.32 12258.5
1194.36 12271.7
1194.34 12290.1
1194.46 12300.9
1195.31 12299.5
1195.33 12307.3
1195.33 12317.7
1194.84 12298.1
1194.85 12291.1
1194.83 12273.9
1194.89 12267.5
1194.68 12256.9
1194.79 12281
1194.38 12199.1
1194.56 12190.8
1194.63 12246.5
1194.65 12263
1194.71 12286.1
1194.72 12308.2
1194.76 12333
1194.74 12282.8
1195.1 12280.8
1194.95 12284.8
1194.93 12287.9
1194.97 12285
1194.91 12287.4
1194.9 12284.6
1195.1 12280.6
1195.42 12277
1195.61 12275.1
1195.52 12284.4
1195.5 12292.8
1195.32 12286.1
1195.79 12293.2
1196.17 12257.4
1196.07 12304.6
1195.88 12321.4
1195.69 12329.1
1195.75 12345.4
1195.82 12346.8
1195.68 12355.2
1195.65 12350.2
1195.65 12357.6
1195.67 12366
1195.52 12384
1195.51 12389
1195.51 12383.5
1195.51 12380.7
1195.52 12376.4
1195.41 12375.2
1195.41 12351.4
1195.38 12357.4
1195.38 12361.6
1195.38 12364.5
1195.67 12435.2
1195.66 12432.5
1195.69 12427.8
1195.74 12430.4
1195.59 12439.6
1195.58 12398.3
1195.54 12387.3
1195.2 12378.9
1195.04 12351.5
1194.39 12300.7
1194.41 12303.6
1194.86 12325.5
1194.85 12342.1
1194.89 12359.1
1194.89 12353.4
1195.64 12480.2
1195.06 12607.8
1195.06 12584.1
1195.06 12564.8
1194.93 12558
1194.93 12556.1
1194.86 12522.9
1194.83 12512
1194.85 12476.1
1194.67 12520.7
1194.57 12523.4
1194.53 12514.1
1194.8 12521.5
1194.93 12631.9
1194.83 12644.6
1195 12648.2
1195.07 12645.9
1195.1 12651.4
1195.2 12641.4
1194.94 12606.3
1195.22 12598.5
1195.35 12612
1195.35 12637.2
1195.58 12686
1195.62 12688.5
1195.86 12690.1
1195.78 12696.2
1195.78 12703.5
1195.46 12682.9
1195.89 12663.2
1195.73 12680.2
1195.61 12684.9
1195.8 12687
1195.72 12676.6
1195.99 12624.1
1195.99 12637.8
1196 12639.1
1196.02 12656.4
1195.93 12676.6
