38.9019 31.482
253.503 239.768
253.58 211.851
252.991 426.225
294.207 902.827
296.073 893.027
305.236 1207.31
306.101 1104.79
309.937 1258.11
314.967 1328.02
328.256 1362.1
386.417 1807.11
489.316 3631.25
491.288 2972.06
491.363 2672.2
498.025 2584.6
502.166 2556.27
521.034 2968.92
533.056 2903.4
615.638 3095.4
616.607 3039.7
625.815 3563.88
625.126 3262.53
628.096 3091.86
634.83 3303.54
634.815 3180.56
634.924 3124.23
635.109 3100.18
678.237 4697.23
706.321 4476.38
726.533 6439.79
733.085 5582.32
734.589 5294.47
736.68 4975.58
738.201 4794.12
738.816 4705.73
758.487 4530.74
761.069 4534.72
761.385 4504.32
762.468 5652.56
766.204 5556.08
763.728 5748.57
764.101 5733.3
799.537 6374.91
808.452 6480.72
810.897 6642.42
811.296 6888.71
809.775 7420.22
817.51 8599.09
819.329 8595.58
809.323 10197.4
832.493 11800.7
836.302 12991.7
857.532 12518.5
864.325 11939
877.337 11982.9
883.252 11647.2
883.718 11585.2
890.792 12493.8
911.005 13937
918.448 14330.4
918.408 13432.4
917.796 12826.4
917.307 12536.9
923.111 12771.7
922.321 13570.2
929.36 12685
938.002 12795.3
949.914 12372.8
932.577 15565.1
932.638 15249.6
932.256 14654.8
932.469 14132
936.76 13540.2
950.01 13518.2
954.381 13418.7
955.059 13242.2
955.171 13138.3
957.493 13018
957.497 12989.3
957.359 12960.9
955.438 13064
958.028 12949.8
969.328 13043
969.781 12985.7
987.076 13275.1
1019.16 12985.5
1016.1 13580.1
1017.34 14431.8
1021.57 13752.9
1022.48 14932.5
1059.19 14732.9
1068.09 14831.1
1065.89 14512.6
1080.93 14623
1083.8 14518.6
1088.12 14889.1
1086.33 14690.2
1088.08 14583.7
1090.87 14420.9
1092.47 14334.7
1091.45 14267.4
1091.4 14164.1
1092.96 14090.3
1092.47 13986.3
1093.37 14079.9
1096.72 14155.5
1097.25 13978.7
1098.03 14041.3
1097.84 13999.2
1097.54 13911.3
1098.62 13850.9
1098.81 13819.2
1099 13859.5
1096.8 13763.5
1099.98 13882.8
1100.89 13924.1
1106.85 14051.9
1107.07 13948
1102.25 13899.2
1103.08 14001.3
1103.89 13970.3
1103.56 13934.9
1103.87 13905.4
1104.06 13927.9
1104.58 13907.8
1103.68 13868.6
1104.25 13888.1
1113.82 13880.2
1112.42 13841.7
1113.39 14188.4
1113.93 14059.5
1117.12 14004
1117.35 13843.5
1118.64 13761.3
1119.35 13684.2
1120.66 13660
1119.53 13693.2
1120.45 13755.6
1121.83 13843.3
1122.07 13960.3
1121.91 13934.4
1122.5 14007
1122.75 14036.2
1122.51 14281.6
1122.12 14369.7
1122.43 14463.6
1122.78 14499
1128.35 14662.2
1129.87 14744.8
1137.31 14997.3
1139.14 14981
1140 14910.7
1139.37 14900.2
1138.74 14857.7
1138.57 14861.1
1144.74 14862.1
1142.91 14825.1
1142.84 14761.2
1145.86 14770.3
1145.71 14773.5
1152.64 14786.5
1152.64 14754.9
1153.42 14768.5
1154.82 14685.5
1160.42 14695.3
1160.56 14714.5
1158.62 14695.2
1184.2 14975.6
1183.95 15107.3
1185.36 15120.7
1185.24 15113.2
1187.07 15205
1186.05 15179.8
1185.05 15210.5
1186.58 15250.7
1187.17 15297.5
1193.27 15156.3
1193.36 15091.3
1207.34 15066
1206.77 15011.4
1208.02 15035.6
1207.9 15035.7
1208.58 15080
1211.01 15136.6
1210.82 15017
1211.19 14951.3
1224.02 14899.5
1227.93 14901.5
1227.84 14943.3
1229.89 15021.8
1231.79 15223.1
1231.98 15107.6
1231.71 15118.3
1257.84 16105.2
1258.95 15000.2
1258.8 14887.5
1258.8 14856.3
1257.6 14731.9
1265.18 15202.6
1274.74 15136.7
1274.71 14923.3
1274.87 14717.4
1274.91 14544.5
1273.43 14586.9
1276.19 14473.9
1274.54 14493.6
1275.08 14537
1274.64 14506.2
1287.11 14693
1287.1 14598.3
1288.18 14587.2
1288.99 14558.8
1288.95 14530.4
1287.44 14565.8
1287.86 14558.5
1291.36 14609.3
1291.38 14572.3
1295.26 14692.5
1297.44 14679.9
1295.24 14585.7
1294.79 14570
1295.23 14558.6
1295.19 14545.1
1295.18 14534.3
1293.93 14543.5
1297.78 14548.5
1298.51 14637.7
1300.99 14575.5
1300.57 14746.6
1301.23 14868.2
1301.27 14784.1
1301.42 14947.3
1301.45 14955.5
1301.01 14941
1301.64 14964
1301.66 14966.7
1301.55 15028.4
1306.44 15664.6
1311.69 15714.3
1311.48 15633
1311.88 15560.5
1314.58 15657.8
1314.66 15721.3
1317.77 15732.7
1317.58 15696.2
1320.44 15902.7
1319.03 15837.1
1319.15 15874.4
1322.81 15705
1322.71 15722
1324.11 15693.3
1328.16 15653.3
1328.31 15734.8
1328.6 15740.1
1329.34 15697.1
1329.19 15668
1331.29 15696.2
1331.47 15680.1
1331.48 15657.3
1331.35 15687.8
1331.46 15613.9
1331.26 15560.7
1331.12 15675.4
1331.11 15787.7
1331.19 15870.5
1333.03 15875.5
1332.93 15888.9
1332.33 15871.7
1332.21 15892
1332.34 15899.4
1336.04 15919.4
1336.18 15889.8
1336.21 15899.2
1336.19 15933.7
1335.74 15869.1
1339.79 15786.9
1340.63 15783.8
1342.59 15768.7
1342.64 15738.2
1342.66 15688.7
1344.25 15709.3
1345.97 15849.5
1345.78 15765.1
1346.56 15625.7
1346.53 15583.3
1345.6 15587.6
1347.96 15556
1348.38 15592.6
1348.78 15609.3
1348.48 15645.6
1349.82 15701.3
1349.66 15615.2
1350.04 15600.7
1351.77 15757.6
1351.62 15711.5
1351.46 15689.3
1351.63 15651.9
1351.19 15705.5
1351.16 15713.9
1350.97 15745.8
1350.86 15713.6
1350.93 15735.6
1351.31 15798.6
1351.17 15779.7
1352.28 15788.6
1350.86 15837.5
1350.87 15858.6
1351.1 15862.7
1351.6 15888.2
1352.37 15881.6
1352.37 15829.2
1352.23 15817.2
1352.3 15822.3
1352.28 15844.6
1354.56 16076.2
1354.85 15985.2
1353.91 16051.8
1358.79 16063.7
1358.96 16085.4
1358.9 16074.3
1361.67 16338.5
1361.68 16259.9
1362.6 16217.2
1364.2 16148.7
1366 16193.6
1366.73 16100.8
1366.53 16081.4
1366.47 16116.4
1366.47 16103
1366.72 16115.9
1367.07 16137.7
1367.04 16156.6
1366.81 16167
1366.82 16174.9
1366.79 16202.9
1365.91 16222.5
1365.9 16215.7
1365.99 16228.5
1366.12 16233
1366.31 16243.7
1366.62 16259
1366.5 16274.9
1366.25 16280.4
1373.96 16472.1
1374.88 16316.2
1376.59 16246.4
1376.49 16210.1
1378.41 16233.1
1378.42 16212.9
1380.77 16262.7
1381.85 16244.5
1382.18 16210.5
1381.9 16231.3
1382.07 16284.9
1382.17 16309
1382.17 16311.1
1381.1 16468.7
1381.48 16420.4
1381.19 16308.6
1381.3 16306
1382.11 16306.7
1383.49 16225.4
1383.01 16235.7
1382.92 16221.2
1382.91 16265.3
1382.88 16299.2
1383.19 16334.3
1383.18 16376.6
1383.6 16450.2
1382.95 16437.1
1383.94 16455.4
1388.09 16555.7
1387.38 16582.6
1387.35 16567
1387.38 16579.7
1385.89 16660.9
1387.01 16673.6
1386.56 16726.3
1386.41 16733
1385.36 16957.9
1385.31 16906.6
1385.35 16855.9
1386.14 16868.5
1386.13 16867
1386.37 16897.8
1385.76 16861.6
1386.95 17032.2
1387.41 16961.9
1387.04 16927.3
1386.82 16889.2
1388.2 16966.8
1388.21 16975
1389.14 17007.1
1391.1 17002.3
1392.22 16997.2
1392.23 16991.8
1396.66 17010.3
1397.27 16868.5
1398.2 16869.6
1399.14 16825.6
1399.34 16820.7
1398.79 16928.7
1398.61 16896.7
1398.65 16868.1
1398.54 16873.2
1400.86 16882.6
1400.76 16923.1
1401.3 16914.7
1399.26 16909.1
1401.9 16982.8
1401.81 16973.7
1401.83 16961.1
1401.87 16964.4
1402.37 16969.7
1402.25 16955.7
1402.92 16941.2
1403.08 16938.2
1403.85 16925.1
1405.31 16887.9
1406.04 16904.1
1406.56 16905.3
1406.22 16941.2
1406.96 16927.8
1406.8 16933.2
1406.96 16940.9
1407.24 16962.9
1405.44 16980
1405.35 16910.7
1405.35 16838.3
1405.46 16849
1405.65 16940.5
1405.96 16952.1
1405.9 17005.4
1405.79 17022.7
1405.41 16983.9
1406.56 16955.9
1406.3 17003.9
1405.98 17072.8
1406.14 17123.8
1405.96 17174.5
1405.98 17190.3
1406.04 17200.8
1405.98 17207.2
1406.73 17190.9
1406.28 17239.4
1406.5 17221.1
1406.29 17229.5
1406.34 17241.3
1406.7 17215
1406.9 17229.5
1406.78 17229.1
1407.8 17237.7
1408.37 17251.3
1408.38 17256.2
1408.37 17254.2
1408.24 17238.2
1408.13 17225.3
1408.5 17220.1
1408.23 17285.8
1408.3 17323.7
1408.15 17311
1409.37 17335.6
1412.9 17343.6
1412.81 17379.2
1413.03 17320.5
1412.77 17290.3
1412.77 17273.5
1412.68 17253
1413.03 17246.7
1412.99 17256.2
1414.46 17349.6
1414.55 17362.5
1414.28 17405.3
1415.05 17382.3
1415.45 17406
1416.81 17434.9
1416.73 17443.5
1417.1 17290.9
1417.17 17267.6
1417.69 17281
1417.65 17280.6
1417.77 17283.1
1417.48 17271
1417.23 17256.2
1417.08 17253.3
1417.77 17302.2
1418.17 17332.7
1418.26 17347.5
1418.24 17345.8
1416.57 17405.9
1417.75 17384.5
1417.83 17400.9
1418.76 17359.3
1418.71 17347.8
1418.69 17307.8
1418.14 17305.5
1418.98 17305.1
1419.73 17305.3
1420.16 17323.1
1420.32 17310.9
1420.32 17296.3
1422.2 17291.4
1422.41 17254.8
1421.74 17191.6
1421.73 17163.8
1419.68 17158.4
1419.28 17148.7
1420.06 17214.1
1420.3 17202
1420.14 17194.6
1420.12 17191.7
1420.1 17199.6
1420.1 17183.8
1420.13 17322.6
1420.51 17404.5
1422.02 17401.6
1422.03 17396.8
1422.18 17417.8
1422.86 17397.6
1422.71 17405.4
1422.21 17593.8
1422.81 17642.3
1422.86 17641.7
1425.14 17715
1425.37 17693.4
1427.67 17701.6
1427.67 17690.2
1427.54 17596.2
1427.63 17614.7
1427.68 17627.6
1429.05 17674.6
1429.72 17746.8
1430.92 17795.6
1430.88 17765.9
1431.22 17765
1431.26 17745
1430.64 17725.4
1430.61 17719.7
1430.64 17698.5
1430.82 17698
1430.82 17655.4
1431.14 17637.9
1433.3 17702.5
1433.32 17743.4
1433.13 17749.5
1435.06 17784
1435.07 17816.7
1435.6 17840.2
1435.63 17787.9
1435.64 17798.2
1436.44 17728.8
1436.77 17756.6
1438.47 17810.9
1438.81 17828.2
1438.93 17925.6
1439.41 17874.7
1439.56 17859.5
1440.61 17946.6
1440.26 17997.4
1440.43 18037.5
1440.43 18021.7
1440.54 18000.9
1441.02 17990
1441 17973.5
1440.82 17952
1442.33 17923.3
1442.18 17883.7
1443.21 17895.5
1443.09 17880.3
1444.32 17929.7
1444.37 17927.7
1444.44 17914.1
1444.45 17921.5
1444.34 17943.2
1444.32 17899.5
1444.5 17920.8
1443.94 17955.5
1444.12 17995.4
1444.09 17969.3
1444.07 17943.5
1444.02 17940.2
1444.15 17914.7
1444.36 17899
1444.36 17915.1
1444.31 17920.1
1444.31 17925.9
1444.56 17925.7
1444.55 17930.9
1444.56 17938.3
1444.52 17939.9
1444.57 17949.3
1444.57 17942
1444.24 17934.4
1444.37 17936.3
1444.56 17952.8
1444.62 17956.2
1444.71 17942
1444.74 17948.5
1444.72 17940.9
1444.7 17944.4
1444.83 17920
1444.87 17946.1
1444.89 17963.8
1444.95 17952.5
1445.13 17953.7
1446.7 18001.6
1447.03 17949.9
1447.24 17953.8
1447.11 17958.7
1448.87 18070.9
1448.87 18031.6
1448.88 18056
1448.85 18069.7
1449.2 18106.1
1450.17 18208.5
1450.15 18174.5
1450.29 18170.3
1450.52 18159.9
1450.52 18154.6
1450.44 18156
1450.81 18173.7
1450.72 18178.1
1453.49 18262
1453.39 18277.1
1453.45 18262.4
1454.54 18280.7
1454.48 18338.4
1454 18336.2
1454.77 18370.8
1454.77 18334.1
1455.29 18313.2
1456.36 18317.7
1456.38 18317.1
1457.24 18309.1
1457.4 18305.4
1457.91 18307.8
1457.92 18281.7
1457.93 18293
1458.19 18306.8
1458.29 18311.1
1458.53 18323.5
1458.66 18326.9
1459.18 18356.5
1459.02 18313.1
1458.8 18174.6
1458.83 18151.4
1460.37 18193.8
1460.28 18171
1460.29 18231.7
1460.09 18151.5
1460.17 18171
1459.9 18170.3
1462.26 18237.3
1462.12 18208.2
1461.14 18199.6
1462.54 18243.2
1462.53 18212.8
1462.69 18226.2
1462.62 18236.1
1462.62 18238
1462.66 18233
1462.69 18249.8
1462.74 18270.5
1462.74 18263.3
1462.73 18259.2
1462.73 18258.6
1463.72 18249.3
1463.72 18269.2
1463.77 18240.9
1464.27 18263.4
1464.19 18272.3
1464.48 18254.6
1464.61 18230.8
1464.58 18233.8
1464.66 18223.7
1464.8 18213.8
1465.31 18223.2
1465.34 18208.2
1466.17 18237.8
1466.23 18224.5
1465.98 18235.7
1465.94 18256.2
1466.7 18261
1466.7 18256.2
1466.38 18280.8
1466.42 18281.2
1466.3 18273.3
1465.56 18257.8
1465.09 18210.4
1465.05 18243.9
1464.41 18206.2
1464.31 18220.7
1463.91 18241.9
1464.19 18278.2
1464.05 18276
1464.15 18258.9
1465.16 18293.3
1464.9 18311.1
1465.39 18283.5
1465.45 18261.7
1465.21 18231.1
1465.11 18206.4
1465.22 18198.1
1465.2 18194.3
1466.38 18210.4
1466.49 18185.2
1466.76 18211
1466.98 18232.9
1468.46 18259.9
1468.62 18218.9
1468.74 18236.2
1468.73 18227.7
1468.52 18186.6
1468.35 18181.8
1468.5 18181.2
1468.38 18177.2
1468.37 18184.2
1468.45 18169.6
1469.09 18207.5
1469.09 18149.5
1468.52 18109.6
1467.38 18114.2
1467.38 18090.1
1468.02 18073.9
1467.12 18089.5
1467.18 18091.8
1467.15 18098
1466.85 18094.2
1466.78 18095.9
1466.86 18103.1
1466.8 18100.1
1466.83 18092.3
1466.91 18089.4
1466.79 18076.6
1467.32 18089.7
1467.21 18082.5
1467.61 18134.4
1467.73 18125.4
1467.85 18162.2
1467.89 18187.4
1467.63 18190.1
1467.73 18189.1
1467.63 18184.9
1467.91 18179.3
1466.85 18186.8
1468.81 18224.6
1468.95 18224.3
1468.88 18212.4
1468.32 18198.4
1468.2 18189.3
1468.15 18231.2
1468.23 18225
1468.32 18231.5
1468.67 18236.1
1468.81 18225.3
1468.76 18216.4
1469.78 18302.1
1469.66 18266.8
1468.87 18253.9
1469.09 18267.9
1469.2 18274.4
1469.63 18264.1
1469.25 18270.8
1469.63 18270
1469.24 18273.4
1469.01 18269.9
1468.47 18258
1468.46 18260.3
1469.01 18254.4
1469.48 18275.9
1469.43 18255.5
1469.4 18247.9
1469.44 18267.8
1469.53 18274.1
1469.48 18255
1469.44 18267.8
1469.56 18269.5
1469.76 18279.5
1469.77 18281.6
1470.33 18294
1470.35 18301.1
1470.74 18299.9
1470.71 18305.2
1471.02 18314.9
1470.93 18271
1470.3 18253
1470.4 18284.8
1470.99 18306.2
1470.97 18295.3
1470.83 18304.3
1470.84 18308.4
1470.96 18311.4
1470.99 18289.8
1471.33 18308.3
1471.19 18430.1
1470.98 18426.3
1474.73 18374
1474.75 18368.3
1475.02 18391.7
1475.14 18387.4
1475.39 18392
1475.23 18361.4
1475.32 18338.5
1475.36 18268.6
1475.39 18243.1
1475.34 18229.2
1475.04 18225.6
1475.14 18203.9
1475.1 18215.7
1475.4 18221.8
1475.24 18229
1475.49 18245.3
1475.53 18229
1475.49 18216.7
1476.12 18244.8
1476.08 18229.6
1476.52 18264.2
1477.77 18323.3
1477.5 18272.7
1477.68 18298.1
1477.62 18296.2
1477.54 18311.9
1479.28 18490.9
1479.23 18484.1
1479.21 18457.9
1479.78 18497.1
1479.79 18475.9
1480.01 18544.1
1480.05 18535.3
1479.81 18527.8
1479.19 18550.9
1479.29 18547.5
1479.16 18533.3
1479.41 18537.8
1479.43 18523.6
1479.39 18515.8
1479.42 18510
1480.23 18544.2
1480.23 18558.9
1479.82 18576.3
1480.18 18528.6
1480.71 18538.8
1480.79 18552.7
1480.78 18542.8
1481.31 18549.8
1481.74 18640.4
1480.97 18643.2
1480.86 18649.4
1480.86 18666.8
1480.95 18656.2
1480.94 18671.9
1480.98 18675.9
1481.18 18699.1
1481.68 18699
1482.06 18699.5
1482.38 18681.1
1482.38 18685
1482.54 18734.9
1482.56 18704.1
1482.86 18718.8
1482.84 18726
1482.86 18728.4
1482.59 18738.4
1482.81 18758.5
1484.77 18795
1484.52 18819.3
1484.53 18832.2
1484.56 18828
1484.73 18827
1484.71 18797.5
1484.62 18741
1484.7 18715.6
1484.74 18702.3
1485.67 18703.4
1486.07 18773.3
1485.53 18812.1
1486.3 18810.2
1486.82 18777.3
1487.17 18852.8
1487.17 18802.2
1487.76 18814.5
1487.72 18818.6
1487.69 18822.5
1487.93 18828.9
1487.99 18822.8
1488.54 18838.3
1488.31 18870
1488.33 18901.7
1487.99 18865.5
1488.01 18842.9
1487.99 18817.3
1488.74 18840.5
1489.05 18841.4
1490.09 18904.2
1490.11 18898.5
1490.1 18890.8
1490.08 18916
1490.23 18936.1
1490.2 18962.9
1490.15 18972.6
1491.19 19018.1
1491.18 19014.7
1491.06 19008.3
1491.22 19013.4
1491.13 18896.4
1491.18 18908.7
1491.18 18914.9
1491.33 18917
1491.44 19037.2
1491.44 19039.3
1491.47 19028.7
1491.62 19027.6
1492 19007.8
1492.33 19025.8
1493.28 18964.3
1493.27 18968.2
1493.18 18989.2
1493.8 19186.4
1493.74 19206.6
1493.86 19222.3
1494.3 19215.8
1494.2 19231.7
1494.21 19232.4
1493.74 19210.7
1493.68 19220.4
1493.19 19225.7
1493.17 19233.1
1493.2 19238.3
1493.26 19242.8
1494.25 19281.7
1493.5 19273.6
1493.47 19245.2
1493.55 19258.1
1494.66 19291.3
1495.32 19303.1
1496.23 19302.3
1496.23 19304.8
1496.22 19309.4
1496.2 19308
1496.05 19314.1
1496.08 19326.2
1496.08 19336.4
1496.43 19349.7
1496.23 19354.1
1496.36 19361.1
1496.74 19332.2
1496.75 19337.3
1496.74 19324.7
1496.42 19312.6
1496.15 19322.2
1496.23 19322.2
1496.33 19332.3
1496.06 19372.2
1496.04 19388.1
1496.21 19396.1
1496.7 19398.5
1496.41 19392.3
1496.41 19404.8
1495.98 19409.9
1496.51 19433
1496.44 19423
1496.29 19433.4
1496.32 19459.5
1496.4 19438.7
1496.32 19445
1496.32 19458.2
1496.35 19458.8
1496.61 19492.5
1496.61 19484.3
1496.51 19502.5
1496.43 19508.1
1496.72 19539.4
1496.71 19547.4
1496.9 19548.6
1496.99 19602.5
1497.01 19564.9
1497.03 19531.2
1497.02 19525.1
1497.06 19495.7
1497.99 19567.6
1498.07 19493
1498.15 19510.9
1498.17 19511.8
1498.32 19517.8
1498.31 19532.4
1498.2 19587.6
1498.91 19624.4
1498.9 19617.5
1498.21 19615.6
1498.61 19625.5
1498.8 19661.2
1498.7 19647.1
1498.7 19652.3
1499.41 19700.3
1499.42 19623.6
1500.18 19650.4
1500 19514.3
1500.11 19518.4
