166.886 621.471
250.655 699.572
259.53 756.219
265.384 745.586
268.486 713.752
303.464 792.862
321.211 1373.61
324.591 1458.1
341.292 1672.52
355.921 1931.78
359.151 2072.08
382.894 2524.06
396.324 2683.02
396.897 2718.31
397.485 2544.11
445.363 3622.83
483.324 3471.22
495.257 3824.77
496.957 3980.91
504.003 4010.26
504.51 4015.51
505.652 3954.43
513.958 4255.03
537.508 4735.48
569.518 5097
602.322 4764.49
634.106 5658.62
636.384 5018.59
636.374 4853.54
636.786 4849.65
635.861 4843.54
639.639 5305.3
639.733 5161.58
635 5473.54
636.055 5749
646.909 7516.19
647.589 7254.51
645.789 7355.84
653.929 7191.59
657.682 8220.69
666.994 7627.98
667.122 7488.55
668.188 7248.54
668.797 7094.14
665.171 7137.51
692.643 7390.91
704.414 8121.51
703.396 8001.1
705.796 8223.45
711.106 8140.7
714.976 8185.92
722.181 8351.52
723.811 7960.16
734.167 8087.56
743.045 8201.13
741.798 8337.19
744.227 8487.02
744.676 8504.4
745.979 8521.71
746.319 8439.52
745.394 8678.31
757.956 9285.09
758.074 9082.66
765.822 8859.18
767.554 10229.9
781.415 9586.38
778.802 10221.9
785.071 9902.22
782.699 9765.41
779.585 9767.71
789.547 9824.31
790.044 9773.5
797.777 9885.62
806.738 10467
808.291 10669.6
809.606 10501.3
813.141 10611
815.309 10447.4
821.197 10381.2
822.745 10138.2
826.133 10439.1
831.014 10409.2
835.877 10074.9
835.108 10134.3
834.543 9965.48
834.603 9878.32
834.972 9878.74
835.125 9889.12
834.989 9904.6
835.131 9899.09
834.715 9906.48
836.222 9890.68
836.724 9793.41
853.888 10079
863.088 10259.3
867.541 10310
877.887 10502.1
878.762 10837.1
882.53 11100.4
883.082 11044.3
885.296 10992.2
885.718 11709.2
888.486 11200.9
890.793 11027.7
892.362 10678.7
897.5 10643.7
901.958 10657.4
902.246 10487
902.578 10394.3
904.073 10382.8
907.711 10388.3
912.759 10604.4
919.554 10825.6
920.467 10797.3
915.25 11470.3
916.206 11419.6
919.285 11276.4
920.081 11084.2
919.758 11049.5
920.993 10838.2
920.514 10853.7
921.763 10844.5
921.503 10878.9
923.904 10921.9
926.106 10986.4
926.959 10949.3
926.757 10879.1
927.465 10869
931.731 10968.6
938.524 11054.2
938.24 11129.3
942.176 11271.9
943.119 11417.8
943.157 11451.2
941.958 11461.9
945.762 11486.3
945.882 11611.7
950.678 11566.2
950.28 11607.6
947.714 11722.1
950.509 11816
950.068 11860.9
951.229 11885.1
952.751 12033.8
953.668 12161.7
953.485 12132.5
953.71 12133.3
956.675 12187.6
956.785 12190.8
958.507 12202
956.82 12167.5
957.16 12178.9
957.489 12252.8
955.065 12467.3
954.57 12521.1
962.696 12760.9
962.719 12770
961.94 12769.2
961.781 12789.9
961.64 12817.3
960.763 12822.6
962.409 12865.9
962.325 12876.8
962.452 12962.9
961.021 12719.9
960.937 12716
962.532 12695.6
962.55 12685.5
962.316 12633.2
961.91 12682.3
962.246 12672.1
963.738 12635
963.67 12655.4
963.683 12654.6
969.754 12820.5
973.359 13200
994.924 13233.7
997.674 13259.6
997.813 13178.3
1005.2 13253.1
1006.06 13174
1005.81 13111.9
1006.56 12921.3
1006.55 12990.5
1008.32 12994
1008.22 12959.7
1008.51 12922.2
1007.16 12895.5
1007.6 12902.5
1010.02 12898.6
1010.64 12806.6
1010.4 12682.6
1011.01 12554.3
1011 12462.3
1008.77 12426.5
1008.21 12463
1008.08 12520.5
1007.1 12550.5
1006.99 12705.8
1008.65 12716.6
1008.36 12749.7
1016.98 12570.1
1023.32 12795.3
1023.18 12903
1022.69 12993.1
1022.63 13079.1
1023.36 13120.1
1023.42 13113.3
1025.21 13194.5
1025.32 13186.5
1025.29 13126.6
1025.31 13132
1026.69 13219.3
1026.82 13190.8
1029.01 13181.5
1029.89 13188
1029.98 13230.5
1033.45 13186
1033.56 13247.2
1037.68 13289.7
1037.08 13340.3
1036.9 13368
1038.31 13403.5
1038.23 13418.5
1039.36 13471.5
1041.29 13569.2
1041.21 13535.9
1043.31 13267.2
1044.2 13294.1
1046.23 13274.9
1046.2 13288.6
1047.45 13359.9
1048.97 13385.1
1049.41 13440.6
1050.31 13687.2
1050.01 13493.1
1050.67 13475.9
1052.68 13385.4
1052.75 13446.5
1052.73 13406.2
1054.96 13407.7
1054.93 13433.8
1055.95 13406.7
1055.91 13408.2
1055.96 13399.5
1056.29 13420.2
1056.21 13425
1056.11 13427.5
1055.89 13355.5
1055.89 13413.5
1056.2 13400.7
1057.88 13396.5
1057.87 13435
1062.07 13527.6
1062.6 13516.7
1063.25 13618.5
1064.21 13612.8
1064.59 13549.6
1065.96 13577.5
1066.11 13596.3
1067.56 13634.2
1067.65 13633.4
1066.92 13663.2
1066.78 13740.8
1068.25 13711.6
1070.03 13685.8
1070.2 13617.1
1070.45 13750.2
1071.69 13809.9
1071.98 13842.8
1072.37 13830.8
1073.33 13766.1
1073.36 13727
1078.6 13740.5
1078.43 13769.2
1075.89 13804
1076.1 13754.3
1076.55 13765.2
1076.83 13731.1
1076.9 13720.4
1076.65 13718.4
1076.67 13715.2
1076.66 13638.2
1077.21 13675.4
1077.23 13675.7
1077.74 13685.6
1078.12 13732.6
1078.78 13765.9
1079.08 13761.3
1078.75 13828.6
1078.78 13782
1078.11 13592.6
1079.71 13635.9
1079.61 13536
1077.74 13573.2
1077.71 13580.3
1080.44 13693.8
1080.2 13730.9
1080.53 13809.7
1080.53 13810.7
1081.41 13785
1081.45 13801.3
1081.83 13867.6
1082.1 13847.8
1080.92 13876.6
1081.08 13916.8
1081.15 13929.1
1085.75 13979.4
1085.62 13982.7
1086.53 13994.1
1086.59 14022.6
1086.5 14062.3
1086.53 14101.3
1086.59 14132.7
1086.15 14239.5
1087.53 14324.7
1087.67 14336.8
1088.26 14359.2
1088.7 14371.2
1088.29 14415
1088.69 14459.6
1089.03 14465.4
1089.03 14448.9
1088.75 14446.9
1089.62 14405.4
1089.63 14484.1
1091.03 14434.1
1088.84 14480.3
1089.58 14495.8
1089.4 14526.7
1090.78 14498.2
1090.76 14466
1090.93 14456.1
1093.91 14474.1
1092.68 14513.1
1092.28 14653.9
1091.9 14645.8
1092.02 14641
1092.03 14613.4
1093.63 14661.8
1094.64 14890.5
1094.5 14873.1
1095.65 14771.3
1095.51 14836.4
1095.64 14851.4
1096.72 14817.7
1098.47 14821.9
1098.56 14750.9
1101.2 14828.1
1101.58 14856.8
1101.38 14880.8
1101.38 14891.3
1102.01 14936.8
1101.41 14995.7
1101.68 15018.8
1101.74 15008.6
1100.5 15002.5
1100.53 15027.9
1100.68 15052.8
1100.69 15063
1101.07 15082.5
1105 15148
1105.95 15169.6
1105.97 15046.7
1106.2 14972.8
1106.09 14971.3
1106.45 15070.6
1106.55 15162
1106.44 15214.1
1106.69 15242.2
1106.93 15247.1
1107.64 15338.5
1109.34 15420
1109.3 15508.6
1109.55 15537.8
1109.75 15489
1110.15 15448.7
1109.59 15353.7
1110.01 15314.2
1112.9 15183.5
1112.56 15198.5
1112.41 15197.8
1113.03 15193.1
1113.42 15155.8
1116.42 15140.1
1115.93 15176.4
1115.94 15187.3
1115.61 15199.8
1117 15218.7
1117.07 15256.8
1117.2 15269.1
1117.28 15260.7
1117.47 15280.8
1117.12 15240.6
1117.1 15233.3
1116.93 15225.6
1116.91 15219.6
1116.95 15212.6
1117.47 15190.3
1118.58 15245.6
1118.73 15210.7
1122.79 15401.3
1122.69 15392.9
1122.6 15375.6
1127.15 15466.7
1127.1 15479.3
1127.38 15438.1
1127.03 15466.8
1126.63 15483.8
1128.04 15540.3
1127.88 15567.3
1127.84 15561.3
1127.95 15519.3
1127.95 15529
1127.96 15509.7
1128.24 15518.7
1131.56 15516.3
1131.56 15524.3
1131.63 15535.9
1134.49 15509.7
1134.69 15533.1
1134.75 15549.9
1134.65 15558
1134.59 15562.8
1134.6 15620.6
1136.65 15652.2
1137.14 15764.8
1136.61 15948.5
1136.87 15932.4
1136.82 15811.4
1136.01 15785.7
1136.18 15716.4
1136.66 15585.4
1136.33 15572.4
1137.17 15586.2
1136.45 15469.9
1136.26 15470.3
1137.83 15489.6
1137.73 15486
1138.62 15507.6
1139.45 15488.1
1139.09 15465
1140.22 15467.1
1140.13 15475.2
1139.81 15479.3
1139.53 15480.2
1140.55 15488.7
1141.56 15437.4
1142.34 15457.8
1142.37 15451.8
1142.44 15452.7
1143.69 15468.2
1143.84 15458.1
1144.92 15469.3
1145.32 15477.6
1145.4 15472.8
1145.14 15518.6
1145.04 15532.1
1144.31 15560.5
1145.02 15570.9
1145.04 15534.1
1144.91 15554.8
1145.06 15556.4
1145.39 15565.3
1146.82 15581
1146.98 15553.1
1146.66 15896.6
1147.21 15952.3
1146.93 15955.3
1146.95 15923
1147.16 15951.9
1145.66 15968.9
1145.24 15983.1
1145.07 16013.7
1144.81 16000.5
1145.25 15911.9
1145.22 15948
1145.39 15780.1
1145.65 15763.8
1145.09 15833.2
1143.6 15944
1144.05 15935.5
1144.24 15925.4
1143.21 16304.5
1142.06 16182.5
1142.47 15814.5
1142.52 15784
1142.52 15850.5
1142.56 15853.8
1143.46 15916.8
1144.03 15883.8
1144.54 15864.1
1144.55 15877.2
1143.46 15836.5
1143.59 15913
1143.75 15911.2
1144.4 15918.7
1144.89 15903.8
1144.93 15922.6
1144.83 15913
1144.92 15910.7
1145.05 15914.5
1145.53 15927.3
1146.06 15930.2
1146.09 15948.2
1146.79 15975.1
1146.71 15992.8
1147.37 15994.1
1147.83 15974.4
1147.84 15935.7
1147.93 15943.8
1147.46 15967.5
1148.37 16008.9
1148.46 16011.1
1148.46 16018.5
1148.66 16031.5
1148.95 16036.6
1148.86 16079.3
1152.82 16157.2
1152.32 16227.5
1152.48 16253.8
1153.16 16247.9
1153.26 16236
1153.23 16315.4
1153.26 16369.1
1153.35 16404.2
1153.25 16412.9
1154.65 16430.9
1154.46 16417.5
1154.86 16407.8
1154.85 16427.3
1154.71 16435.1
1153.92 16512.3
1153.93 16481.3
1154.15 16457.7
1154.14 16464.8
1154.06 16420.8
1154.28 16454.7
1154.17 16474
1154.72 16516.7
1154.2 16534.7
1154.37 16547
1153.76 16569.9
1153.83 16605.4
1153.81 16567.7
1154.2 16528.2
1154.02 16558.1
1153.96 16575.7
1157.11 16617.4
1157.15 16624.4
1158.48 16662.8
1158.39 16639.4
1158.79 16579.9
1157.19 16636.5
1157.53 16747.7
1157.53 16693.7
1158 16650.7
1158.62 16539.9
1160.67 16879.2
1161.04 16826
1161.49 16861
1161.53 16927.9
1161.8 16910.1
1161.77 17026
1161.76 17070.3
1161.67 17090.1
1161.3 17154.5
1161.49 17208.9
1161.5 17232.6
1161.01 17230.6
1160.83 17098.5
1161.32 17125.9
1160.67 17014.9
1160.24 17043.6
1160.66 17006.3
1160.66 16949
1161.46 17017.7
1161.82 17157.1
1162.03 17185.4
1162.47 17195.7
1162.54 17208.2
1166.3 17547.1
1166.37 17137.2
1166.25 17058.9
1165.96 16992.7
1166.87 16989.3
1166.7 16964
1166.35 16957
1166.41 16954.5
1165.82 16985.2
1165.76 17010.4
1165.29 16992.8
1165.29 17012.8
1165.51 17015.9
1165.2 17037
1165.23 17075
1165.26 17114.9
1164.87 17170.8
1164.56 17206.2
1164.57 17189.6
1165.14 17184.1
1165.6 17207.7
1165.73 17208
1165.68 17202.1
1166.86 17267.2
1168.59 17294.2
1168.76 17337.7
1168.8 17423
1170.2 17446.6
1170.21 17448.9
1171.95 17380.8
1171.99 17382
1172.71 17378.4
1172.95 17394.5
1174.02 17403.1
1174.03 17387.2
1174.02 17385.9
1175.14 17379.7
1175.1 17417.8
1174.93 17506
1174.84 17574.6
1174.36 17651.5
1174.36 17682.1
1175.35 17687.4
1175.38 17700.2
1175.38 17650.7
1175.24 17662.5
1175.43 17667.9
1175.4 17676.5
1175.5 17683.5
1175.49 17620.2
1175.49 17606.7
1175.73 17604.6
1177.25 17646.4
1176.86 17657.3
1177.4 17690.8
1176.82 17702.7
1177.05 17719.4
1177.05 17721.7
1177.84 17723.2
1177.91 17725.4
1179.35 17719.2
1179.36 17736.6
1179.49 17794.7
1179.06 17816.2
1178.88 17815.6
1179.06 17762.3
1179.32 17719.9
1179.33 17743.7
1179.72 17729.2
1180.1 17715.3
1180.53 17724.7
1180.59 17728.7
1180.53 17727.7
1181.16 17703.3
1181.25 17733.5
1181.65 17737.8
1178.63 17989.2
1178.66 18073.1
1178.67 17900.6
1178.33 17894.3
1178.62 17997.9
1178.47 18043.7
1178.38 18057.7
1178.01 17988.6
1178.01 17977.6
1177.83 17984.9
1178.16 17979.7
1178.07 17979.8
1177.97 18122
1178.27 18203.5
1178.84 18250.3
1178.78 18275.9
1178.2 18225.4
1179.03 18221.1
1179.09 18235.7
1179.24 18238.7
1179.23 18252.6
1179.23 18262.2
1179.1 18289.8
1178.92 18267.5
1178.85 18227.7
1178.85 18211.8
1178.85 18208.5
1179.01 18188.6
1179.11 18181
1179.79 18175.2
1180.23 18165.5
1180.28 18159.3
1180.17 18232.6
1180.73 18213.8
1180.88 18225.7
1181.25 18200.1
1181.36 18197.5
1181.52 18197.4
1180.89 18197.4
1180.54 18223.9
1180.46 18232
1179.75 18225.5
1179.83 18279.6
1179.61 18282.4
1180.57 18246
1179.94 18255.9
1179.92 18238.3
1179.72 18219.4
1179.1 18249.6
1179.11 18244.9
1178.77 18253.1
1178.83 18252.7
1179.5 18270.8
1179.37 18251.8
1179.16 18256.1
1179.49 18239.3
1180.57 18275.8
1181.24 18261.2
1180.96 18190.5
1181.71 18324.8
1181.7 18331.6
1181.68 18335.3
1181.75 18336.2
1181.78 18341.7
1182.3 18346.6
1182.31 18351
1182.66 18374.5
1183.22 18359.9
1183.49 18413.3
1183.53 18418.1
1185.46 18392
1185.27 18388.5
1185.16 18400.3
1185.22 18393.6
1184.96 18342.1
1184.92 18333.6
1184.55 18322.2
1184.19 18280.4
1184.11 18283.1
1183.96 18249.6
1183.51 18226.2
1183.56 18250.1
1183.49 18269.2
1183.97 18299.8
1183.86 18304.5
1183.31 18345.2
1183.32 18360.1
1183.78 18379.8
1183.85 18388
1186.12 18468.2
1186.17 18512.4
1184.33 18556
1184.25 18500
1183.36 18467.3
1183.98 18563.8
1184.61 18616.5
1184.65 18604.1
1184.34 18599.6
1184.29 18618.9
1184.28 18636.3
1184.23 18644.3
1183.88 18614.3
1183.75 18531.4
1183.43 18222.8
1184.29 18195.7
1184.35 18225.3
1184.22 18246.2
1186.43 18320.5
1186.49 18288.1
1186.49 18294.5
1186.39 18280.3
1186.53 18285
1186.66 18285
1186.66 18289.3
1187.24 18583.5
1187.4 18580.8
1187.65 18616.4
1187.72 18600.6
1187.62 18621.5
1187.77 18606.7
1190.12 18711.2
1190.03 18731.9
1190.76 18736.6
1190.75 18707.1
1190.76 18732.3
1191.18 18739.5
1191.24 18730.3
1190.7 18717
1191.35 18745
1191.67 18746.9
1191.25 18699.6
1191.14 18677.5
1190.95 18664.3
1191.18 18673.9
1190.94 18676.4
1190.86 18690.8
1190.47 18685.8
1190.34 18778.9
1191.03 18851.4
1191.25 18777.8
1191.25 18757.9
1191.25 18750.4
1191.26 18727.7
1191.27 18689.8
1192.28 18699.5
1192.68 18685.1
1192.75 18640.8
1192.95 18644.8
1193.21 18619.2
1193.38 18612
1193.4 18623.7
1193.23 18627.2
1193.07 18618.3
1193.14 18611.5
1193.15 18608.1
1193.12 18607.9
1192.37 18588.5
1192.56 18580.2
1192.55 18584.3
1192.96 18596.6
1192.93 18612.3
1194.8 18643.1
1194.88 18628.2
1195 18635.7
1195.25 18643.4
1195.34 18629.7
1195.51 18634.6
1194.95 18669.4
1194.84 18658.1
1194.79 18677
1194.59 18756.2
1194.58 18735.8
1194.63 18678.6
1194.71 18696.5
1194.59 18724.1
1193.52 18720.5
1193.49 18759.8
1193.49 18744.9
1193.49 18677
1193.55 18642.6
1193.36 18558.8
1193.56 18491.6
1195.18 18449
1195.2 18423.8
1195.22 18409
1195.21 18423
1196.3 18407.4
1196.47 18379.5
1196.66 18360.6
1196.66 18338
1196.82 18326.5
1196.8 18335.1
1197.44 18306.6
1197.44 18316.8
1197.15 18393.5
1198.2 18416.6
1198.3 18420.2
1197.99 18423.6
1197.77 18427.5
1197.75 18419.1
1197.59 18415.7
1197.64 18414.2
1197.59 18420.4
1197.84 18453.7
1198.01 18462.3
1199.61 18455
1199.64 18471.4
1200.15 18492
1200.15 18504.2
1200.78 18522.2
1200.96 18525.3
1201.58 18541.1
1201.59 18550.4
1201.58 18519.2
1201.91 18508.1
1202.05 18531.2
1202.12 18556
1202.49 18571.1
1204.11 18604.4
1204.08 18603.5
1203.93 18603.7
1204.09 18592.1
1204.18 18613.9
1204.53 18601.8
1204.49 18630.1
1204.39 18637.2
1204.41 18643.4
1205.9 18667
1205.87 18668.7
1206.48 18705.9
1206.47 18699.6
1206.27 18681.1
1206.1 18716
1206.27 18687.2
1206.44 18660.2
1206.52 18670.3
1206.55 18649.7
1207.11 18640.7
1207.09 18657.2
1207.5 18659.6
1207.55 18651.9
1208.21 18591.2
1207.79 18578.9
1208.17 18561.7
1208.28 18590.1
1208.99 18604.3
1209.47 18591
1209.57 18553.9
1210.25 18550.8
1210 18533.2
1210.2 18545.1
1210.19 18540.7
1210.32 18525.1
1210.45 18516.2
1210.55 18521.6
1210.57 18529.4
1210.72 18521.2
1210.87 18519.3
1210.99 18522.5
1212.13 18537.2
1212.06 18536.8
1212.12 18523.2
1212.06 18531.4
1212.3 18519.1
1212.37 18508.6
1212.67 18509
1212.7 18508.1
1212.42 18489.1
1211.4 18574.4
1213.05 18653.6
1214.19 18720.9
1214.4 18741.8
1214.29 18770.8
1214.32 18748
1214.28 18699.2
1214.61 18704.3
1214.67 18724.4
1214.76 18718.4
1214.54 18720.5
1214.67 18709.6
1214.76 18705.9
1214.82 18698.6
1216.05 18698.7
1216.02 18666
1218 18657.9
1217.85 18665.6
1218.63 18702.6
1218.82 18685.3
1219.07 18694.6
1219.09 18734.1
1219.44 18769.7
1219.64 18799.7
1220.57 18826.6
1220.44 18836.3
1220.32 18829.7
1220.32 18820.7
1220.18 18824.1
1220.18 18826.1
1220.14 18806.7
1220.61 18802.4
1220.64 18788.6
1220.01 18806.4
1219.98 18836.5
1220.07 18880.8
1220.05 18900.7
1219.82 18935.9
1217.43 18957.5
1217.44 19016.5
1217 19036.4
1217.15 19059.6
1217.79 19057.1
1217.74 19076.7
1217.8 19099.6
1217.8 19103.9
1218.08 19098.7
1218.12 19107
1218.18 19073.5
1218.15 19082.6
1219.83 19099.6
1219.81 19082.5
1219.81 19041.8
1219.6 19033.9
1219.6 19033.2
1219.74 19021.6
1221.18 19059.3
1221.51 19015.8
1222.27 19039.6
1222.78 18985.2
1222.75 19044.7
1222.62 19066.7
1222.58 19062.6
1222.68 19091.1
1222.67 19121.5
1222.62 19128.5
1222.83 19147.1
1222.93 19145.8
1223.08 19146.6
1222.93 19128.4
1222.55 19118.9
1222.18 19182.3
1222.18 19197
1222.31 19178.6
