99.3577 871.394
101.039 552.223
260.412 1489.78
260.54 1159.05
262.239 1117.53
260.538 1302.26
261.86 1253.91
324.008 2526.97
333.827 2127.31
343.689 2020.35
382.882 2335.17
394.144 2392.37
408.031 2382.92
450.699 2847.45
463.013 2898.9
467.23 2956.29
516.352 4093.48
516.035 3666.08
527.913 4138.29
564.175 4018.41
563.933 3943.85
572.569 3884.96
586.418 4437.59
600.807 4136.95
616.296 4277.17
622.47 4147.85
641.33 4817.41
645.758 5059.68
646.055 4575.09
691.383 4854.82
693.841 5072.66
698.286 5089.17
704.152 5623.06
703.986 6160.53
701.752 6167.84
726.212 6591.23
754.401 7347.92
767.569 7007.38
786.383 7335.37
788.61 7289.25
787.05 7185.31
817.491 7193.99
824.002 7154.49
823.749 7256.28
823.784 7115.97
825.373 7018.7
825.594 6912.15
825.558 6964.12
834.308 6762.94
835.804 7077.16
840.625 7113.56
837.247 8516.86
877.054 8614.46
877.51 8293.18
877.351 8151.77
893.131 7942.8
913.473 7835.77
927.001 7680.15
927.067 7480.53
944.426 8163.24
944.299 7726.16
955.238 8832.89
958.847 8372.21
958.739 8152.59
957.092 8034.68
981.837 7723.11
982.717 7325.11
982.797 7375.24
986.487 7222.71
984.924 7404.72
994.373 7436.71
994.14 7527.56
992.188 8781.15
998.722 8543.51
998.435 8322.53
1002.31 8007.83
1004.2 7870.4
1007.13 7564.55
1014.63 7348.11
1020.32 7245.54
1020.12 7156.86
1019.66 7135.37
1021.94 7071.27
1021.77 7067.4
1026.59 7045.56
1027.42 7021.77
1029.55 6930.26
1045.71 7377.93
1045.32 7262.36
1045.16 7253.77
1045.37 7183.82
1045.24 7129.53
1047.81 7075.07
1073.51 7085.09
1073.57 6947.56
1072.68 6924.81
1075.16 7920.1
1080.51 7632.78
1090.03 7289.84
1090.22 7378.62
1088.53 7659.57
1092.08 7682.05
1092.03 7679.88
1094.75 7672.69
1094.8 7610.02
1108.24 7338.73
1108.33 7401.1
1111.08 7435.07
1111.23 7515.15
1116.13 7484.43
1117.37 7466.63
1124.92 7350.75
1124.93 7343.17
1125.08 7331.1
1128.23 7362.79
1128.35 7380.29
1128.18 7375.63
1133.89 7419.77
1133.81 7390.64
1136.2 7162.43
1138.67 7140.28
1137.13 7337.84
1137.45 7444.33
1137.78 7383.43
1137.57 7354.45
1138.45 7333.19
1137.62 7348.26
1143.82 7542.47
1149.04 7380.32
1149 7415.11
1148.53 7461.67
1152.66 7502.09
1158.58 7899.8
1158.91 7756.19
1158.37 7664.67
1159.01 7593.29
1159.17 7560.89
1159.99 7519.37
1160.2 7528.91
1160.12 7492.29
1160.1 7492.97
1161.31 7703.38
1161.51 7677.61
1160.47 7837.88
1161.01 7794.85
1160.4 7923.89
1161.8 7961.12
1166.93 7967.66
1166.54 7926.82
1166.51 7925.3
1167.34 7930.75
1167.56 7929
1167.38 7933.66
1168.7 7913.88
1169.7 7929.19
1169.79 7947.17
1172.11 7935.45
1174.34 7969.66
1177.81 8140.83
1177.65 8201.36
1182.66 8157.02
1183.53 8185.01
1183.61 8157.69
1184.07 8142.94
1184.16 8163.04
1190.51 8089.24
1196.17 8211.99
1196.79 8136.22
1197.76 8137.8
1207.18 9051.26
1207.29 8698.61
1207.53 8552.29
1207.77 8561.12
1207.8 8503.55
1216.23 8541.59
1217.63 8566.55
1217.74 8568.87
1217.52 8554.52
1217.71 8545.26
1219.45 8497.39
1222.56 8484.38
1222.53 8495.13
1223.51 8466.52
1224.51 8500.13
1224.91 8505.17
1223.56 8441.3
1223.15 8548.57
1225.83 8583.37
1224.34 8681.93
1225.42 8792.33
1225.32 8810.36
1225.3 8816.63
1226.25 8794.61
1225.73 8850.77
1228.07 9014.47
1228.88 9045.03
1230.76 9094.25
1230.56 9137.13
1230.46 9027
1230.47 8993.93
1230.41 8982.65
1231.77 8999.13
1232.04 8924.94
1233.03 8900.58
1232.85 8916.76
1233.64 8902.15
1233.63 8873.7
1234.85 8893.24
1235.08 8812.01
1235.52 8822.09
1236.99 8894.82
1237.06 8909.96
1237.21 8907.61
1237.17 8914.89
1238.52 8916.93
1239.14 8933.81
1239.53 8952.72
1241.54 8951.44
1241.71 9004.48
1241.73 9176.49
1243.91 9220.01
1248.88 9257.61
1252.32 9221.32
1252.14 9216.34
1252.84 9241.84
1253.47 9263.19
1253.39 9259.36
1253.25 9242.46
1253.22 9255.18
1253.02 9266.39
1253.32 9279.34
1253.39 9282.71
1254.3 9277.29
1258.01 9234.18
1260.68 9196.7
1267.46 9220.41
1267.59 9181.38
1267.55 9189.53
1268.7 9182.58
1268.77 9179.56
1268.97 9182.43
1269.02 9167.77
1268.95 9161.65
1270.63 9159.56
1270.84 9171.19
1272.68 9155.48
1273.21 9173.36
1273.56 9172.81
1273.81 9194.4
1273.98 9213.23
1274.98 9228.01
1274.94 9329.66
1275.43 9419.21
1274.55 9876.9
1274.46 9934.25
1274.05 9878.56
1273.95 9900.56
1273.92 9916.17
1273.93 9936.63
1273.55 10000
1272.94 10058.9
1272.74 10085.6
1273.68 10128.9
1273.95 10139.2
1272.87 10132.8
1272.79 10125.6
1272.98 10233
1273.63 10253.4
1273.73 10214.1
1273.72 10204.1
1273.8 10185.7
1273.81 10189.6
1277.44 10108.7
1278.88 10119.6
1278.98 10019.7
1278.52 10062
1278.69 10072.6
1279.39 10013.2
1279.53 10016.6
1279.55 9969.87
1280.43 9897.43
1280.16 9837.17
1280.02 9804.6
1280.12 9796.91
1280.63 9750.63
1280.13 9761.89
1280.15 9761.54
1280.18 9772.31
1280.15 9786.6
1280.26 9762.24
1280.29 9750.45
1279.14 9686.09
1279.14 9683.29
1279.09 9678.07
1279.23 9693.83
1279.29 9709.13
1279.64 9737.27
1279.64 9757.33
1279.94 9971.08
1281.55 9994.5
1284.58 9997.29
1286.22 9989.66
1285.39 9959.06
1285.4 9968.78
1286.1 9970.12
1287.06 9979.39
1287.6 9989.16
1287.6 9995.29
1287.64 9994.95
1287.46 9996.1
1287.79 10005.2
1287.49 10008.9
1287.7 10382.3
1287.66 10373.6
1287.7 10287.1
1288.26 10271.7
1288.28 10273
1289.46 10313.5
1289.81 10482
1289.89 10575.5
1289.9 10630.5
1290.41 10668.7
1290.63 10724.3
1290.67 10763.6
1290.82 10788.8
1291.6 10727.4
1291.71 10754.3
1291.9 10785.3
1291.65 10987
1291.42 10968.1
1291.61 10768.3
1291.45 10754
1292.34 10764.1
1292.81 10800
1293.01 10839.5
1292.97 10829
1292.91 10758
1292.66 10735.5
1292.49 10736.8
1294.93 10934.5
1295.15 10940.3
1295.23 10926.5
1295.22 10946.3
1294.89 10939.9
1294.86 10954.5
1295.29 10979.6
1295.39 11009.4
1295.48 11024.8
1295.61 11046
1297.19 11021.9
1299.39 11080.6
1299.63 11076.4
1299.65 11092.1
1299.89 11108
1299.66 11027.9
1302.21 10988.7
1302.01 11078.7
1302.21 10980
1302.08 10940.8
1302.77 10925.2
1302.75 10901.2
1302.64 10925.7
1305.2 10924.4
1305.23 10912.7
1305.38 10907
1305.16 10966.7
1305.35 11034.5
1305.35 11096.4
1305.88 11140.1
1305.77 11166
1307.11 11055
1307.1 11009.4
1307.9 11069.7
1313.52 11105.5
1313.51 10825.7
1315.61 10922.4
1316.32 10957.3
1316.29 10954.1
1316.15 10936.7
1315.92 10981.1
1316.21 11049.6
1316.2 11083.5
1316.19 11097.1
1319.76 11004.1
1319.44 10926.6
1319.33 10911.8
1319.85 10930
1321.15 10994.4
1321.14 10990.1
1322.75 11004.2
1322.79 10984.9
1322.71 10970.4
1322.87 10975.5
1323.55 10946.5
1324.54 10891
1324.76 10881.3
1324.74 10879
1324.85 10872.7
1324.88 10876
1325.97 10885.9
1326.01 10893
1325.74 10900.9
1325.61 10891.3
1325.63 10901.1
1325.45 10899.7
1325.35 10903.5
1325.1 10872
1325.09 10844
1325.15 10842.3
1325.36 10881.1
1325.09 10879.8
1325.24 10899.1
1325.24 10901.5
1325.14 10914.3
1325.39 10892.4
1325.42 10897.2
1325.22 10858.8
1325.22 10826.6
1324.98 10800.8
1324.75 10745
1324.76 10721.3
1324.64 10722.7
1324.63 10703.2
1324.69 10695.6
1324.58 10693.2
1325.41 10722.5
1325.29 10686
1325.34 10699.3
1325.05 10705.1
1326.31 10705
1326.46 10694.4
1327.31 10726.3
1327.36 10690.5
1327.24 10588.5
1327.15 10583.4
1327.13 10587.6
1327.25 10590.9
1327.25 10610.3
1328.23 10618.7
1328.26 10636.4
1328.15 10642.4
1328.39 10661.3
1328.98 10629.1
1328.97 10656.9
1328.97 10658.5
1328.92 10681.3
1328.72 10698
1328.64 10708.7
1328.65 10693.3
1328.65 10692.3
1328.53 10668.1
1328.72 10696.4
1329.42 10684.9
1329.14 10642.5
1329.34 10649.3
1329.89 10679
1329.85 10694
1328.82 10714
1328.87 10763.2
1328.83 10768.2
1328.8 10782.4
1329.98 10731.3
1329.95 10710.5
1329.78 10827.8
1330.26 10864.6
1330.03 10886.7
1330 10882.5
1329.95 10897.2
1329.82 10943
1329.43 10809.5
1332.25 10823.5
1332.25 10761.5
1332.33 10755.6
1331.94 10735.9
1332.85 10768.3
1332.8 10780.2
1332.81 10789.8
1332.6 10739
1332.89 10746.7
1332.88 10763.5
1333.8 10768.4
1333.79 10786.7
1333.82 10789.6
1333.98 10761.6
1334.12 10766.9
1334.07 10749.4
1335.36 10751.6
1335.37 10738.1
1335.45 10731.2
1335.76 10722.1
1337.05 10719.2
1337.12 10723.6
1337.71 10730.3
1337.53 10738.1
1337.58 10734.1
1337.27 10770.2
1337.19 10753.4
1337.2 10764.6
1337.12 10774.8
1337.45 10824.2
1337.56 10841.2
1337.38 10835.2
1337.49 10814
1337.17 10779.9
1337.39 10763.1
1337.49 10749.1
1337.52 10748.6
1338.78 10732
1338.93 10723
1338.38 10685.2
1338.35 10688.2
1338.43 10678.6
1338.41 10665.9
1339.14 10668.1
1339.14 10680.2
1339.22 10671
1339.4 10681.7
1339.47 10689.9
1339.89 10702
1339.88 10727
1339.99 10749.1
1339.98 10756.9
1339.67 10811.6
1339.38 10853.7
1339.45 10887
1339.44 10911.1
1339.81 10934.9
1339.81 10915.3
1340.15 10891.8
1340.11 10881.5
1340.11 10891.6
1340.84 10903.6
1340.82 10908.3
1341.15 10889.3
1341.13 10890.6
1341.21 10900.3
1341.22 10854.7
1341.27 10904.1
1341.52 10926.3
1341.58 10950.1
1341.76 10944.7
1341.68 10928.3
1342.72 10868.1
1342.26 10802.1
1342.33 10798.5
1342.48 10718.1
1342.74 10683.7
1342.8 10673.2
1342.76 10658
1343.6 10665.4
1343.68 10662.9
1342.97 10627.3
1343.17 10670.5
1343.25 10630.3
1344.44 10636.8
1344.67 10651.8
1344.89 10684.3
1345.4 10727.9
1345.48 10748.2
1345.48 10745.7
1345.57 10713.7
1345.58 10739.7
1345.63 10764.8
1345.81 10839.3
1345.78 10858.5
1345.85 10871.9
1346.08 10879.4
1346.45 10960.4
1346.2 10986
1346.56 11073.2
1346.04 11074
1346 11144.8
1345.95 11147.2
1345.98 11144.6
1346.46 11159.9
1347.77 11177.8
1347.61 11189.6
1348.43 11234
1348.24 11196.6
1348.39 11206.4
1349.07 11240.3
1348.84 11211.6
1350.34 11181.2
1350.45 11191
1350.44 11203.1
1350.82 11197.5
1350.81 11157.1
1350.41 11175.4
1350.34 11175.5
1350.39 11169.9
1350.25 11162.4
1350.24 11136.2
1350.54 11136.2
1350.46 11130.7
1350.45 11129.6
1350.57 11122
1350.99 11130.9
1351.53 11153.1
1351.51 11161
1352.14 11179.2
1352.16 11198
1352.19 11200.1
1352.32 11204.5
1352.26 11199
1352.61 11200.8
1352.93 11199
1353.02 11188.1
1353.02 11161
1352.3 11193.3
1352.43 11225.6
1352.39 11219.5
1352.57 11238.8
1352.67 11263.1
1352.96 11306.8
1353 11308.7
1352.99 11298.7
1352.94 11296.5
1353.05 11308
1353.32 11322.4
1353.48 11297.3
1353.95 11296.5
1354.5 11280.4
1354.4 11261.4
1354.43 11261.9
1354.6 11286.5
1354.66 11281.9
1354.65 11282.4
1354.72 11283.7
1354.73 11282.1
1354.76 11284.8
1354.67 11287.5
1354.87 11292.3
1354.95 11298.6
1355.05 11303.1
1356.26 11308.4
1356.28 11288.5
1356.64 11288.3
1356.3 11280.7
1356.16 11278
1356.96 11284.2
1357.01 11306.3
1356.95 11326
1356.97 11332.4
1356.98 11352.8
1357.84 11402.2
1357.8 11381.8
1357.73 11371.2
1357.62 11361.1
1357.29 11358.5
1357.15 11364.5
1357.18 11353.2
1357.25 11370.6
1357.13 11382.3
1358.45 11383.4
1358.45 11396.9
1358.12 11408.1
1358.15 11326.1
1358.16 11333.9
1358.11 11275.5
1357.91 11399.2
1358.06 11452.9
1358.06 11439.3
1357.95 11453.3
1358.22 11460.6
1358.22 11448.6
1358.31 11449.1
1358.35 11444
1358.26 11437.7
1358.04 11496.5
1358.73 11515.3
1359 11505.6
1358.98 11481.4
1359.04 11489.4
1359.53 11515.9
1359.78 11547.4
1359.59 11543.3
1359.61 11537.1
1359.58 11515
1359.65 11496.9
1359.66 11485.1
1360.07 11497.1
1360.13 11492.7
1360.9 11496.9
1360.87 11486.8
1361.06 11486.2
1361.12 11483.2
1361.16 11479.9
1361.29 11490.3
1361.31 11495
1361.24 11529.7
1361.51 11523.8
1362.06 11565.7
1362 11535.8
1362.22 11532.2
1362.27 11531.7
1362.67 11504.6
1362.84 11506.2
1362.94 11511.6
1362.96 11502.1
1362.79 11500.7
1362.8 11484.3
1362.83 11463.8
1362.69 11447.2
1362.08 11635.8
1362.13 11670.1
1362.22 11683.2
1362.17 11667.7
1362.4 11681.7
1362.84 11697.1
1362.88 11695.4
1362.82 11692.2
1362.79 11694.6
1363.09 11707
1363.25 11711.5
1363.61 11699.9
1363.86 11754.2
1363.8 11769.5
1363.99 11762.7
1363.99 11722.6
1364 11697
1363.94 11703.3
1364.18 11703
1364.19 11696.3
1364.21 11694.8
1364.42 11706.2
1364.97 11708.1
1364.92 11673.7
1365.36 11730
1365.4 11726.5
1365.45 11744.7
1365.5 11754.2
1365.68 11775.7
1366 11765.3
1366.33 11786.2
1367.04 11802.7
1367.12 11820.7
1367.22 11823.1
1367.23 11830.5
1367.25 11840.3
1366.56 11809.8
1366.57 11784.5
1366.93 11815.2
1367.29 11843.6
1367.71 11846.8
1367.68 11846.9
1367.67 11857.2
1367.69 11877.4
1367.69 11893.7
1367.51 11915.2
1367.23 11856.9
1367.17 11833.2
1367.15 11827.7
1367.4 11831.5
1367.67 11846.7
1367.45 11842.6
1367.55 11814.9
1367.5 11806
1367.48 11790
1367.48 11784.8
1367.59 11784
1367.61 11784.3
1367.61 11793.4
1368.14 11809.1
1367.72 11827.3
1367.72 11827.1
1367.78 11824
1367.74 11829.5
1367.88 11839.9
1368.2 11859.9
1368.16 11848.9
1368.15 11836.1
1368.11 11829.9
1367.94 11841.9
1367.97 11862.7
1368.12 11887.4
1368.3 11907.3
1368.38 11935.5
1368.52 11953.1
1368.56 11954.6
1368.57 11959.5
1368.57 11962.9
1368.54 11961.1
1368.62 11954.2
1368.58 11956.4
1368.78 11955
1369.42 11928.5
1369.53 11933.8
1369.61 11927.4
1369.46 11927.6
1369.46 11912.5
1369.56 11881.8
1369.58 11883.9
1369.57 11882.2
1369.16 11879.9
1369.8 11877.8
1369.83 11861.8
1369.76 11892.2
1369.96 11937.2
1369.83 11951.3
1369.77 11954.1
1369.76 11951.8
1369.74 11958.2
1370.12 11974.9
1370.14 11987.1
1370 11988.7
1369.95 11982.5
1370.04 11986.4
1369.81 11984.1
1369.97 11984.4
1369.75 11978.8
1369.87 11967.2
1369.89 11954.9
1369.91 11945.4
1369.47 11957
1369.55 11945.5
1369.9 11956.4
1369.66 11943.1
1369.6 11938.6
1369.48 11953.3
1369.03 11940
1369.33 11942.4
1369.14 11954.1
1368.9 11941.7
1368.95 11940.7
1368.71 11965.5
1368.87 11973.2
1368.99 11987.7
1369.02 11999.5
1369.08 12008.6
1369.09 12024
1369.3 12011.1
1369.29 12026.2
1369.27 12030.1
1369.26 12033.8
1369.19 12014.3
1369.39 12062.1
1369.2 12009.3
1369.12 11963.8
1368.81 11951.2
1369.31 11943.7
1369.31 11929.9
1369.1 11926.9
1369.05 11939.3
1368.02 11949.1
1368.06 11946.4
1368.2 11934.4
1368.41 11933.2
1368.53 11947.7
1368.18 11943.7
1368.57 11942.4
1368.59 11952.1
1368.85 11965.2
1368.73 11976.2
1368.72 11989.3
1368.59 12002.9
1368.58 12015
1368.77 12018.3
1368.85 12014.1
1368.97 12016.4
1369.5 12039.5
1369.36 12050.8
1369.13 12002.6
1369.15 12014.3
1369.33 12006.9
1369.29 12012
1369.27 12015.4
1369.65 12030.5
1370.4 12083.7
1370.33 12115.6
1370.41 12138.4
1370.17 12157.4
1370.5 12176
1370.53 12180.5
1370.6 12200.2
1371.09 12161.5
1371.13 12191.9
1370.86 12200.4
1370.75 12197.5
1370.72 12178.6
1370.9 12173.4
1371.19 12178.6
1370.8 12207.6
1371.02 12195.7
1370.98 12275
1371.51 12314.5
1371.51 12367.3
1371.79 12381.8
1372.43 12414.3
1372.74 12451.8
1372.67 12449.6
1372.42 12438.7
1372.17 12449.2
1372.35 12460.3
1372.33 12465.7
1373.08 12478.6
1373.01 12493.4
1372.99 12505.5
1372.92 12513.7
1373.07 12521.1
1373.31 12262.1
1373.23 12223.2
1373.36 12189.4
1372.96 12167.2
1373.07 12163.6
1373 12147.1
1372.62 12137.1
1372.63 12119
1372.61 12095.4
1371.43 12074.5
1371.46 12066.4
1371.47 12086.4
1371.41 12087.9
1371.57 12091.8
1371.64 12070.2
1371.62 12065.8
1371.61 12076.1
1371.1 12077.2
1371.46 12082.8
1371.84 12076.7
1372.19 12084.3
1372.02 12091.8
1372.01 12075
1372.73 12089.3
1372.55 12083.3
1372.57 12074.7
1372.64 12059.9
1372.96 12085.1
1372.85 12094
1372.85 12085
1372.87 12072.3
1372.81 12052.1
1372.58 12044.7
1372.64 12065.2
1372.9 12088.4
1372.95 12090.2
1372.99 12099.9
1372.98 12127.2
1372.96 12123.5
1373.03 12127.1
1372.99 12133.9
1372.8 12370
1372.56 12397.7
1372.53 12391.4
1372.6 12392.4
1372.47 12388.8
1372.23 12388.5
1372.42 12379.4
1372.26 12368
1372.18 12360.6
1372.29 12339.2
1372.34 12323.1
1372.14 12314.2
1372.14 12313.2
1372.21 12307.5
1372.56 12339.1
1372.63 12348.5
1372.57 12368.4
1372.54 12361.2
1372.28 12363.7
1372.33 12364.2
1372.55 12345.3
1372.43 12330.7
1372.42 12325.6
1372.6 12307.5
1372.46 12316.1
1372.45 12376.2
1372.38 12376.2
1372.39 12380.6
1372.33 12425.8
1372.35 12433.1
1372.31 12426.6
1372.62 12438.9
1372.82 12452.7
1372.88 12462.8
1372.85 12463.9
1372.84 12474.7
1372.47 12512.5
1372.47 12490.9
1372.53 12487.9
1372.6 12500.2
1372.69 12492.4
1372.67 12513.4
1372.68 12516.3
1372.74 12521.7
1372.81 12513.4
1372.58 12508.2
1372.71 12519.5
1372.88 12531.2
1373.03 12528.5
1373.07 12500.5
1373.1 12519.5
1373.03 12587.4
1373.04 12567
1373.62 12579.1
1373.92 12591.7
1373.92 12603.1
1374.04 12609.8
1374.01 12601.5
1374.21 12631.9
