52.4143 194.018
185.053 1074.96
179.329 1833.21
181.08 1228.33
236.088 1546.09
232 1713.06
234.725 1544.56
238.212 1462.72
245.278 1890.66
274.645 2119.15
294.734 2355.19
308.11 2456.78
311.17 2285.65
326.567 2806.7
331.891 2662.44
331.27 2741.44
343.461 2647.73
354.391 2699.84
357.942 2642.68
411.977 3552.19
439.168 4900.59
461.959 6880.53
463.303 5710.05
523.472 5814.33
523.659 5495.72
546.961 5418.33
549.075 5657.64
602.005 7094.84
612.563 6854.09
670.64 7013.06
674.611 7069.16
677.185 7050.9
704.802 8126.2
733.177 7153.12
734.402 7228.86
738.605 7194.8
736.738 8434.27
751.054 7849.03
751.367 7523.79
774.427 7285.61
772.388 7664.94
785.21 7569.27
793.095 7383.68
790.949 7403.88
799.161 7363.28
802.946 7711.79
856.648 7869.39
861.287 7772.62
861.889 7754.94
864.132 7809.9
886.96 7820.6
887.346 7662.19
890.875 7541.09
892.742 7623.16
909.794 7472.68
910.234 8216.16
992.382 9909.4
1000.3 9826.61
1006.32 9366.75
1044.73 10715.3
1053.47 10564.3
1054.26 9829.11
1056.14 10021
1056.22 9214.05
1057.7 8974.09
1062.4 9716.53
1062.5 9348.98
1063.15 9286.24
1071.69 9237.07
1080.65 9338.44
1088.47 9621.22
1088.49 9659.22
1093.25 9433.11
1096.56 9712.82
1096.73 9791.77
1094.96 9701.59
1114.93 10160.4
1129.76 11040.1
1126.89 10414
1127.47 9963.17
1127.56 9881.76
1127.27 11420.5
1127.25 11495.1
1128.88 11235.1
1127.61 11040.4
1129.57 10894.1
1132.26 10934.4
1144.04 11830
1145.96 11549.2
1146.41 11401.4
1146.23 11394.5
1156.46 12098.2
1161.5 12518.6
1171.74 12059.7
1173.36 11827.8
1174.22 11684.4
1174.84 12087.6
1174.81 11953.4
1174.55 11932.5
1174.55 11930.5
1174.67 11920.4
1174.7 11904.7
1178.88 12311.8
1179.88 11912.1
1180.39 11924.4
1180.22 11850.5
1179.99 11731.9
1204.2 11388.7
1210.63 11356.2
1209.95 11332.7
1210.52 11297.2
1210.21 11303
1219.34 11199.2
1223.64 11155.8
1224.27 11175
1224.43 11181.7
1224.4 11186.9
1225.46 11146.5
1229.23 11147.1
1229.23 11160
1230.57 11155.7
1230.26 11146
1230.99 11121.3
1233.8 11105.7
1236.24 10901.3
1235.92 10984.6
1237.15 11018.1
1241.8 11117.3
1243.37 11065.5
1244.64 11096.7
1244.83 11125.9
1244.89 11138.6
1245.36 11269.4
1248.42 11450.5
1248.3 11465.8
1249.98 11418.9
1249.93 11419.5
1249.84 11436.5
1250.65 11407.8
1253.42 11402.2
1262.71 11233.6
1262.77 11280.7
1263.69 11350.2
1264.5 11582.5
1264.5 11538.8
1264.78 11498.3
1267.2 11337.4
1268.18 11208.1
1269.68 11158.5
1272.97 11113.5
1274.05 11609.5
1273.65 11573.7
1273.93 11530.3
1274.18 11795.2
1274.29 11910.2
1273.63 11981.4
1273.89 12030.2
1272.89 11890.4
1281.74 11796.3
1286.68 11559.7
1288.22 11520.1
1288.91 11490.5
1288.62 11486.9
1288.35 11484.1
1288.26 11433.8
1288.43 11401.1
1293.1 11364.4
1293.1 11367.9
1294.01 11408.3
1294.62 11379.5
1297.6 11339.3
1297.27 11332.7
1305.18 11214.9
1304.63 11171.6
1304.53 11123.3
1304.5 11059.2
1304.46 11017
1303.18 11061.6
1305.16 10991.3
1304.9 11268.8
1304.74 11209.5
1307.46 11154.6
1307.62 11106.5
1310 11053.2
1309.89 11030.4
1311.42 10995.4
1312.39 10936.7
1312.37 10926.5
1313.01 10897.3
1315.31 10840.7
1316.84 10810.9
1319.65 10658.7
1319.77 10632.7
1319.34 10569.9
1320.46 10584.4
1321.87 10608.2
1322.5 10662.2
1322.74 10705
1322.67 10734.4
1329.2 10702.6
1331.18 10935.6
1331.14 11033.3
1330.9 10997.7
1330.9 11032.9
1331.78 11003.7
1332.08 11023.9
1332.64 11048.3
1332.76 11066.5
1333.92 11071.9
1333.97 11017.9
1335.69 10961.7
1335.51 10979.9
1335.64 10988
1341.14 10996.8
1341.48 11070.1
1341.51 11074.6
1342.16 11047.6
1342.38 11029.8
1344.12 10944.2
1345.03 10988.4
1345.68 11026.5
1345.6 11025.3
1345.75 11029.6
1345.74 11026.2
1346.35 11030.5
1346.36 11017
1346.36 10980.9
1346.33 10966
1346.39 10928.6
1346.39 10919
1346.41 10900
1345.21 10784.4
1345.02 10842.8
1344.88 10811.4
1345.11 10813.1
1344.86 10806.3
1345.69 10809.6
1345.33 10847.6
1345.62 10894.4
1345.77 10897.1
1345.18 10898.4
1346.44 10852.8
1346.47 10881.8
1346.41 10898.2
1346.48 10905.4
1346.45 10901.5
1346.42 10878.6
1346.48 10859.9
1346.48 10845.9
1349.25 10878.7
1349.26 10843.7
1349.69 10819.6
1354.21 10770.4
1354.14 10762.9
1354.47 10740.4
1354.56 10731.4
1353.69 10682.6
1353.82 10652.4
1355.84 10615.1
1356.06 10632.9
1356.05 10683.4
1356.04 10691.7
1355.98 10689
1356.21 10695
1356.55 10646.3
1356.6 10730.2
1357.22 10737.5
1357.86 10739.7
1359.49 10730.8
1359.35 10731.3
1359.74 10733.5
1359.87 10734.7
1360.59 10740.6
1360.95 10759.8
1363.06 10758.8
1362.26 10769.6
1362.25 10805.6
1361.84 10811.6
1362.02 10795.1
1362.02 10769.4
1362.64 10764
1363.16 10768.3
1363.29 10772
1365.32 10765.5
1365.45 10787
1365.83 10806.7
1365.92 10816.2
1365.98 10818.1
1366.9 10818.7
1366.9 10810.6
1366.93 10799.7
1366.82 10770.5
1366.79 10778.3
1366.61 10821.5
1366.62 10829.8
1366.9 10830.7
1366.82 10835.9
1366.72 10842.5
1366.89 10846.9
1366.87 10851.7
1367.07 10843.3
1367.14 10846.9
1367.57 10844.4
1367.55 10845.5
1367.8 10865.4
1367.75 10835
1367.62 10883.2
1368.56 10921.6
1368.6 10912.1
1368.63 10905
1369.48 10974.4
1369.71 10970.6
1369.57 10950
1369.71 10952.3
1369.71 10952.8
1369.63 10940.9
1369.64 10947.6
1369.48 10962.9
1370.6 10999.2
1370.61 11016.6
1371.22 11055.6
1371.47 11063.5
1372.32 11083.7
1372.22 11061.9
1372.24 11049.3
1372.92 11073
1372.83 11068.7
1373.07 11058.3
1373.49 11078.4
1373.65 11080.1
1373.99 11088.9
1373.69 11073.5
1373.86 11016
1374.05 11042.6
1373.61 11002.9
1374.47 11302.8
1374.46 11255.5
1374.47 11302.2
1374.57 11331.1
1374.56 11358.9
1374.64 11372.2
1374.72 11284.9
1374.67 11346.7
1375.37 11361
1375.93 11367.9
1377.89 11440.8
1377.97 11449.2
1378.25 11460.6
1378.21 11472.4
1378.46 11489.3
1378.2 11499.8
1378.17 11504.4
1378.29 11522.5
1378.07 11539.5
1378.09 11558.2
1378.31 11580
1378.74 11606.6
1385.99 12118.9
1402.69 11552.6
1409.28 11665.5
1408.79 11644
1408.8 11696.7
1409.15 11690.9
1411.64 11674.1
1411.72 11665.4
1411.91 11660.1
1411.88 11657.2
1411.91 11624.8
1413.38 11668.6
1413.45 11677.6
1416.02 11661.1
1422.49 11625.4
1422.68 11617.3
1422.65 11619.1
1424.42 11617.1
1424.44 11607.6
1424.29 11587.4
1424.98 11609.9
1425.07 11610.8
1425.09 11608.6
1425.24 11608.2
1425.88 11604.4
1425.48 11561.8
1425.69 11540.5
1425.7 11569.8
1425.37 11607.5
1424.11 11639.9
1424.06 11689.8
1424.03 11718.8
1423.96 11729.6
1424.7 11790.8
1426 11867.5
1426.06 11694.1
1426.02 11775.5
1426.11 11832.6
1426.03 11863.9
1425.77 11912.5
1425.96 11804.7
1426.08 11833.7
1427.2 11854.4
1427.49 11869.8
1427.62 11873.8
1428.24 11863.3
1428.2 11864.7
1428.26 11859.4
1428.39 11866.1
1428.42 11901.1
1430.18 11939.6
1430.56 11984.8
1431.43 12027.2
1431.38 12035.6
1431.11 12061.2
1431.11 12094.2
1431.28 12120.5
1431.16 12127.7
1431.2 12143.8
1431.64 12136.6
1431.69 12148
1432.17 12099.9
1432.37 12017.3
1432.42 12013.5
1432.08 12022.6
1432.17 12033.4
1432.23 12043.5
1432.13 12079.4
1432.41 12104.5
1433.19 12118.9
1433.21 12122.7
1433.57 12173.5
1433.69 12196
1433.97 12191.8
1434.46 12183.7
1434.67 12170.5
1434.59 12156.8
1434.75 12125.3
1435.23 12127.1
1435.67 12122
1435.68 12114.6
1435.55 12125
1435.58 12123.4
1435.71 12145.9
1435.69 12143.3
1435.63 12174.5
1435.79 12203.6
1435.77 12203.6
1435.66 12218.1
1435.57 12223.6
1435.36 12238.1
1435.44 12264.6
1437 12312.1
1437.14 12292
1437.1 12285.5
1438.03 12275.9
1438.03 12262.6
1438.55 12260.6
1438.56 12257.1
1438.58 12258.9
1438.64 12388.1
1438.63 12405.2
1438.89 12449.4
1438.77 12438.8
1438.76 12442.3
1438.85 12441.6
1438.46 12385.2
1438.47 12393.2
1439.04 12436.8
1439.15 12486.7
1439.77 12493.2
1439.75 12501.8
1439.86 12509.6
1439.94 12524.7
1439.8 12710.8
1439.8 12737.9
1439.79 12735.4
1439.62 12714.8
1439.72 12719.9
1439.82 12702.4
1440.04 12722.5
1440.89 12759.8
1440.89 12797.3
1440.77 12806.4
1442.12 12811.5
1442.49 12774.1
1442.5 12713.3
1442.61 12717.5
1443.03 12733.2
1443.05 12739.8
1443.1 12745.2
1443.08 12758.2
1443.01 12725.3
1443.08 12721.9
1443.22 12707
1443.17 12694.3
1443.08 12679.3
1443.12 12650.2
1443.3 12633.1
1443.91 12663.6
1444.79 12698.5
1448.04 12646.5
1448.1 12674.6
1448.18 12678.7
1448.3 12691.2
1448.46 12689.1
1448.71 12649.7
1448.61 12654.6
1448.53 12668.5
1448.6 12668.1
1448.61 12670.6
1448.71 12705
1448.58 12731.5
1448.61 12754
1449.15 12776.2
1449.24 12783.2
1449.89 12823.2
1450.22 12829.5
1450.29 12840.4
1450.42 12847
1450.54 12857.1
1450.57 12855.8
1450.6 12863.6
1450.7 12861.3
1450.55 12900.4
1450.57 12913.2
1450.34 12902.5
1450.35 12898
1450.42 13063.6
1450.37 13071.5
1450.42 13075.2
1450.45 13069.6
1451.77 13183.3
1453.14 13292.1
1453.16 13239.2
1453.03 13224.7
1452.97 13228
1453.04 13229.9
1453.15 13226.4
1453.57 13234.4
1455.1 13268.6
1455.01 13251.4
1455.08 13285.5
1455.06 13331.4
1455.16 13342.2
1455.13 13343.1
1455.07 13335.3
1455.72 13392.6
1455.96 13435
1456 13456.3
1455.99 13474
1456.04 13470.8
1456.05 13475.8
1456.06 13477.7
1456.09 13486.8
1456.48 13509.5
1456.45 13517
1456.66 13518.4
1456.69 13527
1456.75 13535.4
1458.14 13440.5
1458.18 13424.3
1458.6 13426.7
1458.74 13416.8
1458.8 13411.2
1458.47 13413.9
1458.48 13402.5
1458.64 13419.5
1458.33 13391
1458.32 13370.7
1458.36 13383.4
1458.36 13399.6
1458.29 13421.8
1460.14 13399.9
1460 13394.2
1460.12 13414.2
1460.13 13419
1460.97 13426.3
1460.88 13416.9
1460.86 13410.7
1460.84 13411.1
1460.85 13414.2
1461.03 13418.7
1461.11 13422.3
1461.15 13427.2
1461.15 13423.6
1461.21 13427.3
1461.44 13417.2
1461.48 13416.5
1461.62 13420.2
1461.7 13418.3
1461.95 13427.9
1461.71 13428.9
1462.26 13455.7
1462.23 13459.2
1462.21 13452.8
1462.25 13456.4
1462.28 13471.8
1462.05 13414.3
1462.06 13397.7
1462.09 13415.9
1462.3 13430.5
1462.18 13438.9
1463.52 13438.7
1463.55 13445.7
1464.23 13442.4
1464.24 13446.2
1464.24 13457.9
1464.38 13471.2
1464.4 13471.5
1464.38 13467.7
1464.48 13462.4
1464.7 13492.5
1464.71 13525.3
1465.36 13551.1
1465.35 13579.9
1465.34 13597.9
1465.21 13666.7
1465.2 13664.9
1465.25 13656.2
1465.43 13656.6
1465.46 13659.9
1465.57 13661.1
1465.53 13652.1
1465.6 13647.5
1465.15 13639.3
1465.34 13660
1464.99 13625.8
1465.14 13604.4
1466.09 13594.7
1465.91 13575.8
1465.56 13572.9
1465.54 13572.5
1465.54 13574.7
1465.57 13584.6
1465.39 13565.1
1465.39 13544.6
1465.55 13515.6
1465.67 13568.9
1465.52 13569.2
1465.52 13538.1
1465.47 13526.1
1465.41 13517
1465.3 13486.4
1465.32 13454.9
1465.33 13434.4
1465.26 13419.8
1465.1 13404
1465.36 13394.4
1465.58 13387.8
1465.44 13375.9
1465.58 13373.7
1465.52 13365.2
1465.53 13361.6
1465.59 13374.2
1465.53 13371
1465.7 13375.1
1465.57 13352.3
1465.48 13348.2
1465.56 13350.4
1465.48 13343.7
1465.52 13336.6
1465.8 13350.3
1465.8 13358.6
1465.82 13351.2
1466.07 13351.9
1466.06 13347.8
1466.06 13336.2
1466.12 13336.4
1466.1 13328.7
1466.84 13324
1466.96 13310.5
1466.95 13295.1
1467.11 13291
1467.44 13275.3
1467.54 13287.1
1469.68 13274.9
1469.76 13285.8
1469.83 13290.7
1469.85 13294.7
1469.83 13294.2
1469.73 13282.6
1469.69 13280.1
1469.67 13283.1
1469.86 13286.4
1469.84 13278.9
1469.84 13279.8
1469.85 13276.6
1469.85 13265.5
1471.09 13268.5
1471.13 13276.7
1471.11 13279.3
1471.26 13286.6
1471.26 13284.1
1471.01 13282.7
1471.13 13285
1471.11 13277.4
1471.11 13272
1471.06 13272.7
1471.03 13291
1471.15 13314.4
1471.84 13317.6
1471.66 13329.4
1471.86 13333.6
1471.32 13329.9
1471.31 13329.6
1471.71 13330.8
1471.75 13341.2
1471.67 13321.8
1471.71 13306.2
1472.08 13304.7
1472.06 13330.8
1472.02 13346
1472.18 13348.5
1472.22 13354
1472.12 13358.1
1472.24 13356.3
1472.21 13352.5
1472.16 13366.8
1472.17 13373
1472.1 13382.2
1473.88 13388.5
1474.31 13423.2
1474.95 13352.9
1474.93 13282.8
1474.89 13318.3
1474.9 13312.9
1474.92 13308.7
1474.76 13330.7
1474.93 13348.5
1474.58 13351.7
1474.66 13370.2
1474.76 13367.2
1475.05 13395.3
1475.42 13416.3
1475.51 13407
1475.61 13403.3
1475.35 13424.5
1475.5 13438.7
1475.52 13431.3
1475.41 13421.6
1475.54 13422.4
1475.53 13423
1475.76 13433.7
1475.76 13438.5
1477.43 13412.2
1477.43 13479.4
1477.48 13489.7
1477.48 13495.1
1477.28 13534.7
1477.22 13544.6
1477.62 13558.4
1477.61 13567.2
1477.58 13555.6
1477.49 13561.5
1477.48 13555.2
1477.56 13554.9
1477.63 13569
1477.72 13573.5
1477.72 13585.4
1477.76 13588.9
1477.75 13570.5
1477.83 13567.3
1478.21 13565.9
1478.24 13576.2
1478.41 13578
1478.69 13536.5
1478.71 13541.4
1478.64 13478
1478.97 13513.6
1479.02 13536.3
1479.03 13539.3
1479.41 13555.4
1479.42 13572.4
1479.25 13524.4
1479.22 13541
1479.13 13556.3
1479.45 13570.7
1479.44 13572.1
1480.75 13568.6
1481.13 13549.1
1481.13 13547.5
1481.15 13540.3
1481.16 13529.5
1481.16 13503.1
1481.16 13490.9
1481.04 13469
1482.14 13467.5
1482.23 13469.8
1482.28 13465.2
1482.31 13471.7
1482.29 13479.6
1482.49 13442.4
1482.52 13459.4
1482.89 13449.4
1483.04 13448.6
1482.95 13430.9
1482.98 13430.6
1482.92 13415.3
1482.8 13453.7
1482.76 13437.4
1482.64 13430.5
1482.63 13418.1
1483.18 13416.2
1483.18 13419.9
1483.19 13425.7
1483.21 13416.1
1483.65 13420
1483.67 13420.4
1483.69 13414.5
1483.99 13411.7
1483.99 13407.3
1484.47 13391.4
1484.43 13401.8
1484.38 13404.1
1484.31 13426.9
1484.44 13425.6
1484.44 13411.8
1484.47 13400.8
1484.71 13408.9
1485.11 13427.7
1485.27 13478.3
1485.38 13498.1
1485.27 13500.3
1485.37 13510.1
1485.4 13495.8
1485.39 13491.1
1485.4 13501.9
1485.42 13509.2
1485.45 13500.4
1485.52 13502.6
1485.56 13505.6
1485.42 13531.1
1485.49 13525.3
1485.53 13521.6
1485.51 13516.2
1485.61 13481.1
1485.61 13489.6
1485.65 13491.2
1485.56 13484.7
1486.39 13482.5
1486.51 13499.5
1486.76 13519.5
1486.59 13480.2
1486.56 13457.3
1487.42 13507.6
1487.69 13523.7
1487.88 13541.7
1488.2 13576.2
1488.2 13572
1488.3 13561
1488.11 13577.6
1488.28 13572.6
1488.28 13565.3
1488.2 13554.3
1488.16 13562.6
1488.27 13587.6
1488.29 13585.6
1488.32 13589.6
1488.34 13577.8
1488.21 13575.6
1488.5 13573
1488.59 13586.6
1489.14 13613.6
1489.14 13617.6
1489.11 13617.2
1489.3 13595.9
1489.31 13600.1
1489.38 13592.2
1489.51 13563.7
1489.47 13531.1
1489.63 13560.2
1489.49 13578.8
1489.52 13548.4
1489.65 13547.1
1489.61 13545.1
1489.98 13550
1489.89 13567.3
1489.95 13577.9
1490.22 13581.6
1490.3 13578.5
1490.8 13553.1
1491.17 13564.6
1491.45 13554.2
1491.43 13496.2
1491.41 13511.6
1491.43 13504.9
1491.22 13505.9
1491.25 13517.7
1491.18 13522.6
1491.25 13522.1
1491.26 13511.6
1491.34 13506.7
1491.19 13513.3
1491.36 13536.6
1491.34 13540.4
1491.57 13534.9
1491.39 13519.5
1491.4 13528.7
1491.19 13485
1491.19 13465.2
1491.2 13467.3
1491.04 13452.2
1494.5 13417.7
1494.5 13403.5
1494.61 13414.3
1494.61 13405.2
1494.84 13416.5
1495.04 13434.5
1495.26 13408.9
1495.33 13413.2
1495.28 13410.9
1495.3 13407.6
1495.26 13420.7
1495.31 13421.2
1495.32 13433.2
1495.16 13432.6
1495.32 13432.9
1495.18 13442.1
1495.41 13431.6
1495.47 13430
1495.61 13439.6
1495.62 13439.8
1495.74 13433.9
1495.67 13414.4
1495.57 13412.1
1495.51 13408.9
1495.33 13403
1495.35 13396
1495.36 13387.6
1495.4 13378.3
1495.4 13373.3
1495.48 13379.1
1495.7 13370.3
1495.72 13369.2
1495.71 13368.1
1495.72 13364.7
1496.85 13401.1
1496.85 13384.9
1496.86 13391.4
1496.94 13395.1
1497.06 13407.9
1497.04 13407.7
1497.01 13413.4
1497.08 13408.2
1497.11 13413.3
1497.1 13409.2
1497.1 13417.5
1497.03 13423.9
1497.44 13421
1497.49 13432
1497.65 13429.5
1497.71 13445.7
1497.58 13451.2
1497.59 13450.1
1497.56 13448.2
1497.59 13444.7
1497.6 13441.9
1497.55 13441.8
1497.59 13443.4
1497.57 13438.2
1497.92 13460.9
1497.75 13467.6
1497.78 13462.3
1497.97 13480.8
1497.95 13489.3
1497.83 13499.8
1497.83 13503.9
1497.79 13506
1497.76 13512.1
1497.94 13487.3
1498.04 13473.5
1498.13 13477.5
1498.21 13465.5
1498.51 13466.4
1498.48 13454.8
1498.48 13459.6
1498.47 13455
1498.47 13453
1498.5 13449.1
1498.52 13443.8
1498.53 13438.8
1498.44 13424.5
1498.5 13387.1
1498.51 13384.9
1499.23 13353.1
1499.49 13351.3
1499.51 13359.5
1499.54 13356.6
1499.63 13354.6
1499.67 13352.4
1499.74 13367.2
1499.68 13389.6
1499.66 13399.4
1499.73 13400.5
1499.7 13394.1
1499.59 13370.6
1499.6 13356.8
1499.66 13347.8
1499.66 13340.3
1499.92 13345.6
1499.92 13345.9
