28.6813 40.1409
225.196 196.929
259.909 693.356
343.094 800.276
356.897 1186.54
360.81 1119.04
363.549 1148.06
485.869 2531.99
498.516 2737.43
498.682 2466.89
510.927 2582.07
530.943 2840.53
531.655 2657.67
542.249 2717.69
589.258 3319.63
589.271 3019.78
634.482 3142.28
670.578 3173.01
680.209 3217.85
690.273 3447.59
692.459 3370.88
705.715 3358.97
706.264 3212.27
709.546 3229.98
711.279 3237.64
715.306 3333.23
736.86 3452.32
734.114 3592.46
752.631 3968.87
781.181 5796.01
790.549 5290.23
790.449 4525.91
790.514 4360.26
792.643 4337.78
795.604 4318.73
798.503 4329
798.533 4288.49
799.071 4316.84
809.824 4811.58
811.698 4884.16
812.884 4802.86
812.512 4819.25
840.589 5859.9
840.592 5623.9
844.298 5499.77
845.013 5407.8
851.447 5344.63
851.401 5417.94
849.531 5532.27
868.731 6253.31
868.191 6140.33
869.524 6095.85
869.267 6711.68
884.996 6164
897.921 6036.13
898.658 6402.56
902.538 6286
903.194 6330.34
916.067 6363.92
916.17 6643.35
916.509 6633.15
916.643 7595.5
916.925 7256.55
916.481 7015.54
919.665 6980.13
919.586 6933.77
929.71 7589.8
930.067 7114.37
941.75 7067.7
941.843 6807.82
942.481 6727.39
975.79 6981.45
999.547 9390.74
999.846 8688.45
999.936 8417.41
999.561 8207.35
1002.42 8036.31
1003.73 7831.02
1006.87 7425.76
1008.71 7651.13
1004.59 7715.62
1005.37 7925.37
1005.07 8146.3
1005.06 8083.86
1008.99 8035.05
1017.96 8438.21
1031.74 8900.61
1038.09 8713.57
1038.07 8815.93
1038.3 8736.51
1038.29 8611.29
1037.37 8599.7
1050.92 9040.01
1059.39 8977.42
1057.36 8978.93
1058.78 8929.06
1058.25 8901.49
1059.3 8923.6
1059.88 8956.98
1065.12 9423.14
1066.52 9431.46
1077.81 9410.97
1078.64 9433.44
1078.42 9405.05
1080.81 9282.68
1081.13 9200.03
1080.93 9062.47
1088.74 8966.32
1092.55 9032.94
1093.66 9040.98
1094.31 9061.57
1094.83 9200.35
1094.67 9202.44
1097.09 9114.58
1097.17 9119.55
1103.2 9040.48
1104.82 9037.91
1105.73 9100.26
1118.58 8909.46
1141.29 8963.35
1141.5 9104.76
1143.99 9142.93
1145.06 9086.46
1137.22 9118.86
1141.99 9300.62
1141.6 9271.86
1139.8 9262.8
1144.6 9194.41
1145.54 9074.98
1145.75 9160.33
1149.43 9073.56
1149.82 9124.8
1149.65 9120.41
1149.72 9095.25
1154.41 9077.45
1154.37 9029.82
1153.85 9004.37
1153.71 8977.84
1153.5 8966.08
1153.6 8956.89
1153.98 8802.98
1154.36 8825.6
1163.95 8782.17
1162.75 8808.03
1162.31 8743.31
1162.33 8832.22
1168.33 8855.75
1169.72 8897.13
1174.83 8981.71
1174.23 9180.26
1174.82 9284.91
1174.76 9290.97
1174.16 9296.98
1174.42 9377.28
1174.38 9400.32
1174.45 9355.41
1175 9431.39
1182.94 9545.04
1183.12 9575.02
1183.09 9639.28
1183.61 9581.79
1183.33 10068.9
1182.22 10320.5
1181.93 10246.7
1182.22 10193.2
1185.63 10180.4
1185.36 10154.8
1200.41 10562.8
1200.34 10457.3
1203.08 10564.1
1205.71 10588.7
1207.64 10643.4
1212.13 10681
1212.31 10660.3
1212.18 10626.2
1212.19 10826
1212.12 10879.8
1216.62 10743.7
1217.69 10865.3
1225.57 10849.9
1225.16 10914.7
1226.92 10851.7
1226.9 10827.4
1230.72 10837.6
1231.83 10850.1
1231.76 10916.4
1231.67 10917.5
1231.72 10872.4
1233.4 10908.4
1233.99 10903.2
1233.87 10891
1230.34 11088.4
1232.09 11127.9
1234.23 11151.7
1236.76 11390
1240.37 11761.3
1240.23 11852.3
1240.2 11836.5
1259.26 11803
1258.47 11838.5
1259.15 11797.4
1259.01 11808.5
1259.1 11842.2
1261.55 11883.8
1263.19 11897
1263.92 12144.7
1264.72 12059.4
1265.93 12045.6
1267.83 11974.4
1267.73 11833.4
1270.28 11971.6
1270.47 11857.4
1270.2 11900.1
1271.28 12083.6
1271.4 12056.5
1270.08 12079.8
1270.56 12081.9
1270.9 11992.2
1270.95 12002.4
1271.05 12224.8
1271.21 12269.3
1271.47 12321.1
1272.36 12348.4
1272.5 12491
1272.2 12712.2
1272.35 12682.1
1271.94 12751.7
1271.99 12794.4
1272.29 12833.2
1273.03 12897.2
1273.42 12876.9
1273.66 12864.3
1276.61 13000.4
1276.77 13120.9
1277.12 13135.9
1276.81 13142.6
1278.02 13093.3
1280.86 13310.2
1288.73 13166.2
1288.43 13291.2
1290.46 13297.3
1306.2 13038.4
1307.36 13281.1
1307.52 13246.3
1311.17 13124.9
1311.28 13150.6
1311.36 13110.6
1310.33 13068.3
1310.31 13152.1
1309.42 13185.8
1313.06 13145.4
1312.98 13155.6
1312.93 13152.4
1315.04 13144
1318.81 13129.8
1318.81 13060
1318.82 13058.5
1318.99 13049.3
1321.31 13019.1
1325.85 12939.6
1326.68 12945.9
1326.69 12938
1326.5 12923.1
1326.31 12916.1
1332.6 12927.2
1334.67 12829.3
1335.22 12846.8
1335.1 12870
1338.88 12962.1
1338.88 12950.6
1339.07 12931
1339.1 12952.9
1339.75 12950.2
1337.57 13037.1
1337.42 13053.1
1337.46 13034.3
1332.34 13128.5
1337.8 13208.3
1337.73 13066.6
1338.79 13018
1342.87 13074.1
1343.16 13034.2
1343.19 13054
1343.69 13126.1
1343.96 13119.6
1344.04 13135.5
1344.25 13094.8
1344.16 13077.4
1344.56 13053.5
1344.61 13059.7
1344.23 13115.2
1344.96 13092.8
1345.31 13070.7
1345.44 13067.7
1345.42 13076.2
1345.48 13070.3
1347.8 13058.6
1347.65 13126.9
1347.57 13144.4
1349.68 13142.1
1351.03 13195
1351.03 13214.3
1351.03 13207.6
1350.69 13208.3
1350.69 13212.2
1351.65 13127.2
1352.51 13128
1352.12 13158.4
1353.24 13180.6
1354.73 13367
1355.76 13354.9
1355.81 13385.7
1355.51 13424.7
1355.46 13379.5
1355.48 13355.9
1355.2 13328.9
1354.68 13312.6
1354.62 13324.3
1355.1 13389.9
1354.79 13357.4
1356.99 13204.5
1357.26 13179.7
1359.48 13224.7
1358.8 13250.1
1359.2 13164.6
1358.7 13161.7
1358.64 13173.5
1358.51 13176.2
1358.5 13168.8
1358.51 13186.1
1357.46 13210.2
1357.79 13182.4
1357.99 13177.7
1358.87 13177.1
1358.91 13161.4
1358.98 13154
1358.99 13148.8
1359.17 13103
1359.31 13124.8
1359.69 13129.4
1358.7 13106.6
1359.01 13128.7
1358.79 13139.7
1359 13137.6
1359 13137.7
1359.09 13132.8
1359.32 13118.8
1359.35 13112.6
1359.79 13136.3
1360.02 13144.3
1361.27 13179.2
1361.09 13165.4
1360.94 13094.9
1360.98 13039.1
1361.22 13005.5
1360.83 12981
1361.03 12954.4
1361.25 12951.5
1361.68 12943.7
1361.41 12927
1361.45 12918.4
1362.06 12950
1362.03 12948.9
1362.18 12933.9
1362.16 12934
1362.06 12922.1
1362.03 12910.9
1361.93 12902.3
1363.85 12906.6
1365.09 12941.4
1366.45 12992.3
1366.44 13078.3
1366.31 13105.7
1368.85 13084.1
1368.71 13117.1
1368.83 13130.1
1368.9 13125.5
1368.62 13088.7
1368.64 13063.3
1371.51 13075
1371.57 13067.6
1371.62 12968.4
1371.67 12991.5
1371.62 12987.4
1371.8 13332.5
1371.76 13258.6
1372.88 13292
1373.12 13488.1
1373.08 13551.1
1373.14 13555.7
1373.14 13560.4
1373.11 13664.7
1373.69 13670.7
1373.62 13693.1
1373.82 13702.4
1374.22 13725.5
1374.4 13717.7
1374.38 13665.2
1374.31 13688.3
1373.64 13638.8
1373.54 13635.4
1373.37 13614.3
1373.32 13601.1
1373.15 13583.4
1373.64 13559.3
1373.26 13514.3
1373.26 13505.7
1373.19 13518.1
1373.67 13561.5
1373.62 13592.9
1374.02 13609
1375.39 13678.1
1375.41 13723.9
1375.63 13584.7
1376.85 13585.6
1377.55 13698.6
1377.55 13733.9
1377.61 13747.8
1377.47 13758.1
1377.06 13725.5
1376.72 13733.6
1378.1 13721.4
1378.61 13761.1
1378.69 13769.6
1378.8 13757.4
1378.96 13805.7
1379.02 13806.8
1379.51 13815.3
1379.42 13782.4
1379.44 13777.4
1379.3 13822.2
1379.71 13786.5
1379.93 13783.4
1379.93 13768.4
1381.37 13766
1380.91 13668.4
1381.28 13749.2
1381.38 13727.1
1381.33 13707.7
1381.57 13654.4
1381.69 13684.5
1381.72 13709.3
1381.43 13692.9
1381.58 13728.8
1381.61 13716.6
1381.49 13714.7
1382.55 13741.8
1383.36 13756.1
1383.37 13750.6
1382.78 13711.7
1383.09 13784.6
1382.84 13826.9
1383.02 13850.9
1383.09 13877.2
1384.01 13843.1
1384.42 13861.2
1385.05 13906.9
1385.05 13924.1
1384.92 13965.9
1384.78 14001.1
1384.67 14077.8
1384.65 14090.2
1385 14070.1
1385.06 14091.6
1385.24 14107.3
1386.26 14089
1386.27 14108.3
1386.37 14118.1
1386.36 14119.6
1388.17 14122.2
1388.23 14048.6
1388.18 14076.9
1388.09 14100.6
1387.95 14083
1388.04 14089.4
1387.8 14082.8
1388.46 14045.8
1390.58 14121
1390.54 14141.9
1390.87 14143
1390.88 14135.3
1390.87 14132.1
1390.9 14111.3
1390.99 14116
1391.9 14118.5
1391.92 14103.2
1391.88 14084.2
1393.22 14083.6
1393.49 14094.5
1393.6 14152.5
1393.3 14135.4
1393.31 14122.7
1393.32 14098.6
1393.36 14118.8
1393.35 14106.1
1393.32 14115
1393.26 14102.9
1392.94 14101.6
1393.2 14088.5
1393.71 14112.3
1394.19 14113.1
1394.31 14095.8
1394.91 14093.9
1394.93 14070.2
1394.76 14093.7
1394.77 14125.3
1394.72 14143.2
1394.73 14148.4
1394.69 14136.6
1394.21 14109.6
1396.33 14138.4
1396.4 14217.3
1396.42 14237
1396.44 14243.3
1396.49 14256.2
1396.56 14187.4
1396.54 14182.5
1396.41 14236.7
1396.36 14310.1
1395.96 14313.1
1395.95 14334.9
1396.35 14343.6
1396.32 14334.5
1396.25 14344.9
1395.96 14348.2
1396.27 14371.5
1396.51 14383.2
1396.4 14369.6
1396.39 14369.3
1396.38 14321.4
1396.27 14334.9
1396.48 14339.2
1396.8 14332.7
1396.9 14346
1396.77 14352.7
1397 14382.9
1396.97 14387.5
1397.54 14388.2
1397.45 14389
1397.45 14389.4
1397.84 14392.4
1397.98 14407.8
1397.83 14404.7
1397.91 14400.1
1397.81 14369.2
1397.71 14375.4
1397.57 14343
1397.37 14320.4
1397.39 14312.9
1397.54 14312.1
1397.49 14357.9
1397.35 14344.7
1397.39 14355
1397.67 14496.5
1399.15 14637.4
1399.21 14658.8
1399.69 14645
1400.1 14610
1399.63 14595.2
1399.54 14592
1399.74 14597.8
1399.69 14593.3
1399.8 14600.1
1399.75 14604.8
1399.84 14582
1400.3 14579.9
1400.33 14564.4
1400.37 14555
1400.87 14542.4
1400.71 14517.4
1400.52 14489.3
1401.14 14477
1401.23 14452.1
1401.11 14508.8
1401.22 14497.3
1401.38 14501.8
1401.25 14553.8
1401.1 14563.9
1401.24 14554.2
1402.57 14594.8
1402.56 14575.1
1401.86 14601.2
1401.77 14594.4
1401.73 14570.4
1402.63 14687.7
1402.78 14715.9
1402.73 14701.8
1402.8 14696.9
1402.8 14684
1402.97 14704.2
1402.93 14686.3
1403.02 14695.9
1403.54 14702.4
1403.49 14689.8
1403.46 14679.2
1403.26 14634.6
1403.89 14604.7
1404 14589.4
1404.66 14570.3
1404.72 14569.8
1404.19 14571.2
1404.11 14556
1403.79 14578.6
1405.1 14584.1
1405.02 14628.2
1404.86 14609.4
1404.9 14611.3
1404.91 14627.6
1404.92 14636.4
1404.89 14637.4
1404.91 14625.2
1404.91 14629.9
1405 14651
1405.01 14706.3
1405.02 14734.3
1404.97 14731.4
1405.09 14762.6
1405.24 14765.6
1405.36 14766.6
1405.29 14760.8
1405.39 14766.7
1405.23 14752.8
1405.11 14764.1
1405.3 14776.7
1405.32 14770.3
1405.03 14775.3
1405.13 14765.9
1405.09 14770.2
1405.59 14781.8
1405.64 14785.8
1405.62 14780.4
1405.62 14761.6
1405.76 14748.9
1406.06 14757
1406.19 14751.4
1405.88 14723.5
1405.16 14832.6
1405.09 14859.4
1404.84 14903.5
1404.86 14871.5
1405 14848.5
1405.05 14842.3
1405.28 14848.6
1405.9 14894.2
1405.79 14840.7
1405.76 14903
1405.84 14932.8
1405.89 14935.2
1405.91 14933.6
1405.91 14932.7
1405.93 14919.7
1406.59 14912.7
1406.62 14920.6
1405.77 14919.4
1406.14 14917.7
1406.01 14938.1
1406.06 14936.3
1405.75 14902.5
1406.13 14880.1
1406.17 14881.9
1406.32 14889.9
1405.5 14860.6
1405.48 14860.5
1405.6 14850.9
1405.59 14842.3
1405.58 14833.6
1405.56 14826.8
1405.85 14822.3
1405.85 14821.3
1405.68 14832.5
1405.75 14879
1406.17 14870.9
1405.83 14880.9
1405.68 14889.4
1405.13 14876.1
1405.02 14905.2
1405.1 14895
1405.32 14913
1405.29 14904.1
1405.91 14904.2
1406.14 14950.5
1406.13 14966.1
1406.37 14975.7
1406.37 14980.3
1406.38 15006.9
1406.34 15017.6
1406.43 15034.2
1406.53 15041.6
1406.53 15041.3
1407.21 15077
1407.74 15135
1407.4 15134
1406.98 15151.8
1406.92 15160.8
1406.47 15161.4
1406.77 15152.8
1406.64 15138.1
1407.03 15150.7
1407.17 15262.7
1407.14 15236.7
1407.12 15219.7
1407.01 15204
1407.2 15190.7
1406.85 15158.7
1406.77 15156.4
1406.79 15150.3
1406.75 15133.2
1406.79 15178.7
1406.63 15169.2
1406.62 15162.7
1406.66 15171.1
1406.69 15197
1406.83 15207
1407.01 15275.3
1407.13 15289.7
1407.47 15307.8
1407.78 15319.6
1407.8 15306.6
1408.87 15265
1408.94 15245.2
1408.7 15238.2
1408.82 15233.5
1408.78 15232.7
1408.66 15250.5
1408.7 15251.1
1409.03 15246.7
1409.03 15244
1409.02 15250.9
1409.06 15258.3
1409.06 15241.2
1409.05 15234.5
1409.09 15233
1408.99 15209.9
1408.96 15214.8
1408.94 15240.4
1408.9 15247.2
1408.85 15241.5
1408.84 15328
1408.75 15354.7
1408.75 15348.9
1408.79 15352.3
1408.79 15372.4
1408.76 15374.3
1408.71 15376
1408.82 15384.8
1408.86 15395.5
1408.79 15417.2
1408.98 15432.7
1409.18 15441.8
1409.47 15452.3
1409.19 15504
1409.29 15527.7
1409.31 15518.3
1409 15504.5
1409.07 15500.1
1409.2 15504.6
1409.58 15530.2
1409.69 15549.3
1409.33 15575.6
1409.27 15601.5
1409.23 15586.6
1409.09 15562.7
1409.3 15483.3
1409.74 15505.5
1410.01 15568.3
1410.02 15514.8
1410 15521
1409.99 15541.6
1409.94 15724.4
1409.78 15682.7
1409.72 15673.6
1409.92 15677.1
1409.94 15686.4
1409.97 15689.1
1410.01 15696
1409.98 15698.3
1410 15701.5
1410.02 15681.3
1410.06 15684.7
1409.99 15679.4
1409.97 15678.2
1409.92 15667.5
1410.22 15661.3
1410.19 15650.3
1410.18 15647
1410.22 15620.3
1410.26 15623.5
1410.01 15735.5
1410.8 15801.8
1410.77 15863.3
1410.79 15893.4
1410.77 15899.4
1410.78 15871.8
1411.09 15869.2
1411.1 15885.7
1411.45 15920.3
1411.45 15934.8
1413.44 15876.7
1413.42 15837.5
1413.51 15662.4
1413.87 15842.4
1414.68 15816.5
1414.75 15796.9
1414.76 15809
1414.95 15815.6
1414.98 15731.8
1414.56 15713.4
1414.85 15737.4
1414.85 15694.4
1414.91 15688.5
1414.86 15690.9
1414.87 15700.9
1414.88 15704.2
1414.61 15710.8
1414.51 15722.3
1414.76 15719
1415.17 15765.1
1415.17 15794.3
1415.3 15790.3
1415.26 15800.8
1415.17 15823.1
1415.17 15840.3
1415.15 15860.3
1415.12 15896.5
1415.76 15889.7
1415.78 15899.2
1415.79 15911.9
1415.78 15912.9
1414.37 15915.7
1414.42 15942
1414.46 15941.7
1414.23 15957.9
1413.89 15998.3
1413.84 16000.9
1414 16017.4
1414.03 16022.2
1414.24 16016.5
1414.3 16010.6
1414.24 15993.5
1414.4 16004.1
1414.53 15992.7
1414.44 15962.6
1414.56 15943.4
1414.55 15913.1
1414.53 15900.9
1414.59 15906.6
1414.83 15898.6
1414.77 15884.6
1414.95 15882.3
1414.86 15880.2
1414.81 15882.6
1414.83 15875.5
1414.95 15861.9
1414.86 15857.4
1414.94 15851.1
1415.04 15847.5
1415.1 15847.9
1415.19 15856
1415.4 15851
1415.42 15836.5
1415.53 15838
1415.53 15836.6
1415.61 15827
1415.63 15831.6
1415.61 15823.5
1415.66 15831.8
1415.66 15834.3
1415.65 15821.2
1415.67 15809.7
1415.68 15794.3
1415.77 15796.3
1415.88 15790.4
1416.21 15791.2
1416.2 15754.1
1416.24 15756.8
1416.14 15770.2
1416.55 15769.7
1416.29 15772.4
1416.28 15769.1
1416.38 15762.4
1416.35 15755.4
1416.39 15757.3
1416.44 15750.6
1416.32 15743.5
1416.67 15735
1416.91 15746.7
1416.73 15765.9
1416.7 15767.6
1416.68 15772.6
1416.88 15773.4
1416.87 15803.3
1418.15 15871
1418.15 15906.9
1418.36 15941.1
1418.23 15953.6
1418.29 15967.4
1419.25 15974.9
1419.09 15997.3
1419.16 16010.3
1419.32 16033.3
1419.23 16044.7
1419.22 16055.7
1419.18 16051.1
1419.18 16050.5
1419.29 16057.6
1419.28 16079.1
1419.32 16081.8
1419.2 16079.2
1419.22 16069.2
1419.19 16083.9
1419.32 16079.6
1419.21 16100.8
1419.87 16119.8
1419.77 16118.1
1419.88 16117.4
1419.87 16125.4
1419.99 16125.5
1419.91 16135.1
1419.94 16144.7
1419.85 16149
1419.87 16146.8
1420 16147.8
1419.95 16152.5
1419.9 16140.6
1419.35 16119.9
1419.29 16124.5
1419.15 16081.6
1419.06 16064.9
1419.21 16056.4
1419.28 16059.6
1419.31 16058.8
1419.51 16087.5
1419.51 16105
1419.52 16127.5
1419.54 16157.6
1419.48 16171.6
1419.52 16174.4
1419.62 16162
1419.64 16129.8
1419.58 16095.3
1419.91 16208.3
1419.9 16118.7
1420.02 16153.2
1420.34 16176.4
1421.98 16267.9
1421.75 16275.6
1421.73 16275.4
1421.7 16287.2
1421.6 16320.6
1421.76 16312.7
1421.76 16324.8
1421.55 16368.3
1421.56 16377.6
1421.74 16384.5
1422.43 16403.5
1422.38 16401.9
1422.43 16418.6
1422.43 16400.2
1422.59 16438.4
1424.51 16551.6
1424.48 16472.6
1424.33 16521.6
1424.41 16501.6
1424.37 16500.7
1424.18 16542.9
1424.26 16497.1
1424.25 16494.4
1424.26 16503.6
1424.3 16525.7
1424.31 16540.9
1424.24 16547.6
1424.22 16545.1
1425.05 16538.6
1425.05 16540.8
1425.08 16542.6
1424.6 16516
1424.57 16511.5
1424.9 16515.5
1424.5 16535.6
1424.29 16532.2
1424.14 16533.8
1424.44 16547.2
1424.74 16523.9
1424.8 16524.3
1424.76 16517.9
1424.42 16527.3
1424 16532.8
1423.95 16548.3
1424.02 16557.4
1423.77 16549.8
1423.75 16549.2
1423.97 16655.7
1423.97 16642.9
1423.97 16671.9
1423.96 16705.3
1423.93 16723
1424.11 16735.3
1424.18 16745.5
1424.2 16751.9
