135.224 672.079
276.895 781.365
284.726 802.243
299.804 783.536
301.417 793.381
302.726 814.897
302.733 807.567
301.446 1202.48
313.163 1181.73
315.547 1361.05
316.101 1382.91
313.247 1720
353.269 1957.04
371.912 2257.02
432.748 3344.71
434.34 2892.23
435.893 2755.15
435.865 2676.6
522.843 6564.85
546.383 5317.78
545.467 4868.31
609.218 4436.23
610.488 4109.52
619.103 3900.81
634.584 4784.05
678.197 4140.59
707.781 3836.64
711.293 3337.9
714.04 3382.27
715.842 3394.75
737.409 5104.19
738.262 5128.88
739.869 4713.51
745.334 5581.3
745.389 5228.89
752.607 5938.95
768.735 6086.2
782.195 5895.3
801.495 5731.88
801.713 5705.01
803.852 5690.14
804.338 5734.41
799.897 5914.18
813.951 5885.34
809.574 5866.89
817.109 5723.89
820.399 6056.33
831.75 6244.67
831.753 6240.51
833.288 6209.8
834.886 6640.24
835.912 6461.5
841.845 6422.97
841.037 6267.07
842.867 6212.66
847.665 6572.29
851.045 6515.57
858.016 6462.16
855.661 6465.28
853.866 7680.01
916.287 7192.73
919.663 7178.86
914.42 8803.99
922.105 13518.4
923.956 13057.6
923.149 10273.7
929.901 21457.4
935.047 17021.1
947.029 14630.4
951.644 13923.4
954.835 12986.5
968.434 13737.8
973.472 12419.4
972.831 11750
973.585 11343.7
974.054 10726.4
974.023 12845.6
974.954 11839.7
977.151 11184.3
978.408 10798.2
988.447 11025.1
983.988 11077.2
998.092 10794.7
1020.1 10649.3
1026.63 10742.4
1027.3 10719.1
1021.84 11422.3
1023.26 11400.7
1026.23 11160.5
1027.17 11530.8
1027.33 11566.1
1033.9 11743.4
1039.12 11741.4
1038.12 11817.1
1036.72 12070.1
1041.66 11847.1
1051.69 11876.2
1052.46 11760.8
1056.53 11688.9
1066.43 11656
1067.66 11674.3
1068.19 11570.5
1070.49 11647.8
1070.57 11386.2
1066.27 11736
1065.83 11780.4
1071.68 11851
1077.12 11801.1
1086.23 11883
1087.68 11989.1
1089.64 12006.2
1093.59 12014.2
1094 12214.3
1093.9 12188.5
1094.72 12230.1
1093.83 12947.6
1096.17 12829.8
1100.24 12821.2
1103.29 12842.1
1104.07 12734.6
1104.22 12739.5
1104.9 12719.9
1109.44 13074.2
1118.29 12918.3
1117.79 12918.3
1117.29 13029
1120.04 13220.7
1120.3 13192.4
1120.76 13221.4
1120.92 13214.8
1125.49 13328.7
1125.76 13373
1127.96 13383.1
1127.9 13396.7
1127.76 13434.3
1130.36 13428
1131.09 13454.3
1131.07 13482
1134.57 13862.8
1136.57 13919.7
1138.63 13874.7
1141.6 13910.4
1141.67 13966.2
1141.81 14309.4
1141.58 15567.5
1142.15 15774.9
1141.12 15700
1140.02 15602.1
1140.29 15603.8
1140.15 15592.9
1139.83 15551.1
1135.84 15568.1
1133.48 15683.3
1133 15731.4
1133.09 15758
1131.87 15766.1
1131.42 15903.9
1131.84 15896
1133.03 15897.1
1133.67 16003.8
1144.72 16141
1145.74 16308.7
1149.44 16117.6
1150.85 16335.5
1151.11 16382.9
1151.83 16349.5
1151.39 16416.7
1150.75 16216.7
1150.73 16219.2
1153.77 16309.2
1154.15 16597.7
1155.64 16678
1155.36 16857.7
1157.31 17122.4
1156.62 17279.5
1157.01 17370.7
1157.85 17480.4
1163.04 17391.8
1165.09 17465.9
1168.51 17726.1
1170.51 17974.3
1170.51 17973
1171.16 18011.6
1171.31 18054.7
1171.75 18140.1
1172.25 18435.1
1172.19 18294.3
1172.33 18379.4
1177.11 18630.3
1178.03 18819.4
1179.96 19114.8
1182.82 19594.4
1184.96 19372.5
1183.17 19292.9
1185.67 19191.8
1193.75 20527.1
1191.63 20906.9
1191.65 20201.8
1223.04 19965.7
1224 19833.1
1225.61 19631.3
1237.12 19558.6
1235.58 19789.8
1235.08 19751.5
1238.76 19592.6
1241.25 19645.6
1241.23 19516.4
1242.52 19385.9
1248.25 19520.3
1250.65 19717.3
1250.39 19284.4
1251.38 19270.3
1251.19 19231.7
1253.89 19258.2
1258.19 19360.3
1258.48 19066.7
1259.06 19089.1
1258.91 19057.9
1262.2 19085.8
1262.93 18933
1263.23 18856.3
1264.69 18886.6
1265.02 18900.3
1264.94 18961.9
1266.26 19029.1
1267.76 18812.4
1268.72 18811.2
1271.56 18628.8
1271.64 18677.3
1271.76 18733.4
1271.36 18793.8
1272.45 18794.7
1270.98 19769.8
1270.99 20026.3
1270.56 20111.2
1270.65 20056.2
1272.66 20096.4
1275.97 20092.3
1275.35 19636.9
1278.23 19600.9
1281.38 19880.8
1280.68 19853.3
1281.66 19804.7
1282.03 19713.1
1282.03 19651.4
1282.17 19602.2
1282.72 19553.9
1282.5 19505.1
1282.79 19506.4
1283.51 19450.2
1283.88 19352.1
1283.46 19377.3
1283.9 19252.4
1283.34 19401.8
1283.29 19755.2
1284.98 19697.3
1285.61 19825.2
1286.14 19852.1
1286.18 19836.6
1288.31 19951.5
1288.26 19987.3
1289.22 19920.9
1289.75 19975.7
1291.26 20056.9
1292.22 20072
1292.26 20662.6
1292.15 20438.8
1293.44 20552.4
1292.46 20521.3
1293.13 20586.7
1295.07 20724.3
1296.03 20953.6
1297.22 20982.4
1297.69 21068.9
1298.05 21061.6
1297.79 21076.2
1297.95 21078.7
1298.18 21063.5
1298.01 21086.8
1298.58 21077.2
1299.16 20991.2
1298.73 20926.4
1298.53 20862.5
1297.94 20954.7
1297.97 20998.1
1298.15 21131.2
1297.83 21187.8
1298.72 21173.8
1298.95 21167.7
1299.08 21185.5
1299.58 21134
1300.22 21051.8
1300.73 21039.2
1301.86 21044.8
1303.53 21024.3
1304.47 21061.4
1304.61 21074.6
1305.22 21235.5
1304.38 21130.8
1304.87 21019.7
1307.01 21330.9
1306.93 21225.4
1306.64 21386
1307.04 21577
1308.17 21559.8
1308.03 21720.7
1308.06 21722.7
1308.37 21758
1308.33 21847.1
1308.35 21901.7
1307.93 21972.7
1307.59 21919.6
1309.1 21918.1
1309.21 21782.7
1310.33 21645.8
1311.16 21626.8
1311 21542.6
1310.2 21576.1
1310.3 21672.2
1310.81 21720.5
1311.26 21730.5
1311.87 21717.5
1312.65 21720.1
1313.59 21832.2
1314.05 21774
1313.73 21774.3
1314.46 21740.1
1315.15 21698.6
1317.62 21736.5
1317.61 21718.5
1317.47 21780.6
1317.46 21817.3
1317.51 21807.5
1318.78 21817.2
1318.81 21787
1318.91 21711.2
1319.62 21659.7
1318.44 21719
1319.53 21754.3
1319.47 21707.8
1319.43 21448.9
1320.05 21444.2
1319.75 21495.3
1319.6 21617.7
1319.82 21659.9
1319.66 21657.8
1320.21 21598.7
1320.16 21711.6
1320.24 21709.2
1320.76 21668.7
1322.34 21821.4
1322.44 21697.1
1324.88 21754.5
1325.26 21789.1
1325.25 21762.1
1325.48 21774.2
1326.23 21706.3
1327.59 21597.8
1327.88 21645.2
1326.73 21676.9
1327.38 21721.8
1327.61 21627.3
1327.56 21594.6
1328.34 21594.8
1328.36 21592
1329.28 21570.8
1329.25 21750
1329.3 21786.1
1329.27 21774.8
1329.34 21790
1329.31 21819.5
1329.77 21710.5
1329.78 21698.8
1329.12 21756.8
1329.76 21846.8
1329.92 21828.7
1329.93 21853.3
1329.61 21862.2
1331.6 21812.1
1331.58 21781.1
1331.97 21764
1332.97 21781
1333 21768.6
1333.49 21745.6
1333.38 21698.5
1333.35 21663.3
1333.72 21637.5
1333.28 21631.6
1333.28 21647
1334.49 21673.4
1334.58 22295.9
1334.54 22246.8
1335.36 22182.6
1335.59 22194.9
1334.74 22240
1334.31 22230.1
1335.08 22160.7
1337.57 22122
1337.84 22117.6
1337.85 22158.8
1337.8 22177.2
1337.88 22198.5
1338 22189.7
1337.98 22163.6
1338.02 22194.8
1337.99 22208
1338.88 22268.2
1338.93 22243.9
1338.83 22239.7
1346.25 22255.7
1347.66 22253.5
1347.78 22343.6
1348.17 22334.1
1348.37 22282.1
1348.17 22324.9
1349.56 22248.5
1349.79 22315.3
1349.64 22524.5
1349.63 22506.1
1349.89 22411.3
1350.15 22369
1350.06 22385.6
1349.97 22356.4
1365.25 22016.1
1365.4 22568.6
1365.41 22686.8
1367.07 22652.5
1365.89 22736.7
1367.11 22765.5
1367.12 22785.1
1367.11 22778.3
1367.09 22770.5
1367.02 22765.6
1366.69 22754.8
1372.53 22658
1373.02 22691.5
1376.4 22691.9
1376.5 22706.8
1376.65 22634.1
1376.97 22611.6
1376.96 22630
1377.05 22658.6
1376.92 22664.4
1377.13 22689.1
1376.67 22726.3
1376.99 22747.3
1377.45 22710.7
1378.9 22681.7
1379.79 22572.1
1380.33 22643.3
1380.36 22643.2
1380.74 22613.4
1380.91 22630.1
1380.53 22617.1
1380.87 22628
1380.81 22618.9
1381.06 22593.2
1380.99 22578.1
1380.99 22559.3
1380.92 22546.4
1381.07 22584.4
1381.22 22585.8
1381.17 22530.7
1380.95 22523.3
1381.3 22512.6
1381.97 22491.7
1381.97 22528.8
1381.72 22515.1
1381.7 22518.5
1381.7 22594.5
1381.68 22522.5
1382.91 22532.6
1382.75 22626.7
1382.05 22532.1
1381.9 22551.5
1382.07 22542.3
1382.05 22550.3
1382.05 22541.3
1381.94 22562
1382.42 22550.8
1384.64 22541.8
1385.86 22532
1386.69 22549.7
1386.45 22548.6
1386.68 22619.1
1386.99 22593.9
1387.06 22588.2
1387.18 22581.3
1388.06 22547.2
1387.64 22571.8
1387.71 22568
1387.71 22554.1
1388.33 22533.9
1388.31 22567.2
1389.19 22591.1
1390.19 22550.2
1390.4 22605.9
1391.01 22640.2
1391.14 22608.3
1392.55 22792.1
1392.66 22739.9
1392.88 22672.5
1392.91 22637.9
1393.31 22599.7
1393.26 22519.7
1393.22 22476.2
1393.48 22460.7
1393.54 22417.6
1393.26 22492.5
1393.21 22469.7
1393.21 22434.3
1393.52 22418.2
1393.5 22427.4
1393.23 22477.8
1393.27 22475.3
1393.36 22449.9
1393.53 22477.8
1394.76 22518.1
1394.52 22422.2
1394.59 22438.9
1394.27 22427
1394.34 22401
1394.82 22371.5
1393.99 22418.8
1393.65 22601.5
1394.49 22692.2
1394.38 22712
1394.58 22739.8
1394.69 22749.2
1394.67 22997.6
1394.55 23016.1
1394.74 23024.6
1394.77 23015.7
1394.77 23027.1
1394.79 23041.4
1394.97 23044.2
1395.15 23037.9
1395.93 23029.7
1396.07 23040.4
1397.05 22964.5
1397.53 22989.3
1397.53 22992.3
1397.68 22982.4
1397.54 22893
1398.64 22881.3
1398.82 22910.4
1398.81 22889.8
1399.19 23005.2
1399.08 22958.3
1399.44 23154.3
1399.49 23163.1
1399.54 23224.7
1399.07 23194.5
1399.28 23198.3
1399.89 23241.6
1399.77 23241.1
1399.67 23244
1399.68 23230.4
1399.8 23194.7
1399.21 23184.4
1399.38 23079.1
1399.63 23067
1400.13 23041.9
1399.97 23027.4
1399.79 23284.1
1399.79 23273.6
1400.76 23325.4
1400.92 23307.6
1400.85 23313.3
1400.8 23276.1
1400.58 23271.8
1400.57 23302.6
1400.55 23308.4
1400.59 23313.1
1400.87 23347.5
1401.17 23279.7
1401.19 23344.8
1401.06 23376.8
1401.02 23403.3
1400.92 23387
1400.42 23368
1400.62 23407.7
1400.69 23431.2
1400.25 23468.4
1400.21 23555.4
1400.76 23578.7
1400.45 23591.7
1399.95 23602.2
1400.32 23635.6
1400.36 23684.3
1400.51 23694.5
1400.92 23693.6
1400.95 23653.5
1402.14 23655.4
1401.97 23660.1
1404.3 23820.1
1404.41 23780.3
1404.32 23791.4
1404.32 23790.5
1404.44 23818.8
1404.38 23795.7
1404.31 23829.2
1404.35 23790.7
1404.46 23798
1404.49 23806
1404.51 23811.9
1404.49 23799.6
1404.5 23866.3
1404.36 23881.3
1404.38 23869
1404.05 23835.9
1403.9 23793.8
1405.23 23701.7
1405.17 23739.2
1405.44 23708.3
1405.09 23666.1
1405.23 23670.1
1405.25 23682.8
1405.36 23711.4
1405.38 23684.6
1405.45 23666.1
1404.87 23675.9
1404.66 23684.3
1404.7 23565.6
1404.86 23530.3
1405.01 23529.9
1405.4 23520.9
1405.32 23467.6
1405.19 23422.2
1405.24 23436.6
1405.49 23415.1
1405.6 23406.1
1405.58 23412.7
1405.07 23413.1
1405.03 23422.1
1405.05 23431.8
1405.46 23472.7
1405.49 23499.6
1405.37 23506
1405.31 23521.4
1405.28 23526.8
1405.19 23520
1405.73 23490.5
1405.87 23483.6
1405.95 23505.2
1406.02 23515.5
1407.23 23530.9
1407.06 23539.8
1406.58 23587.1
1406.16 23524.8
1406.05 23503.2
1406.22 23517.9
1405.9 23544
1405.91 23583
1406.05 23590.5
1406.23 23612
1406.45 23599.8
1406.46 23569.7
1406.31 23497.9
1406.48 23508
1406.49 23530.1
1406.5 23543.9
1406.51 23551.7
1406.71 23560.8
1406.8 23558.5
1406.82 23551.4
1406.82 23536.2
1406.49 23523.1
1406.79 23423.7
1408.75 23436.2
1409.11 23454.8
1409.17 23510.2
1409.78 23558.1
1409.64 23578.5
1410.1 23590.8
1410 23606.6
1410.21 23591.3
1410.29 23606.2
1410.23 23612.3
1411.18 23585.9
1411.11 23601.6
1411.11 23621.8
1410.69 23635.7
1410.73 23645.1
1410.69 23664.6
1410.93 23618.5
1412.2 23643
1412.57 23677.6
1413.29 23710.1
1413.87 23713.6
1414.26 23739.5
1414.23 23728.6
1414.15 23731
1414.34 23736.7
1414.34 23726
1414.17 23749.7
1413.62 23802.3
1413.57 23815.6
1413.55 23799.1
1413.86 23785.3
1413.95 23768.9
1414.04 23773.7
1413.78 23784.5
1413.5 23771.9
1413.5 23763.5
1413.5 23741.4
1413.46 23744.9
1413.46 23745.6
1413.58 23739.2
1413.19 23758.2
1412.99 23765.4
1412.98 23775.3
1412.99 23792
1413.6 23808.4
1413.42 23821.6
1413.27 23859.9
1413.61 23817.8
1413.69 23807.7
1416.09 23747.7
1416.28 23757.6
1416.34 23764.1
1415.78 23811.1
1416.2 23802.3
1416.86 23823.8
1416.88 23826.8
1416.62 23862.2
1416.69 23857.5
1416.55 23877.6
1416.45 23843.3
1416.43 23819.3
1416.99 23865.8
1417.08 23870.4
1418.62 23822.5
1418.22 23898.7
1418.35 23881
1418.21 23872.4
1418.27 23857.7
1418.4 23822
1417.52 23848.3
1417.52 23817.6
1417.52 23813.5
1417.69 23819.7
1417.71 23798.1
1417.9 23792.3
1416.31 23898.8
1416.32 23878.5
1416.53 23847.1
1416.54 23918.7
1416.58 23895.8
1416.6 23889
1416.7 23908.1
1416.83 23926.1
1416.8 23929.2
1417.02 23914.9
1417.06 23939.9
1417.06 23906.2
1417.16 23911.4
1417.19 23876.8
1417.12 23863
1417.05 23853.6
1417.01 23837.7
1417.02 23843.4
1416.95 23838.1
1416.97 23854.1
1417.04 23864.7
1417.15 23867.4
1417.13 23859
1417 23845.5
1417.02 23835.1
1417.17 23817.4
1417.09 23810.2
1417.14 23806.7
1416.92 23781.9
1416.73 23932.2
1417.69 23948.5
1417.65 23930.4
1417.64 23920.1
1418.05 23871.6
1417.99 23863.4
1418 23879.9
1418.09 23873.6
1420.48 23864.6
1420.66 23846.7
1420.58 23815.7
1420.67 23845.8
1420.59 23811.1
1420.81 23827.7
1420.84 23847.7
1420.88 23816.4
1420.86 23785
1420.77 23753.8
1420.48 23745.7
1420.5 23747.1
1420.48 23763.8
1421.22 23763.7
1421.26 23731.3
1421.46 23753.7
1421.6 23762.8
1422.01 23781.1
1422.11 23778.4
1422.17 23776.5
1421.49 23803.4
1421.3 23955.7
1421.63 24225.3
1421.83 24186.9
1421.83 24185.1
1421.96 24070.2
1421.97 24078.8
1422.12 24084.9
1422.06 24105
1422.13 24104.3
1422.55 24106.7
1422.55 24093
1422.36 24079.4
1422.61 24063.3
1422.77 24068.9
1422.9 24077.2
1422.83 24083.6
1422.76 24072.4
1423 24073.5
1423.57 24081.3
1422.84 24761.6
1422.86 24732
1422.86 24687.4
1422.8 24647.2
1422.7 24646.7
1423.08 24636.1
1423.21 24639.1
1423.21 24603
1423.28 24562.8
1423.32 24540.3
1422.92 24720.7
1423.21 24738.1
1423.31 24639.1
1423.08 24655.9
1423.03 24753.1
1423.1 24794.1
1423.09 24816.9
1424.22 24853.9
1424.25 24863.7
1424.75 24912.8
1424.86 24936
1424.74 24948.1
1424.99 24954.7
1425.02 24915.8
1424.92 24934.2
1425.06 24960.8
1424.95 24968.7
1425.3 25036.7
1425.24 25050.6
1425.48 25078.1
1425.43 25144.2
1425.43 25163.7
1425.13 25174.6
1425.56 25222.2
1425.21 25274.7
1425.25 25323.1
1425.25 25350.4
1425.48 25343.1
1425.46 25338.7
1425.48 25339.5
1425.74 25364.3
1425.96 25376
1426 25369
1426.04 25409.1
1425.58 25452.3
1425.58 25466.9
1425.66 25470.8
1426.4 25516.1
1426.39 25506.7
1426.62 25487.4
1426.7 25480.4
1426.75 25457.7
1426.72 25450.8
1426.69 25406.7
1426.67 25398.1
1426.9 25398.4
1426.87 25412.4
1426.86 25435.9
1426.92 25421.2
1426.87 25423.9
1426.9 25415.5
1426.77 25413
1426.87 25420
1427.1 25412
1427.1 25413.2
1427.14 25400.7
1427.15 25413.6
1428.13 25442.2
1428.12 25442.2
1428.23 25460.4
1428.23 25475.5
1428.25 25479.1
1428.23 25453.6
1428.32 25466.8
1428.52 25474.9
1428.45 25454.2
1428.35 25465.2
1428.35 25465.6
1428.24 25462.8
1428.15 25504.6
1428.38 25514.2
1428.35 25501.3
1428.36 25495.4
1428.25 25506.7
1428.4 25522.2
1428.76 25519.6
1428.82 25505.5
1429.01 25511.2
1428.9 25504.5
1428.91 25506.6
1428.8 25522.1
1428.54 25516.8
1428.69 25539.2
1428.71 25530.9
1428.82 25552.9
1428.4 25567.8
1428.58 25564.5
1428.54 25550.7
1428.58 25559
1428.59 25594.2
1428.62 25612.4
1428.75 25664.4
1428.69 25673.9
1428.82 25632.2
1428.83 25619.5
1429.21 25683.9
1429.19 25688.7
1429.23 25741.4
1429.26 25736.2
1428.98 25739.6
1428.48 25729.1
1428.53 25738.4
1428.55 25734.9
1428.27 25716.9
1428.29 25722.7
1428.46 25720
1428.6 25701.6
1428.62 25699.8
1428.56 25699.8
1428.76 25720.7
1428.81 25746.4
1429.03 25743.3
1429.22 25739
1429.21 25748
1429.27 25760.3
1429.27 25742.9
1429.28 25712.2
1429.18 25728.2
1429 25744.5
1429.27 25750.5
1429.05 25763.5
1429 25753.6
1429.16 25743.1
1428.97 25823.3
1429.25 25819.8
1429.3 25884.5
1429.38 25884.4
1429.41 25881.9
1429.53 25884.9
1429.07 25886.5
1428.94 25870.6
1428.98 25852.5
1429.04 25851.9
1429.42 25825.5
1429.53 25869
1429.55 25874.3
1429.37 25871.9
1429.3 25851.8
1429.29 25839.8
1430.3 25846.6
1430.21 25909.6
1430.2 25842
1430.17 25849.1
1429.97 25793.7
1429.97 25764.6
1430.22 25756.8
1430.17 25694.3
1430.49 25693.6
1431.07 25708.8
1430.96 25790.5
1430.86 25783.1
1430.86 25803.2
1430.85 25801.9
1431.32 25843.1
1431.28 25854.4
1431.42 25854.6
1431.57 25829.9
1431.9 25945.4
1431.43 25949.3
1431.43 25941.7
1431.12 25949.3
1431.56 25931.4
1431.43 25916.6
1431.43 25932.1
1431.33 25948.4
1431.32 25960
1431.6 25962.7
1432.39 25974.9
