122.293 196.081
122.375 126.286
148.614 1073.44
245.898 1685.86
310.907 1561.32
326.128 1673.5
333.188 1588.76
333.249 1514.79
342.08 2089.15
365.152 1734
370.933 1758.81
440.002 2295.15
455.728 2517.8
458.028 2427.86
459.589 2380.37
470.826 2502.24
471.473 2437.82
541.69 2734.94
555.783 3649.79
558.159 3404.78
565.258 3374.46
592.266 3368.53
596.793 3972.95
598.185 3739.89
597.882 3657.13
610.928 3529.2
611.941 3499.35
631.488 4192.51
633.135 4199.99
646.155 4737.71
646.11 4779.5
756.393 4992.65
756.829 4842.48
756.848 4731.86
759.971 4963.82
772.454 5014.12
772.668 5116.22
773.245 5195.77
801.751 8161.93
813.019 7663.23
814.939 7145.51
822.254 7444.54
831.504 9245.16
829.635 8876.25
832.368 8453.16
847.636 7949.3
849.237 8199.25
856.208 8760.87
857.47 8582.39
857.696 8502.6
859.978 8391.06
862.728 8350.16
865.591 8331.29
867.026 8536.56
886.517 8661.86
893.183 8603.7
899.292 9098.75
909.908 9164.38
912.488 8876.86
912.882 8535.12
914.398 8683.46
918.107 9266.3
941.002 10140.7
943.299 9065.58
943.281 9154.35
959.683 9724.81
959.644 9280.84
961.659 9098.7
969.672 9405.51
973.648 9255.67
986.959 9049.13
986.956 9295.07
994.912 9146.21
1002.61 8929.23
1004.7 9081.96
1010.84 9237.69
1010.74 9416.16
1019.28 9233.09
1020.04 9501.51
1020.28 9558.78
1023.84 9543.85
1023.83 9509.39
1026.13 10067.6
1036.23 10290.9
1038.6 10140.2
1041.05 10092.7
1051.47 10068.1
1056.73 9802.65
1057.22 9574.83
1057.67 10374.1
1066.89 10571.1
1065.49 10782
1066.41 10562.3
1066.81 10390.5
1066.63 10327.9
1065.58 10234.5
1066.33 10188
1067.68 10197.4
1070.96 10160.2
1070.93 10137.5
1071.5 10463.9
1071.47 10410.5
1071.78 10349.9
1082.47 10463.3
1082.04 10436.6
1082 10423
1082.21 10404.8
1085.08 10380.2
1085.25 10427.3
1084.17 10494.4
1084.56 10518.8
1084.4 10520.4
1077.15 11024
1075.41 11712.9
1075.16 11705.8
1076.14 11677.6
1076.54 11652
1076.88 11759.7
1077.17 11718.8
1078.63 11524.8
1078.49 11331.5
1078.41 11296.6
1081.05 11289.5
1080.93 11080.2
1081.98 11063.3
1081.22 11102.6
1082.49 11197.8
1081.63 11207.6
1080.48 11235.2
1081.71 11255.7
1082.41 11168.1
1093.48 11064.2
1094.21 10929.6
1095.48 10842.9
1097.23 10836.9
1096.16 10828.4
1098.28 10899.1
1099.86 10954.7
1099.71 10921.5
1102.59 11043.9
1103.23 11103.7
1103.69 11131.8
1103.96 11121
1103.96 11116.9
1103.87 11113.4
1104.1 11106.3
1103.5 11050.1
1103.78 11037.9
1103.53 11021.1
1104.39 11066.4
1104.37 11042.8
1105.83 11063.4
1105.88 11114.8
1105.39 11228.9
1105.85 11215.7
1114.57 11154.5
1115.96 11102.9
1117.6 11189.2
1118.2 11134.7
1118.03 11316.3
1119.79 11422.5
1119.75 11396.4
1121.31 11420.8
1121.25 11389.3
1121.08 11357.2
1121.52 11513.8
1121.39 11564.9
1123.26 11572.9
1127.34 11905
1127.45 12100.9
1129.26 11952.6
1130.67 12013.6
1130.68 11958.6
1132.35 12011.5
1133.5 12045.7
1132.5 11991.4
1132.21 11970.9
1131.99 11931.7
1132.62 11980.5
1133.69 12018.6
1133.7 12004.2
1133.86 11982.8
1135.92 12025.8
1139.57 12076
1140.05 12073.1
1140.57 12037.4
1140.54 12007.3
1141.05 11968.7
1141.06 11985.1
1141.01 11979.3
1141.38 11964.6
1142.2 12005.2
1143.96 12006.1
1145.72 12067
1145.79 12021.4
1146.32 12027
1146.6 11994.8
1146.54 11976.5
1147.24 11911.7
1147.4 11940.1
1148.66 11973.2
1148.91 11967.2
1148.59 11946.8
1148.54 11938.7
1151.02 11879.4
1150.85 11971.6
1151.02 11952.3
1151.3 12002.8
1150.83 12031.1
1151.18 12051.9
1151.13 12084.1
1152.19 12088.8
1152.26 12056.2
1152.21 12054.3
1155.05 12109.7
1154.67 12115.1
1154.23 12150.1
1152.65 12155.8
1152.02 12300.1
1152.01 12205.7
1151.87 12147.8
1151.78 12105.3
1151.4 12192.6
1151.26 12137.6
1151.16 12150.9
1152.06 12290.9
1152.77 12438.3
1152.53 12317.8
1152.49 12276.1
1152.62 12286.1
1152.87 12473.5
1152.96 12580.8
1153.18 12673.8
1152.92 12621.6
1152.99 12675.4
1153.01 12707.1
1154.06 12745.7
1154.62 12776
1154.88 12754.3
1155.37 12733.9
1156.13 12759.8
1157.26 12832
1157.06 12844.8
1157.18 12878.6
1160.23 12778.7
1160.27 12790
1160.18 12864.5
1160.53 12889.7
1167.31 12847.5
1168.59 12942.4
1168.45 12858.3
1169.42 12880
1168.52 12768.3
1168.75 12744.7
1169.51 12762.3
1171.16 12957.9
1174.55 12971.7
1174.79 13066.8
1174.99 13160.9
1174.96 13195.4
1179.33 13244.3
1178.2 13392.7
1178.23 13280.9
1178.16 13223.6
1178.83 13240
1178.02 13156.5
1177.55 13150.2
1177.51 13161.6
1177.4 13263.7
1176.61 13209.9
1176.51 13260.3
1176.6 13292.4
1178.24 13327.8
1178.51 13368.2
1178.34 13374.1
1178.26 13381.4
1178.56 13394.2
1178.84 13391.3
1178.83 13399.6
1179.27 13399.3
1179.56 13336.9
1180.72 13375.2
1180.77 13297.2
1180.93 13289.8
1180.43 13254.6
1180.42 13266.2
1179.7 13270.7
1180.13 13330.1
1179.45 13378.7
1180.01 13409.2
1179.8 13277.3
1179.45 13225.6
1180.06 13253.2
1183.02 13325
1182.86 13346.4
1182.81 13365.1
1182.65 13372.1
1182.67 13366.2
1182.04 13275.6
1182.26 13225.5
1182.01 13192.7
1182.02 13205.3
1182.33 13230.6
1182.87 13219.8
1182.96 13266.7
1182.98 13274.1
1182.52 13289.6
1183.02 13391.3
1182.93 13397.4
1184.81 13395.4
1184.82 13404.2
1184.55 13388.2
1185.05 13380.9
1184.9 13373.2
1186.1 13394.3
1186.11 13408.5
1186.48 13437.7
1186.67 13419.8
1185.98 13535.6
1186.04 13555.6
1187.69 13548.1
1187.69 13582
1187.63 13668.5
1187.66 13653.8
1189.74 13575.4
1189.6 13632.9
1189.79 13590.1
1189.5 13542
1189.38 13529.7
1190.13 13553
1189.28 13554.7
1189.3 13444.2
1190.39 13473.8
1190.44 13492.9
1190.44 13498.1
1190.58 13507.7
1190.85 13507.1
1190.23 13482.5
1190.21 13483
1189.64 13525.7
1189.55 13552.7
1189.77 13557.5
1190.15 13556.2
1190.18 13575
1190.16 13576.6
1190.1 13646.6
1189.15 13662.9
1189.08 13693.4
1189.46 13731.3
1189.78 13760
1189.52 13757.6
1189.63 13819
1188.81 13872
1189.24 13790.7
1189.25 13774.5
1189.05 13821.9
1188.78 13860.2
1188.88 13892.9
1189.27 13925.1
1189.7 13881.3
1190.58 13853.2
1190.62 13874.1
1191.71 13884.8
1191.31 13815.2
1191.04 13850.3
1190.88 13824.6
1191.2 13813.7
1190.76 13994.5
1190.82 13997.3
1190.89 13984.1
1190.82 14026.3
1190.75 14048.5
1190.62 14062.5
1190.59 14056
1190.52 14058.5
1190.53 14064
1190.66 14092.4
1190.72 14083.1
1190.95 14063.1
1190.75 14051.5
1190.93 14047
1190.99 14038.8
1191.36 13953.1
1191.26 13909.7
1191.21 13896.4
1190.26 13824.2
1190.36 13747.9
1190.31 13747.7
1191.27 13728.4
1191.66 13729.6
1191.59 13717.9
1191 13721.4
1190.19 13903.6
1190.72 13979.3
1190.72 14022.9
1190.06 14075.1
1189.97 14047.8
1190.07 14063.2
1190.12 14077.1
1190.12 14110.5
1190.6 14169
1190.42 14157
1190.42 14167.5
1189.93 14178.2
1190.14 14165.2
1190.24 14400.9
1190.19 14358.4
1190.19 14317.1
1190.17 14301.7
1190.23 14295.1
1190.13 14295.1
1188.82 14359.5
1188.8 14352.4
1188.46 14341
1188.52 14347.3
1188.85 14363.6
1190.54 14339.6
1190.85 14351.7
1190.85 14303.1
1190.81 14262.2
1195.62 14293.8
1196.19 14280
1196.32 14235
1196.16 14231.5
1196.16 14209.3
1197.63 14278.3
1197.99 14240.1
1198.25 14189.6
1198.3 14164.4
1202.37 14150.7
1201.92 14178.2
1202.43 14199.6
1202.44 14222.7
1202.87 14263.7
1202.9 14261.7
1203.34 14304.7
1202.87 14345.1
1202.8 14329.8
1202.64 14328.2
1204.59 14365.2
1206.48 14397.6
1206.44 14463.7
1206.57 14506
1207.11 14538.7
1207.1 14542.9
1205.51 14610.2
1205.42 14653.2
1205.51 14644.2
1205.64 14677.2
1205.5 14681.1
1205.79 14672.8
1205.72 14666.3
1205.33 14645.5
1205.7 14620.9
1205.56 14549.6
1206.51 14540.6
1206.13 14543.5
1207.06 14474.5
1207.05 14469.9
1207 14460.4
1207.4 14478.6
1207.11 14492.6
1207.06 14506.2
1207.47 14531
1207.29 14511.6
1207.89 14488
1208.25 14457.2
1208.44 14462.3
1209.06 14484.7
1209.07 14416.6
1209.08 14336.1
1208.9 14248.6
1208.9 14224.6
1208.91 14210.6
1208.52 14173.1
1208.42 14162.9
1208.61 14164.9
1209.26 14148.7
1209.14 14166.1
1209.65 14149.3
1209.25 14119.5
1209.24 14097
1209.31 14093.3
1209.42 14113.2
1209.39 14114.5
1209.24 14101.3
1209.16 14061.4
1209.13 14087.7
1208.72 14085.3
1208.73 14089.7
1208.81 14116.9
1208.85 14090.2
1208.54 14082.6
1208.63 14089.4
1208.65 14095.2
1208.61 14083
1208.98 14070.6
1208.85 14060.1
1208.81 14062
1208.62 14067.2
1207.8 14059.1
1207.87 14090.8
1208.05 14105.4
1208.04 14084.2
1208.03 14090.4
1208.1 14085.1
1208.07 14094.2
1208.59 14033.3
1208.79 13915.1
1208.82 13899.7
1208.83 13875.9
1208.87 13876
1207.72 13848.1
1208.3 13840.4
1208.29 13866.7
1209.66 13865
1209.4 13830.7
1209.41 13828.9
1209.3 13838.7
1209.26 13869.4
1209.71 13857.9
1209.74 13856.3
1210.64 13890.4
1210.63 13804.6
1210.67 13738.7
1211.61 13760.2
1211.47 13776.9
1211.62 13777.3
1210.67 13667.4
1210.06 13723.4
1210.35 13686
1210.74 13675.7
1210.87 13689.6
1209.97 13775.1
1209.97 13811.1
1209.78 13761.2
1209.93 13729.8
1209.94 13721.4
1209.79 13720.4
1209.79 13679.7
1209.78 13657.9
1210.9 13648.8
1210.81 13647.1
1211.2 13628.9
1211.33 13596.5
1211.12 13611.4
1211.44 13686.9
1210.86 13684
1210.9 13676.1
1211.91 13662
1211.98 13671.3
1212.4 13655
1212.98 13640.5
1213.2 13601.9
1212.76 13568.7
1212.75 13571.7
1212.64 13544.7
1213.06 13563.8
1213.64 13614.2
1213.58 13632.5
1213.53 13638.8
1213.35 13638.7
1213.27 13643.6
1213.25 13612.9
1213.25 13618
1213.14 13602.7
1213.89 13672.4
1212.18 13668.7
1211.88 13674.8
1212.86 13692.9
1213.06 13677.3
1212.45 13692.8
1212.63 13703.2
1212.65 13702.6
1212.66 13666.1
1212.57 13596
1212.6 13575
1212.5 13605.8
1212.48 13621
1212.79 13650.2
1212.79 13675.5
1212.61 13671.9
1212.59 13638.7
1212.9 13600.7
1212.92 13563.6
1212.91 13545.7
1212.8 13537.4
1212.5 13671.9
1212.36 13553.2
1212.26 13502.6
1212.13 13505.4
1212.02 13388.3
1212.03 13382.6
1212.15 13349.2
1213.11 13331.5
1212.73 13361.5
1212.72 13351.6
1212.83 13330.1
1212.45 13252.2
1212.51 13129.4
1212.37 13107.8
1212.45 13143.4
1212.64 13166.9
1212.74 13170.3
1212.72 13184.3
1212.84 13151.1
1212.84 13159.1
1212.85 13157.2
1214.6 13141.5
1213.81 13152.1
1213.72 13138.3
1213.17 13166.5
1213.19 13170.3
1212.96 13176.3
1213.05 13192.2
1212.94 13210.5
1212.89 13197.4
1212.81 13189.8
1212.95 13190.2
1213.35 13181.4
1213.23 13178.8
1213.22 13133.3
1213.16 13146.2
1213.07 13143.9
1213.21 13151.5
1213.29 13157
1214.13 13192.9
1214.11 13213.9
1214.34 13231.1
1214.24 13257.9
1214.26 13269.6
1215.31 13279
1215.32 13287.2
1215.55 13284.6
1215.9 13326.4
1215.77 13291.9
1215.74 13331.2
1215.72 13317.4
1216.52 13280.3
1216.91 13281
1216.86 13312.9
1216.9 13323.4
1216.84 13316.1
1216.68 13276.1
1216.75 13278.8
1216.71 13264.1
1216.69 13266.6
1216.68 13256.7
1216.58 13257.8
1216.72 13261.8
1216.99 13327.3
1217 13309.9
1217.01 13295.9
1217.08 13329.7
1216.51 13315.3
1216.37 13308.4
1216.39 13278.4
1216.33 13266.5
1216.02 13349.9
1216.17 13393.7
1216.68 13435.3
1216.45 13458.8
1216.45 13482.5
1216.58 13514.6
1216.64 13486.8
1217.18 13456.9
1217.16 13442.9
1217.2 13529.7
1217.18 13553
1217.8 13571.8
1217.91 13599
1217.95 13586.6
1217.94 13582.4
1218.19 13576.1
1218.17 13592.7
1218.22 13595.9
1218.2 13586.6
1218 13594
1218.99 13565.5
1219.66 13572.3
1219.63 13548
1219.93 13571.8
1219.81 13579
1219.41 13588.9
1219.34 13605.6
1219.36 13601
1219.26 13597.5
1219.12 13605.1
1218.98 13606.1
1219.38 13648.6
1219.25 13612.8
1219.42 13636.6
1219.39 13671.9
1218.94 13669.4
1219.31 13812
1219.28 13730.5
1219.33 13690.5
1219.31 13619.8
1219.43 13599.4
1219.78 13571.1
1219.74 13565.9
1219.74 13545.5
1219.28 13548.4
1220.32 13584.5
1220.3 13551.6
1220.23 13566.9
1220.34 13564.7
1220.35 13556.2
1220.34 13555.6
1221.12 13569.6
1221.11 13565.2
1221.1 13580
1220.98 13558.2
1220.7 13539.5
1222.09 13540
1221.97 13468.5
1222.02 13465.7
1222.13 13493.3
1222.02 13524.9
1222.34 13550.3
1222.33 13550.8
1221.92 13580.6
1222.3 13565.2
1222.32 13566.5
1222.33 13562.1
1222.34 13556.5
1222.29 13544.4
1222.26 13548.4
1222.22 13630
1222.15 13624.9
1222.95 13643.8
1223.57 13660.8
1223.47 13644
1223.34 13650.4
1223.11 13639.6
1223.11 13645.9
1222.72 13673.8
1222.86 13683.3
1222.32 13674
1222.5 13671.2
1222.35 13684
1222.32 13701
1222.31 13698.5
1222.27 13693.7
1221.91 13664.5
1222.39 13707.3
1223.48 13703.9
1224.1 13712.6
1223.92 13696.6
1223.96 13684.6
1224.67 13723.1
1224.56 13740.1
1224.36 13735.3
1224.31 13734.2
1224.6 13740.5
1224.29 13751.1
1224.33 13748.3
1224.22 13753.7
1224.2 13764.1
1223.8 13849.1
1224.07 13875.4
1229.13 13880.7
1229.28 13926.5
1229.52 13935.2
1229.63 13948.4
1229.58 13926.1
1230.67 13961.3
1230.5 13929.7
1230.34 13922.6
1230.73 13934.3
1231.34 14003.6
1231.16 13983.7
1232.34 14012.6
1233.09 14030.8
1232.98 14046
1232.68 14030.7
1232.67 14019.1
1232.66 14016.1
1232.67 14026.1
1232.69 14039.7
1232.8 14041.2
1232.67 14054
1232.75 14079.6
1233.79 14111
1233.78 14108.5
1234.67 14136.1
1234.18 14154
1233.86 14174.8
1233.48 14199.7
1233.44 14215.3
1233.55 14229.2
1234.7 14232.2
1235.16 14228.1
1235.39 14241.9
1234.96 14232.2
1235.18 14235.7
1235.62 14311.9
1235.4 14267.2
1235.31 14257
1235.41 14270.7
1235.37 14278.2
1234.83 14270.8
1234.94 14274
1234.86 14279.9
1234.81 14285.7
1234.85 14291.9
1234.96 14271.1
1234.97 14269.4
1235.32 14298.3
1235.33 14324.5
1236.25 14330.6
1236.17 14341.2
1236.7 14355.5
1236.67 14368.4
1236.87 14374.1
1236.86 14378
1237.1 14369.8
1237.78 14367.5
1237.87 14376.9
1237.98 14382.5
1237.84 14384.6
1237.79 14388.3
1237.9 14393.2
1239.15 14352.5
1239.22 14335.5
1240.16 14340.6
1240.24 14372.1
1240.28 14390.4
1240.06 14355.8
1239.68 14321.9
1239.6 14293.6
1239.62 14286.1
1239.65 14308.5
1239.98 14322.7
1239.69 14323.8
1239.66 14304.2
1240.38 14350.6
1240.47 14380.5
1240.74 14407.2
1240.73 14428.6
1240.75 14447.6
1240.73 14455.5
1241.49 14458.9
1241.44 14473.8
1241.22 14465.1
1241.31 14464.4
1240.98 14471.4
1240.83 14473.8
1240.69 14447.8
1240.65 14446.2
1240.65 14452.5
1240.66 14452
1240.63 14454.9
1240.61 14466.5
1240.57 14462
1240.66 14467.5
1240.72 14465.9
1240.71 14463.9
1240.04 14436.8
1240.07 14419.8
1240.17 14411.5
1240.44 14470.3
1240.67 14500.8
1240.82 14484.9
1241.14 14454.4
1241.15 14476.8
1241.16 14485.4
1241.15 14488.7
1241.21 14478.6
1240.78 14415.2
1240.73 14392.7
1240.71 14373.6
1240.97 14338.8
1241.04 14314.2
1241.04 14294.5
1241.33 14273.8
1241.38 14268.6
1241.52 14223.3
1241.5 14216.3
1241.55 14188.2
1241.49 14181
1240.84 14150.6
1240.87 14141.6
1240.63 14143.2
1240.77 14167
1241.1 14157.3
1241.1 14147.9
1241.26 14126.1
1240.99 14126.6
1241.18 14127.3
1241.2 14124.4
1241.26 14116.2
1241.18 14106.5
1241.21 14097
1240.88 14078.8
1241.41 14073
1241.29 14065
1241.39 14052.9
1241.29 14065.6
1241.34 14044.4
1241.53 14049.6
1241.49 14045.1
1241.62 14020.9
1241.19 14020.5
1240.97 14030.3
1241.06 14070.4
1241.03 14064.6
1241.01 14067.5
1241.32 14073.6
1241.42 14077
1241.72 14069.7
1241.19 14083.1
1241.14 14003.6
1241.14 13995.9
1241.13 14007.5
1240.98 14009.2
1241 13991.2
1240.9 13992
1240.97 13998.2
1240.86 13967.9
1240.7 13963.7
1240.66 13964.2
1240.78 13952.2
1240.97 13961.6
1240.91 13946
1240.79 13961.2
1240.76 14000.1
1240.6 14028.6
1240.57 14023.2
1240.61 14023.6
1240.3 14012.8
1240.27 13995.3
1240.35 13994
1240.36 13980.9
1240.8 13954.3
1240.81 13954
1240.66 13957.7
1240.89 13981.8
1241.02 13976.7
1240.82 13995
1240.87 13949.8
1240.87 13925.7
1241.05 13858.6
1240.95 13843.1
1240.74 13831.9
1241.06 13824.2
1241.07 13817.9
1241.32 13806.9
1241.34 13801.8
1240.97 13787.1
1241.02 13785.8
1241.09 13797.6
1241.22 13777.1
1241.26 13759.2
1241.33 13752.5
1241.19 13749
1241.54 13744.8
1241.47 13743.9
1241.46 13741.5
1240.91 13742.6
1240.57 13749.9
1240.58 13720.8
1240.57 13722.1
1240.58 13714.1
1242.17 13687.5
1242 13647.9
1242 13616
1241.9 13602.8
1241.9 13629.4
1241.66 13583.4
1241.67 13569.9
1241.67 13560.1
1241.59 13552.6
1241.55 13713.7
1241.52 13707.2
1241.33 13693.6
1241.66 13693.1
1241.66 13693.5
1241.64 13682.3
1241.56 13686
1241.92 13683.2
1241.46 13683.9
1241.3 13659.6
1241.31 13662.9
1241.39 13669.3
1241.26 13665.7
1241.24 13664.4
1241.48 13662.5
1241.82 13670
1241.45 13659
1241.71 13672.2
1241.68 13669.1
1241.8 13675.2
1241.84 13695.1
1241.85 13719.9
1241.82 13732.4
1241.83 13731
1241.84 13749.6
1241.81 13758.2
