21.3352 11.4393
44.5432 64.3269
86.8296 146.183
88.1504 134.059
150.708 1140.29
203.181 1587.77
207.621 2227.12
213.952 1919.87
251.375 2229.28
328.22 2998.74
332 2512.46
339.34 2210.05
350.317 2700.42
381.106 2798.3
391.344 2585.16
394.849 2726.42
430.702 2933.55
450.445 4006.09
453.698 3932.13
461.69 3721.74
463.04 3644.36
461.461 3578.14
465.024 3557.78
464.906 3444.74
486.347 3619.73
521.937 5512.81
532.489 4929.23
534.551 4555.28
535.791 5077.37
539.448 6146.1
543.16 5690.66
544.649 5367.21
578.069 6034.86
609.457 6041.15
628.468 6812.94
628.251 6713.77
632.537 6502.1
633.494 6400.61
636.914 7099.11
635.362 6894.22
635.733 6861.63
635.938 6810.05
646.856 7280.95
654.814 7020.53
663.431 7125.27
663.584 7151.6
673.407 7654.6
694.639 8019.13
695.016 7863.15
695.218 7801.05
695.187 7754.26
695.412 7692.78
701.056 7871.48
699.358 7572.45
699.423 7534.47
702.269 7584.85
707.522 8008.47
706.402 7921.94
724.892 8441.34
725.237 8451.56
722.893 8632.31
725.638 8655.14
727.331 8690.07
732.18 8704.32
760.993 8869.54
771.837 9272.38
774.101 9165.13
783.573 9783.58
787.367 9693.82
787.167 9595.11
807.865 9309.33
817.049 9519.94
817.159 9535.93
817.684 9552.77
825.461 9841.22
823.102 9650.97
825.867 9585.19
828.298 9647.19
829.523 9715.82
829.057 9990.03
827.32 10165.5
828.005 10151.2
832.044 10220.1
831.924 10120.8
832.684 10139.1
865.576 9968.4
877.978 9658.29
877.601 9827.82
899.144 10358
898.654 10402.7
901.69 10509.6
903.132 10483.1
905.899 10748.9
916.761 10682.6
919.447 10619.7
919.885 10558.9
920.66 10897.6
927.177 10887.1
938.736 10785.9
939.618 10612.8
960.534 10625.5
960.674 10621.2
963.154 10669.4
969.775 10858.6
968.254 10953.4
971.432 10843.5
970.867 10924.8
970.327 12056
972.23 11837.8
972.736 11723.9
972.511 11673.5
977.314 11657.1
977.241 11301.1
977.428 11238.9
979.311 10913.9
981.867 10847.2
981.456 10808.7
985.962 10749.4
985.63 10802.9
985.211 10738.7
995.284 10631.4
996.729 10555.6
1000.18 10515
995.591 11755.9
996.66 12150.1
997.556 12070.9
999.432 12274.2
999.843 12159.8
1002.28 12160.9
1008.19 11950.3
1009.18 11969.3
1011.69 12270.7
1011.86 12209.3
1011.98 12203.9
1010.72 12177.3
1016.74 11984.3
1015.12 11645.9
1020.35 11506.2
1023.94 11568.6
1024.83 11692.3
1027.07 11870.2
1031.02 12067.1
1030.23 12030.2
1030.91 12230.3
1037.72 13364.4
1043.52 13083.6
1044.66 12903.8
1046.6 13318.8
1046.61 12679.7
1047.02 12748.7
1046.94 12661
1046.82 12538.9
1046.43 12447.2
1047.15 12365.6
1049.23 12267.3
1048.77 12245.1
1059.27 12257.1
1064.43 12292.8
1065.27 12805.2
1065.47 12819.4
1065.32 12832.7
1065.36 12663.4
1069.64 13070.3
1070.41 12958
1076.44 12699.7
1076.3 12614.6
1078.77 12485.4
1078.56 12462.2
1081.29 12448.1
1081.7 12444.1
1083.15 12425.3
1088 12510.9
1087.14 12480.1
1087.95 12442.1
1087.92 12406.8
1088.18 12393
1091.56 12298.7
1092.48 12291
1095.4 12240.7
1095.79 12236.3
1090.78 12161.1
1090.9 12486.6
1088.82 12558.8
1087.7 12902.3
1088.34 12881.8
1089.46 12902.4
1090.8 12829.4
1093.99 12878.5
1095.92 12945.3
1096.89 12852.6
1098.7 12769.9
1098.54 12755.4
1098.29 12762
1099.16 12736.2
1099.49 12752
1099.71 12746.3
1100.17 12726.6
1102.34 12865.2
1102.66 12868.9
1102.35 12890.1
1103.88 13204.9
1104.96 13271.1
1106.95 13205.4
1107.51 13142.9
1108.25 13135.4
1109.06 13071.8
1108.2 13136.3
1108.36 13208.8
1109.01 13328
1109.03 13401
1109.43 13420.8
1109.72 13417.7
1109.57 13440.1
1107.91 13491
1105.85 13467.1
1106.25 13523.2
1106.44 13474.9
1107.23 13476.9
1107.65 13347.9
1107.33 13348.7
1106.87 13340.3
1106.73 13304.2
1106.17 13317.9
1106.53 13332.9
1106.22 13334.7
1105.78 13291.2
1105.5 13257.8
1105.95 13242.4
1106.63 13255
1107.19 13211.8
1107.04 13227.8
1110.57 13381.8
1110.45 13477.4
1110.9 13535.2
1112 13482.2
1112.35 13430.8
1113.53 13400.7
1113.68 13410.6
1113.8 13417.6
1114.74 13398.4
1115.74 13384.3
1115.98 13397.9
1116.27 13419.9
1116.49 13438.1
1115.91 13405.6
1116.47 13478.4
1117.54 13450.8
1117.65 13408.1
1116.07 13526.2
1115.87 13314.2
1115.83 13214.7
1117.49 13207
1117.87 13186.9
1118.91 13205.5
1121.3 13316.8
1120.79 13267.8
1123.3 13223.8
1123.24 13242.3
1122.64 13304.8
1122.66 13337.4
1122.98 13321
1123.14 13315.4
1123.2 13307
1123.49 13321.3
1123.45 13319.2
1126.04 13323.1
1125.02 13379.6
1124.93 13430.4
1125.04 13426.8
1125.3 13412.9
1124.48 13339.9
1125.1 13311.6
1125.08 13395.3
1125.09 13335.6
1124.9 13295.6
1124.6 13243.2
1124.5 13214.1
1124.12 13189.8
1123.61 13173.3
1123.9 13150
1123.94 13132.1
1125.12 13126.7
1125.23 13161.4
1127.44 13380.7
1127.54 13358.1
1127.64 13393.9
1125.76 13420.9
1126.4 13478.9
1126.35 13504.6
1126.38 13536.3
1126.45 13499.1
1126.46 13467.6
1127.45 13442.2
1127.41 13452.9
1127.5 13430.9
1128.86 13540.3
1129.02 13541.2
1129.15 13568
1128.89 13552.8
1128.62 13543.6
1128.21 13570
1128.02 13532
1127.84 13671.2
1128.6 13722.1
1129.23 13734.6
1131.52 13588.7
1131.32 13624.5
1130.98 13676.2
1130.8 13724.8
1130.79 13719.5
1130.28 13547.3
1131.1 13518.8
1131.53 13554.6
1134.09 13713.9
1135.43 13795
1135.46 13792.2
1134.44 13818.8
1134.55 13851.2
1134.5 13866.4
1134.42 13838.5
1134.25 13818.5
1135.26 13739.1
1135.91 13714.7
1135.92 13804.3
1136.4 13693.7
1136.34 13696.4
1136.29 13722
1136.65 13712.9
1136.51 13701.7
1136.92 13701.9
1137.56 13702.7
1137.56 13669
1137.71 13684.9
1137.72 13656.4
1137.63 13665.1
1137.57 13696.9
1138.15 13709.5
1139.28 13659.7
1139.34 13603.4
1139.33 13574.7
1139.33 13569.3
1139.23 13560.8
1138.81 13545.6
1138.61 13571
1137.72 13537.6
1139.34 13518
1139.4 13497.6
1139.46 13479.6
1139.2 13497.5
1138.41 13534.9
1142.21 13318.5
1142.25 13331.1
1141.98 13331.1
1142.08 13302.9
1143.29 13311.6
1146.1 13306.3
1145.93 13327.1
1146.11 13241.5
1146.17 13212.5
1146.53 13218.3
1145.88 13196
1146 13186
1145.88 13184.1
1146.05 13123.3
1145.88 13128.7
1146.35 13160.4
1146.48 13151.1
1146.48 13142.8
1148.3 13116.6
1148.28 13104
1148.3 13090.3
1147.11 13383.9
1146.91 13456.5
1147.05 13480.7
1146.69 13486.5
1146.95 13582.2
1146.93 13553.8
1146.9 13537.9
1148.16 13547.3
1148 13538.5
1148.01 13467.4
1147.48 13625.1
1147.57 13631.4
1147.59 13627.9
1148.15 13634.9
1150.24 13632.7
1150.42 13637.9
1150.44 13627.8
1150.43 13619.3
1150.45 13602.3
1150.49 13603.1
1150.11 13518.2
1149.3 13534.2
1149.59 13549
1148.93 13492.6
1149.72 13479.9
1148.73 13482.8
1149.29 13485.9
1148.57 13489.6
1149.1 13495.2
1149.55 13525
1150.22 13535.1
1150.24 13539.9
1149.97 13560.3
1149.97 13571.3
1150.38 13620.5
1151.57 13649
1151.65 13699.5
1152.34 13738.8
1151.92 14035
1150.41 14185.6
1151.15 14174.2
1151.18 14179.4
1151.31 14164.2
1151.51 14302.4
1150.82 14470.1
1150.27 14606.2
1150.8 14690.4
1150.74 14752
1150.94 14821.4
1152.76 14863.9
1153.58 14906.4
1153.75 14889.1
1154.2 14893.7
1154.66 14902.8
1154.83 14913.1
1155.02 14908.9
1155.11 14882.3
1154.79 14854.8
1154.42 14822.8
1155.14 14800.6
1155.13 14799.8
1155.06 14721.3
1155.32 14719.3
1155.16 14789.4
1155.47 14766
1156.71 14825.2
1156.55 14856.5
1156.45 14855.6
1156.24 14845.6
1156.39 14852.7
1156.4 14793.6
1156.18 14720.5
1156.19 14714.2
1156.09 14713.8
1157.21 14745.3
1157.23 14775.7
1157.45 14808.6
1157.47 14825.1
1157.57 14842.9
1157.77 14856.2
1158.5 14867.7
1158.92 14905.1
1158.86 14909.5
1158.54 14899.2
1158.3 14894.4
1157.93 14905.7
1157.91 14935.2
1157.99 14948.9
1157.98 14947.9
1158.42 14950.1
1158.42 14965.6
1157.8 14967.7
1157.78 14984.5
1156.83 14973.2
1156.82 14991.9
1157.16 15012.8
1156.83 15002.1
1156.29 15053.6
1156.47 15054.5
1156.05 15084.3
1156.08 15072.3
1156.08 15070.2
1156.02 15096
1155.76 15044.5
1155.4 15040.7
1154.65 14980.7
1156 15015.7
1156.03 15045.6
1156.19 15052.9
1155.21 15068.1
1155.18 15084
1156.38 15074.7
1156.82 15068.7
1156.98 15090.5
1157.03 15094.7
1157.18 15086.5
1157.15 15073.3
1158.18 15031.5
1158.37 15039.4
1158.65 15026.7
1158.64 15022.3
1158.57 15027.1
1158 15116.2
1157.95 15112.7
1157.93 15097.5
1157.9 15085
1157.43 15050.3
1157.03 15051.1
1157.19 15017.6
1157.18 14964.4
1156.99 14916.5
1157.35 14869.4
1156.8 14796.1
1157.43 14782.8
1157.54 14750
1157.64 14749.2
1157.64 14755.5
1157.04 14773.4
1157.01 14783.6
1157.01 14774.4
1157.17 14788.4
1156.76 14792
1156.76 14814.4
1157.58 14820.8
1157.62 14828.8
1157.92 14823.1
1159.69 14853.9
1159.72 14888.8
1159.74 14944
1159.8 14971.6
1159.86 14988.3
1160.04 15027.1
1160.08 15043.4
1160.09 15045.7
1160.5 15041.7
1160.67 15060.5
1160.54 15059.6
1160.59 15068.5
1162.31 15133.6
1162.31 15155.9
1162.26 15142.4
1162.76 15154.4
1162.37 15145.5
1162.35 15144.8
1162.25 15140.7
1162.74 15155.2
1162.75 15175.3
1162.88 15186.6
1162.8 15211.4
1163.39 15210.6
1163.23 15240.1
1163.08 15253.7
1163.95 15245.1
1163.57 15257.9
1163.57 15272.9
1163.93 15367.1
1164.49 15370.4
1165.5 15349.4
1166.43 15495.6
1166.25 15496.6
1167.57 15522.1
1167.55 15372.6
1167.56 15413.6
1167.54 15408.3
1167.21 15478.5
1168.19 15472.3
1168.25 15454.3
1167.76 15430
1167.77 15414.6
1168.44 15466.5
1168.33 15465.5
1168.32 15450.2
1168.48 15465.6
1167.34 15477.7
1167.39 15483.3
1167.53 15573.7
1167.49 15670.5
1168.37 15829.1
1168.02 15844.8
1168.7 15985.9
1168.64 15814
1168.64 15715.4
1168.47 15679
1168.92 15658.5
1168.8 15631.4
1168.66 15584.1
1169.13 15516.2
1169.25 15784.1
1169.1 15323.2
1169.1 15138.7
1169.07 15088.6
1169.01 15089.9
1169 15091.5
1168.81 15104.8
1168.99 15083.5
1168.99 15083.8
1169.13 15081.7
1169.11 15087
1169.28 15071.9
1169.43 15095.9
1169.5 15115.9
1169.93 15335.5
1170.05 15396.7
1170.48 15385.9
1170.73 15376.2
1171.05 15373.6
1171.08 15372.1
1171.41 15394
1171.4 15397.8
1171.38 15415.3
1171.41 15411.1
1171.69 15427
1172.55 15435.8
1173.31 15432.2
1173.26 15406.2
1174.44 15382.9
1174.35 15391.7
1174.35 15397.2
1174.37 15432
1174.36 15401.7
1174.35 15351.2
1174.7 15326.3
1174.42 15316.9
1174.41 15303.8
1174.43 15299.4
1174.61 15287.9
1174.61 15286.9
1174.46 15276.7
1173.93 15275.4
1175.27 15237
1175.53 15228.3
1175.54 15230.1
1175.76 15240
1175.89 15254.4
1175.72 15223.4
1176.34 15209
1176.09 15200.7
1176.08 15206.5
1176.12 15202
1180.69 15295
1180.88 15307
1180.96 15375.8
1181.01 15339.6
1180.63 15321.3
1179.78 15305.7
1179.83 15282.5
1180.29 15268.2
1180.24 15274.2
1180.44 15278.6
1180.48 15257
1180.56 15231.5
1180.59 15215.8
1180.59 15199.3
1180.63 15151.4
1180.38 15141.7
1180.7 15135.2
1180.87 15111.5
1180.81 15112.3
1180.71 15080.7
1180.69 15107.7
1180.04 15097.4
1180.04 15112.4
1180.66 15120.8
1180.55 15117
1180.72 15110.1
1180.97 15116.7
1180.97 15130.2
1180.97 15105.9
1180.98 15087.2
1180.84 15077.1
1181.01 15092.5
1182.44 15124.3
1182.44 15148.2
1182.46 15178.5
1183.69 15158.2
1183.71 15175.4
1184.53 15172.5
1184.09 15158.4
1184.13 15119.3
1184.16 15073.3
1184.21 15037.7
1184.28 15015.6
1184.45 15034.9
1184.05 15091
1184.39 15101.2
1184.31 15104.3
1184.2 15097.7
1184.04 15105
1184.04 15120
1183.93 15124.1
1183.88 15121.9
1184.06 15112.1
1184.02 15118.5
1184.41 15101.5
1184.27 15100
1184.32 15093.1
1184.2 15034.2
1184.24 14952.9
1184.23 14833.9
1184.28 14811
1184.15 14804.6
1183.95 14791.5
1184.03 14804.7
1183.92 14821.1
1183.68 14818.5
1183.58 14825.5
1183.53 14829.4
1183.53 14834.1
1184.1 14788.9
1184.15 14815.5
1183.98 14773.8
1184.04 14733.1
1184.13 14720.7
1184.24 14722.3
1184.7 14705.8
1185.69 14752.2
1185.62 14779.4
1185.69 14818.1
1185.77 14814
1185.77 14799.5
1185.86 14798.5
1185.89 14805.8
1185.95 14800.5
1185.91 14786.5
1185.83 14752.8
1186.03 14768.8
1185.91 14781.1
1185.95 14786.2
1185.85 14806
1186.12 14812.1
1186.11 14809.7
1186.5 14821.5
1187.51 14922.5
1187.53 14982.8
1187.16 15005.8
1186.7 14992.4
1186.98 14984
1186.61 14989.1
1186.55 15013.5
1186.71 14983.5
1186.94 15010.6
1187.04 15010
1187.04 15063.3
1187.24 15073.5
1187.07 15066.8
1186.83 15061.4
1186.92 15072.4
1186.89 15029.9
1186.73 15037.7
1186.81 15057.8
1186.91 15118
1186.92 15054
1187.06 15058.6
1186.98 15035.3
1187 15014.7
1187.09 15002.6
1187.15 14987.1
1187.33 14932.4
1187.34 14912.5
1187.17 14905.4
1187.5 14893.5
1188.42 14876.3
1188.41 14872.1
1188.68 14859.8
1188.72 14860.5
1188.72 14863.5
1188.85 14853.7
1189.79 14813.5
1189.73 14770.2
1189.63 14717.4
1190.35 14698.5
1190.52 14751.4
1190.34 14755.7
1190.88 14776.1
1190.81 14788.8
1190.92 14802.4
1191.08 14808.3
1190.97 14814.2
1190.63 14825.2
1190.79 14812.3
1190.77 14774.3
1190.75 14761.9
1190.31 14756
1190.3 14710.5
1190.3 14709.5
1190.5 14717
1190.96 14731.4
1190.44 14736.4
1189.4 14733.2
1189.42 14724.7
1188.63 14747.7
1188.63 14759.7
1188.62 14750.5
1188.5 14799.3
1188.41 14827
1188.79 14801.5
1188.79 14783.3
1189.42 14790.2
1189.5 14785
1189.26 14799.1
1189.26 14827.3
1189.32 14835
1189.39 14846.2
1190.8 14866.6
1190.8 14892
1190.81 14900
1190.77 14893.2
1191.67 14891.3
1191.71 14898.2
1191.74 14908
1191.77 14936.3
1191.82 14962.9
1191.39 14959.1
1191.4 14962.5
1191.51 14974
1191.37 14982.4
1191.63 14925.4
1191.39 14923.8
1191.33 14920.2
1191.25 14913.8
1191.29 14916.9
1191.25 14919.1
1191.07 14910.6
1191.08 14900.2
1191.07 14884
1191.09 14870.3
1191.27 14852.6
1191.28 14847.3
1190.98 14889.6
1191.5 14915.3
1191.75 14906.5
1191.99 14892.9
1192.22 14888.5
1192.6 14900.1
1192.64 14893.8
1192.6 14898.9
1192.16 14903.6
1191.6 14898.9
1191.64 14879.4
1194.41 14860.8
1194.24 14863.3
1194.51 14872.2
1194.54 14889.4
1194.48 14855
1194.43 14822.5
1194.82 14831
1195.06 14863.2
1195.53 14881
1195.87 14891.6
1195.92 14884.2
1196.36 14897.7
1196.3 14903.6
1196.27 14902.9
1196.28 14891.2
1196.28 14897.8
1196.48 14964.1
1196.7 14942.9
1196.48 14931.2
1196.45 14934.1
1196.29 14933
1196.29 14933.9
1197.03 14942.1
1197.61 14941
1197.46 14929.4
1197.41 14926.8
1197.18 14914.5
1197.22 14793.6
1198.1 14796.7
1198.08 14811
1197.87 14792.5
1197.96 14806.5
1197.95 14823.1
1198.04 14836.9
1198.04 14846.2
1198.29 14847.4
1198.34 14830.1
1198.26 14853.5
1199.07 14877.7
1198.13 14946.9
1197.94 14956.6
1198.13 14962.8
1198.13 14970.2
1198.01 14974.5
1198.18 14959.2
1198.2 14942.1
1197.76 14938.9
1197.84 14922.5
1197.86 14909.9
1198.94 14881.1
1198.7 14813
1199.3 14820.5
1199.13 14826.6
1199.18 14827
1199.3 14805.4
1199.27 14796.3
1199.69 14769.7
1200.19 14811.8
1200.18 14821.9
1200.16 14838.8
1200.31 14824.2
1200.06 14840.5
1199.68 14877.3
1199.96 14892.3
1200.07 14906.6
1200.05 14915.2
1200.23 14910
1200.27 14912.1
1200.55 14920.2
1200.71 14921
1200.7 14943.5
1200.52 15018.1
1200.58 15075.4
1200.58 15056.8
1200.56 15038.5
1200.32 15019.8
1200.61 15032.2
1200.68 15050.3
1201.6 15035.1
1201.51 14937.6
1201.43 14916.3
1201.56 14926.6
1201.8 14949.3
1201.82 14965
1201.77 14969.4
1201.75 14970.6
1201.61 14967.8
1201.71 14944.6
1201.96 14950.2
1202.03 14958.1
1202.19 14986.2
1202.53 14996.1
1202.03 14990.4
1202.02 14986.9
1201.89 14985.2
1201.98 15024.1
1202.11 15008.1
1202.09 14897.8
1202.35 14879.3
1202.55 14871
1202.68 14925.5
1202.16 14969.6
1202.15 15021.8
1202.25 15008.7
1202.49 15035.5
1202.65 15022.3
1202.6 15033.9
1202.57 15045
1202.53 15051.4
1202.38 15022.2
1202.49 15028.4
1202.49 15024.8
1202.33 15021
1202.28 15012
1202.17 15018.8
1202.17 15022
1201.76 15093.9
1201.71 15092
1201.67 15092.3
1201.67 15101.9
1201.91 15108.2
1201.76 15126.9
1201.74 15127.6
1201.8 15135
1201.79 15126.6
1201.35 15105.5
1201.21 15094.6
1201.15 15064.8
1201.16 15048.2
1201.23 15032.4
1200.98 15015
1201.14 14997.8
1201.15 14980.7
1200.99 14938.6
1200.66 14880.9
1200.5 14844.6
1200.59 14820.6
1200.67 14807.1
1200.55 14797.5
1200.72 14861.3
1200.11 14861.4
1200.11 14868.8
1200.14 14868.3
1200.19 14858.7
1200.47 14872.7
1200.3 14858.1
1200.27 14850.9
1200.61 14877.9
1200.72 14884
1200.43 14886.2
1200.33 14891.8
1200.28 14900.6
1200.27 14910.5
1200.48 14902.3
1200.54 14909.9
1200.55 14906.2
1200.47 14901.2
1200.84 14939.6
1200.84 14949.8
1200.86 14945.1
1200.6 14932.2
1201.8 14900
1201.86 14911.7
1201.82 14901.3
1201.79 14910.7
1201.8 14914.6
1201.81 14952.2
1201.78 14929.3
1201.84 14924.2
