224.828 176.138
302.868 488.007
312.174 562.697
315.083 641.824
315.475 674.491
315.084 696.985
325.971 776.169
327.202 822.805
321.48 873.4
329.479 965.013
347.031 1360.6
411.161 2595.47
425.226 2180.79
425.306 1974.17
426.358 2001.79
434.541 2062.31
438.172 1988.72
461.617 2084.99
467.172 2061.54
467.215 2099.79
496.921 2313.75
538.445 2458.55
542.17 2448.45
547.914 2661.96
553.644 3448.37
554.443 3223.88
555.248 3095.85
555.66 3056.33
554.73 3168.33
560.429 3195.68
570.916 3360.01
573.937 3515.98
575.018 3601.06
576.608 3776.74
579.656 3828.83
581.862 3892.33
583.7 4419.47
602.624 4526.45
612.729 4731.32
613.141 4574.74
613.779 4762.46
630.268 4684.2
639.732 4903.64
639.519 4767.79
639.805 4602.21
642.553 4502.77
656.084 4842.73
667.007 5118.77
668.769 5094.4
672.477 5113.11
672.263 7105.88
673.269 6685.98
676.169 6562.32
675.347 6897
685.721 6901.12
697.025 6858.25
718.964 6818.04
723.329 7027.98
723.016 7023.17
722.157 7194.91
726.062 7153.53
728.898 7144.79
748.386 7383.79
749.376 7301.41
745.371 7485.9
742.718 7952.43
740.928 7775.79
773.138 7667.33
773.586 7745.4
788.988 7558.86
789.028 7384.29
805.429 8489.44
822.506 9282.82
821.752 8723.63
822.711 8594.47
822.409 8675.69
827.128 8564.24
830.579 8435.31
830.492 8402.98
831.331 8351.45
834.641 9063.8
836.449 9094.37
836.443 9032.61
850.876 9209.42
851.511 9217.2
851.42 9256.79
854.768 9317.71
855.785 9365.05
859.824 9627.37
854.275 10631.5
853.469 10994
852.462 10843.2
853.243 11054
862.695 11764.8
855.437 11613.5
850.941 12112.3
843.586 11996.6
841.934 12046.9
841.995 12077.2
836.669 12330.4
841.585 12281.8
840.819 12422.6
841.894 12567.8
844.637 12582.4
843.669 12577.4
848.48 12834.8
855.714 12723.9
855.805 12709
854.458 12931.9
858.879 13077.5
861.03 13213.4
861.038 13276.6
860.484 13398
859.694 13417.5
861.824 13188.5
875.313 13393.3
881.799 13349
883.302 13163
884.36 13099.9
885.817 13112.8
885.864 13091.2
886.785 13097.2
887.248 13123.7
887.497 13173.1
887.446 13202.6
893.36 13294.5
894.095 13264.5
897.417 13246.4
897.227 13316.2
899.113 13335.7
900.404 13335.1
902.084 13406.8
906.016 13533.9
908.365 13444.9
908.355 13534.9
907.614 14307.3
909.795 14440.6
909.329 14479.7
911.147 14253.9
915.143 14173.2
914.477 14219.9
917.556 14145.8
918.568 14244.1
918.467 14276
919.875 14354.1
920.093 14373.8
919.931 14340.7
920.542 14365
921.121 14363.6
921.582 14484.1
921.655 14436.1
920.71 14436.9
918.27 14513.8
925.966 14451.9
925.771 14418
925.3 14506.3
930.786 14484
930.672 14479.8
931.087 14446.4
931.149 14428.3
934.117 14219.4
934.346 14108.6
934.128 14063.6
932.091 14358.3
932.22 14345.6
931.789 14358.1
933.003 14339
932.907 14369.1
933.755 14379.6
933.669 14360.8
935.269 14482.9
938.52 14600.1
936.626 14558.3
945.947 14794
945.757 15003.7
944.981 15153.1
945.905 15190.7
945.694 15267.5
944.966 15282.7
944.228 15316.8
947.533 15540.4
947.104 15647.4
946.312 15928.5
946.443 15852.7
946.35 15804.7
947.782 15915
948.371 15921.8
952.217 16189
952.284 16376.4
954.562 16397.2
954.258 16370
954.245 16298.3
955.189 16208.4
955.117 16237.6
955.993 16220
955.816 16249.6
956.238 16174.4
955.859 16185.9
958.032 16191.5
956.946 16176
956.938 16144.7
967.051 16127.2
967.207 16109
968.292 16109
971.26 16042.8
973.274 16022.2
973.255 16184.3
973.585 16832.1
973.663 16425.4
973.831 16280.1
973.779 16294
974.007 16275.3
975.652 16161.8
975.041 16241.1
975.03 16284.9
974.151 16300.4
973 16489.9
973.023 16575.4
974.584 16562.4
974.538 16583.3
975.751 16557.5
976.435 16523.9
978.817 16601.6
979.774 16635.9
984.702 16820.6
984.615 16912.3
985.845 16973.1
986.071 16903
987.341 16900.9
986.857 16934.7
987.329 16940.3
988.592 16950.2
988.073 16949.2
990.088 17009.8
990.053 17048
990.322 17100.7
995.572 17087.9
996.232 17104.5
997.601 17145.8
997.579 17155.6
999.037 17089.7
1001.06 16890.1
1001.42 16930.4
1003.05 16903.8
1003.05 16941
1005.17 16900.2
1006.36 16903.3
1006.64 16917.5
1006.79 16930.9
1007.17 16880.1
1007.31 16876
1007.3 16877.9
1005.19 17042.2
1006.39 17019.3
1006.48 17064.2
1006.34 17060.9
1008.35 17138.2
1010.21 17108.9
1011.03 17128.6
1012.9 17125.6
1013.22 17035.1
1013.41 17125.4
1012.85 17181.7
1012.39 17311.5
1012.1 17425.6
1011.46 17499.1
1011.57 17603.8
1011.39 17659
1011.56 17676.1
1011.63 17701.5
1012.24 17759
1012.39 17759.6
1013.89 17861.1
1012.98 18061.8
1012.13 17768.2
1012.09 17786.4
1012.64 17765.8
1012.81 17684.4
1013.06 17700.8
1013.53 17654.4
1013.92 17596.8
1014.01 17555.6
1017.1 17510
1017.09 17501.2
1017.39 17421.7
1017.49 17452.8
1016.86 17510.4
1016.77 17383.7
1016.69 17341.3
1016.17 17306.9
1016.32 17322.1
1016.24 17322.9
1016.41 17290.8
1016 17214.9
1015.31 17251.6
1015.33 17270.4
1015.76 17317.5
1015.73 17351.9
1014.88 17390.9
1014.84 17397.9
1014.89 17424.1
1014.85 17414.2
1017.1 17264.3
1018.18 17277.1
1017.98 17193.1
1019.77 17251.2
1019.59 17264.7
1019.63 17267.6
1019.88 17347.2
1020.43 17393
1020.1 17355.8
1021.3 17362
1021.6 17417.6
1022 17415.7
1022.05 17456.4
1024.19 17474.5
1023.91 17471.1
1023.88 17456.9
1023.6 17448.3
1025.22 17457.9
1025.28 17452.7
1026.48 17587.6
1026.41 17609.4
1026.27 17560.1
1026.27 17503.3
1024.38 17481.9
1024.73 17487.7
1025.8 17445.9
1026 17358.3
1026.42 17368.3
1027.64 17363.5
1028.94 17352.4
1029.17 17311.6
1029.15 17285.8
1030.95 17212.9
1029.92 17197.4
1030.02 17253.9
1030.14 17260.5
1030.2 17278.9
1030.01 17263
1030.17 17251.4
1030.33 17262.2
1030.45 17274.8
1030.38 17320.4
1030.44 17322.3
1032.87 17439.7
1033.13 17488.3
1033.38 17317.7
1031.78 17273
1032.78 17201.1
1033.27 17178.1
1033.76 17149.9
1033.54 17147
1033.9 17061.1
1035.04 17060.8
1035.28 17104.6
1034.78 17095.8
1036.57 17234.5
1037.12 17066.6
1037.37 17155.9
1037.3 17179.1
1036.77 17205.7
1036.74 17248.3
1036.82 17245.9
1036.66 17216.4
1037.44 17230.5
1037.91 17249.2
1037.9 17294.7
1038.27 17326.3
1038.22 17322.8
1035.84 17319.4
1038.12 17188.1
1038.06 17203.2
1038.06 17245.9
1038.88 17195.4
1039.16 17272.6
1039.49 17264.3
1039.46 17131.4
1038.26 17165.7
1039.35 17242.2
1039.24 17364.8
1038.64 17436.7
1037.89 17534.7
1038.8 17604.3
1038.58 17625.1
1038.7 17659.4
1038.8 17711.8
1039.22 17761
1039.17 17787.8
1040.25 17941.2
1040.24 17938.7
1040.4 17976.4
1040.77 18536
1040.66 18389.5
1040.54 18373.5
1040.76 18485.3
1040.62 18552.3
1041.18 18575.5
1042.23 18421.5
1042.12 18344.8
1041.47 18364.7
1040.94 18333.6
1041.97 18323.7
1042.23 18351.5
1042.03 18293.5
1042.05 18308.9
1042 18335.3
1041.35 18415.7
1040.92 18470.1
1040.35 18536.9
1040.75 18583.8
1040.59 18629.8
1040.69 18706
1041.09 18748.5
1042.93 18793.8
1041.53 18750.9
1041.58 18722.8
1041.4 18709.8
1042.34 18727.4
1041.71 18853.6
1041.71 18893.5
1041.28 19003.3
1041.78 19085.1
1041.75 19111.7
1042.56 19125.1
1044.19 19257.6
1044.92 19368.8
1045.16 19418.4
1044.41 19448.7
1044.26 19517.2
1044.44 19521.5
1045.6 19544.3
1046.39 19588.4
1045.78 19509.5
1046.24 19558.4
1046.08 19539.5
1047.4 19633.6
1052.1 19783.1
1052.77 19821.6
1053.23 19715.7
1051.47 19799.4
1050.61 19860.4
1052.74 19866.3
1052.76 20025
1052.42 20083.3
1052.51 20078.4
1053.28 20136.3
1053.36 19922.3
1053.42 19845
1053.42 19849.6
1052.91 19954.6
1052.91 19875.6
1053.5 19895
1053.58 19677.4
1053.43 19596.8
1053.31 19535.6
1053.36 19439.7
1054.16 19388.2
1054.55 19257.4
1054.39 19270.1
1054.96 19297.4
1056.11 19302.3
1056.46 19334.3
1056.46 19353.7
1056.48 19355.4
1059.46 19814.1
1059.23 18989.9
1059.26 18962.8
1059.63 18958.8
1059.74 18982.1
1060.21 18939.5
1060.23 18894.9
1060.46 18869.9
1061.15 18783.5
1061.32 18725.6
1060.27 18606.3
1060.09 18541.9
1060.06 18522.8
1062.15 18586.5
1062.53 18614.6
1064.68 18585.6
1064.68 18562
1064.92 18496
1064.8 18453.9
1065.5 18453.8
1065.46 18477.2
1069.49 18538.7
1069.49 18553.7
1069.56 18481.9
1069.22 18398.8
1069.37 18380.6
1069.66 18393.1
1070.52 18354.4
1070.72 18359.4
1070.91 18327.9
1072.16 18271.6
1073.25 18484.8
1077.43 18652
1077.77 18757.9
1077.86 18865.2
1077.67 18891.1
1078.19 18957.6
1078.21 19107.8
1078.28 19167
1078.28 19196.9
1078.46 19203.4
1078.4 19199.5
1078.43 19218.4
1079.95 19233.6
1079.84 19297.9
1081.71 19347.5
1082.32 19363.3
1082.77 19309
1082.68 19325.1
1082.69 19339.5
1082.48 19293.3
1082.72 19269
1083.42 19250
1082.94 19256.7
1083.41 19213.9
1083.31 19211.1
1083.98 19179.3
1083 19221.2
1083.04 19276.3
1083.06 19288.1
1083.1 19315.4
1085.59 19461.4
1093.74 19556.2
1093.93 19469.7
1094.38 19429.9
1094.47 19380.1
1094.06 19335.6
1094.47 19315.7
1094.49 19321.1
1094.43 19333.8
1094.6 19376
1094.67 19409.9
1095.05 19418.2
1095.55 19412.5
1095.73 19411.8
1095.9 19400
1095.96 19416
1095.72 19440.9
1096.96 19500.2
1099.12 19546.6
1099.65 19474
1099.56 19476.3
1099.18 19508.8
1099.67 19492.3
1100.02 19435
1100.37 19535.3
1100.79 19571.3
1099.57 19547.9
1099.7 19506.8
1100.3 19487.1
1100.43 19474.8
1102.33 19692.7
1102.37 19658.8
1102.28 19635.2
1101.75 19793.8
1102.53 19794.3
1102.35 19790.5
1102.34 19755.1
1102.36 19753.5
1101.13 19930.1
1096.2 20080.1
1097.8 20139.3
1097.29 20104.2
1097.27 20083.1
1096.46 20022.8
1096.37 20005.4
1096.38 20014
1096.4 20006
1096.11 19977
1096.1 19960.6
1096.03 19959.8
1101.48 19932.5
1101.15 19895.3
1101.03 19874.3
1101.07 19882.9
1101.3 19945
1101.37 19939.9
1100.49 20040.2
1100.3 20062.8
1103.58 20099.7
1104.22 19980.6
1104.76 20021.3
1104.57 20049.4
1107.56 20186.1
1107.37 20308.8
1107.38 20382.2
1107.69 20361.8
1106.89 20393.5
1106.59 20400.8
1106.8 20385.1
1106.69 20435.4
1106.91 20416.7
1106.82 20409.7
1117.81 20348.9
1117.93 20348.9
1117.74 20494.3
1118.36 20556.1
1118.34 20616.3
1122.8 20603.6
1122.9 20517.8
1123.82 20624.4
1125.72 20666.7
1125.77 20669.7
1128.45 20663.9
1128.43 20614
1128.36 20598.5
1128.43 20590.4
1128.32 20574.2
1128.36 20579.6
1128.65 20581.6
1128.8 20531.5
1128.88 20503
1129.2 20502
1129 20467.5
1129.14 20443.5
1129.02 20426.8
1129.35 20510
1129.41 20530.7
1132.61 20535.4
1131.97 20566.1
1132 20551
1132.01 20571.7
1131.47 20567
1131.64 20546
1132.86 20544.5
1133.36 20627
1133.5 20664.2
1133.53 20665.5
1132.56 20713
1132.33 20640.8
1133.05 20579.1
1133.03 20643.3
1132.91 20709.9
1133.62 20613
1135.8 20645.9
1135.44 20677.4
1135.27 20710.8
1135.08 20700.4
1134.71 20676.8
1134.06 20795
1134.38 20923.8
1134.93 20861.8
1134.45 20840.9
1134.29 20879.2
1134.38 20901.9
1135.94 20967.2
1136.17 20959.1
1136.19 20962.4
1137.35 21000.8
1137.3 20996.7
1137.24 20983.6
1135.81 21001.1
1135.79 20993
1135.19 20980.6
1136.72 21014.1
1136.6 20989
1136.61 20978
1136.52 20980
1136.55 20959.7
1139.09 21009.3
1139.19 21161.3
1139.06 21097.1
1139.33 21074.2
1139.25 21020.6
1138.65 21353.4
1141.03 21320.2
1141.23 21348.4
1141.27 21341
1141.27 21358.8
1141.22 21361.7
1141.16 21371.5
1141.13 21292.9
1141.21 21350.3
1141.57 21422
1141.37 21340.4
1141.4 21383.4
1141.37 21368.6
1142.72 21392.9
1142.66 21433.4
1142.77 21450.6
1142.56 21462.5
1145.25 21531.8
1145.25 21471.2
1144.94 21459.8
1145.1 21444.5
1145.17 21468.1
1144.9 21488
1145 21530.9
1145.19 21589.3
1145.25 21582.2
1145.15 21561.5
1145.26 21545.2
1145.41 21499.4
1147.11 21490
1147.3 21509
1148.21 21509.2
1148.06 21565.2
1148.31 21606.3
1148.33 21597.7
1147.95 21600
1148.02 21666.4
1148.11 21699.1
1148.1 21702.9
1148.77 21840.7
1148.81 21863.9
1148.42 21657.2
1148.17 21642.9
1148.93 21656.9
1149.93 21593.1
1150.08 21653.2
1149.8 21675
1151.06 21696.3
1151.32 21687.8
1151.32 21697
1151.22 21701.6
1151.92 21656.8
1151.95 21697.9
1151.87 21733.6
1151.85 21750.8
1152.28 21764.9
1151.99 21727.1
1156.06 21743.3
1156.11 21759.5
1156.19 21896.8
1156.11 21863.6
1156.22 21886.4
1156.28 21851.3
1156.44 21965.1
1156.36 21924.6
1156.44 21908.8
1155.67 21886.1
1156.34 21935.2
1156.56 21925.6
1156.72 21946.4
1156.65 21978.4
1159.89 21981.1
1159.85 21967.4
1159.95 21981.2
1159.46 22007.7
1159.53 22033.4
1159.63 22037.7
1159.61 22132.9
1163.91 22204.4
1163.9 22239
1163.79 22248
1163.55 22237.1
1164.12 22233.9
1163.84 22226.3
1162.91 22269.6
1162.93 22269
1162.92 22276.6
1162.93 22293.4
1163.32 22313.4
1163.32 22310.2
1163.41 22294.3
1163.39 22282
1162.94 22265.5
1164.89 22243
1164.9 22231.6
1164.96 22243.7
1164.54 22239.5
1164.53 22251.4
1164.64 22229.9
1164.63 22234.2
1164.59 22217
1164.69 22190.7
1164.38 22195.5
1164.36 22203.4
1164.39 22199.4
1164.43 22194.7
1164.5 22197.8
1164.43 22186.7
1164.4 22163.6
1164.51 22144.2
1164.67 22138.3
1164.73 22145.9
1164.53 22112.6
1164.65 22118.4
1164.68 22119.9
1164.59 22113.4
1164.61 22109.4
1167.84 22132.4
1167.88 22173.3
1167.34 22209.2
1167.64 22267.4
1167.93 22271
1167.93 22272.9
1168.03 22259
1167.97 22264.8
1167.94 22262.6
1166.5 22239
1166.95 22229.2
1167.12 22207.8
1166.72 22235.7
1166.33 22192
1166.33 22212
1166.5 22262.8
1166.56 22255.2
1167.21 22282.2
1167.23 22291.7
1166.87 22336.7
1166.84 22343.9
1165.99 22358.2
1166.61 22329.8
1168.09 22429
1167.96 22468.3
1167.75 22477.7
1166.89 22473.7
1168.29 22484.2
1168.11 22447.3
1167.7 22560.1
1167.88 22613.9
1167.92 22621.1
1167.76 22607.8
1167.9 22608.1
1167.84 22596.3
1168.04 22629.3
1168.12 22630.7
1170.29 22666.8
1170.29 22641.2
1170.14 22626
1170.17 22618.4
1168.13 22624.8
1168.16 22649.5
1168.3 22631
1168 22634
1168.22 22650.2
1167.76 22607.4
1170.26 22611.8
1170.26 22607.2
1170.26 22570.8
1171.25 22563.8
1171.72 22556.1
1171.7 22588.9
1171.7 22590.3
1171.78 22580.9
1172.26 22611.4
1172.58 22598.7
1172.84 22557.7
1172.81 22574.3
1173.14 22566.9
1173.56 22598.7
1173.8 22600.6
1173.78 22602.8
1173.82 22606.5
1173.93 22614.8
1174.06 22619.1
1174.03 22628.3
1173.94 22594.9
1173.89 22558.7
1173.9 22544.2
1173.85 22528.1
1173.49 22522.4
1173.27 22530.4
1173.42 22609.2
1173.5 22682.9
1176.15 22754.8
1176.59 22765.8
1176.52 22766.5
1176.34 22738.7
1176.15 22780.6
1176.08 22814.7
1176.06 22835
1176.47 22882.6
1176.66 22866.5
1176.35 22845.1
1176.61 22884
1176.98 22857.8
1176.81 22892.4
1176.59 22913.9
1176.52 22942.2
1176.87 22979.2
1176.83 22971.6
1179.28 22974.1
1179.27 22951.2
1179.68 22910.2
1179.59 22919.7
1179.48 22911.2
1179.41 22884.6
1178.49 22873.2
1178.52 22864.7
1178.81 22926.4
1178.95 22925
1179.2 22847.1
1179.11 22857.8
1179.19 22843.3
1179.1 22853.4
1179.13 22842.9
1179.16 22852.3
1179.14 22935.1
1179.25 22960.3
1179.5 22916.4
1179.49 22897.4
1179.51 22931.7
1179.55 22994.2
1179.04 22990.6
1179.09 22980.4
1177.61 22983.9
1177.56 23012.8
1177.56 23024.7
1177.63 23029.9
1177.76 23040.8
1177.42 23034.7
1177.59 23048.9
1177.81 23036.4
1177.86 23044.9
1177.72 23052.7
1177.66 23091.3
1177.64 23127.4
1178.19 23153.8
1180.5 23247.6
1180.48 23232.5
1181.04 23242.1
1181.42 23246
1181.48 23250.3
1181.45 23248.1
1181.43 23244.5
1183.1 23247.1
1183.24 23246.6
1183.26 23231.6
1183.82 23243.6
1183.73 23286.5
1183.96 23294.7
1184.01 23287.2
1184.18 23291.7
1183.85 23138.3
1184.51 23069.6
1184.86 23100.5
1186.72 23145.3
1186.88 23193.1
1186.86 23196.1
1186.54 23209.1
1187.44 23251.4
1187.07 23239.3
1187.26 23199
1187.4 23188.7
1189 23162
1189.26 23172.3
1189.28 23160.2
1188.86 23145.8
1188.88 23130.1
1188.87 23120.8
1188.55 23111.9
1188.58 23101.1
1188.67 23097.2
1188.67 23087
1188.78 23081.8
1190.02 23089
1189.94 23081.1
1190 23071.3
1189.98 23061.6
1190.02 23066.5
1189.93 23070.1
1190.19 23054.9
1192.24 23052.6
1192.21 23039.8
1191.98 23052.7
1192.05 23060.6
1191.47 23127.6
1191.48 23123.1
1191.13 23115.3
1191.18 23070.7
1192.12 23035.4
1191.92 23029.1
1188.37 23037.2
1188.54 23064.8
1188.32 23046
1188.76 23016.5
1188.8 23022.7
1188.8 23010.8
1188.34 23019.3
1188.47 23016.6
1188.93 23019.7
1189.14 23004.8
1189.12 23000.6
1190.04 23032.3
1190.13 23020.6
1190.13 23022.5
1190.08 23013.7
1189.82 23005.4
1189.79 23012.6
1189.78 22996.1
1189.77 22990
1189.72 23039.7
1189.71 23028.9
1189.59 23031.8
1189.99 23019.6
1190.03 23009.2
1190.85 23002.6
1191.18 23034.2
1191.28 23046.5
1191.28 23059.8
1191.45 23087.2
1191.46 23093.9
