271.072 845.213
332.227 1228.05
391.341 1828.63
439.026 2297.35
441.238 2135.75
441.604 1964.73
465.079 3021.79
465.909 2515.24
473.168 2607.39
501.209 2489.88
501.725 2415.39
519.364 2523.34
521.319 2616.28
526.656 2737.24
541.288 3288.86
572.441 4172.72
578.408 3814.65
582.964 3792.69
582.204 3664.78
579.531 3684.18
580.972 3458.39
582.014 3821.13
582.031 3661.56
598.343 4213.02
602.006 4190.55
658.492 4835.09
658.116 4699.8
666.25 5602.08
666.391 5537.56
667.306 5504.25
667.687 6790.99
688.636 8217.53
716.989 8184.17
722.857 8190.53
740.708 8692.3
784.057 8978.26
785.094 8875.87
791.807 9379.43
790.568 9053.81
790.219 8993.53
797.488 8730.69
801.36 8743.66
802.277 8658.78
842.72 9767.29
844.497 9446.19
847.676 9485.56
848.352 9461.19
855.586 10137.4
858.527 9848.69
858.526 9662.34
862.493 9906.02
879.963 9277.94
900.68 8984.24
900.942 9003.57
913.154 9327.14
915.108 8921
936.625 8832.89
953.223 9141.86
954.35 8786.16
954.941 8677.58
959.419 8859
961.254 8861.72
955.362 9091.58
953.781 12463.6
970.44 11857.4
977.063 11171.6
977.119 10448.4
977.9 9836.55
977.901 9784.01
979.929 9796.02
993.764 10275.8
994.895 9754.48
996.629 9876.05
997.907 9879.67
997.591 9865.12
998.775 9721.64
999.06 9631.54
998.921 9633.09
999.325 10443.2
1006.08 10288.1
1006.26 10235.4
1006.15 10212.4
1006.38 10300.6
1009.5 10233.3
1010.17 10450.2
1012.97 10406.6
1013.44 10349.1
1013.44 10303.5
1013.9 11230.1
1013.82 11077.7
1014.11 10970.4
1017.14 10996.7
1017.31 10907.9
1015.93 10850
1016.16 10760.4
1018.48 10699.6
1019.78 10625.3
1019.83 10512.6
1021.9 10734.6
1022.77 10625.9
1029.42 10616.6
1033.87 10642.4
1040.58 10448
1041.47 10343.8
1044.09 10288.9
1048.87 10404.7
1050.86 10384.4
1058.07 10389
1069.27 10336.2
1069.42 10284.5
1069.86 10288.5
1070.04 10345.2
1070.81 10337.3
1073.85 10342.1
1072.84 10446.7
1077.74 10480.3
1077.78 10495.7
1077.88 10670.4
1078.26 10392.4
1083.67 10855.9
1082.67 10829.8
1083.05 10836.6
1083.17 10974.5
1083.63 10985
1085.86 11014.9
1086.02 11184.7
1091.95 11105.8
1091.78 11057.8
1091.77 11130.3
1092.81 11121.6
1086.52 11612.3
1089.7 12482.1
1090.86 12460.7
1091.92 12314.1
1091.44 12163.6
1094.74 12129.9
1094.85 12069.7
1091.65 12095.4
1091.9 12029.5
1098.3 12322.1
1098.48 11972.2
1098.51 11776.3
1098.44 11675.4
1100.16 11673.2
1100.92 11872.2
1107.12 12016.8
1107.85 11962.2
1110.04 11969.5
1112.38 12200.7
1110.31 12523.4
1110.84 12391.7
1111.79 12434.2
1111.19 12530.7
1111.84 12889.1
1111.98 13149.4
1111.41 13177
1110.45 12945.6
1110.79 12950.2
1110.28 13004
1108.32 13273.4
1108.26 13213.2
1103.46 13329.6
1103.74 13475
1103.81 13513.8
1103.49 13535.4
1104.16 13538.6
1107.06 13531.8
1109.25 13499.8
1112.73 13918.7
1112.25 14558.4
1114.5 14346
1114.49 14358.8
1113.31 14826.9
1114.21 14822.7
1114.4 15175.7
1115.64 15444
1116.14 15481.1
1119.02 15737.1
1119.21 15551.7
1119.52 15455
1118.96 15416.3
1118.89 15392.6
1117.58 15331.9
1118.99 15269.1
1120.25 15291.2
1120.59 15275.8
1122.3 15284.7
1127.18 15935.8
1127.86 15571.8
1128.36 15436.6
1128.16 15305.8
1128.45 15310.5
1128.51 15266.4
1128.63 15314.4
1128.7 15345.8
1129.43 15359.9
1129.33 15378.9
1129.48 15541.7
1128.92 15888.4
1130.26 16165.6
1131.29 16252.7
1131.87 16250.7
1131.89 16249.8
1131.81 16222.6
1132.57 16294.4
1132.6 16287.5
1133.41 16291.7
1133.49 16161.4
1134.62 16202.8
1134.79 16227
1134.89 16210.9
1135.66 16179.6
1135.85 16147.3
1135.49 16086.2
1135.73 15967.2
1139.45 16106.5
1139.37 16082.8
1141.18 16054.6
1141.66 16055.8
1141.66 16047.2
1142.38 16008.9
1140.52 16187.4
1140.33 16185.5
1140.52 16158.3
1140.35 16242
1140.46 16316
1140.47 16324.8
1144.32 16157.9
1144.48 16015.8
1144.43 16014.4
1144.3 15997.1
1144.97 16041.7
1146.29 16051.7
1146.1 16080.8
1146 16180.9
1146.75 16270.8
1146.95 16239.1
1147.19 16186.5
1147.08 16152.8
1149.6 16329
1149.46 16445.6
1148.65 16453
1148.78 16529.9
1148.33 16582.6
1149.43 16629.3
1150.12 16653.5
1151.19 16632.4
1151.34 16672.4
1154.73 16701.8
1160.4 16763.4
1161.24 16795.4
1167.37 17038.1
1167.37 17296.2
1168.29 17166
1168.32 17141.4
1170.4 17171.8
1170.61 17174.6
1170.88 16993.9
1170.5 16904.3
1170.47 16871.7
1170.56 16858.3
1170.99 16822.4
1171.1 16758.3
1171.32 16734.3
1171.35 16718.6
1173.37 16710.6
1173.66 16729.3
1178.96 16744.6
1179.02 16797.3
1178.77 16748.4
1181.21 16822.9
1181.21 16829
1181.3 16889.7
1184.73 17001.6
1184.65 16989.3
1184.55 17003.1
1184.65 16976.3
1186.72 16952.6
1187.31 16889.1
1187.62 16840.5
1187.65 16802
1193.51 16734.8
1193.43 16617.1
1193.53 16591.9
1193.59 16557.6
1193.74 16556.3
1193.77 16582.8
1193.81 16574.6
1193.74 16564.3
1193.75 16514.8
1193.73 16494.2
1193.44 16469.8
1193.41 16465.3
1192.53 16773.2
1192.84 16914.6
1193.4 16972.1
1195.43 17021.6
1196.13 17061.5
1196.92 17131
1198.26 17164.7
1198.27 17181
1198.21 17216.3
1197.96 17233.9
1198 17209.4
1199.72 17214
1200.14 17101.6
1200.58 17035.5
1200.47 16989.6
1202.56 17040.8
1207.63 17108.3
1207.34 17106.6
1207.03 17111.1
1207.04 17094.1
1207.27 17081.3
1207.28 17433.8
1207.31 17455.5
1207.88 17430.4
1208 17369.3
1207.93 17368.7
1211.82 17372.8
1212.23 17390.9
1213.36 17349.6
1213.67 17284.5
1214.23 17316.7
1213.8 17440.2
1212.01 17992.9
1211.83 18118.4
1212.24 18243
1212.32 18219.5
1212.31 18175.1
1212.17 18145
1212.63 18038.9
1212.65 18082.1
1212.54 18108.6
1212.07 18152.2
1210.91 18187.1
1211.57 18234.5
1211.98 18259.5
1211.97 18398.1
1211.58 18462.6
1211.48 18496.9
1211.21 18534.5
1216.65 18537.3
1217.71 18715.7
1217.77 18710.6
1218.78 18761.8
1218.84 18732.2
1218.61 18761.1
1218.68 18718.2
1218.66 18699.4
1218.66 18694.9
1218.72 18700.3
1220.5 18713.1
1220.81 18676.3
1221.77 18686.6
1222.72 18722.9
1222.7 18792
1223.02 18910.8
1222.9 18968.8
1224.1 19000.5
1224.1 18993.4
1224.5 19014.8
1224.44 18997.3
1232.1 19047.1
1232.3 18964.7
1239.24 18911
1238.91 19003.9
1238.8 19052.7
1239.19 19125
1239.17 19142.7
1248.56 19141.2
1248.56 19135.5
1248.54 19199.4
1250.28 19228.4
1250.78 19227.3
1250.97 19321.2
1251.23 19376.1
1251.32 19544.6
1251.62 19516.2
1251.7 19521.7
1251.24 19476.4
1251.2 19672.4
1251.19 19707.9
1257.31 19704
1257.5 19766.9
1257.2 19792.3
1257.72 19827.4
1257.72 19842.5
1257.65 19819.3
1257.64 19823.1
1257.88 19842.6
1258.22 19844.7
1258.31 19845.5
1258.36 19850.1
1258.68 19874.9
1258.7 19871.8
1258.4 19997.2
1262.39 19977.9
1262.6 19962.8
1263.05 19922.8
1262.25 19950.3
1262.26 19949.6
1262.7 19913
1262.81 19904.3
1262.81 19872.5
1262.44 19928.1
1262.59 19957.7
1264.09 19962.7
1264.09 19935.6
1263.9 19841.9
1263.91 19825.9
1263.78 19816.8
1264.06 19813.7
1265.82 19786.7
1267.73 19845.9
1272.89 19856
1272.84 19801.2
1272.89 19790.6
1272.77 19825.8
1272.47 19865.4
1272.67 19886.6
1271.35 19861
1271.89 19924.8
1271.93 19921.8
1271.84 19915.6
1271.88 19918.6
1271.68 19918.8
1273.11 19891.5
1273.55 19873.1
1273.59 19851.5
1274.58 19913
1274.67 19974.8
1276.16 19998.5
1276.12 19983.8
1276.96 20085.3
1276.95 20060.4
1276.85 20075.1
1277.11 20074
1277.9 20071.9
1277.92 20101.8
1278.17 20109
1280.24 20066.1
1280.15 20078.5
1281.39 20114.4
1281.56 20133.9
1282.84 20118.1
1288.27 20053
1287.23 20066.5
1288.08 20035.8
1287.53 20088.6
1287.63 20105.2
1287.76 20073
1287.61 20098.9
1287.65 20096.5
1288.79 20141.9
1288.83 20118.5
1288.94 20120.6
1295.18 20111.7
1295.4 20135.4
1295.46 20155.9
1295.62 20126
1295.05 20152.8
1295.14 20177
1295.43 20185.1
1295.77 20172.2
1297.63 20183.8
1299.38 20201.5
1299.13 20164.8
1299.82 20178.5
1300.11 20178
1301 20290.1
1301.13 20208.8
1304.17 20216.8
1304.6 20231.7
1304.79 20253
1304.82 20258.9
1305.03 20329.9
1304.26 20355.8
1304.35 20357.1
1304.82 20383.5
1304.81 20384.2
1304.85 20425.9
1305.81 20436.6
1305.81 20425.5
1302.43 20351.7
1302.45 20414.3
1302.83 20416
1302.82 20416.5
1302.45 20463.3
1304.07 20457.8
1304.63 20492.1
1304.67 20501.1
1304.67 20481.9
1304.6 20478.5
1304.27 20470.1
1304.37 20392.4
1304.61 20409.6
1307.59 20463.8
1307.59 20464.9
1308.65 20460.8
1308.76 20489.1
1308.71 20506.3
1308.32 20463.5
1308.35 20447.9
1310.96 20448.1
1310.7 20389.7
1310.71 20340.4
1311.46 20330.1
1311.69 20297.2
1313.82 20201.8
1314.04 20278.3
1313.96 20333.1
1313.97 20308.6
1313.67 20385.1
1313.71 20419.2
1313.85 20462.5
1313.87 20501.1
1312.07 20758.9
1311.85 20763.2
1312.03 20705.3
1312.22 20685.7
1312.01 20647.4
1312.97 20607.4
1312.88 20632.8
1313.12 20732.3
1312.96 20737.9
1312.97 20959.7
1313.02 20926.6
1312.99 20875.5
1312.96 20843.9
1313.81 20821.7
1313.81 20820.8
1313.65 20832.3
1313.88 20846.5
1313.52 20874.9
1313.34 20886.3
1313.04 20854.7
1314.23 20850
1314.5 20784.3
1314.44 20822.6
1314.57 20850.5
1315.25 20842.4
1315.81 20833.3
1315.44 20878.1
1315.45 20891
1313.35 20751
1313.12 20883.4
1313.07 20842.7
1312.77 20853.4
1312.76 20843.3
1312.8 20822.2
1313.34 20827.1
1313.83 20798
1313.78 20743.9
1313.79 20716.6
1314.37 20735.1
1315.07 20779.7
1315.46 20828.2
1315.35 20867.5
1315.34 20865
1315.31 20862.7
1312.05 21079.3
1312.02 21136.2
1311.82 21228.3
1312.01 21257.6
1311.96 21249.7
1312.66 21355.8
1314.1 21415
1314.13 21423.4
1314.25 21407.9
1314.47 21447.9
1314.58 21507.7
1314.6 21509.6
1313.98 21505.5
1315.89 21516.6
1315.89 21521.1
1316.24 21533.5
1316.32 21504.9
1316.31 21501.7
1317.25 21512.5
1317.25 21466.5
1317.23 21465.5
1317.1 21459.3
1317.09 21443.5
1317.09 21420.9
1317.11 21400.2
1317.23 21444.5
1317.6 21468.3
1316.69 21458.1
1316.7 21441.1
1316.18 21539.3
1315.9 21504
1315.92 21478.9
1315.67 21455.4
1315.69 21308.3
1315.38 21371
1315.36 21250.4
1316.9 21262
1316.9 21271.7
1319.4 21363.1
1319.4 21430.4
1319.34 21439
1319.52 21363.5
1319.93 21318.3
1321.29 21286
1321.32 21293.4
1321.3 21278.5
1320.58 21474.5
1320.78 21505.9
1320.79 21526.4
1321.24 21470.7
1321.21 21478.2
1321.15 21494.9
1321.05 21503.8
1321.12 21495.8
1321.29 21472.8
1321.02 21474.6
1321.02 21498
1321.12 21540
1321.3 21522.4
1322.64 21456.9
1322.64 21446.3
1322.98 21440.5
1322.77 21468.4
1322.77 21481.6
1322.74 21480.2
1322.75 21495.8
1322.82 21497.8
1322.78 21486
1322.81 21509.5
1323.11 21515
1323.19 21493
1323.15 21527.8
1323.12 21555.7
1323.77 21586.8
1323.84 21595.5
1323.97 21596.3
1323.59 21575.3
1323.88 21595.6
1323.95 21582.9
1323.92 21554.2
1324.08 21522.6
1324.87 21528.7
1323.71 21499.9
1323.73 21500.9
1323.28 21493.9
1323.64 21485.2
1325.03 21536.2
1325.15 21444.3
1325.08 21467.4
1325.11 21454.6
1324.99 21460.5
1325.08 21484.4
1325.2 21515.7
1325.27 21544.8
1325.13 21609.5
1325.11 21592.8
1327.58 21599.6
1327.02 21765.5
1326.96 21692.5
1328.24 21694.6
1330.43 21745.9
1330.45 21742.8
1330.93 21757.1
1330.94 21729.2
1331.49 21711.7
1331.4 21688.9
1331.93 21666.4
1341.12 21745.3
1341.03 21767.8
1340.64 21741.5
1341.04 21822.3
1341.24 21816.1
1341.42 21806.1
1341.19 21808.9
1341.15 21824.8
1341.36 21829.1
1342.46 21800.7
1342.43 21776
1342.24 21799
1342.19 21786.3
1342.01 21734.5
1343.28 21755
1343.11 21703.1
1343.49 21706
1343.82 21735.2
1344.02 21743.3
1344.08 21729.7
1344.53 21713.5
1346.67 21910.3
1346.67 21876
1346.67 21845.7
1347.12 21856
1347.14 21846.2
1347.46 21832
1347.16 21853
1348.14 21894
1348.02 21847.4
1347.92 21847.8
1347.77 21852
1347.38 21843.9
1347.46 21808.6
1347.41 21813.1
1347.4 21807.2
1347.53 21805.6
1347.8 21738.1
1348.02 21700.1
1348.02 21654.7
1348.06 21675
1348.09 21686.5
1348.37 21709.9
1348.53 21694.7
1348.58 21708
1347.69 21717.6
1347.77 21724.6
1347.79 21717.2
1348.07 21722
1348.89 21696.1
1349.11 21698.9
1349.08 21740.7
1348.92 21740.4
1348.69 21711.1
1348.6 21748
1348.52 21727.4
1348.5 21694.5
1348.74 21643.3
1350.03 21647.6
1350.02 21627.8
1350.08 21621.7
1350.35 21601
1350.25 21624.6
1350.37 21606.3
1351.67 21617.9
1352.13 21619.1
1351.76 21606.8
1351.86 21590.9
1351.91 21583.6
1352 21559.3
1352.13 21556.3
1353.51 21575.3
1352.87 21462.1
1353.07 21456.1
1353.28 21375.4
1353.22 21374.3
1355.26 21390.2
1354.77 21676.8
1354.79 21678.5
1354.29 21601.6
1354 21524.7
1353.92 21485.1
1353.9 21498.8
1353.94 21500.2
1354.14 21495.8
1354.08 21495.6
1353.98 21494.7
1353.66 21482.9
1357.82 21540.8
1357.67 21555.7
1357.8 21535.6
1357.76 21442
1357.59 21397.5
1356.63 21412.4
1356.69 21420.6
1356.78 21416.8
1356.78 21395.9
1356.82 21411.4
1356.85 21421.5
1356.55 21465.7
1356.55 21617.2
1356.8 21631.7
1356.97 21649.6
1356.92 21675.1
1356.91 21677.5
1356.91 21647.7
1356.59 21681.5
1356.49 21705
1355.81 21724.7
1355.79 21742.1
1355.79 21748.2
1356.04 21728.6
1356.04 21743
1356.38 21730.5
1356.42 21727.5
1356.49 21690.7
1356.48 21680.6
1356.03 21674
1356.65 21655.6
1356.45 21654.6
1357.24 21650.3
1356.71 21672
1356.78 21650.2
1355.62 21603.6
1355.79 21600.3
1355.8 21575
1355.79 21583.7
1355.8 21547.9
1356.03 21513.7
1355.97 21502
1356.48 21489
1357.37 21507.8
1357.09 21446.7
1357.09 21424.8
1357.11 21432.4
1357.17 21422.1
1357.37 21422.3
1357.28 21414.8
1357.38 21417.4
1359.43 21449.1
1362.7 21464.6
1362.99 21466.6
1362.93 21444.5
1362.84 21449.2
1362.92 21525
1363 21518.9
1363.08 21550.9
1362.61 21536.4
1362.6 21548.3
1363.04 21582.9
1364.69 21563.6
1365.19 21556.5
1365.19 21544.1
1365.09 21549.6
1365.08 21537.9
1365.49 21528.3
1365.55 21531.6
1365.61 21530
1365.47 21545.7
1365.27 21700.7
1367.65 21709.1
1367.95 21690.8
1367.81 21680.6
1367.74 21676.8
1367.41 21680.2
1367.77 21682.8
1368.87 21677.9
1368.76 21710.3
1368.77 21728.7
1370.81 21751.4
1371.08 21777.6
1372.1 21759.6
1372.63 21729.5
1372.62 21711.3
1372.53 21685.2
1372.44 21679.9
1374.82 21666.2
1374.82 21694.9
1374.97 21697.5
1374.95 21701.8
1375.42 21701.6
1375.63 21674.2
1375.53 21592.6
1375.66 21636.1
1375.66 21714.3
1375.76 21735.8
1375.76 21721.2
1375.9 21722.6
1375.76 21731
1375.57 21712.1
1375.75 21722.2
1375.61 21694.3
1375.63 21700.5
1378.02 21730.9
1379.77 21754.5
1379.75 21737.3
1379.76 21724.3
1380.19 21707.6
1380.19 21712.1
1380.23 21700.7
1380.38 21628.6
1379.9 21620.2
1379.79 21605.7
1379.46 21549.7
1379.25 21535.1
1379.43 21543.1
1380.17 21569.3
1380.25 21535.5
1380.87 21542.8
1380.92 21510.8
1381.51 21535
1381.66 21545.7
1381.92 21539.2
1381.93 21533
1381.95 21528.6
1382.1 21521.9
1381.98 21519.1
1381.68 21491.1
1381.68 21486.2
1381.74 21483.7
1381.76 21490.8
1381.48 21484.1
1381.62 21491.4
1381.63 21488.9
1381.68 21483.6
1381.68 21505.8
1381.67 21515.7
1381.73 21504.8
1381.54 21510.1
1381.55 21456.4
1381.61 21468.2
1382.73 21410.7
1382.69 21448.8
1382.88 21435.1
1382.93 21428.4
1382.62 21448.9
1383.77 21455.1
1384.79 21448.3
1384.86 21444.9
1385 21462.3
1385.01 21476.9
1384.09 21532.6
1383.23 21529.3
1383.22 21540.8
1383.2 21539.4
1383.1 21549.3
1383.04 21542.1
1383.27 21540.8
1382.74 21510.1
1383.57 21555.7
1383.62 21543.1
1384.21 21530.7
1384.66 21566.2
1384.97 21577.7
1384.97 21574.7
1384.98 21552.6
1384.98 21537
1384.98 21531.1
1385.1 21525.5
1385.04 21531.6
1385.15 21529
1385.15 21511.5
1385.01 21500.6
1386.08 21524
1386.13 21514.9
1385.56 21459.1
1385.72 21470.3
1385.79 21484.7
1385.84 21485.5
1385.33 21630.8
1385.66 21649.9
1385.6 21662.4
1385.56 21667.4
1385.09 21698.5
1385.04 21720.6
1385.08 21721.9
1384.91 21727.8
1385.09 21754
1385.06 21748.4
1385.17 21704.8
1384.8 21693.1
1384.74 21705
1384.56 21689.1
1384.61 21693.6
1384.61 21683.6
1384.58 21613.4
1384.61 21609
1385.01 21645
1384.94 21696.4
1384.75 21757.7
1384.99 21814.7
1385.47 21814
1385.47 21806
1385.45 21826.6
1385.1 21860.8
1385.1 21871.2
1385.43 21866.7
1385.43 21890.5
1385.58 21974.7
1386.74 21976.1
1386.91 21864.1
1387.08 21819.5
1386.89 21841.4
1386.87 21874.1
1386.71 21857.4
1386.69 21862.6
1386.67 21852.6
1387.14 21873.3
1387.73 21845
1387.61 21834.3
1387.59 21847.4
1390.33 21840.6
1390.31 21870.3
1390.34 21855.4
1390.4 21839.6
1390.63 21827.9
1390.88 21831.5
1391.22 21823.6
1391.21 21844
1391.34 21844
1391.33 21856.8
1391.3 21850.9
1391.36 21860.1
1391.46 21920.4
1391.49 21925.3
1391.35 21912
1391.32 21941.1
1391.32 21954.6
1391.59 21929.6
1391.57 21939.3
1391.56 21906.3
