47.0424 272.216
51.3481 229.784
224.353 1416.11
231.305 893.495
234.31 905.543
304.25 988.518
357.494 1580.66
360.042 1435.47
385.51 1719.9
500.668 2250.19
482.507 2592.61
519.787 4464.91
520.051 4267.93
595.366 4953.81
636.598 5259.64
659.753 5391.08
746.262 5571.29
747.658 5661.9
767.454 5433.34
771.073 5153.77
778.336 5552.15
779.958 5383.13
786.754 5365.68
825.934 5637.24
830.512 5854.92
830.541 5866.68
875.511 6226.86
879.748 5632.61
881.073 5676.4
882.392 5556.09
896.675 5802.37
915.82 5673.12
935.635 6030.67
966.53 6431.24
981.553 6474.85
981.819 6350.53
979.862 6890.72
1002.8 9135.22
1003.92 8476.39
1005.07 8915.76
1007.01 8317.51
1009.59 8503.75
1010 8866.7
1077.45 8661.19
1087.29 8365.07
1090.25 9022.09
1091.79 9058.31
1091.2 8813.98
1091.68 8902.64
1094.01 9459.34
1128.61 10054.5
1128.06 9631.31
1132.58 11294.8
1149.84 11089
1149.7 10280.3
1147.57 10805.2
1144.48 12807.3
1152.48 15653.3
1155.55 13907.8
1155.16 13604.9
1154.84 13296.3
1155.27 12916.5
1171.61 12466.9
1172 11955.7
1172.66 11484.9
1187.09 10987.3
1186.8 10703.8
1185.46 10349.2
1185.54 10110.6
1187.5 10115.9
1187.52 10042.3
1187.2 10058.6
1191.36 10233
1212.12 9887.79
1219.04 9861.18
1223.05 9740.28
1239.26 9615.46
1243.65 9390.08
1249.05 9902.12
1256.92 9999.16
1257.22 10077.9
1257.87 10020.4
1264.25 10042.9
1262.94 10136.6
1272.32 9959.35
1273.49 9926.29
1273.22 9890.63
1283.13 10371.7
1287.3 10489.4
1291.15 10608.6
1294.6 10435.8
1295.59 10456.7
1295.54 10477.4
1299.55 10453.3
1305.76 10497
1306.76 10390
1307.85 10329.4
1306.57 10202.8
1313.98 10828.6
1317.83 10504.4
1318.39 10550.4
1318.35 10453.6
1317.83 10565.6
1319.55 10714.6
1321.47 10713.5
1323.35 10745.2
1328.9 10815.4
1331.35 10734
1330.97 10647.9
1332.95 10855.1
1336.45 10629.7
1337.09 10596.7
1338.17 10694.8
1338.22 10728.9
1339.41 10772.2
1339.57 11140.8
1342.22 11426.6
1340.91 11749.7
1343.24 11630.8
1344.11 11616.3
1354.88 11535.4
1355.09 11360.1
1356.18 11340.8
1357.06 11244.1
1359.01 11218.1
1359.64 11186.1
1362.53 11108.8
1362.51 11070.8
1362.51 10982.5
1362.86 10962.6
1362.68 10957.1
1366.98 10985.5
1367.29 10942.2
1367.84 10916.4
1369.74 10855.2
1370.93 11721.9
1373.91 11381.2
1373.79 11247.3
1373.93 11204.2
1375.02 11138.6
1375.51 11165.8
1375.6 11104.2
1379.14 11037.8
1381.72 11354.9
1382.04 11391.7
1382.94 11314.1
1382.33 11256
1382.31 11192.4
1382.55 11196.7
1382.36 11227.7
1382.57 11239
1383.72 11223.4
1383.08 11274.2
1383.17 11311.9
1385.23 11328.2
1384.91 11308.3
1384.74 11283.4
1384.31 11221.7
1390.06 11187.3
1391.65 11222.5
1392.15 11159.4
1392.13 11126.1
1390.68 11738.6
1390.61 11873.2
1389.52 11780.4
1393.01 11632.6
1394.51 11544.9
1394.81 11495
1394.96 11452.9
1396.39 11425.3
1400.62 12273.9
1400.67 12082.4
1400.68 11990
1400.32 11986.8
1418.46 12006.1
1416.27 12700.2
1418.19 12639.3
1418.38 12322
1418.58 12413.8
1421.8 13025.7
1422.53 12834.2
1422.77 12749.4
1422.87 12715.3
1437.65 12803.9
1441.26 12659.9
1441.62 12582.4
1443.6 12496.2
1444.11 12509.7
1444.23 12319.2
1444.54 12276.2
1449.24 12195
1468.82 12652.3
1469.03 12759.6
1469.14 12799.8
1469.61 12539.3
1470.81 12604
1470.82 12496.3
1472.05 12605.6
1472.64 12590.8
1472.61 12424.8
1472.82 12539.7
1473.57 12495.7
1473.65 12523.4
1473.84 12509.3
1472.94 12558.4
1473.49 12560.6
1474.14 12513.1
1474.03 12537.6
1475 12581.7
1475.28 12559.7
1475.58 12561.7
1475.79 12550.6
1475.61 12552.5
1475.46 12586.3
1475.47 12572.1
1475.68 12544
1476.02 12499.2
1475.84 12450.6
1479.3 12482.7
1480.3 12490
1481.49 12458.3
1481.13 12480.4
1481.55 12504.6
1481.7 12523.8
1482.51 12560.5
1482.56 12590.3
1482.43 12581
1483.22 12566.8
1483.2 12540.7
1483.23 12524.5
1483.22 12521.4
1483.38 12517.3
1483.76 12424.1
1483.78 12417.9
1483.92 12452.8
1483.88 12470.8
1484.4 12478.8
1483.5 12403.7
1483.56 12402.4
1484.51 12393.8
1484.9 12360.8
1484.85 12366.6
1485 12362.3
1485.12 12363.3
1484.92 12372.9
1484.91 12369.3
1486.66 12280.4
1486.52 12324.5
1486.45 12330.1
1486.36 12296.8
1486.17 12194.6
1486.89 12286.2
1487.11 12247.2
1486.88 12210.4
1487.81 12163.7
1487.79 12178.6
1488.87 12321.3
1489.25 12193
1489.15 12113.2
1488.98 12079.7
1490.06 12060.6
1489.85 12036.7
1489.63 12141.4
1489.67 12143.8
1489.85 12123.8
1490.21 12107.5
1489.86 12104.2
1489.94 12041.4
1490.45 12061.7
1490.44 12066.7
1490.46 12069
1491.29 12066.6
1491.77 12024.8
1491.49 12003.2
1491.82 12017.6
1492.54 12151.1
1492.71 12210.9
1492.63 12241.8
1492.79 12329.2
1495.34 12323.6
1495.85 12513.8
1496.68 12576.6
1496.64 12637.6
1497.2 12664.3
1497.47 12697.5
1497.31 12680
1497.79 12722.5
1497.87 12756.7
1497.88 12757.8
1497.92 12766.4
1498.09 12745.1
1498.77 12820
1497.43 12666.4
1497.5 12708.9
1498.32 12860.9
1498 12877.8
1498.03 12905.6
1499.79 13010.3
1500.7 13025
1500.44 13010.1
1500.45 12961.4
1501.08 12970.2
1501.14 12989.9
1503.26 13009.2
1503.2 12958.8
1505.46 12837.5
1505.48 12847.9
1505.61 12877.2
1505.51 12888.5
1505.9 12907.1
1505.94 12917.1
1506.12 12928
1506.31 12935.8
1506.35 12911.7
1506.39 12897
1506.55 12919.9
1506.29 12902.2
1506.3 12955.5
1506.33 12950.3
1506.17 12943
1506.17 12947.4
1506.23 12966.2
1507.35 12952.9
1507.35 12934.4
1507.07 12879.9
1507.38 12812.7
1507.38 12869.5
1507.32 12908
1507.25 12918.6
1507.22 12899.6
1507.23 12886.7
1508.17 12882.6
1508.17 12911.9
1507.88 12928.4
1507.99 12954.5
1507.96 12997.6
1507.61 12996.8
1507.89 12993.3
1507.64 13027.1
1507.65 13061.3
1507.86 13061.2
1507.73 13055.1
1508.56 13028.3
1508.58 13046.2
1508.56 13029
1508.5 13021.1
1508.82 13021.6
1508.08 13009.3
1508.05 12990.9
1508.9 13007.4
1508.89 12982.8
1508.55 12967
1508.54 12979.6
1508.38 12966.2
1508.38 12964.9
1508.38 12987.6
1508.45 12926.5
1508.32 12917.9
1508.13 12880.7
1508.45 12851.2
1509.61 12898.9
1509.55 12855.1
1509.55 12819.1
1510.36 12776
1510.46 12786.4
1510.58 12811.8
1510.63 12829.1
1511.09 12987.5
1510.43 13043.4
1511.08 13052.4
1510.96 13148.6
1510.77 13129
1511.25 13137.4
1511.22 13118.3
1511.28 13090
1511.28 13086.2
1513.03 13145.5
1513.04 13102.2
1512.9 13345.4
1512.9 13356.8
1512.87 13335
1512.89 13317.3
1513.11 13317.7
1512.98 13268.6
1513.45 13256.1
1513.46 13248.9
1512.41 13467.4
1512.38 13546.1
1512.42 13595.8
1512.36 13577.4
1513.13 13801.2
1513.15 13786.5
1513.9 13773.6
1513.95 13785.8
1513.91 13778.2
1513.81 13776.3
1514.07 13806.1
1513.93 13792.7
1513.62 13753.7
1513.87 13777.6
1513.97 13786
1513.95 13811
1513.89 13823.4
1513.91 13833.7
1514.04 13797.3
1513.97 13764.9
1514.01 13764
1514.06 13777.9
1514.05 13801.6
1514.06 13837.3
1513.87 13860.9
1513.73 13868.6
1513.78 13872.6
1512.94 13857.5
1512.99 13907.3
1513.02 13920.4
1513.01 13927.6
1513.18 13928.2
1513.18 13931.1
1513.21 13934
1513.41 13931
1513.46 13931.6
1513.47 13925.9
1513.75 13925.3
1513.9 13932.7
1513.9 13941.4
1513.85 13882.8
1513.88 13870.3
1513.85 13882.8
1514.13 13899.2
1514.17 13890.9
1514.64 13873.2
1514.66 13877.7
1514.74 13884.7
1514.78 13879.6
1515 13874.2
1515.41 13881
1515.28 13861.1
1515.57 13873.5
1515.76 13872.5
1515.9 13884.4
1515.97 13882.2
1515.99 13897
1515.99 13902
1515.29 13897.6
1515.37 13901.9
1515.25 13877.3
1515.63 13975.5
1515.42 13928.7
1515.53 13900.8
1515.72 13887.1
1515.73 13874.3
1515.99 13866.4
1515.94 13857.3
1515.74 13853.5
1515.8 13840.4
1515.9 13819.8
1516.65 13798.8
1517.17 13807.3
1517.37 13814.1
1517.37 13753.9
1517.29 13712.3
1517.3 13684.8
1517.4 13681.8
1517.44 13678.4
1517.44 13678.2
1517.44 13679.6
1517.48 13682.2
1517.48 13680.5
1518.53 13676.4
1518.53 13584.6
1518.29 13574.4
1518.33 13596.8
1517.99 13554.6
1517.92 13562.6
1517.84 13569.7
1517.52 13466
1517.51 13453.3
1517.69 13452.1
1517.7 13364.3
1517.72 13365.8
1518.1 13354.8
1518.36 13353.3
1518.55 13362.7
1518.51 13360.6
1518.23 13341.5
1518.6 13348.5
1519.19 13423.1
1519.94 13464.6
1519.76 13537.1
1519.94 13617.8
1520.09 13618.7
1520.26 13636.4
1520.39 13723.4
1520.75 13711.8
1520.59 13715.2
1520.89 13683.6
1520.88 13646.9
1520.94 13630.3
1521.57 13656.3
1521.39 13646.9
1521.53 13639.4
1522.06 13609.6
1522.07 13605
1522.07 13588.1
1523.84 13617.5
1523.86 13604.1
1523.51 13534
1523.64 13569.4
1523.43 13924.3
1523.42 13949.5
1525.34 13848.2
1525.55 13828.8
1525.55 13818.2
1525.69 13806.9
1525.62 13818.8
1526.1 13912.3
1526.12 13961.4
1525.78 13892.2
1525.66 14024
1525.66 14046.1
1525.7 14021.9
1525.64 14032.5
1525.6 14024.6
1525.61 14025.8
1525.31 14033.5
1525.41 14025.5
1525.22 13997.9
1525.16 13978.9
1525.27 13977.6
1525.21 13976.6
1525.58 13968.7
1526.11 13999.8
1526.15 13981.3
1526.13 14004.1
1526.23 14000.6
1526.25 14003.9
1526.22 13999.7
1525.84 14043.4
1525.94 14108.6
1525.95 14102.8
1525.96 14106.4
1525.89 14067.1
1525.93 14048.4
1525.86 14060.2
1525.94 14082.4
1526.68 14105.3
1526.75 14120.3
1527.27 14160.1
1527.63 14132.7
1527.67 14100.8
1527.83 14073.2
1527.9 14068.9
1528.69 14041.7
1529.3 13937.1
1529.27 13957
1529.26 13949.2
1529.64 13976.9
1529.65 13980.7
1529.65 13987.2
1529.69 14004.3
1529.78 14003.5
1529.61 13977.1
1530.01 13972.1
1529.89 14000.5
1529.89 13989.4
1529.96 13755.7
1529.74 13727.9
1529.71 13711.6
1529.65 13708.9
1529.67 13709.1
1529.6 13704.2
1529.53 13678.8
1529.53 13651.2
1529.63 13635.9
1529.59 13629
1529.47 13621.8
1529.44 13634.7
1529.55 13631.5
1529.52 13628.6
1529.53 13588.8
1529.85 13574.7
1529.89 13568
1529.98 13558.3
1529.97 13554.4
1529.97 13544.7
1530.29 13546.8
1530.64 13544.3
1530.75 13556.6
1530.8 13559.8
1530.92 13514.2
1530.19 13508.2
1530.3 13510.2
1531.37 13525.2
1531.35 13527.3
1531.13 13549.9
1531.1 13582.3
1531.12 13603.6
1531.2 13625.5
1531.03 13602.5
1531.04 13610.8
1531.11 13615.9
1531 13613.5
1531.11 13605.1
1531.12 13565.7
1531.23 13550.3
1531.17 13564.6
1531.17 13588.6
1531.08 13661.5
1531.12 13614.7
1531.12 13615.7
1531.37 13616.4
1531.36 13609.2
1531.39 13596.5
1532.53 13837
1532.38 13795.6
1533.71 13793.2
1533.67 13783.3
1534.03 13801.2
1534.43 13812.3
1534.54 13870.4
1534.53 13870.2
1534.44 13974.8
1534.42 13963.6
1534.68 13968.4
1534.63 13974.1
1534.73 13979.2
1534.7 14296.6
1534.78 14387.5
1534.7 14447.9
1534.63 14482.2
1534.87 14459.5
1534.87 14446.3
1534.87 14429.8
1534.67 14449.9
1534.78 14461.8
1534.59 14458.3
1534.6 14464.6
1534.63 14463.1
1534.67 14463.4
1534.44 14458.8
1534.38 14465.2
1534.54 14486.5
1534.71 14474.2
1534.59 14470.2
1534.59 14485
1534.79 14516.7
1535.11 14523.2
1535.75 14532.6
1535.54 14538.1
1535.48 14528.8
1535.51 14535.7
1536.03 14567.1
1536.03 14599.1
1536.03 14575.5
1536.08 14557.4
1535.95 14512.2
1536.4 14483
1537.01 14570.5
1537.14 14561
1537.29 14580.3
1537.22 14536.8
1537.21 14526.4
1537.58 14452.3
1537.59 14484.6
1537.63 14414.8
1537.64 14408.4
1537.68 14411.8
1537.66 14410.2
1537.51 14393.4
1537.75 14404.3
1538.27 14423.6
1538.27 14396.9
1537.94 14345.4
1537.79 14342.4
1537.86 14352.2
1537.91 14337.6
1539.1 14600
1539.07 14642.3
1538.9 14530.3
1539.07 14471
1538.91 14408
1538.88 14424.5
1539.11 14446.9
1539.86 14561.8
1539.81 14536.4
1539.82 14524
1539.8 14477.5
1539.81 14460.2
1539.8 14425
1539.82 14399.4
1539.91 14360.4
1540.5 14299
1540.41 14324
1540.2 14335.5
1540.19 14340
1540.19 14318
1540.13 14292
1540.27 14302.1
1540.07 14279.3
1540.35 14314.3
1541.09 14323.4
1541.13 14329.4
1541.14 14337.6
1541.39 14347.8
1541.12 14341.9
1541.12 14327.1
1541.08 14298.5
1541.51 14305.3
1541.3 14313.6
1541.29 14288.5
1541.37 14295.6
1541.57 14304.1
1541.86 14307.7
1541.74 14300
1541.81 14295.3
1541.97 14289.4
1541.57 14277.2
1541.1 14217.1
1541.03 14212.8
1541.18 14216.5
1540.96 14233.1
1540.91 14250
1541.15 14268.7
1541.23 14307.2
1541.3 14328.8
1541.45 14315.4
1541.5 14281.9
1541.64 14262.2
1541.74 14258
1541.83 14261.6
1541.94 14261.5
1541.96 14273.4
1541.96 14277.3
1541.86 14260.5
1541.86 14253.3
1541.7 14307.3
1541.94 14299
1541.77 14261.6
1541.75 14253
1541.65 14256.2
1541.8 14257.4
1541.84 14213.5
1541.85 14171.4
1542.03 14169
1542.02 14176.8
1541.61 14183.2
1541.92 14185.3
1541.91 14178
1542.26 14171.2
1542.58 14255.5
1542.83 14229.6
1543.03 14203.1
1543.05 14209.5
1543.03 14204.3
1542.78 14215.5
1542.77 14237.8
1542.83 14240
1542.56 14228.2
1542.52 14222
1542.46 14213
1542.41 14229.3
1542.36 14244.2
1542.6 14264.9
1542.54 14267.6
1542.44 14267.8
1542.32 14271.7
1542.51 14248.3
1542.51 14241.6
1542.37 14249
1542.59 14204.6
1542.59 14170
1542.65 14171
1542.67 14181.2
1542.82 14185.2
1542.88 14189
1542.53 14219.2
1542.91 14276.6
1543.05 14284.9
1543.02 14272.8
1543.07 14259.5
1543.25 14270.9
1543.2 14279.5
1543.2 14273.8
1543.88 14277
1543.88 14263
1544.02 14295.2
1543.67 14301.8
1543.71 14307.6
1543.73 14329.7
1544.54 14423.9
1544.5 14384.6
1544.32 14345.8
1544.37 14328.4
1544.34 14302
1544.36 14327.1
1544.37 14336.3
1544.39 14357.7
1544.38 14367.5
1544.33 14380.9
1544.33 14385.3
1544.58 14407
1544.39 14444.8
1544.39 14491.5
1544.33 14497.2
1544.16 14473.8
1544.14 14479.8
1544.32 14497.1
1544.37 14518.6
1544.57 14541.9
1544.47 14548.5
1544.37 14493
1545.31 14582.5
1545.35 14573
1545.73 14568.8
1545.97 14576
1546.05 14550.8
1546.11 14544.5
1546.57 14497
1546.57 14495.7
1546.75 14511.9
1546.79 14519.9
1546.72 14527.9
1546.7 14524.1
1546.89 14537.7
1546.67 14515.1
1546.74 14527.5
1546.26 14522.3
1546.07 14532.9
1545.66 14515.3
1545.66 14565.1
1545.65 14564.7
1545.75 14574.9
1545.87 14581.4
1545.74 14575.9
1545.75 14572.4
1546.05 14552.4
1545.97 14554.3
1546.04 14556.8
1546.04 14573.1
1546.1 14582.5
1546.05 14585.5
1545.67 14604.8
1545.65 14615.4
1545.72 14586.5
1545.72 14577.7
1545.67 14616.3
1545.69 14623.5
1545.68 14623.8
1545.65 14619.7
1545.65 14616.6
1545.65 14609.8
1545.67 14604.3
1545.56 14591.4
1545.62 14575.2
1545.66 14589.7
1545.7 14601.1
1545.68 14578.5
1546.05 14590.6
1545.93 14598
1545.57 14524
1545.51 14525.9
1545.58 14525.5
1545.49 14486.7
1545.52 14479.1
1545.55 14458.7
1545.86 14467.6
1546.26 14417.5
1546.22 14416.6
1546.16 14419.3
1546.14 14407.3
1545.99 14393.7
1546.23 14392
1546.08 14362.7
1546.13 14361.3
1546.13 14345.2
1546.13 14339.7
1546.34 14335.7
1546.26 14337.3
1546.29 14356.8
1546.02 14343.1
1546.04 14345.1
1546.02 14335.2
1546.02 14332.1
1546.02 14337.8
1545.92 14324
1546.01 14318.2
1545.7 14302.4
1545.56 14303.2
1545.53 14299.5
1545.36 14285.6
1545.5 14271.8
1545.49 14263
1545.49 14262.5
1545.37 14247.6
1545.59 14208.4
1545.59 14238
1545.65 14232.4
1545.89 14222.9
1545.69 14196.1
1546.22 14186.9
1546.17 14194.5
1547.18 14226.8
1547.16 14237
1547.23 14227.2
1547.21 14219.2
1547.24 14216.8
1547.38 14225.8
1547.46 14230.9
1547.47 14231.9
1547.34 14223.2
1547.36 14221.6
1547.32 14224.1
1547.47 14234.8
1547.34 14237.1
1547.27 14228.7
1547.4 14206.9
1546.93 14171.4
1547.1 14206.3
1546.97 14203.3
1547.45 14191.8
1547.59 14194.3
1547.53 14211.1
1547.51 14180.2
1547.94 14172.1
1548 14181.1
1548.05 14173.1
1548.01 14172.7
1549.02 14199.2
1548.91 14242.5
1548.85 14188.8
1548.84 14175.6
1548.85 14171
1548.99 14164.5
1549.03 14158.3
1549.01 14150.2
1549.04 14149.7
1549.04 14147.2
1549.08 14131.7
1549.15 14121.1
1549.16 14120.6
1549.21 14116.3
1549.32 14112.8
1549.27 14117.1
1549.49 14132.5
1549.5 14139.3
1549.51 14171.9
1549.78 14158.2
1550.59 14205.9
1550.62 14194.1
1550.68 14168.7
1550.7 14160.4
1550.66 14165.3
1550.59 14157
1550.7 14140.3
1550.59 14128.5
1550.59 14168.8
1550.71 14181.8
1550.67 14168.5
1550.71 14164.4
1550.75 14298.1
1550.74 14302.2
1550.77 14294.4
1550.81 14291.5
1550.9 14300.1
1551.11 14324.4
1551.1 14296.5
1551.17 14285.9
1551.18 14295.9
1552.74 14345.1
1552.72 14396.4
1552.7 14404.2
1552.69 14397.1
1552.64 14382.1
1552.63 14368.7
1552.95 14350.8
1552.97 14370.5
1552.95 14372.7
1552.96 14363.3
1552.97 14361.5
1553.01 14354.8
1553.07 14356.1
1553.07 14355.2
1553.07 14361.5
1552.93 14311.3
1552.88 14301.1
1553.07 14298.7
1553.07 14281.8
1552.93 14274.6
1552.95 14288.1
1552.98 14296.2
1552.97 14305.5
1552.92 14304
1552.99 14306.5
1553.08 14269.7
1553 14253.3
1552.97 14239.6
1553.18 14232.6
1553.57 14245.3
