172.446 722.284
173.024 491.666
278.321 1975.51
278.539 1297.42
302.14 1471.6
330.084 2601.5
422.898 2723.33
430.693 2448.61
437.8 2469.33
471.817 3044.68
523.08 3935.66
531.124 4237.17
544.359 4490.96
557.169 4525.57
572.19 4702.91
638.942 5783.45
684.652 5844.49
700.688 5774.43
710.195 6217.35
713.689 5525.33
720.663 5856.37
770.022 6147.84
770.918 5966.74
774.301 5829.01
790.638 5672.25
801.994 6856.99
846.968 6635.2
854.859 6763.82
876.436 7623.81
876.755 7053.63
893.428 7732.45
905.873 7706.98
907.357 7355.86
910.68 7620.97
917.536 7952.15
936.977 7751.12
951.99 7979.89
952.511 7948.7
952.022 7915.64
958.533 9172.55
969.347 9254.07
972.028 8990.64
1008.06 10029.5
1017.74 10608.7
1017.31 10239.6
1022.39 10485
1022.04 10616.8
1023.04 12282.6
1040.82 11743.8
1041.27 11460.7
1049.8 11471.1
1049.63 11328.9
1063.9 11153.9
1069.04 11333.2
1071.8 11347
1074.16 11400.4
1082.66 11425.7
1082.51 11363.5
1082.06 11337.4
1087.06 11767.4
1091.3 11581.8
1091.3 11478.1
1093.97 11774.2
1093.77 11858.8
1104.57 11984.4
1112.74 12926.6
1117.26 12369.4
1117.83 12100.8
1116.57 12013.7
1119.18 12043.9
1123.1 11955.7
1122.6 11878.6
1121.52 12188.3
1135.25 12766.2
1135.56 12253
1135.64 12206.4
1135.09 12183.2
1135.63 12153.9
1140.66 12140.6
1140.57 12492.6
1145.8 12308.9
1146.12 12198.9
1145.2 12669.5
1144.23 12755.5
1142.16 12809.2
1143.22 12851.3
1151.54 12825.1
1165.61 12823.2
1170.6 12896.8
1212.64 13993.7
1211.2 13764
1209.74 14361.7
1209.75 14079.7
1210.57 14171.8
1212.48 14035.3
1215.07 14038.1
1214.76 13942.9
1214.7 13925
1214.56 13843.8
1226.11 13941.1
1235.84 14529.4
1236.41 13889.6
1234.08 13690.2
1234.22 13567.1
1233.69 13584.3
1231.37 13681.9
1230.45 13793.2
1230.68 13796.4
1235.23 13807.5
1236.98 13810.3
1242.63 14538.2
1241.14 14434.1
1241.21 14413.5
1241.23 14375.7
1240.31 14408.8
1240.66 14383.8
1239.66 14583.8
1239.61 14663.3
1240.61 14598.7
1241.1 14515.8
1240.68 14447
1242.88 14340.8
1247.48 14241.4
1250.19 14360.6
1249.96 14234.7
1253.48 14116.2
1253.61 14038.9
1251.58 14275
1250.66 14587
1256.72 14348.7
1258.07 14522.2
1258.16 14644.8
1258.14 14570
1260.97 14556.3
1260.66 14616.2
1261.39 14609.5
1264.05 14452.7
1264.83 14401.3
1268.03 14421.9
1267.51 14470.5
1275.5 14449.6
1279.14 14697.1
1279.73 14622.9
1280.55 14611.5
1288.41 14578.4
1288.23 14412.1
1290.29 14257.2
1296.13 14506.9
1297.55 14459.6
1298.71 14406.2
1301.73 14322.6
1302.13 14185.9
1302.09 14179.7
1302.22 14185.3
1303.04 14195.9
1302.97 14127.3
1306.63 13938.2
1308.4 13914.4
1308.47 13873.7
1308.71 13909
1308.55 14024.2
1308.57 14060.7
1308.67 14125.1
1308.64 14155.3
1308.69 14178.8
1308.71 14223.7
1309.29 14303
1310.53 14269.7
1310.95 14202.5
1310.69 14186.6
1311.1 14195.8
1310.67 14169.7
1310.09 14232.8
1309.51 14369.4
1312.5 14554.6
1313.8 14607.4
1313.8 14622.9
1312.87 14617.7
1313.17 14552.5
1313.06 14512.6
1313.49 14461.2
1313.15 14450.7
1315.9 14481.1
1319.41 14426.5
1319.51 14373.4
1320.33 14382.7
1320.88 14361.1
1320.87 14371
1320.79 14386.5
1321.13 14399.7
1321.28 14396.3
1323.44 14440.3
1323.37 14426.6
1323.54 14427.7
1324.31 14396.1
1324.51 14353.1
1324.86 14330.3
1324.68 14301.5
1324.05 14218.1
1323.57 14207.3
1323.55 14195.6
1323.32 14200.8
1323.52 14165.8
1326.89 14303.9
1326.85 14188.6
1327.07 14236.7
1328.94 14265.6
1329.48 14273.8
1329.92 14243.5
1329.88 14224.2
1330 14236.5
1329.49 14235.5
1330.14 14231.9
1330.5 14234.4
1330.29 14250.5
1330.77 14254.1
1331.43 14247.6
1331.46 14241.9
1331.48 14228.1
1333.63 14252.1
1333.66 14207.4
1333.27 14175.4
1333.52 14199.9
1333.53 14205.4
1334.54 14236.8
1334.67 14236
1334.88 14244.9
1334.7 14226.8
1336.3 14246.2
1336.4 14253.4
1336.38 14211.3
1336.46 14171.6
1336.7 14148.3
1336.87 14139.1
1337.11 14137.7
1337.08 14169
1338.49 14161.3
1338.31 14123.4
1342.17 14141.3
1342.4 14298.8
1342.42 14257.4
1341.57 14249.2
1341.64 14138.5
1341.41 14140.4
1341.45 14120.7
1341.42 14109.4
1341.74 14111.9
1341.93 14120
1342.9 14109.5
1342.88 14176.8
1342.85 14212
1342.37 14236.2
1341.33 14248.7
1342.38 14233.7
1342.89 14208.9
1343.24 14172
1344.24 14220.2
1344.43 14123.8
1344.03 14216.1
1343.93 14184.2
1343.97 14014.9
1344.42 13911.7
1344.18 13865.2
1343.75 13871.6
1343.73 13835.7
1343.73 13845.9
1344.04 13870.5
1344.04 13893.9
1344.02 13908.8
1343.26 13861.8
1343.79 13816.2
1343.66 13925
1343.92 13920.9
1344.12 13928.7
1344.44 13948
1345.06 13974.1
1345.39 14013.1
1345.35 13985.6
1345.71 13994.3
1346.88 13982.2
1346.2 13873.5
1346.53 13839.4
1348.15 13984.1
1347.96 13990.7
1348.04 14003.1
1349.04 14025
1349.92 14029.5
1349.17 14034.2
1349.41 13958.9
1349.4 13903.2
1349.27 13902.8
1348.95 13906.6
1348.79 13852.7
1348.9 13853
1348.89 13806.9
1350.36 13763.8
1352.44 13752.2
1353.15 13734.6
1353.15 13703.1
1353.09 13673.9
1353.45 13665.1
1354.04 13691.3
1354.04 13672.2
1354.35 13678
1356.08 13706.2
1356.09 13718
1356.47 13693
1356.52 13673.8
1356.39 13720.1
1356.51 13740.3
1356.92 13768.1
1356.81 13799.6
1356.68 13757
1357.15 13697.7
1356.72 13696.8
1356.85 13606
1356.77 13589
1357.71 13566.7
1357.81 13553.9
1357.86 13542
1357.75 13537.8
1357.91 13535.3
1357.52 13501.6
1356.27 13507.3
1356.09 13530.4
1356.83 13531.9
1357.33 13509.9
1358.51 13438.3
1358.87 13526.3
1359.2 13521.2
1359.27 13537.7
1359.07 13506.9
1359.45 13478.1
1359.34 13451.2
1359.55 13431.2
1360.52 13447.3
1360.32 13446.2
1360.57 13457.8
1360.71 13473.3
1360.59 13507.5
1361.21 13550.3
1361.86 13473.8
1362.45 13450.1
1362.49 13450.3
1362.07 13400.2
1362.49 13370.2
1362.24 13365.8
1362.39 13376.7
1363.45 13308.9
1363.36 13301.3
1363.75 13313.3
1365.08 13347.2
1365.33 13353.8
1365.27 13362.6
1365.31 13369.9
1365.37 13371.7
1365.15 13373.6
1365.43 13378.3
1365.53 13390
1365.41 13394.2
1365.42 13391.8
1365.47 13390.5
1365.47 13404.5
1365.2 13418
1365.39 13418.4
1365.88 13397.5
1366.03 13399.5
1366.02 13391
1368.97 13463.7
1369.25 13447.4
1369.04 13470.1
1368.77 13453.6
1368.6 13496.7
1368.59 13449.1
1368.65 13409.3
1368.96 13384.7
1369.83 13373.9
1370.06 13379.1
1368.84 13375.6
1368.57 13388.1
1368.48 13406.5
1368.17 13403.3
1368.92 13512.9
1369.96 13585.9
1370.55 13605.3
1370.51 13651.6
1371.1 13687.1
1371.3 13677
1371.22 13659.9
1371.15 14089.2
1371.13 14048.7
1371.14 14006.4
1371.19 13980.6
1371.61 13964.2
1371.31 14023.8
1371.34 14078.6
1371.24 14128.1
1371.15 14159.1
1371.03 14182.2
1372.22 14200.6
1371.55 14188.8
1372.31 14169.2
1372.39 14153
1372.27 14161.3
1372.45 14195.4
1371.7 14157.9
1372.2 14207.1
1373.11 14271.5
1372.5 14264.4
1372.95 14328.8
1372.93 14324.6
1372.78 14319.4
1372.94 14308.2
1372.55 14308.8
1372.85 14342.3
1372.89 14344.2
1373.28 14355.4
1373.25 14352.3
1373.27 14335.2
1373.6 14354.3
1373.64 14339.3
1373.51 14360
1373.52 14362.7
1373.43 14341.7
1373.77 14325.9
1373.54 14299.9
1373.34 14486.1
1373.36 14497
1373.37 14487.9
1373.65 14446.9
1373.67 14399.6
1374.53 14380.8
1374.27 14409.6
1374.5 14423.2
1375.04 14418
1375.03 14421
1375.02 14429.2
1375.19 14194.1
1375.43 14201.6
1375.82 14196.8
1376.49 14341.9
1376.51 14368.3
1377.54 14386.5
1377.05 14398.5
1377.04 14394
1377.14 14387.6
1377.49 14368.6
1377.74 14369.2
1377.81 14353.6
1377.52 14544.6
1377.53 14630
1377.75 14659.2
1377.6 14671.9
1377.29 14674.8
1377.28 14686.3
1377.63 14690.6
1377.83 14688.4
1378.34 14671
1378.36 14625.4
1378.94 14562
1378.8 14542.5
1378.75 14468.5
1378.57 14453.6
1378.12 14439.9
1378.34 14446.3
1378.12 14377.6
1377.98 14312.5
1378.06 14294
1378.12 14287.6
1377.87 14325.5
1377.85 14343.6
1377.96 14344
1378.1 14359.2
1378.23 14346.6
1378.4 14346.7
1377.74 14401.1
1377.85 14385
1377.92 14339.1
1378.51 14309.8
1379.22 14280.8
1378.94 14261.2
1378.95 14213.3
1379.21 14167.6
1379.56 14143.1
1379.64 14114.5
1380.8 14079
1380.9 14053.3
1381.08 14052.3
1381.18 14013
1381.1 13965.5
1381.11 13921.8
1381.04 13930.8
1381.05 13919.1
1381.64 13929.1
1381.66 13943.3
1382.23 13962.7
1382.29 13969.2
1382.12 13985.9
1382.1 13990
1382.29 13985.3
1382.62 13899.9
1382.64 13879.8
1382.92 13828.1
1382.76 13737.1
1383.06 13677
1383.07 13613.1
1384.73 13595.8
1384.92 13608.5
1384.98 13602.2
1385.17 13628.8
1384.85 13646.1
1384.82 13642.4
1384.75 13642.8
1384.79 13641.7
1386.56 13658.3
1386.98 13657.3
1387.85 13620.4
1388.75 13636.7
1388.32 13671
1388.34 13706.6
1388.22 13729.1
1387.83 13755
1387.79 13769
1387.79 13763.3
1387.94 13763.5
1387.95 13781.2
1388.05 13794.7
1388 13788.5
1387.93 13777.5
1387.9 13739.7
1387.88 13718.5
1388.06 13728.4
1388 13719.7
1388.1 13706
1388.07 13713.1
1387.78 13728.1
1387.75 13720
1387.8 13711.6
1387.91 13728.1
1387.9 13738.2
1387.49 13744.6
1387.9 13787.4
1387.86 13796.4
1387.72 13789.6
1387.86 13798.7
1389.32 13826.6
1389.39 13827
1389.74 13849.4
1389.57 13882.4
1389.7 13854.4
1389.69 13857.2
1389.64 13852.6
1389.56 13863.9
1389.5 13889.9
1389.42 13896.7
1389.5 13898.3
1389.47 13928.3
1389.46 13968
1389.42 14002.4
1389.34 14008.4
1389.34 14035.8
1389.74 14047.8
1389.98 14057.6
1390.02 14065.5
1390.03 14064.9
1390 14026.7
1390 14012
1389.77 13962.8
1390.04 13918.2
1389.84 13902.2
1389.96 13917.3
1389.98 13910.6
1389.92 13893.4
1390.69 13878.2
1390.67 13864.7
1391.06 13861.7
1391.4 13854.3
1391.29 13821.3
1391.39 13817.9
1391.11 13811.7
1391.1 13817.7
1391.07 13829.3
1391.01 13837.4
1391.54 13856.3
1391.53 13863.2
1391.59 13875.1
1391.72 13882.5
1391.67 13882.2
1391.45 13896.1
1391.21 13918.9
1390.86 13924.5
1390.76 13927
1390.79 13931.9
1390.76 13871.8
1390.9 13892.4
1390.66 13917.5
1391.16 13907.8
1391.15 13870.2
1391.16 13863.8
1391.15 13866.6
1391.3 13853.5
1391.17 13788.2
1392.72 13788.7
1392.67 13746.1
1392.67 13744.2
1392.72 13774.8
1392.47 13777
1392.63 13806.7
1392.69 13823.4
1392.52 13826.7
1393.23 13863.2
1393.29 13874.5
1393.7 13876.6
1393.85 13882.2
1393.87 13885.9
1394.4 13921
1394.68 13913.2
1394.85 13919
1394.77 13916.1
1394.77 13916.2
1394.42 13900.2
1395.1 13948.7
1394.6 13936.3
1394.99 13922.2
1394.78 13938.1
1394.44 13883.4
1394.37 13853.9
1394.65 13847.8
1395.21 13841.5
1395.81 13859.7
1394.93 13857.3
1394.94 13822.4
1396.08 13851.9
1396.34 13849.9
1396.36 13884.6
1396.37 13906.2
1396.49 13912.1
1396.42 13924.7
1396.73 13941.2
1396.95 13968
1396.93 13988.4
1396.87 14032.9
1396.71 14064.7
1397.08 14052.3
1397.2 14050.7
1397.14 14059.1
1396.85 14050.4
1397.1 14031.7
1397.05 14001.9
1397.04 13986.3
1397.25 13991.1
1397.18 14015.2
1397.46 14028.3
1397.45 14032.7
1397.58 14049
1397.64 14066.6
1398.21 13999.2
1398.49 14002.4
1398.53 14017.7
1398.95 14052.9
1399.13 14068.6
1399.15 14063.9
1399.21 14070.9
1399.3 14069.3
1399.18 14111
1399.12 14120.9
1399.44 14156.7
1398.81 14175
1398.38 14215.7
1398.3 14199
1398.32 14253.7
1398.05 14348.5
1397.89 14361.2
1397.91 14360.2
1397.79 14361.2
1397.79 14367
1397.81 14351.2
1397.59 14270.8
1397.06 14300.1
1396.89 14369.8
1396.83 14351.8
1396.91 14335.2
1396.89 14335.5
1396.85 14335.1
1397.22 14359
1397.8 14385.9
1397.8 14388.4
1397.84 14382
1397.63 14380.6
1398.01 14368.9
1398.37 14386.6
1398.24 14366.1
1398.78 14394.2
1398.75 14415.6
1398.98 14429.8
1399.1 14440.7
1398.91 14452.3
1398.75 14471
1398.97 14482.3
1398.41 14472.6
1398.43 14489.1
1398.43 14509.1
1398.99 14510.7
1398.97 14508.3
1398.88 14503.2
1398.88 14511.7
1399.36 14560.3
1399.68 14550.2
1399.63 14526.1
1399.64 14519.3
1399.77 14513.7
1399.82 14511.9
1399.76 14518.4
1399.98 14527.7
1399.72 14539
1400.22 14565
1400.1 14561.4
1400.07 14559.7
1400.43 14521.7
1400.45 14555.9
1400.81 14563.4
1401.55 14565.3
1401.53 14555.8
1401.67 14491.2
1401.71 14482
1401.6 14484.9
1401.72 14482.9
1401.77 14461.2
1401.72 14394.3
1401.78 14410.7
1401.89 14411
1402 14403.5
1401.92 14414
1401.6 14428
1401.72 14444.9
1401.72 14435.3
1401.73 14449.7
1401.63 14460.4
1401.58 14453.6
1401.64 14459.2
1402 14478.7
1401.22 14510.6
1401.25 14491.5
1401.18 14490.1
1401.24 14498.7
1401.24 14538.3
1402.68 14622.7
1402.66 14570.6
1402.66 14558
1402.68 14554.7
1402.73 14551.7
1402.67 14556.6
1402.67 14569.6
1402.73 14569.1
1403.58 14574.8
1403.59 14573.9
1403.32 14614.4
1403.34 14593.2
1403.32 14575.7
1403.64 14576.3
1403.65 14561.3
1403.87 14552.6
1403.78 14552.3
1403.76 14560.2
1403.87 14553.9
1403.85 14522.2
1403.88 14519.2
1403.85 14513.7
1403.88 14495.7
1404 14486.1
1403.93 14462.6
1403.92 14446.4
1403.88 14440.6
1403.85 14451.8
1403.89 14508.2
1403.74 14566
1403.78 14592.8
1403.78 14598.8
1403.89 14604.2
1405.52 14626.7
1405.41 14577.1
1405.42 14581.6
1405.38 14584.6
1405.36 14598.5
1405.37 14607.6
1405.63 14611.4
1405.83 14583.8
1405.81 14545.1
1405.83 14512.9
1405.73 14480.7
1405.69 14402.7
1405.64 14397.6
1405.85 14373.2
1405.82 14373.6
1405.75 14359.5
1405.7 14365.8
1405.65 14424
1405.78 14467.6
1406.09 14492.4
1406.11 14498.5
1406.09 14495.7
1406.18 14490.4
1406.32 14474.7
1406.07 14458
1406.35 14464.7
1406.4 14441.5
1406.53 14432.3
1406.4 14425.7
1406.39 14406.2
1406.45 14387.1
1406.21 14339.6
1406.01 14356.8
1406.03 14438.5
1405.69 14472.7
1405.69 14459.6
1405.68 14455.6
1405.74 14453.5
1405.63 14443.9
1406.33 14448.1
1406.36 14450.3
1406.2 14445.2
1406.17 14436.4
1406.12 14428
1406.07 14426.8
1406.13 14436.2
1406.12 14421.5
1406.12 14416.8
1406.02 14403.7
1405.95 14396.5
1406.08 14387.8
1405.81 14384.7
1405.82 14383.8
1405.75 14340.7
1405.59 14517
1405.41 14499.8
1405.33 14480.8
1405.19 14465.3
1405.04 14461.5
1405.31 14435.5
1405.34 14358.6
1405.02 14331.7
1405.35 14315.8
1405.3 14291.1
1404.87 14269.1
1404.89 14280.4
1404.74 14280.8
1404.85 14291.9
1404.85 14269.1
1405.09 14277.9
1404.64 14304.1
1404.77 14334
1404.7 14329.4
1405.1 14341.3
1404.94 14335.9
1404.59 14338.7
1405.12 14363.5
1405.13 14356.4
1404.28 14398
1404.37 14421.7
1404.3 14441.2
1404.27 14443.3
1404.35 14442.3
1404.19 14457.2
1404.07 14479.6
1404.18 14421.4
1404.49 14417.7
1404.61 14413.6
1404.49 14417
1404.66 14418.1
1404.98 14432
1404.69 14455.1
1404.65 14492.3
1404.62 14478.4
1405.07 14482.2
1404.77 14487.7
1404.87 14483.2
1404.84 14472.2
1404.95 14533.1
1405.08 14562.7
1404.8 14576.4
1404.85 14592.7
1404.68 14610
1404.66 14606.4
1404.78 14612.8
1404.72 14619.9
1405.04 14692.8
1405.07 14700.2
1405.45 14592.5
1405.44 14569.4
1405.42 14574.2
1405.26 14598.3
1405.25 14626.2
1405.63 14672.1
1405.21 14701.8
1406.06 14732.6
1406.37 14735.6
1406.36 14724.3
1406.13 14727.4
1406.14 14735.8
1406.06 14746.3
1406.14 14767.3
1406.31 14795.3
1406.44 14796.1
1406.58 14775.2
1406.89 14783.9
1407.07 14771.3
1406.79 14774.3
1406.54 14769.1
1406.48 14819.3
1406.75 14832.6
1406.74 14835.3
1406.57 14864.6
1406.9 14947.7
1406.63 14924.8
1406.56 14934.1
1406.58 14930.2
1406.55 14934.3
1406.54 14936.8
1406.51 14937.6
1406.49 14937.3
1406.62 14963.3
1407.22 14988.1
1407.26 15000.3
1408.23 14993.2
1407.8 15041.2
1407.85 15040.2
1407.83 15036.4
1407.61 15038.7
1407.84 15026.3
1407.99 15016.6
1408.02 14991.6
1408.19 14975.8
1408.16 14980.2
1408.45 14989.2
1408.38 14974.8
1408.35 14977.1
1408.49 14986.2
1408.18 15013.2
1408.26 15025.3
1408.25 15043.2
1408.38 15083.1
1408.56 15084
1408.81 15153.4
1408.91 15131.1
1409.04 15146.7
1409.05 15142.6
1408.91 15143.5
1409.1 15140.3
1409.09 15136
1409.07 15095
1408.88 15091.6
1408.96 15075
1409.73 15067.7
1409.67 15056.7
1409.68 15056.4
1409.84 15066.5
1409.8 15060.6
1409.59 15056.8
1409.66 15077.5
1409.66 15091.3
1409.82 15122.7
1409.86 15112.6
1410 15118.5
1409.97 15110
1410.24 15115.8
1410.14 15094.2
1410.75 15107.3
1410.78 15113.3
1410.79 15101.6
1410.8 15106.7
1410.39 15109.4
1410.29 15109.7
1410.3 15107.5
1410.19 15106.6
1409.84 15088
1409.87 15078.1
1410.54 15094.5
1411.38 15095.9
1412.15 15123.6
1413.04 15117.1
1412.73 15096.7
1412.64 15111.9
1412.85 15112.1
1412.87 15124.7
1412.79 15164.4
1412.85 15141.8
1412.94 15114.3
1412.94 15113.3
1412.58 15107.5
1412.52 15087.2
1412.51 15108.2
1412.54 15121
1411.92 15111.3
1411.9 15108.5
1412.14 15094
1412.15 15086
1411.97 15089.4
1412 15099.8
1412.19 15099.6
