116.11 1033.12
164.3 892.371
219.126 1005.83
247.754 1023.31
261.792 1357.71
286.44 1187.05
289.909 1225.83
304.524 1618.45
350.756 2058.3
351.693 1772.9
375.688 1645.6
375.691 1629.87
383.216 3179.39
387.585 2738.62
392.2 2672.37
437.762 3250.98
440.068 2960.83
460.105 3063.75
465.9 3002.23
476.579 3141.6
479.302 3176.83
506.165 3635.69
524.839 3313.25
529.736 3133.11
538.666 2738.43
537.519 2783.71
564.051 3563.18
590.676 3568.67
590.966 3530.35
591.315 3615.86
596.428 3572.57
596.402 3508.38
597.591 3490.93
597.615 3459.44
597.144 3340.15
609.554 3233.94
609.562 3089.55
630.866 3077.86
633.504 3107.66
633.486 3148.31
633.863 3155.38
634.194 3159.4
634.176 3160.05
639.686 3614.54
660.871 4058.66
671.263 4150.37
683.03 3953.93
690.098 3839.97
722.212 4429.24
723.909 4992.49
741.79 5100.61
741.747 5049.74
742.64 4981.09
741.885 5183.06
758.293 5332.82
761.571 5257.02
762.193 5289.51
770.529 8455.17
772.782 8601.76
772.806 7843
773.892 7412.38
773.845 7401.78
778.147 7358.3
779.648 7396.17
782.198 7162.58
783.528 7184.62
782.836 7131.47
803.953 7086.46
811.561 7895.93
809.524 7598.23
815.066 7575.56
815.155 7482.15
813.508 7502.08
813.533 7573.39
806.706 8163.37
814.808 8160.58
815.814 8069.37
816.462 7988.47
817.491 7965.44
817.732 7920.75
817.723 7883.6
823.081 9515.01
822.882 8918.26
826.947 8584.2
825.833 8310.81
827.973 8135.18
826.628 8025.53
829.34 8004.69
829.192 7974.02
831.948 8004.82
836.402 8161.58
836.002 8072.37
835.275 8091.72
835.339 8109.08
840.412 8142.59
840.609 8102.64
840.736 8157.29
842.473 8083.67
846.339 8032.19
846.587 8237.69
851.851 8404.02
855.072 8375.27
855.352 8943.01
855.47 8177.07
855.961 8095.04
855.434 8112.19
855.661 8182.58
855.865 8214.14
860.793 8412.12
864.93 8176.23
868.54 8111.57
868.611 8128.65
866.943 8197.26
869.794 8144.92
876.489 8591.24
890.387 8551.91
890.788 8594.26
891.269 9511.8
893.03 9033.88
894.601 8718.95
890.014 8773.15
897.558 8884.25
898.464 8849.01
899.688 8858.27
909.686 8972.9
913.237 8969.5
911.966 8888.78
901.751 9250.02
903.469 9754.8
903.429 9805.62
909.164 9888.02
908.882 9686.71
906.619 10324.2
907.107 9913.1
909.187 9831.25
913.125 9975.27
913.697 9983.13
912.206 9925.1
913.866 10317.8
914.066 10399.6
909.537 10522
910.851 10510.4
910.46 10346.3
912.35 10287.1
913.118 10242.4
913.768 10224.1
914.054 10668.9
913.825 10724.6
915.284 10766.4
915.315 10780.6
910.956 11111.6
910.572 11122.8
910.84 11236.8
910.488 11352.6
910.944 11610.3
912.257 11430.3
915.631 11409.5
917.396 11401.6
917.793 11400.2
916.834 11534.3
916.652 11171
915.99 11441.1
916.404 11354
917.007 11652.9
917.041 11762.8
917.318 11838.5
917.653 11933.9
917.74 11987.5
918.313 12020.5
919.656 12063.5
920.193 12075.6
917.606 12100.8
914.83 12307.7
914.777 12228.4
919.173 12285.9
919.122 12282.9
921.356 12275
920.51 12278.1
920.513 12293.1
924.033 12314.1
922.499 12308.5
923.088 12410.1
922.913 12442.1
922.747 12572
921.915 12548.4
925.79 12640.2
926.896 12878.6
926.711 12975.2
928.063 13006.9
927.874 13041.6
933.772 13100.8
930.395 13168
931.621 13261
931.702 13334
931.391 13256.9
929.968 13469.1
931.114 13779.9
931.114 13514.2
932.054 13402.5
930.498 13324.4
930.646 13308.6
931.871 13139.3
931.416 12924.6
933.735 12957.4
938.508 12866.3
938.012 12806.3
939.319 12855.1
939.593 12960.2
940.644 12973.4
940.887 12991.7
942.568 13050.6
946.451 13150.9
950.176 13095.4
950.35 13208
950.892 13242.2
950.888 13267.2
951.357 13285.8
955.376 13312.4
953.743 13340.9
953.662 13260.7
953.761 13308.6
956.008 13366.2
958.051 13553.1
959.14 13566.9
960.521 13631.9
959.76 13645.6
960.268 13689.3
961.371 13691.2
961.708 13744.3
965.999 13725.9
967.162 13609.5
967.202 13529.4
967.222 13462
967.935 13541.4
967.994 13486.1
968.153 13445.2
969.805 13432.8
970.056 13395.4
970.575 13508.4
970.591 13516
978.359 13543.4
981.631 13641.9
982.575 13693.4
986.015 13625.5
986.008 13605.3
991.952 13765.8
991.682 13763.3
1009.22 13872
1008.66 13737.7
1009.59 13693.3
1010.07 13699.7
1010.38 13724.2
1011.28 13752.7
1013.86 13810.5
1013.92 13847.2
1014.02 13874.7
1014.89 13794.7
1016.54 13679.9
1016.49 13430.8
1016.75 13368.2
1016.98 13345.2
1026.6 13589
1026.51 13576.2
1026.31 13593.6
1030.52 13554.4
1031.53 13542.1
1031.4 13543.1
1032.62 13548.6
1033.18 13546.2
1033.13 13500.3
1032.8 13604.6
1031.85 13619
1031.97 13630.6
1032.72 13670.5
1032.68 13693.1
1032.63 13705.8
1032.15 13833.9
1033.07 13866
1033.58 13868.7
1037.01 14945.4
1039.18 14902.9
1039.21 14869.9
1039.64 14874.2
1041.13 14652.5
1040.9 14512.6
1040.9 14473.7
1041.43 14500.8
1041.5 14512.1
1044.28 14441.3
1045.51 14507.6
1046.31 14541.6
1046.24 14515.3
1046.4 14552.1
1046.53 14470.4
1046.53 14472.9
1046.5 14479.9
1046.59 14466.4
1045.99 14549.8
1046.16 14597
1046.18 14594.3
1046.22 14604.4
1045.73 14772.3
1047.36 14600.6
1043.68 14688.3
1043.68 14657.3
1043.53 14567.2
1043.88 14551.7
1049.3 14427.4
1049.41 14460.4
1053.88 14431.6
1053.32 14538.5
1050.51 14722.4
1050.14 14749.1
1050.28 14752.4
1050.57 14739.4
1048.67 14735.1
1049.46 14759.5
1049.12 14655.5
1048.85 14615.5
1048.65 14565.7
1048.42 14560.5
1048.76 14563
1049.05 14477.2
1048.85 14456.1
1049.68 14462.4
1049.76 14424
1049.79 14399.4
1049.47 14402.3
1049.62 14394.3
1050.38 14387.2
1050.55 14418.6
1050.57 14408
1050.27 14384.9
1049.97 14336.9
1051.07 14286.2
1050.94 14307.7
1051.17 14343.6
1052.34 14383
1052.47 14350.9
1052.36 14208.5
1053.73 14262.2
1053.74 14367.8
1054.11 14390.7
1054.32 14452.3
1054.98 14466.5
1060.79 14662
1061.1 14602.5
1060.93 14536.3
1061.28 14499.9
1064.99 14565.5
1066.18 14589.6
1065.5 14513.3
1065.55 14513.4
1065.55 14519.4
1065.67 14541.2
1065.97 14567.4
1067.25 14549.8
1067.34 14606.1
1066.99 14658
1066.93 14700
1066.9 14697.9
1067.89 14736.4
1068.47 14750
1068.98 14768.4
1068.84 14839.4
1068.83 14832.7
1068.78 14807.2
1067.1 15011.2
1067.12 15135.5
1067.33 15199.7
1068.19 15260.6
1068.53 15273.5
1068.04 15354.7
1068.32 15398
1066.5 15509.2
1066.74 15537.3
1066 15479
1065.9 15490.5
1065.78 15542
1065.88 15595
1067.52 15527.9
1067.22 15587.1
1067.25 15582.1
1067.32 15589.5
1067.51 15566.6
1067.56 15575.5
1067.47 15558.2
1067.79 15552.1
1067.91 15562.2
1068.29 15580.8
1068.63 15601.2
1068.66 15573.6
1068.15 15590.9
1068.23 15599.4
1068.6 15604.6
1068.91 15571.4
1069.42 15570.8
1069.25 15541.3
1069.83 15362.7
1070.19 15386.7
1070.36 15388.9
1070.61 15378.2
1070.25 15115.6
1070.33 14956.1
1070.96 14871.2
1070.89 14831.1
1070.98 14798.9
1070.81 14798.2
1071.91 15214.7
1072.1 15314.9
1072.12 15317.7
1072.22 15339.7
1072.11 15333.2
1072.23 15309.6
1072.27 15310.8
1072.78 15363.6
1072.64 15387.5
1072.21 15458.6
1072.37 15462.8
1072.26 15421.3
1072.68 15407.9
1073.4 15341.2
1072.9 15331.3
1072.56 15310.7
1072.21 15134.4
1072.43 15015.6
1072.31 14991.7
1074.47 14958.9
1074.59 15104
1075.88 15161.1
1076.11 15147.6
1076.29 15106.7
1076.75 15073.6
1076.76 15043.8
1077 14877.8
1077.2 14924.8
1077.15 14920.4
1077.15 14899.1
1077.7 14952.7
1077.33 14957.1
1079.82 15058.8
1079.88 15151.6
1079.83 15147.6
1079.89 15157.9
1079.79 15194
1079.86 15252.8
1080.09 15259.4
1080.56 15248
1080.52 15261.1
1080.65 15244.2
1081.56 15286.4
1081.85 15287.3
1081.8 15213.9
1081.83 15095.4
1081.53 15001.3
1082.23 14993.9
1081.77 14954.6
1081.57 14916
1082.33 14950.9
1082.41 14951.4
1082.41 14971.6
1082.63 14963.6
1085.94 14910
1086.6 14927.8
1087.26 14934.1
1087.33 14950.9
1087.12 14962.7
1087.71 14952.8
1088.15 14910.2
1088.06 14914.1
1088.53 14910.4
1088.94 14964.1
1088.92 14940.7
1090.54 14931.2
1090.43 14914.8
1090.88 14929.2
1090.43 15037.5
1091.83 15223.3
1091.85 15154.1
1091.84 15128.2
1091.22 15121.9
1091.28 15135.3
1091.92 15181.9
1092.44 15180.8
1091.65 15106.6
1091.92 15143.5
1091.92 15144.7
1092.07 15166.8
1091.98 15194.8
1091.99 15199.6
1092.09 15169.6
1092.3 15152.4
1092.26 15120
1092.2 15087.6
1092.95 15088.8
1093.31 15048.1
1094.73 15074.7
1095.02 15047.3
1095.13 15052.2
1095.13 15048.9
1095.01 15155.2
1095.26 15195.9
1096.08 15236.6
1098.85 15336.9
1098.84 15354.8
1100.72 15416.6
1101.32 15507.4
1101.64 15537.8
1101.72 15538.7
1101.71 15547
1101.9 15572.8
1102.46 15589.3
1102.54 15620.5
1102.66 15646.6
1103.75 15750.1
1104.07 15724
1105.2 15831.9
1105.58 15857.9
1105.53 15818.6
1106.28 15827.4
1106.47 15833.2
1106.57 15845.1
1106.41 15861.5
1106.43 15865.7
1106.5 15954.2
1108.29 16024.5
1108.69 16045.4
1108.63 16064.6
1108.76 16082.1
1108.77 16108.9
1108.76 16104.3
1108.82 16087.7
1110.6 16121.5
1111.03 16130.6
1111.08 16091.2
1111.59 16120.3
1112.72 16143.9
1112.8 16141.3
1114.24 16160.7
1114.05 16201.1
1114.08 16175.8
1114.23 16144.5
1114.32 16113.8
1113.99 16570.2
1114.32 16613.7
1113.6 16676.9
1113.15 16669.1
1113.1 16680
1112.66 16832
1112.41 16783.8
1112.75 16793.1
1112.91 16792.4
1113.08 16782.8
1113.16 16983.8
1114.58 17105.3
1114.53 17163.2
1114.6 17213.1
1114.41 17284.2
1115.11 17302
1113.39 17470.9
1114.5 17520.3
1114.92 17546.6
1115.6 17484.1
1115.7 17487
1115.71 17422.4
1116.04 17351
1116.71 17346.5
1116.7 17333.4
1115.65 17374.9
1116.01 17459.9
1115.47 17460
1118.14 17567.2
1117.99 17502.5
1118.02 17610.5
1118.06 17673.6
1118.05 17659.9
1118.19 17643.7
1118.51 17637.8
1118.77 17602.3
1118.73 17629.6
1118.75 17645.5
1118.86 17631.9
1119.31 17624.4
1118.94 17581
1119.02 17536.2
1119 17505.8
1119.07 17507.2
1118.41 17527.4
1118.41 17496.5
1118.26 17470.3
1118.68 17523.9
1120.62 17564.8
1120.54 17622.5
1120.85 17664.8
1122.45 17741.6
1122.39 17696.7
1122.46 17695.1
1122.16 17721.8
1122.16 17692.8
1122.2 17703.4
1122.11 17709
1122.83 17721.2
1122.82 17706.3
1122.32 17707.4
1122.36 17689.1
1122.49 17707.5
1122.36 17700.7
1122.01 17716.5
1123.36 17734.5
1123.97 17718
1124.73 17726.5
1124.31 17693.4
1124.4 17658.4
1124.2 17612.3
1123.95 17617.2
1123.95 17619.8
1123.81 17480.5
1124.07 17515.9
1124.15 17534.5
1123.41 17562.9
1123.95 17626.9
1124.37 17715.7
1125.93 17820.5
1125.94 17852.3
1125.94 17899
1125.95 17915.6
1125.33 17968.4
1125.34 17991.3
1125.43 18009.7
1125.68 18034.1
1125.59 18045.2
1125.54 18027.7
1125.55 18048.1
1125.98 18065.8
1126.03 18055.9
1127.67 18102.3
1127.7 18138.2
1130.63 18234.3
1132.01 18241.9
1132.01 18226.1
1131.79 18241.4
1132.86 18378.8
1132.86 18433.5
1132.96 18467.2
1133.04 18496.1
1133.01 18507.5
1133.56 18529.7
1133.16 18529.5
1133.4 18485.1
1133.64 18497.8
1133.71 18472.9
1134.68 18464.5
1134.59 18450.4
1134.78 18470.9
1135.05 18495.6
1135.84 18544.6
1136.59 18580.2
1137.86 18637.7
1137.74 18667.6
1138.17 18691.3
1138.62 18708.6
1138.82 18723.5
1138.79 18717.1
1138.81 18807.7
1138.98 18808.2
1139.53 18818.7
1139.42 18811.5
1140.48 18823.1
1140.86 18811.1
1141.3 18805.4
1142.06 18818.8
1142.48 18808.6
1142.68 18801.3
1143.02 18844.2
1143.27 18860.8
1143.24 18872.8
1143.57 18924.7
1143.57 18964.1
1144.11 18990.5
1144.15 19014
1144.79 18997.3
1144.79 18984.1
1145.38 18965.3
1145.29 18914.5
1146.5 18974.8
1146.5 18979.9
1146.92 18982.4
1147.4 18959
1147.46 18946.7
1147.64 18941.7
1147.24 18945.4
1147.71 18956.8
1147.79 18976.2
1147.83 19010.6
1147.86 18979.5
1148.06 19003.3
1148.02 19007.5
1148.51 19009.4
1148.37 19011.4
1148.42 19020.8
1148.9 19066.8
1148.85 19035.4
1149.11 19063.4
1150.81 19085.6
1150.85 19092.5
1151.52 19104.2
1151.4 19106.2
1154.77 19152.6
1154.76 19176.2
1154.76 19165.3
1154.6 19186.8
1154.58 19170
1154.56 19118.2
1154.53 19081.9
1159.52 18995.2
1159.96 19018.1
1161.08 19018.2
1161.99 19029.6
1162.37 19049
1162.58 19065.1
1166.25 19139.4
1166.82 19230.1
1167.59 19272
1171.31 19286.3
1171.73 19178
1171.49 19144.3
1173.1 19071.9
1173.11 19072
1173.04 19075.4
1173.03 19073.8
1173.29 19068.5
1175.12 19123.3
1180.26 18996
1180.16 18899.4
1180.7 18897.2
1180.66 18889.3
1181.18 18921.2
1181.76 18928
1185.2 19001.6
1185.02 19002.9
1185.14 18989.3
1184.89 18976.4
1186.8 18930.8
1186.87 18893.3
1186.87 18893.9
1186.81 18883.6
1186.51 18821.8
1186.12 18777
1186.42 18765.7
1188.01 18772.5
1188.13 18762
1188.44 18761
1189.15 18834.8
1189.23 18841.4
1189.22 18868.2
1189.54 18843.2
1189.96 18790.2
1190.05 18791.8
1189.49 18769.5
1189.59 18776.1
1189.74 18743.5
1189.79 18711.7
1190.14 18713.4
1190.27 18686.3
1190.77 18685.4
1190.86 18726.7
1190.6 18800.8
1192.41 18860.7
1192.37 18860.9
1192.37 18859.5
1191.81 18914.9
1192 18933.8
1200.59 19124.4
1200.6 19142.6
1200.11 19104.4
1200.02 19084.7
1200.38 19078.3
1200.39 19057.9
1200.49 19029.3
1200.65 19010.5
1200.66 19006.7
1200.79 19000.7
1200.65 19087.8
1200.86 19040.3
1200.99 19015.2
1200.95 19016.4
1200.83 19043.4
1200.67 19084.1
1201.42 19119.4
1201.59 19138.2
1201.78 19139.8
1201.3 19149.2
1202.71 19143
1202.68 19127.4
1202.65 19108.8
1203.12 19111
1202.55 19083.4
1202.26 19067.6
1201.48 19056.6
1202.13 19001.2
1202.17 19026.4
1201.97 19048
1201.91 19073.5
1202.36 19087.8
1201.78 19102.3
1201.74 19143
1202.19 19133.3
1202.25 19130.8
1202.48 19112.8
1202.8 19097.1
1202.89 19129.2
1202.89 19128.3
1203.39 19124.4
1203.55 19133.6
1204.04 19181.5
1203.2 19128.4
1203.52 19114.9
1204.84 19147.7
1204.79 19171.5
1204.91 19178.7
1205.49 19245
1206.03 19234.4
1206.52 19255.2
1205.54 19241.8
1205.5 19242.8
1208.9 19334.7
1208.88 19345
1209.23 19361.3
1209.25 19359.3
1208.96 19350.4
1208.72 19321.3
1210.59 19414.7
1210.56 19436
1210.6 19454.6
1210.27 19496.1
1210.2 19485.5
1210.63 19504
1210.33 19510.3
1210.71 19495.7
1210.85 19497.2
1211.15 19506.5
1211.22 19500.6
1211.7 19492.9
1211.75 19485.5
1212.94 19466.5
1214.58 19554.8
1214.56 19572
1214.59 19593.1
1214.56 19597
1214.57 19590.4
1214.36 19583.4
1215.04 19599.9
1215.04 19613.3
1215.17 19606
1214.98 19640.9
1215.68 19645.3
1215.85 19774
1215.9 19779.8
1215.92 19785.2
1216.08 19783.5
1216.07 19794.2
1217.18 19822.6
1217.17 19858.5
1216.99 19887.3
1217 19904.7
1218 19891.4
1217.73 19931.2
1217.47 19939.2
1217.47 19954.9
1217.57 19966.5
1217.3 20009.1
1217.3 19990.7
1217.5 19994.1
1217.56 20008.2
1218.56 20002.4
1218.29 19988.9
1219.21 20006.1
1220.15 20049.2
1220.25 20063.1
1220.37 20084.1
1220.36 20098.9
1220.12 20046.5
1221.05 20085.4
1221.22 20109.4
1221.12 20106.8
1221.15 20124.1
1220.78 20164
1220.74 20202.9
1221.46 20231.1
1221.7 20269.5
1222.33 20266.7
1222.32 20278.8
1222.12 20273.7
1222.66 20281.8
1222.89 20229.7
1222.97 20249
1222.86 20249
1223.45 20264.7
1223.34 20257.5
1223.57 20278.8
1223.59 20284.5
1223.65 20285.8
1224.26 20288.2
1224.17 20267.2
1223.87 20255.2
1225.96 20291.7
1224.69 20316.7
1224.82 20322.2
1224.3 20317.7
1224.37 20334.6
1224.4 20336
1224.44 20321
1224.11 20319.5
1224.08 20317.9
1224.07 20348.8
1224.87 20384.1
1224.88 20395.7
1224.81 20411.1
1224.8 20420.3
1224.93 20295.3
1224.84 20309
1224.84 20306.2
1225.05 20319.3
1225.05 20325.1
1225.59 20335.8
1225.83 20352.1
1225.87 20358.8
1226.83 20388.2
1227.45 20415
1227.9 20421.9
1228 20407.1
1228.16 20408.5
1230.28 20443.9
1230.11 20452.6
1230.47 20452
1230.69 20439.9
1230.67 20411.5
1230.64 20413.6
1230.55 20414.2
1231.67 20557.3
1231.58 20586.6
1233.06 20627.1
1233.07 20622.2
1232.98 20627
1233.32 20611.7
1233.77 20739.2
1233.76 20774.3
1233.58 20785.4
1234.02 20786.4
1233.96 20775.5
1233.95 20794.3
1233.8 20807.1
1233.08 20849.8
1232.95 20821.5
1233.69 20820.2
1234.11 20840.8
1233.78 20826.7
1233.79 20824.2
1233.78 20818.4
1233.76 20821.4
1233.78 20813.2
1234.9 20807.2
1234.92 20793.2
1235.84 20749.9
1235.3 20757.6
1234.99 20724.2
1235.1 20722
1235.12 20705.6
1235.43 20571.1
1235.41 20541.5
1235.14 20531.7
1235.14 20477.1
1234.76 20461.7
1234.78 20471.7
1234.77 20461.7
1234.88 20458.2
1235.05 20457.8
1234.77 20489.7
1234.99 20500.4
1234.97 20503.7
1234.89 20498.9
1234.91 20472.4
1235.76 20517.6
1236.34 20533.3
1236.33 20539.1
1236.74 20549.3
1236.74 20556.8
1236.64 20551
1235.9 20568.3
1235.75 20557.6
1235.5 20549.5
1235.53 20505.5
1235.44 20509.6
1236.68 20554
1236.93 20579.7
1236.94 20568.3
1236.98 20537.3
1237.3 20520.4
1237.7 20508.6
