395.588 1305.88
407.974 2080.44
476.536 2666.3
511.547 2876.67
517.111 2543.7
534.82 2461.32
534.829 2264.7
563.425 3276.76
578.119 3393.49
572.581 3722.55
574.727 4088.88
607.323 3731.14
607.754 3559.14
607.212 3457.15
615.81 3394.86
616.528 3359.69
650.629 4108.57
675.938 4772.15
681.587 4432.62
697.541 5639.61
706.429 4964.84
723.807 4907.91
733.675 4770.93
741.432 4654.79
749.368 4592.64
784.095 4685.73
795.184 5085.96
795.014 4953.32
796.25 4924.02
800.083 6340.64
805.397 6652.56
818.645 6525.46
826.078 6176.1
838.762 6949.54
862.412 8501.03
863.794 7779.56
867.989 7477.08
878.309 7203.88
878.515 7116.16
887.457 6797.61
884.146 7034.2
901.274 7590.99
922.913 7742.94
923.778 8242.85
927.692 9085.56
949.733 8648.15
961.889 8612.19
961.636 8511.58
962.936 8499.66
984.499 9243.35
985.277 9019.11
989.752 8821.21
1001.99 9228.96
1017.53 9177.75
1016.16 9079.33
1016.33 9168.01
1017.37 9091.06
1026.1 8917.9
1030.16 8951.42
1037.73 8874.35
1038.44 8858.74
1052.56 8651.18
1052.46 8691.63
1053.07 8690.11
1055.93 8637.36
1056.67 8553.05
1057.12 8548
1060.97 8568.13
1061.31 8560.99
1057.75 9592.57
1065.57 9474.9
1076.5 9426.34
1076.5 9009.17
1080.72 8776.03
1082.04 8964.49
1083.7 9180.96
1084.52 9014.73
1086.94 8968.02
1090.64 8874.65
1090.74 8887.09
1086.38 9027.22
1084.6 9165.28
1085.19 9183.78
1114.04 9447.55
1112.57 9718.62
1111.99 9617.3
1114.77 9659.43
1120.68 9771.48
1121.7 9984.12
1133.79 10533.9
1139.23 10534.8
1140.64 10387.1
1148.91 10382.8
1148.99 10203
1149.75 10549.6
1151.68 10898.4
1153.73 10962.5
1153.88 10966.9
1153.14 11067.3
1153.06 11066.4
1153 11037.6
1148.48 11201.7
1150.78 11608.6
1154 11577.3
1152.44 11433.9
1152.5 11641.7
1155.04 11656.4
1164.22 11844.6
1166.34 11864.8
1169.26 11841
1169.67 11799.3
1173.38 11792.4
1176.76 11718.6
1176.75 11794
1177.4 11823.5
1182.36 12110.8
1183.9 12068
1185.09 11914.6
1190.37 12047.3
1190.25 12039.7
1190.83 12003.2
1191.16 12419.5
1190.79 12250.9
1192.25 11812.1
1198.85 11964.9
1198.74 12469.1
1200.1 12257.1
1204.73 12208.6
1205.97 12194.1
1206.15 12460.3
1206.29 12401.8
1206.64 12396
1208.55 12406.9
1211.64 12408.7
1210.3 12557.1
1209.95 12605.3
1210.38 12728.4
1210.56 12805.6
1212.14 12827.8
1212.17 12846
1221.24 12846.8
1221.21 12901.4
1221.43 13011.2
1223.41 12979.8
1226.41 12901.3
1226.16 12771.2
1228.06 12749.4
1228.66 12858.4
1227.42 12790.3
1227.52 12983.7
1227.57 13137.2
1228.32 13240.5
1230.38 13230
1230.58 13229.9
1232.24 13150.1
1232.35 13091.1
1237 13028.5
1236.54 12910.1
1234.86 13336
1234.63 13409.7
1231.43 14392
1231.66 14043
1231.33 14011.9
1230.35 14114
1229.86 14573.8
1229.23 14696.9
1231.38 14904.6
1232.83 14950
1232.56 15009.6
1232.4 14868.4
1232.5 14823.3
1232.27 14845.9
1234.12 15084.4
1235.09 15090.4
1234.62 15027
1235.51 14893.2
1235.71 14899.5
1235.75 14899.3
1238.45 15133.6
1238.84 15002.2
1238.69 15060.7
1244.39 15401.3
1244.39 15816.3
1244.82 15906.4
1246.75 16000.2
1246.34 16070.6
1248.75 16056.8
1249.34 16075.3
1253.22 16020.5
1253.02 16197.8
1252.9 16171.7
1252.88 16150.4
1252.3 16189.6
1252.27 16180.5
1250.66 16203.7
1250.92 16236.5
1250.18 16210.8
1250.69 16181.7
1250.19 16083.9
1250.3 16025.1
1252.94 15995.1
1253.74 15983.3
1253.73 16001.9
1252.87 16048.8
1252.95 16412.2
1251.99 16264.8
1254.07 16285.6
1254.14 16561
1255.71 16593.2
1256.24 16589.3
1257.28 16619.4
1259.36 16614.3
1259.39 16575.6
1258.85 16571.5
1259.28 16532.2
1259.85 16514.1
1261.71 16460.5
1262.24 16421.5
1264.21 16474.9
1268.25 16475.1
1267.73 16619.6
1273.02 16742.5
1273.83 16831.7
1275.33 16869.7
1275.85 16808.8
1279.43 16863.8
1280.44 16905.4
1282.49 16858.2
1282.95 16872.5
1283.84 16880
1284.34 16852.6
1284.13 16700.4
1284.39 16676.3
1284.24 16671.3
1290.31 17356.8
1291.2 16972
1295.41 16956.9
1296.73 16987.9
1300.52 16963.5
1301.26 17078.8
1302.24 17085.9
1303.07 17080.5
1303.26 17047.9
1307.02 17605.7
1307 17575.4
1307.07 17478.9
1305.02 17487.8
1304.44 17753.7
1305.8 17654.8
1306.62 17636
1306.91 17635.3
1306.77 17610
1305.83 17676.6
1315.12 17426.3
1315.7 17614.1
1316.72 17704.7
1319.56 17712.3
1320.08 17678
1319.9 17645.8
1319.99 17619.7
1323.31 17561.1
1321.23 17648.8
1321.14 17512.6
1321.17 17552.4
1323.84 17370.6
1324.93 17435.5
1326.51 17495.9
1326.6 17657.3
1326.76 17635.2
1326.98 17675.9
1328.48 17830.1
1328.82 17767.4
1327.22 17911.7
1329.21 17759.9
1329.63 17733.3
1329.35 18011.3
1328.82 18213.8
1328.53 18368.8
1328.82 18344.4
1329.54 18281.8
1330.21 18236.5
1330.14 18241.1
1330.08 18293.4
1330.13 18122.3
1330.43 18095.4
1330.51 18058.4
1329.53 18082.2
1329.62 18027.9
1330.71 17989.2
1331.93 18017.2
1331.91 18059.8
1333.79 17999.5
1335.54 18002
1335.61 17974.6
1335.7 18034.7
1335.97 18021.4
1336.2 18039.8
1335.9 18042.2
1336.34 18041.9
1336.45 18006.3
1336.5 17980.1
1336.76 17996.5
1337.38 18051.3
1337.09 18032.8
1339.56 17942.7
1339.28 17922.5
1339.61 17896.5
1339.23 17871
1338.88 17846.5
1339.05 17830.4
1339.81 17810.8
1342.3 17829.4
1342.91 17814.8
1342.35 17770.7
1342.38 17809.5
1342.53 17868.9
1343.05 17853.8
1343.02 17878.2
1342.96 17881.9
1343.03 17893.1
1342.83 17854.3
1342.83 17869.5
1342.91 17878.5
1343.69 17860.6
1345.39 17878.6
1346.16 17914.6
1346.05 17824.6
1346.3 17828.1
1346.29 17768.9
1346.15 17754.3
1346.77 17769.5
1348.09 17649.9
1347.47 17648.8
1348.28 17676.7
1348.42 17689.7
1348.7 17667.7
1349.42 17639.1
1350.25 17652.4
1350.51 17682.3
1350.11 17737.1
1350.16 18158
1350.43 18202.8
1351.3 18088.2
1351.82 18098.2
1352.12 18130.2
1353.48 18102.7
1353.52 18106.4
1354.08 18142.7
1356.1 18149.8
1356.06 18433.5
1357.96 18459
1357.92 18400.1
1355.85 18483.5
1355.55 18519.6
1354.79 18546.3
1355.11 18531.6
1352.93 18443.1
1352.18 18450
1353.07 18535.2
1352.56 18481.9
1352.67 18447.2
1352.84 18499.3
1352.9 18545.4
1352.89 18592.9
1352.25 18462.3
1353.08 18524.9
1352.68 18624.5
1352.16 18648.5
1352.02 18659.9
1352.03 18649.3
1352.21 18688
1352.19 18729.1
1351.7 18808
1351.18 18848.2
1353.65 18825.4
1353.55 18843.8
1353.54 18806.1
1353.93 18822.1
1354.87 18679.5
1354.77 18662.5
1353.56 18630.5
1353.22 18751.8
1354.35 18779.3
1354.5 18772.5
1354.24 18769.9
1354.69 18788.3
1354.87 18785.4
1355.09 18700.8
1355.23 18737.8
1355.59 18725.5
1355.68 18718
1357.36 18746.5
1358.79 18509.9
1359.77 18527.8
1359.87 18563.4
1360.04 18590.6
1360.33 18611.5
1359.7 18604.4
1359.72 18979.3
1359.72 18961.4
1359.25 18947.1
1360.25 19012.8
1360.18 19160.2
1360.85 19115.5
1361.46 19092.3
1361.32 19071.1
1362.82 19268.8
1364.82 19305.8
1366.56 19404.6
1366.85 19502.1
1367.48 19498.3
1371.95 19597.5
1371.88 19645.5
1373.6 19731
1375.77 19751.7
1376.1 19770
1376.86 19711.6
1377.97 19761.4
1381.61 19982.3
1382.24 20130.3
1383.28 20033.3
1383.32 20101.5
1383.34 20073.4
1383.97 20070.8
1384.45 20130
1384.46 20158.3
1384.93 20126.9
1384.54 20154.8
1384.69 20126.1
1384.7 20117.5
1387.37 20146.5
1388.11 20168.7
1388.12 20184.9
1388.12 20175.5
1388.14 20128
1388.77 20108.8
1388.86 20071.2
1389.13 20048.5
1389.54 20075.6
1390.23 20075.5
1390.58 20194.5
1395.24 20237.4
1395.01 20262.7
1394.89 20289.7
1394.88 20266
1395.54 20289.9
1396.63 20303.6
1396.19 20253.8
1396.26 20276.2
1395.91 20238
1395.93 20214.9
1395.86 20210.6
1395.78 20188.9
1395.78 20226.3
1395.99 20242.2
1395.94 20255.1
1395.91 20248.2
1399.14 20235.5
1399.3 20256.9
1401.74 20178.4
1402.49 20255.4
1402.74 20284.5
1405.41 20329.8
1405.35 20388.4
1405.55 20351.3
1405.37 20363.1
1405.9 20369.5
1406.79 20409.6
1406.45 20449.4
1406.87 20442.3
1406.57 20445.1
1408.7 20480
1409.17 20544
1411.9 20431
1411.64 20509
1411.62 20540.6
1412.56 20593.9
1413.17 20586.4
1415.59 20598.3
1415.4 20522.9
1414.87 20486.5
1414.47 20734.7
1414.59 20710.3
1414.71 20720.7
1414.74 20757.3
1417.35 20834.7
1417.33 20846.4
1417.15 20855.2
1416.96 20838
1417.14 20832.4
1417.14 20786
1417.3 20775
1417.99 20801.6
1418.05 20790.4
1418.5 20851.9
1419.25 20872.8
1419.95 20900.4
1419.49 20929.5
1419.56 20888.1
1420.03 20875.4
1421.05 20885.4
1421.25 20960.1
1421.68 20997.6
1421.99 20999.4
1421.73 20969.4
1421.78 20980.4
1421.87 20958.7
1421.99 20957.9
1422.3 20976.5
1422.67 20993.2
1422.72 21015.3
1424.81 21036.7
1424.7 21081.6
1426.09 21068.3
1426.13 21083
1426.19 21073.4
1426.04 21070.3
1426.17 21088.5
1426.12 21089.2
1426.08 21069.7
1426.06 21051.4
1426.04 21040.7
1425.89 21057.8
1426.71 21053.2
1427.06 21064.4
1427.94 21013.7
1429.11 21098.2
1430.08 21155.8
1430.16 21159.4
1430.47 21161
1430.3 21164.3
1430.28 21155.2
1430.35 21160.9
1430.4 21151.7
1430.36 21151.3
1430.12 21145.8
1430.32 21147
1430.75 21164.4
1431.59 21126.3
1431.99 21169.5
1431.97 21156.1
1432.63 21183.6
1432.63 21189.5
1432.63 21185.7
1432.61 21182.3
1432.83 21184.6
1432.8 21229.4
1432.64 21263.9
1432.54 21317.4
1432.52 21357
1432.51 21322.5
1432.67 21365.5
1432.98 21382.7
1433.87 21422.6
1433.95 21126
1433.52 21155.2
1433.61 21189.3
1433.61 21145.4
1433.5 21330.7
1433.9 21329.3
1433.95 21394.1
1434.06 21428.4
1434.36 21435.7
1434.66 21465.1
1434.51 21498
1434.48 21542.9
1434.96 21546.9
1434.99 21567.6
1435.24 21472.6
1435.12 21403.4
1435.95 21436.1
1435.92 21455.3
1436.61 21454.3
1436.65 21458.3
1436.61 21456.3
1436.45 21452.6
1443.05 21603.4
1442.96 21819.2
1444.16 21656.3
1444.82 21633.6
1444.83 21703.5
1445.05 21720.6
1445.39 21484
1445.61 21582.8
1447.2 21503.1
1447.54 21573.4
1447.09 21590.6
1453.86 21535.7
1453.59 21714.4
1453.5 21716.9
1453.63 21666.4
1452.65 21608.6
1452.61 21618
1452.61 21625.7
1453.25 21649.3
1453.31 21692.5
1452.84 21740.7
1452.84 21739.3
1453.73 21724.3
1460.58 21688
1460.34 21785.1
1470.49 21847
1473.32 22011.7
1473.26 22079.6
1473.23 22077
1473.36 22098.4
1473.35 22108.3
1476.89 22108.8
1476.77 22131.5
1476.72 22137.9
1476.49 22140.8
1476.42 22156
1476.93 22112.2
1476.94 22123.9
1478.46 22025
1480.66 22025.9
1480.24 22145.7
1480.29 22183.3
1481.04 22182.3
1480.87 22193.5
1481.1 22217.5
1481.08 22190.1
1482.37 22182.8
1483.67 22178.4
1483.54 22182.4
1483.69 22183.3
1483.88 22187.8
1483.72 22180
1484.25 22115.4
1485.61 22120.1
1485.88 22135.4
1485.8 22139.1
1486.45 22164.3
1486.84 22188.6
1487.22 22175.7
1487.2 22168.8
1487.09 22189
1487.09 22161.7
1487.25 22132.6
1487.61 22295
1487.63 22346.4
1487.67 22336.6
1487.49 22312.7
1487.52 22287.6
1487.82 22246.4
1489.02 22179
1490.07 22140.8
1490 22078.6
1490.6 22053.6
1490.3 22045.8
1491.16 22038.1
1491.42 22015.9
1491.59 21989.1
1496.61 22058.9
1496.52 22018.8
1496.54 22013.3
1496.81 21992.6
1497.05 21977
1497.09 21983.3
1497.1 21982.1
1498.25 21972.1
1498.33 21968
1499.86 21994.7
1500.92 21976.4
1500.88 21973
1500.77 21971.1
1500.62 21988.2
1499.69 22005.7
1499.7 22037.3
1499.5 22084.6
1499.81 22121.5
1499.75 22147.4
1499.67 22153.2
1501.98 22141.2
1503 22173.7
1503.04 22200.7
1502.95 22268.2
1503.48 22239.7
1503.05 22310.1
1503.36 22344.3
1503.71 22346.3
1504.52 22341.4
1505.38 22334.7
1505.4 22354.2
1505.48 22353.5
1506.12 22345.2
1507.19 22339
1507.16 22370.6
1507.67 22385.9
1507.59 22366.3
1507.62 22344.4
1507.98 22368.1
1507.86 22388.2
1507.9 22420.6
1507.91 22437.8
1508.08 22448.6
1508.15 22463.2
1508.11 22476
1508.05 22481.2
1507.97 22455.1
1507.71 22445.7
1507.63 22454.4
1507.7 22472.5
1507.58 22475.7
1507.31 22466.6
1507.35 22474.5
1507.29 22475.3
1507.37 22459.4
1507.34 22449.7
1507.56 22436.4
1507.56 22443.8
1508 22445.8
1508.21 22499
1508.27 22539.9
1508.44 22547.3
1509.42 22521.7
1509.44 22542.1
1509.33 22541.2
1509.39 22519
1509.62 22554
1509.67 22556.1
1510.37 22528.5
1510.56 22530.9
1510.56 22560.8
1511.14 22558.8
1511.56 22527.1
1511.75 22530.7
1515.72 22607.9
1515.69 22592.8
1515.73 22549
1515.77 22575.5
1515.01 22612.3
1514.99 22612.5
1514.28 22721.2
1514.63 22773
1515.38 22808.6
1515.69 22786.4
1515.6 22712.7
1515.82 22751.5
1516.25 22775.1
1516.16 22777.1
1515.87 22784.8
1515.58 22794.1
1515.25 22829.4
1513.05 22863.3
1513.89 22845.8
1514.43 22838.6
1513.95 22857.8
1513.88 22852.6
1513.88 22813.8
1514 22797.7
1513.9 22800
1514.23 22769.6
1514.34 22781.5
1514.57 22764
1514.45 22756.8
1514.58 22781
1514.76 22742.8
1515.26 22720.1
1515.11 22737.4
1514.58 22690.6
1515.35 22711.7
1515.62 22645.2
1515.65 22622.3
1515.69 22599.4
1516.19 22578.3
1516.15 22582.6
1516.46 22604.3
1516.62 22550.3
1517.32 22554.5
1517.34 22548.8
1517.4 22549.4
1517.93 22516
1519.1 22538.3
1518.59 22546.1
1519.01 22545.2
1518.66 22536.4
1518.93 22497.5
1519.05 22482.3
1519.05 22488.6
1519.06 22493
1520.56 22466.4
1520.36 22553.1
1520.6 22571.9
1521.26 22572.9
1522.58 22653.6
1524.34 22579.6
1524.07 22636.4
1524.05 22627.5
1524.05 22651.6
1523.52 22643.8
1523.52 22614.7
1523.46 22441.5
1523.45 22416.2
1523.17 22431.7
1522.91 22478.8
1523.14 22510.8
1523.1 22525.2
1523.42 22553.8
1523.63 22551
1524.16 22511.6
1524.03 22564.7
1524.12 22562.6
1524.26 22580.9
1524.34 22605.6
1524.26 22633.2
1524.31 22629.5
1524.9 22669.9
1524.2 22764.7
1524.43 22780.1
1524.45 22769.8
1524.99 22867
1524.99 22874.5
1525.13 22890.9
1525.09 22892.2
1525.35 22901.5
1525.3 22904
1525.55 22883.7
1525.18 22935
1525.17 22921.1
1525.17 22888.5
1525.25 22871
1525.11 22863.9
1525.12 22855.7
1525.24 22863.9
1525.27 22853.9
1525.11 22855.2
1525.15 22856
1525.31 22827.4
1525.2 22851.7
1525.17 22861.2
1525.13 22841
1525.13 22836.5
1525.15 22840.9
1525.17 22829.5
1525.54 22822.5
1525.57 22809.7
1525.45 22812.2
1526.43 22783.3
1526.81 22825
1526.77 22816.9
1526.54 22837.1
1526.47 22863.1
1526.47 22869
1527.88 22847.1
1527.86 22866.8
1528 22968.8
1528.03 22992.9
1531.75 22869.9
1531.52 23034.4
1531.74 23111.8
1532.28 23126.1
1532.48 23114.9
1532.66 23059.7
1532.67 23040
1532.7 23034.8
1532.72 23021.6
1532.87 23033.1
1532.8 23013.8
1532.85 23014.7
1532.92 23016.3
1532.9 23008.2
1533.37 23000
1533.54 23036
1533.75 23032.2
1535.47 23083.3
1535.58 23075.4
1536.56 23066.8
1535.84 23193
1535.61 23095.4
1536.86 22990.2
1536.93 23028.9
1536.98 23006.4
1538.15 22917.7
1537.94 22984
1537.79 23108.2
1537.76 23129.8
1538.33 23111.8
1538.33 23135
1538.23 23138.5
1538.3 23134.7
1538.1 23139.4
1538.07 23134.9
1538.21 23124.2
1538.35 23119.7
1538.37 23118.6
1538.37 23102.9
1538.36 23099
1538.08 23079.5
1538.61 23080.6
1538.81 23129.8
1538.68 23146.4
1540.97 23097.5
1540.84 23103.8
1540.54 23141.1
1540.42 23136.4
1540.42 23137.1
1540.67 23181
1540.65 23204.1
1541.43 23197.7
1541.59 23226.6
1541.45 23234.1
1541.46 23216.1
1541.34 23198.5
1540.96 23195.3
1540.96 23166.2
1541.22 23160.1
1541.45 23169.7
1541.58 23163.4
1541.28 23196
1541.34 23174.2
1541.46 23154
1541.54 23176.2
1541.29 23190.6
1541.02 23183.8
1540.84 23160.6
1540.99 23154.7
1540.92 23123.1
1540.86 23124.5
1541.03 23127.3
1541 23120.2
1540.96 23127.8
1540.98 23136.8
1541.13 23133.6
1541.08 23137.3
1541.06 23145.3
1540.96 23150.2
1541.15 23139.8
1541.56 23128.1
1541.51 23132.9
1541.4 23127.6
1541.29 23152.3
1540.7 23129.3
1540.67 23166.5
1540.75 23178.5
1540.82 23162.2
1540.78 23169.3
1541.25 23267.9
1541.47 23263
1541.44 23261.6
1541.35 23258.3
1541.43 23199.7
1541.59 23167.7
1541.67 23149.7
1541.68 23129.9
1541.79 23109.9
1541.99 23134
1541.98 23084.9
1542.46 23084.9
1542.49 23065.8
1542.54 23046.2
1542.54 23042.5
1542.3 23042.3
1542.31 23027.5
1541.9 23047.8
1542.86 23025.7
1543.6 23001.1
1543.61 23034.8
1543.68 23043.4
1543.74 23021.6
1543.65 23019.4
1544.7 23011.4
1544.62 23027
1544.75 23053
1544.54 23055.4
1544.69 23044.6
1544.7 23046
1544.79 23125.5
1545.09 23083.6
1545.11 23147.8
1545.04 23195.9
1545.18 23185.2
1545.17 23178.1
1545.16 23176
1545.26 23175.4
1545.45 23154.7
1545.51 23174.7
1545.61 23149.4
1545.42 23108
1545.48 23127.6
1545.5 23123.9
1545.2 23235.3
1545.58 23269.8
1545.62 23310.5
1546.18 23308.5
1545.65 23264.6
1545.62 23297.9
1544.92 24130.2
1544.92 24021.3
1545.39 23929.8
1545.55 23906.8
1546.95 24418.7
1546.81 23501.6
1546.73 23362.3
1546.87 23320.3
1546.91 23301.9
1547.17 23291.1
1547.8 23293.3
1547.78 23289.3
