203.037 2315.85
201.693 1669.22
204.077 1433.46
411.526 1418.93
415.48 1312.99
443.997 2679.38
444.002 2228.51
508.915 2642.68
538.867 3149.17
540.552 3518.47
549.886 3447.74
563.16 3508.93
592.612 4467.65
597.354 4443
598.967 4129.45
755.419 6761.52
816.1 6331.72
849.85 6051.07
849.917 5606.85
859.706 6343
869.217 5661.16
869.393 5415.07
868.483 5535.58
874.685 6242.17
876.463 6493.58
888.114 6866.81
923.403 7641.84
924.072 7453.44
932.637 7634
955.355 10260.8
956.388 9090.6
960.837 8506.61
971.634 9033.09
971.915 8682.69
1008.17 8816.73
1008.16 8529.72
1039.29 8740.94
1039.89 8282.55
1039.39 8479.6
1057.71 8538.93
1086.07 8114.02
1087.94 8263.66
1087.84 8210.45
1087.82 8157.77
1088.54 8479.05
1097.21 9273.24
1115.75 9692.89
1116.39 9537.52
1125.14 9224.58
1124.59 9163.42
1122.41 9231.89
1123.71 9431.23
1127.74 9047.98
1134.86 9079.12
1134.08 9160.74
1172.81 9721.89
1176.09 9909.95
1196.01 10008.1
1195.83 9348.18
1196.25 9225.79
1206.45 9249.31
1208.36 9407.64
1230.64 10166.1
1267.67 9980.62
1272.06 9808.85
1289.07 9250.01
1293.56 8908.2
1297.15 8971.35
1298.65 9000.02
1302.85 9127.82
1305.07 8916.6
1308.79 8905.2
1313.92 9844.58
1314.1 9147.5
1315.14 9234.64
1314.87 9101.26
1328.71 8905.14
1328 8950.42
1327.32 9008.65
1343.74 9622.06
1343.85 9374.98
1343.32 9611.04
1345.01 9549.84
1346.42 9519.21
1348.27 9412.72
1348.93 9428.78
1366.79 9376.89
1370.74 9424.69
1372.8 9338.24
1373.12 9274.19
1394.96 9036.64
1395.27 9018.14
1402.15 9438.93
1403.52 9480.43
1405.16 9418.22
1405.46 9379.98
1406.18 9344.59
1406.38 9329.42
1411.72 9602.83
1424.88 9832.42
1428.43 9938.72
1430.77 9845.22
1458.07 10089.4
1459.06 9624.54
1467.77 9369.37
1470.17 9464.2
1472.75 9610.13
1474.32 9596.53
1475.57 9541.85
1475.64 9507.06
1475.9 9527.18
1476.32 9549.31
1477.09 9556.94
1483.21 9680.07
1486.44 9622.31
1485.05 9691.21
1488.94 9842.62
1497.15 9693.73
1497.37 9777.07
1496.97 9775.7
1499.17 9715.45
1499.82 9688.1
1499.37 9727.19
1499.27 9737.84
1502.04 9728.84
1501.59 9731.25
1507.67 9621.77
1507.84 9638.71
1513.99 9568.1
1514.55 9567.75
1514.65 9571.77
1514.88 9597.82
1516.04 9613.4
1517.77 9588.59
1517.22 9570.38
1518.58 9542.91
1519 9516.59
1519.59 9486.89
1521.17 9450.78
1521.79 9408.14
1521.66 9439.74
1522.32 9431.06
1522.55 9449.19
1523.42 9432.04
1523.69 9441.9
1523.53 9418.23
1524.53 9393.85
1525.42 9416.31
1525.44 9413.66
1526.01 9412.71
1526.16 9417.89
1526.53 9408.49
1525.26 9470.09
1524.68 9487.6
1525.09 9568.82
1525 9587.33
1524.94 9582.55
1527.62 9593.46
1528.7 9606.64
1528.77 9590.72
1530.53 9687.27
1531.16 9738.79
1531.48 9748.61
1531.3 9728.12
1531.58 9672.33
1532.06 9672.8
1532.19 9790.85
1532.31 9807.57
1532.17 9807.02
1532.02 9806.46
1531.55 9839.41
1532.77 9827.05
1533.44 9834.9
1533.66 9831.81
1533.5 9864.45
1533.23 9887.37
1533.22 9889.15
1534.62 9990.63
1534.44 10007.6
1534.54 10018.6
1535.66 10057.5
1535.85 10082.1
1536.05 10104
1536.34 10118.7
1537.92 10293.4
1537.51 10481.1
1537.73 10443.9
1538.01 10414.4
1537.67 10439.5
1538.25 10461.9
1538.45 10440.4
1538.37 10415.3
1538.7 10417.2
1538.87 10814.3
1538.98 10929
1539.05 10926.4
1539.03 10937.1
1539.9 10998.2
1541.84 11033.3
1542.95 11010.8
1543.15 10972.1
1542.87 10940
1543.26 11007
1543.39 10994.1
1543.69 11090.9
1543.69 11043.7
1544.21 11022.7
1544.2 11028.4
1544.67 11022.3
1544.85 11026.5
1544.87 11025.1
1545.41 11023.8
1545.09 10974.4
1545.17 10933.9
1544.92 10933.6
1545.32 10921.7
1544.39 11082.1
1544.61 11101.8
1544.66 11070.8
1544.7 11054.7
1544.8 11040.6
1544.81 11032.8
1544.78 11031.2
1544.36 11038.2
1544.43 11035.2
1543.79 11362.4
1543.83 11444.3
1544.79 11016.2
1544.56 11027.8
1544.15 10984.5
1545.31 10961.5
1545.11 10962.6
1545.48 10964.5
1545.15 10969.6
1544.94 10981.1
1545.17 10988.4
1545.13 10996.9
1545.36 11003.4
1545.24 10994
1544.9 11010.8
1544.9 11015.5
1544.18 11091.9
1544.37 11083.9
1543.84 11119.2
1545.64 11162.2
1545.55 11163.3
1546.46 11165.4
1546.14 11114.3
1546.15 11119
1546.33 11105.3
1546.46 11110.9
1546.77 11110.4
1546.74 10997.1
1546.81 10956
1546.8 10983.9
1546.72 10985.4
1546.89 10992.2
1547.12 10975.6
1547.12 10962.6
1546.11 11021.9
1546.3 11062
1546.57 11071.8
1546.57 11094.9
1546.01 11059.3
1546.01 11115.6
1545.81 10991.1
1546.84 10975.8
1547.02 11104.8
1547.06 11121.6
1547.13 11127.9
1547.59 11041.4
1547.59 11052
1547.22 11040.1
1548.05 11148.6
1547.64 11455.8
1547.6 11458.4
1547.46 11466.5
1547.49 11462.1
1547.74 11480.1
1547.27 11468.6
1547.45 11470.4
1546.98 11494.5
1546.66 11493.6
1547.12 11445.5
1547.55 11414.7
1547.55 11378.3
1548.08 11385.2
1548.05 11394.1
1547.77 11395
1547.69 11415.5
1547.33 11417.9
1547.62 11421.5
1548.91 11412.4
1548.81 11429
1549.03 11390.6
1549.92 11371.8
1550.62 11373.4
1551.24 11350.2
1551.36 11424.1
1551.59 11459.3
1551.89 11418.4
1552.27 11489.5
1552.29 11474.2
1552.28 11455.7
1552.27 11443.8
1552.43 11440.6
1552.73 11491.2
1552.72 11484.2
1553.67 11481.5
1553.51 11504.7
1553.64 11522.8
1553.66 11524.7
1553.41 11552.2
1553.64 11526.6
1553.63 11508.5
1553.74 11579.4
1553.66 11598.4
1552.95 11645.1
1553.38 11637.8
1553.47 11628.8
1553.57 11618.5
1553.62 11586.9
1553.72 11579
1562.18 11497.5
1562.11 11488.5
1562.1 11468.6
1562.02 11491.8
1562.09 11510.8
1562.16 11525
1561.87 11513.6
1561.41 11515.5
1563.28 11502.2
1563.29 11500.1
1563.74 11471.6
1563.98 11573.2
1563.99 11610.4
1564.04 11582
1565.14 11568.7
1566.08 11534.9
1566.06 11529.1
1567.48 11522.3
1567.34 11510.8
1567.41 11496
1567.5 11493.5
1567.48 11493.8
1567.38 11485.2
1567.5 11477.7
1567.5 11487.3
1567.44 11503.5
1568.63 11693.1
1568.61 11745.6
1569.08 11734.2
1569.01 11728.9
1569 11719.2
1568.99 11707.8
1568.98 11698.8
1572.27 11645.4
1572.16 11646.4
1571.79 11575.2
1571.91 11541.3
1571.82 11503.8
1572.18 11482.9
1572.05 11486
1572.1 11471.1
1572.08 11457.4
1572.15 11442
1578.63 11378.9
1579.62 11379.7
1580.11 11360
1580.1 11343.8
1580.26 11342.5
1580.23 11332.6
1580.17 11333.2
1580.12 11315
1580.14 11310.4
1580.17 11307.1
1580.13 11305.3
1580.36 11309.6
1580.43 11299.5
1580.43 11295.4
1580.24 11293
1580.23 11288.8
1579.99 11318.7
1579.96 11328
1580.16 11321.4
1580.02 11314.5
1579.94 11265
1579.55 11251.9
1579.53 11250
1579.56 11232.2
1579.6 11210.1
1579.41 11204
1579.46 11173.8
1579.72 11142.7
1579.43 11154.2
1579.83 11169.2
1579.87 11159.4
1580.55 11162.8
1580.55 11144.7
1580.4 11104.5
1580.47 11090.2
1580.48 11078.9
1580.18 11078.6
1580.44 11064.9
1580.37 11057.8
1580.35 11049
1580.47 11039
1580.39 11040.5
1580.47 11028.9
1580.29 11026.5
1580.22 10971.2
1585.43 10973.5
1585.6 10981.5
1586.16 10974
1586.02 10973.2
1586.02 10941.8
1586 10938
1586 10932
1586.09 10916.3
1586.18 10927.4
1586.17 10935.8
1586.15 10939.3
1587.12 10951.8
1587.44 10929.9
1587.62 10920.1
1588.18 10893.7
1588.31 10876.6
1588.36 10873.4
1588.96 10869.4
1589.24 10851.6
1589.19 10777.7
1589.2 10755.4
1589.2 10745.5
1589.16 10756.1
1589.41 10764.7
1589.45 10783.6
1589.49 10799
1589.28 10804.4
1589.98 10779.6
1589.91 10788.8
1589.9 10808.3
1589.87 10817.6
1589.91 10827.6
1590.01 10831.7
1590.28 10841.4
1590.36 10788.6
1590.69 10794.7
1590.75 10816.5
1591.05 10885.2
1591.29 10898.4
1591.13 10872.9
1591.02 10874.2
1591.06 10875.2
1591.29 10873.3
1591.12 10885.8
1591.47 10900.8
1591.5 10903.2
1592.18 10895.3
1592.11 10897.9
1592.14 10857.1
1592.15 10854.7
1591.93 10871.5
1591.9 10875
1594.88 11125.3
1595.1 11088.7
1595.07 11057.4
1595.13 11062.6
1595.14 11066.4
1595.11 11061.1
1595.1 11055
1595.44 11098.9
1599.54 11124.4
1599.71 11128.2
1599.65 11128.9
1599.81 11146.1
1600.42 11137.5
1601.92 11070.6
1601.95 11072.4
1615 11107
1615.05 10713.2
1614.97 10651.3
1615 10641.6
1615.03 10635.1
1615.02 10618.7
1614.9 10596.5
1614.89 10599.2
1614.78 10614.2
1615 10647
1615.31 10683.4
1615.32 10701.9
1615.72 10712.4
1615.69 10717
1616.01 10717
1617.23 10791.1
1616.84 10761.1
1616.96 10762.2
1634.41 10756.4
1634.5 10557.6
1634.47 10571.4
1634.45 10594.8
1634.45 10618.9
1634.5 10636
1634.46 10645.5
1636.1 10634.4
1636.12 10647.3
1638.84 10610.2
1639.06 10614.5
1639.08 10634.6
1639.02 10650.4
1639.04 10664.4
1639.51 10667.7
1640.13 10676.9
1640.12 10603.8
1640.01 10587
1640.09 10596.4
1640.14 10593.9
1641.81 10556.5
1641.86 10560.1
1642.84 10563.7
1643.41 10531.1
1643.39 10509.4
1643.7 10508.3
1643.79 10585.9
1643.78 10584.7
1643.8 10574
1643.95 10569.7
1644.17 10544.4
1644.13 10524.3
1644.11 10511.4
1643.97 10484.7
1644.31 10474
1644.43 10464.3
1644.43 10486.6
1644.88 10492.9
1645.76 10499
1645.73 10505.2
1645.52 10486.4
1645.53 10491.4
1645.89 10493
1645.93 10491.8
1645.98 10488.4
1645.99 10497.2
1646.01 10495.3
1646.85 10514.6
1646.24 10469.7
1646.23 10437.4
1646.23 10450.9
1646.28 10477.7
1646.03 10477.4
1646.06 10473.4
1646.09 10464.6
1646.04 10460.8
1645.94 10451.2
1645.95 10450.4
1646.17 10457.9
1646.76 10495.2
1648.47 10511.6
1648.47 10506.7
1648.49 10499.1
1648.66 10477.9
1648.61 10485.9
1648.69 10492.6
1648.84 10489.6
1648.97 10490.1
1649.5 10489.8
1649.59 10478.9
1649.65 10468.5
1649.77 10466.1
1649.76 10467.8
1649.32 10552.8
1649.15 10554.6
1649.62 10549.4
1649.59 10517.1
1649.61 10493.4
1649.75 10469.2
1649.17 10429.3
1649.17 10424.5
1649.13 10425.1
1649.03 10402.3
1648.91 10386.9
1649.69 10414.3
1649.9 10430.3
1649.95 10448.8
1649.9 10443.2
1650.08 10460.2
1650.13 10448.7
1650.39 10448.7
1650.41 10422.4
1650.54 10421.8
1650.49 10449.5
1650.87 10448.6
1650.87 10444.3
1651.06 10449.3
1651.08 10457.8
1651.04 10453.9
1651.11 10459
1651.41 10487
1651.39 10490.9
1651.4 10494.3
1651.46 10486.3
1651.67 10453
1651.53 10432.9
1651.53 10414.2
1651.57 10408.9
1651.83 10406
1651.63 10396.8
1651.31 10358.1
1651.3 10359.4
1651.33 10463.8
1651.37 10460.7
1651.69 10471.3
1651.71 10485
1651.7 10512.6
1651.88 10515.8
1651.86 10507.7
1651.84 10495.8
1651.88 10484.1
1651.94 10479.5
1651.94 10476.3
1652.18 10483.2
1652.2 10459.3
1652.42 10454.3
1652.16 10426.4
1651.66 10400.5
1651.52 10385.9
1651.59 10383.7
1651.56 10383.2
1651.78 10393.4
1651.61 10428.9
1651.95 10458.1
1651.96 10451.3
1651.99 10456
1652.17 10474.8
1652.2 10480
1652.99 10491.9
1653.25 10514.3
1653.2 10517
1653.41 10523.8
1653.38 10533.1
1653.58 10563.7
1653.74 10571.1
1653.65 10570.5
1653.49 10564.4
1653.67 10568.6
1653.66 10572
1653.71 10568.1
1653.94 10572.2
1653.96 10577.8
1653.94 10566
1653.97 10552.2
1654.04 10546.7
1654.1 10538.1
1654.03 10532.5
1654.14 10506.9
1654.1 10497.5
1654.12 10490.4
1654.54 10525.4
1654.61 10545.6
1654.42 10541.5
1655.25 10578.3
1655.1 10578.2
1655.72 10612.4
1655.57 10585.7
1655.57 10575.1
1655.62 10571.3
1655.84 10571.7
1655.63 10574
1655.6 10576.1
1655.51 10584.2
1655.76 10600.2
1655.98 10594.7
1655.9 10589.1
1655.91 10585.4
1655.88 10585.9
1656.25 10590.5
1656.06 10591.4
1656.09 10598.6
1656.16 10763.7
1656.18 10752.8
1656.17 10751.6
1656.24 10758.7
1656.23 10769.2
1656.19 10765.3
1656.24 10756.6
1656.2 10760.2
1656.19 10766.2
1656.47 10760.1
1656.48 10756
1656.24 10686.8
1656.46 10644.8
1656.6 10634.7
1656.51 10639.2
1656.51 10634.7
1656.64 10645.4
1656.6 10658.8
1656.5 10674.2
1656.51 10680.4
1656.5 10672.5
1656.55 10675.6
1656.6 10676.9
1656.54 10679.4
1656.52 10681
1656.28 10686.7
1656.6 10715
1656.61 10710.3
1656.58 10737.2
1656.82 10732.2
1656.8 10740
1656.78 10749.4
1656.83 10771.3
1656.67 10793.2
1656.73 10802.8
1656.5 10783.8
1656.52 10820.4
1656.51 10850.9
1656.56 10862.9
1656.6 10860.6
1656.61 10867.9
1656.84 10871.1
1656.83 10858.8
1657.01 10865.4
1657 10874.6
1657 10876.9
1657.17 10890.9
1657.38 10882.2
1657.28 10883.3
1657.04 10888.7
1656.96 10876.1
1656.96 10856.6
1656.89 10780.5
1656.89 10778
1656.88 10770.2
1656.82 10777.5
1656.84 10781.1
1656.85 10777.4
1656.84 10787.7
1656.79 10791.9
1656.78 10793
1656.87 10799.2
1656.8 10777.1
1656.8 10777
1656.4 10779.5
1656.44 10779.2
1656.37 10780.5
1656.4 10777
1656.39 10772.8
1656.35 10662.7
1656.23 10631.8
1656.43 10626.9
1656.46 10604.5
1656.5 10609.4
1656.25 10627.4
1656.08 10603.8
1656.08 10600.6
1656.08 10604.1
1656.09 10587.1
1656.27 10583.8
1656.26 10580.8
1656.46 10575.3
1656.45 10575
1656.47 10575.3
1657.07 10593.4
1657.06 10600.6
1657.06 10587.4
1657.05 10468.5
1657.18 10447.3
1657.32 10437.7
1657.3 10442.5
1657.33 10442.4
1657.55 10425.8
1657.61 10414.1
1657.61 10388.6
1657.68 10365.4
1657.7 10363.4
1657.84 10368.3
1657.76 10383.3
1657.92 10399
1657.97 10411.9
1657.97 10414.4
1658.04 10414.1
1658.04 10421.7
1658.02 10415.7
1658.05 10413.8
1658.2 10419.3
1658.3 10433.3
1658.25 10416.2
1658.32 10433.6
1658.3 10431.5
1658.32 10429.7
1658.31 10426.8
1658.31 10439.6
1658.32 10442.2
1658.25 10442.8
1658.27 10448.1
1658.22 10442.9
1658.14 10439.1
1658.17 10438.6
1658.56 10439.8
1658.65 10448
1658.63 10442.7
1658.66 10435.8
1658.67 10436.6
1658.97 10445.4
1659.02 10448.1
1659.07 10449.5
1658.97 10461
1659.11 10460.5
1658.97 10449.8
1658.95 10437.9
1659.24 10451.2
1659.18 10447.6
1659.14 10446.5
1659.07 10457.7
1659.05 10458.1
1659.07 10466.5
1659.03 10471.9
1659.08 10481.1
1659.02 10468.3
1659.02 10461.4
1658.93 10481.5
1658.97 10486.9
1658.97 10492.8
1658.88 10473
1658.81 10472.7
1658.59 10492.6
1658.37 10455.7
1658.28 10456.6
1658.27 10455.6
1658.23 10435.8
1658.18 10416.5
1658.19 10402.6
1658.16 10388.6
1658.13 10401.7
1658.16 10400.1
1658.17 10396.7
1658.11 10395.3
1658.16 10415.5
1658.13 10425.5
1658.19 10439.3
1658.2 10470.3
1658.18 10473.4
1658.08 10481.5
1658.35 10494
1658.32 10476.4
1658.38 10475.7
1658.85 10512.2
1658.86 10497
1658.87 10478.7
1658.93 10473.8
1658.91 10468.4
1658.9 10470.7
1658.96 10475.4
1659.63 10466.9
1659.61 10464
1659.51 10473.5
1659.37 10477.6
1659.46 10476.8
1659.46 10470.8
1659.45 10468.3
1659.43 10459.8
1659.41 10462.1
1659.39 10457.8
1659.45 10468.5
1659.62 10484.4
1659.74 10476.5
1659.81 10482.3
1660.37 10515
1660.36 10530.7
1660.36 10524.1
1660.39 10519.4
1660.39 10491.7
1660.47 10487.6
1660.75 10475.8
1660.73 10445.8
1661.01 10454.6
1660.95 10464.1
1660.94 10474.7
1660.91 10490.5
1660.86 10494.6
1660.84 10488.1
1660.86 10490.9
1660.76 10495.4
1660.75 10501.9
1660.78 10517.4
1660.83 10514.2
1660.87 10516.7
1661.35 10580.7
1661.14 10565.4
1661.39 10562.1
1661.4 10573.8
1661.69 10583.4
1661.54 10587.8
1661.74 10589
1661.82 10595.8
1661.58 10576.1
1661.61 10586
1661.64 10591
1661.58 10573.2
1661.63 10570.1
1661.65 10540.7
1661.52 10523.1
1661.45 10520.7
1661.41 10518.8
1661.57 10508.7
1661.57 10516.3
1661.49 10514.4
1661.48 10513.7
1661.49 10512
1661.48 10514.7
1661.48 10514.5
1661.59 10518.7
1661.7 10536.8
1661.73 10626.6
1661.74 10625.2
1661.83 10633.4
1662.04 10639.1
1662.13 10641.9
1662.18 10651.4
1662.11 10670.7
1661.98 10672.5
1661.92 10691
1661.92 10687.9
1661.95 10683.6
1662.74 10767.3
1662.78 10734.6
1662.7 10716.4
1662.68 10729.3
1662.72 10721
1662.68 10737.9
1662.93 10709.7
1662.93 10694.1
1663.28 10688.8
1663.43 10716.5
1663.24 10713.2
1663.24 10768.9
1663.48 10771.6
1663.47 10786.3
1663.43 10751.2
1663.49 10707.7
1663.49 10697.3
1663.36 10688.4
1663.27 10673
1663.22 10673.9
1663.23 10673.4
1663.2 10678.1
1663.22 10683.2
1663.22 10675.1
1663.35 10663.7
1663.35 10659
1663.3 10653.5
1663.39 10646.4
1663.1 10632.9
1663.31 10621.6
1663.35 10620.4
1663.25 10634.1
1663.23 10648
1663.16 10664.4
1663.14 10675
1663.19 10685.4
1663.16 10677.3
1663.14 10646.6
1663.14 10608.4
1663.17 10575.2
1663.12 10562.8
1663.15 10554.6
1663.19 10547.9
1663.17 10546.9
1663.17 10547.8
1663.23 10552
1663.24 10556.6
1663.24 10559
1663.09 10551.7
1662.92 10545.9
1663.38 10530.4
1663.56 10524.9
1663.6 10528
1663.65 10551.2
1663.62 10546.5
1663.8 10548.7
1664.25 10584.6
1664.28 10588.4
1664.18 10595.5
1664.26 10592
1664.55 10593.3
1664.66 10587.7
1664.58 10596.2
1664.64 10608.5
1664.64 10619.1
1664.49 10628.1
1664.57 10646.2
1664.29 10673.5
1664.44 10687.8
1664.48 10690.3
1664.53 10705.8
1664.54 10711.1
1664.53 10713.9
1664.62 10716
1664.62 10716.7
1665.04 10727
