111.697 414.722
406.128 1146.88
406.278 891.353
408.954 894.788
409.084 824.447
431.298 1449.96
445.557 2158.41
448.708 2428.8
465.154 4080.59
505.275 3746.51
530.961 4093.64
542.236 4999.78
542.2 4663.1
552.847 4662.08
561.401 4693.58
586.876 4893.04
605.431 5095.01
607.304 5320.61
722.12 6944.41
732.316 7034.83
732.432 7306.93
733.526 7000.26
745.064 6588.6
780.073 8097.2
780.142 7822.47
808.397 8813.24
876.82 8570.66
908.365 8665.4
919.364 8047.15
928.677 8410.12
935.347 8193.66
940.524 8457.73
950.074 9023.85
967.382 10121.3
997.85 9367.48
998.015 9387.15
1005.39 10068.5
1041.86 11247
1067.68 11583
1071.69 11976
1074.82 11655.8
1091.53 11422
1094.26 11348.5
1094.39 11452.8
1096.6 11217.2
1115.01 13119.5
1114.42 12081.5
1114.88 11549.5
1234.48 12029.2
1237.31 12735.5
1238.04 12213.5
1245.64 11980.1
1272.17 12758.8
1286.31 11873.1
1303.84 12491.9
1308.46 11434.4
1318.6 10592.4
1331.63 10485.9
1339.36 10697.8
1344.16 11180.9
1346.81 10990.3
1346.89 11084.6
1353.77 11483.1
1361.63 11283.8
1361.84 11358.1
1368.79 12190.2
1369.63 11871.9
1371.63 11889
1376.33 11719.4
1389.19 11570.3
1390.57 11490.6
1390.39 11434.5
1396.03 11257.1
1399.68 11082.4
1409.43 10869.7
1418.38 10745.3
1423.21 10755.6
1421.38 13833.6
1422.81 13434.9
1422.77 13324.2
1426.06 14351.8
1425.55 14244.4
1426.14 14033.6
1429.09 13876.3
1429.38 13758.4
1433.37 13843
1459.2 14090
1473.18 13492.3
1473.18 13374.4
1474.92 13368.5
1475.57 14055.4
1480.19 13692.9
1492.6 13231.6
1496.74 13114.9
1497.32 12934.4
1498.93 13094.5
1506.98 13036.2
1507.76 12812.1
1508.32 12844.3
1512.18 12901.7
1514.52 12927.8
1514.54 12973
1529.52 12895.6
1531.99 12805.4
1532.4 12806.8
1532.45 12810.1
1532.57 12809.5
1532.39 12760.8
1532.51 12790.7
1534.38 12761
1535.09 12759.9
1536.62 12809.8
1538.39 12674
1541.78 12693.9
1544.72 12620.3
1544.52 12622.2
1544.31 12684.2
1565.87 12655.7
1565.99 12507.4
1570.51 12078.1
1570.02 12244
1584.55 12120
1584.47 12165.9
1587.4 12103
1587.97 12112.9
1609.36 12184.5
1609.77 12093.3
1609.58 12073.2
1609.43 12033.3
1610.73 12044.9
1612.3 12033.2
1613.09 12030.7
1613.96 11997.5
1613.77 11997.8
1619.1 11940.1
1619.9 11968
1620.97 11959.3
1623.19 11932.3
1622.21 12143.9
1626.87 12193.7
1625.79 12143.5
1625.89 12171.7
1626.33 12171.5
1626.65 12152.7
1626.66 12125.5
1626.7 12116.6
1626.46 12108.7
1627.21 12105.1
1626.87 12112.6
1627.35 12112.4
1627.44 12090.8
1628.88 12039
1629.22 12045.2
1629.43 12011.5
1631.02 12088
1631.39 12003.4
1636.57 11958
1637.4 11964.4
1638.57 11938
1638.73 11950.8
1638.96 11882.6
1640.77 11889.4
1640.09 12026.7
1640.29 12109
1640.53 12059.2
1640.65 12108
1641.3 12159.2
1641.33 12093.6
1640.98 12101.8
1641.1 12146.7
1641.41 12167.4
1640.71 12296.1
1641.68 12221.1
1641.47 12228.3
1642.07 12242.8
1642.16 12218.5
1643.39 12402.1
1643.73 12470.2
1643.72 12456.9
1644.28 12487.3
1645.63 12671.6
1645.47 12649.1
1649.53 12675.6
1651.4 12631.5
1653.79 12629.9
1654 12590.4
1654.22 12558.1
1654.24 12491.5
1654.25 12589.7
1653.89 12744.4
1653.85 12688.2
1653.55 12642
1653.79 12599.3
1655.15 12770.1
1656.63 12824.6
1656.64 12746.1
1656.58 12730.7
1656.46 12756.4
1656.4 12766.2
1660.5 12707.3
1660.94 12641
1661.31 12633.9
1661.48 12646.2
1661.16 12641.9
1661.28 12653.4
1663.61 12605.7
1664.78 12603.6
1664.64 12590.8
1664.9 12562.1
1664.83 12554.6
1664.81 12543.6
1664.8 12546.4
1664.87 12550.4
1664.85 12552
1668.78 12628.4
1668.78 12601.9
1668.81 12579.7
1669 12571.3
1667.6 12789.8
1668.64 12925.9
1668.89 12967.3
1669.08 12905.3
1668 13046.5
1666.89 12770.1
1667.32 12752
1667.32 12742.4
1666.59 12663.5
1666.56 12677.9
1666.88 12723.4
1666.96 12714.8
1668.39 12786.9
1668.98 12807.6
1670.3 12769.9
1670.41 12744.7
1670.46 12730.4
1670.95 12740
1670.96 12720
1671.33 12779.5
1671.64 12766.7
1671.91 12764.5
1671.68 12735.2
1671.66 12703.4
1680.72 12566.2
1680.75 12545.6
1681.5 12536.1
1682.09 12531
1682.12 12496.9
1682.53 12455
1682.05 12450.6
1682.32 12416.3
1681.9 12368.3
1682.97 12352
1682.59 12365.8
1682.67 12364.7
1682.65 12362.3
1682.98 12370.3
1683.25 12350.1
1683.11 12356.7
1683.81 12348.5
1683.4 12354.1
1685.37 12310.8
1685.29 12343.6
1685.36 12344.8
1686.12 12342.6
1686.13 12355.2
1686.27 12328.8
1686.19 12352.9
1686.03 12382.2
1685.8 12407.6
1688.24 12441.9
1688.44 12402.9
1688.44 12401.4
1688.97 12385.8
1689.25 12382.1
1689.84 12388.1
1689.84 12390.9
1689.87 12369.4
1690.24 12353.1
1691.67 12389.8
1693.61 12375.9
1694.05 12404.8
1694.03 12406.9
1693.88 12386.1
1693.93 12394.1
1694.3 12402.8
1694.46 12412.9
1694.48 12430.3
1695.07 12465.8
1695.07 12436.3
1695.26 12455.4
1695.19 12475.4
1696.26 12502
1696.26 12516
1696.28 12530.7
1696.32 12546.9
1696.06 12593.8
1696.07 12608.7
1697.35 12640
1697.37 12574.2
1697.36 12587.8
1697.45 12605
1702 12580.8
1702.01 12598.2
1702.81 12599.1
1702.75 12529.2
1703.27 12511.9
1703.37 12527.5
1703.67 12534.6
1703.69 12537.1
1704.19 12542.2
1704.72 12535.5
1704.97 12539.9
1705.03 12556.7
1705.02 12559.4
1704.94 12567.1
1705.11 12570.1
1705.02 12584.7
1705.9 12577.1
1705.9 12559.5
1706.13 12538.4
1706.2 12504.9
1706.12 12490.2
1706.09 12479
1706.17 12473.1
1706.17 12472.8
1706.09 12479.1
1705.98 12482.7
1708.62 12495.8
1708.32 12495.5
1708.29 12483.1
1708.34 12469.3
1708.31 12474.5
1708.36 12477.6
1709.02 12584.6
1709.02 12586.2
1708.76 12590.2
1708.99 12604
1709.59 12614.6
1709.81 12592.9
1710.17 12597.3
1710.41 12580.7
1709.99 12631.8
1710.04 12689.6
1709.97 12672.9
1710.69 12662.1
1710.87 12686.3
1710.93 12619.9
1711.06 12628.2
1710.57 12646.5
1710.59 12652.2
1710.74 12627.8
1710.72 12614.9
1710.55 12575.6
1710.68 12560.3
1710.74 12555.1
1710.8 12566.2
1711.03 12565
1711 12571.5
1710.95 12578.4
1711.49 12561.1
1711.91 12625.7
1712.14 12620.4
1711.08 12644.2
1710.92 12660.1
1711.14 12650.9
1710.53 12652.6
1710.51 12668.7
1710.48 12666.9
1710.19 12664.9
1710.16 12658.2
1710.5 12654.4
1710.72 12650.2
1710.45 12620.4
1710.6 12591.2
1710.8 12571.2
1710.44 12549
1710.43 12535.7
1710.02 12524.4
1710.02 12507.7
1710.01 12512.2
1710 12485.5
1710.17 12623.6
1710.15 12619.7
1710.12 12577.6
1709.97 12540.5
1709.97 12505.2
1709.86 12497.1
1709.87 12485.2
1709.85 12509.7
1709.9 12521.4
1709.98 12517.5
1710.17 12525.4
1710.15 12508.7
1710.32 12500.3
1710.45 12498.2
1710.42 12502.7
1710.94 12500
1710.91 12489.2
1710.91 12484.4
1710.87 12479.6
1710.75 12506.9
1710.77 12501.9
1711.66 12508.1
1710.86 12525.9
1710.83 12538.8
1711.23 12524.1
1711.29 12545.7
1711.29 12575
1711.31 12567.6
1711.46 12585.3
1711.39 12600.1
1711.6 12624.7
1711.66 12693.5
1712.03 12734.8
1712.06 12690.4
1712.16 12660.1
1712.34 12628.1
1712.34 12605.5
1712.13 12584.2
1712.06 12569.6
1712.49 12583.9
1712.55 12574.1
1712.54 12561.6
1712.51 12553.9
1712.26 12553.5
1711.72 12605.3
1711.75 12584.6
1711.64 12533.2
1711.5 12504.2
1711.56 12487.4
1711.54 12484
1711.79 12491.3
1711.77 12491.5
1711.46 12491.9
1711.44 12511.3
1711.3 12504.1
1711.3 12522.4
1711.23 12526.6
1711.14 12518.5
1711.15 12517.6
1711.01 12523.8
1710.91 12486.8
1710.74 12486.2
1710.7 12518.9
1710.68 12535.2
1710.68 12548.1
1710.63 12528.8
1710.73 12517.1
1710.75 12516.4
1710.87 12513.4
1710.53 12621.5
1710.86 12659
1710.7 12645.8
1710.38 12597.4
1710.39 12595.5
1710.38 12589.1
1710.42 12594.2
1710.31 12607.3
1710.32 12616.4
1710.49 12621.6
1710.51 12629.7
1710.52 12630.9
1710.57 12632.2
1710.13 12621.1
1710.1 12629.8
1710.13 12635.6
1710.32 12642.7
1711.19 12669.9
1711.55 12676.9
1711.51 12675.1
1711.53 12674.2
1711.64 12664.2
1711.53 12677.7
1711.94 12666.8
1711.65 12702.2
1712.25 12752.9
1711.72 12812.9
1711.66 12824.8
1711.6 12780.5
1712.64 12811.6
1713.32 12686.9
1713.31 12699.5
1713.22 12711.6
1713.32 12718.4
1713.52 12721.9
1713.49 12727
1713.5 12690
1713.59 12682.2
1714.45 12688.9
1715.39 12627.3
1715.67 12562.8
1715.67 12580.3
1715.74 12575.4
1716.05 12589.5
1716.13 12601.3
1716.21 12613.1
1716.25 12624.7
1716.33 12638.3
1716.92 12641.1
1716.85 12651.4
1716.87 12656.5
1716.86 12655.5
1716.96 12630
1717.01 12631.2
1716.9 12619.7
1716.88 12623.4
1716.74 12654.9
1716.9 12688.7
1716.82 12690
1716.78 12680.1
1716.88 12682.6
1716.87 12678.7
1716.87 12667.7
1716.82 12666.1
1716.82 12660.8
1716.81 12648.5
1716.85 12646.1
1717.01 12643.3
1717.02 12641.5
1717.51 12636.8
1717.53 12640
1717.62 12634.7
1717.84 12642
1718.55 12686.3
1719.3 12701.7
1719.7 12840.6
1719.39 12832.5
1719.55 12833.1
1719.68 12819.8
1719.66 12808.1
1719.75 12805.1
1719.75 12796.2
1719.74 12791.7
1719.69 12754
1719.61 12741
1719.76 12725
1719.78 12706.9
1719.75 12780.3
1720.06 12784
1720.06 12801.9
1720.12 12778.6
1720.13 12757.5
1719.93 12780.9
1719.81 12814.5
1719.99 12820.5
1720.06 12823.3
1720.04 12821.7
1720.58 12823.5
1720.59 12826
1720.56 12810
1721.14 12763.1
1721.35 12814.8
1721.32 12793.6
1722.02 12791.6
1722 12797.6
1721.97 12795.2
1721.98 12792.6
1722.02 12817.6
1722.84 12799.5
1722.85 12798.7
1722.86 12794.5
1722.73 12788.5
1722.86 12769.5
1722.8 12757.8
1722.82 12756.3
1722.79 12772.3
1722.74 12770.6
1722.72 12771.9
1722.74 12767.5
1722.72 12772.4
1722.83 12775
1722.85 12776.4
1722.89 12786.9
1722.88 12790.8
1722.88 12791
1722.86 12792
1722.81 12792.5
1722.81 12788.3
1722.76 12793.6
1722.76 12796
1722.65 12790.7
1722.76 12793.4
1722.67 12785.6
1723.21 12851.8
1723.08 12846.6
1723.06 12864.3
1723.07 12872.1
1723.02 12869.8
1724.01 12882.7
1725.05 12871.7
1725.07 12851.9
1725 12840
1724.8 12821.8
1725.38 12834.3
1725.4 12828.2
1725.85 12820.4
1725.75 12813.1
1725.77 12806.7
1725.83 12798.9
1726.01 12786.8
1725.94 12787.5
1726.33 12790.8
1726.34 12790.9
1726.07 12799
1726.1 12790.6
1726.34 12759.6
1726.38 12735.5
1726.41 12729.7
1726.52 12725
1726.58 12723.3
1726.63 12713.3
1727.1 12721.8
1727.09 12724.7
1727.09 12712.4
1726.98 12704.2
1726.87 12710.2
1726.52 12711.5
1726.49 12704.7
1727.11 12713.1
1727.16 12690.3
1727.37 12696.8
1728.01 12684.1
1728.38 12685
1728.49 12686.3
1728.46 12668.2
1728.46 12644.5
1729.16 12638.8
1729.03 12618.2
1729.01 12612.6
1728.91 12602.1
1728.95 12631.4
1729.06 12627.8
1729.48 12597.6
1729.92 12581.5
1729.97 12593.4
1729.94 12592.7
1729.96 12591.3
1730.13 12589.5
1730.25 12588.8
1730.84 12589
1730.8 12615.5
1730.71 12627.4
1730.51 12621.1
1730.52 12626.7
1730.49 12624.9
1730.98 12608.3
1730.99 12626.2
1731.05 12626.1
1731.14 12622.9
1731.18 12605.1
1731.26 12609.5
1731.23 12591.3
1731.3 12587.6
1731.3 12590.3
1731.51 12588.4
1732 12565
1732.25 12555.1
1732.43 12557.3
1732.44 12558
1732.22 12561.9
1732.14 12579
1732.18 12599.1
1732.12 12588.3
1732.09 12577.9
1731.99 12579.3
1732.14 12566
1732.29 12563
1731.92 12537.5
1731.92 12505.4
1731.88 12478.7
1731.94 12478.8
1731.96 12427.9
1731.96 12410
1732.26 12403
1732.27 12404.7
1732.36 12423.7
1731.93 12411.6
1731.91 12378.5
1731.9 12356.7
1731.77 12341.4
1731.77 12334.8
1732 12319.9
1732.08 12304.4
1732.1 12283.2
1732.2 12275.4
1732.28 12271.5
1732.26 12266.3
1732.34 12267.3
1732.51 12284.8
1732.56 12286.9
1732.56 12284
1732.59 12285.1
1732.27 12273.1
1732.3 12269.5
1732.56 12257.6
1732.53 12251.7
1732.55 12239.4
1732.27 12211.5
1732.27 12206.4
1732.27 12184.2
1732.27 12173.1
1732.8 12166.3
1733.16 12209.2
1733.15 12227.9
1733.16 12236.5
1733.19 12246.2
1733.7 12318.9
1733.67 12353.1
1733.86 12324.5
1733.72 12318.6
1733.63 12312.8
1733.72 12299.5
1733.75 12302.9
1733.71 12309.3
1733.57 12312
1734 12336.3
1734.02 12349.4
1734.58 12357.3
1735.3 12422.5
1735.24 12462.2
1735.21 12476.9
1735.21 12477.4
1735.32 12475
1735.39 12447.1
1735.34 12423.4
1735.39 12398.9
1735.38 12394.7
1735.63 12383.3
1736.03 12370.2
1736.02 12372.2
1736 12378.2
1736.41 12401
1736.42 12389.7
1736.1 12392.2
1736.07 12403.8
1736.08 12410.7
1736.04 12411
1736.05 12409.5
1736.03 12408.9
1736.03 12449
1736.33 12456.4
1736.3 12465.5
1736.3 12469.6
1736.38 12475.5
1736.38 12472.3
1736.68 12472.8
1736.68 12473.1
1736.84 12467.1
1736.86 12471.1
1736.98 12461.4
1737.33 12467.8
1737.4 12477.1
1737.31 12466.6
1737.3 12454.7
1737.27 12461.7
1737.39 12463.7
1737.39 12469.9
1737.37 12471.9
1737.31 12472.2
1737.3 12509.5
1737.24 12516.8
1737.3 12516.5
1737.24 12516.3
1737.2 12523.4
1737.37 12585.8
1737.61 12632.8
1737.61 12636.9
1737.61 12639
1737.8 12647.7
1737.8 12652.4
1737.8 12655
1737.62 12654.7
1737.61 12647.3
1737.58 12646.9
1737.33 12624.3
1737.32 12622.4
1736.98 12606.2
1737.06 12617.8
1737.28 12628.9
1737.35 12625.8
1737.39 12621
1737.43 12622.2
1737.38 12613.4
1737.48 12598.7
1737.1 12558.2
1737.35 12573.4
1737.32 12574.4
1737.35 12586.6
1737.22 12598.4
1737.15 12581.4
1737 12584.4
1736.94 12560.8
1737.02 12541.7
1737.01 12541.7
1737.24 12558.4
1737.13 12557.4
1737.13 12557
1737.04 12565.9
1737.02 12554.1
1736.98 12554.1
1737.12 12558.6
1737 12567.9
1736.99 12589.6
1736.76 12597.9
1736.75 12593
1736.78 12599.9
1736.77 12605.8
1736.77 12598.3
1736.91 12605.2
1736.84 12595
1736.72 12544.4
1736.71 12539.3
1736.83 12546.3
1736.77 12545.9
1736.87 12565
1736.83 12546.3
1737.04 12553.2
1737.15 12577.8
1737.12 12574.1
1737.12 12574.1
1737.01 12579.5
1737 12580.9
1736.85 12572.3
1736.82 12565.4
1736.85 12561.7
1737.05 12564.3
1737.05 12559.5
1737.05 12559.9
1737.25 12566
1737.47 12564.8
1737.46 12563.2
1737.44 12562
1737.35 12561.9
1737.33 12562.9
1737.36 12561.4
1737.31 12577.7
1737.3 12583.4
1737.5 12577.2
1737.49 12600.4
1737.56 12608.7
1737.61 12608.3
1737.62 12609.5
1737.75 12611.3
1737.88 12650.1
1737.87 12653.7
1737.89 12636.2
1737.95 12623
1737.96 12629.9
1737.94 12637.8
1738.17 12643.8
1738.18 12637.2
1738.24 12641.8
1738.49 12637.2
1738.41 12641.6
1738.2 12641
1738.14 12629.6
1738.15 12631.9
1738.3 12643
1738.28 12642.6
1740.3 12651.9
1740.53 12645.2
1740.78 12657.8
1740.88 12650.2
1740.97 12636.7
1740.93 12631.5
1740.94 12647.9
1741.29 12656
1741.28 12650.2
1741.94 12651.7
1741.95 12644.7
1742.02 12650.3
1742.11 12651.3
1741.8 12645
1741.81 12639.5
1742.11 12631.9
1742.44 12646
1742.01 12667.3
1741.95 12678.3
1741.92 12684.5
1742.13 12686.2
1741.94 12692.3
1742.44 12693.6
1742.31 12707.5
1742.29 12722.4
1742.25 12725.6
1742.21 12729.7
1742.23 12728.1
1742.17 12726
1743.43 12691.9
1744.1 12662.4
1744.08 12715.6
1744.08 12711.3
1744.17 12706.1
1744.2 12706.1
1744.46 12697.9
1744.49 12689.7
1744.53 12695.3
1744.51 12694.5
1744.59 12699.6
1744.61 12705.2
1744.72 12702.8
1744.71 12711.8
1744.68 12713.8
1744.72 12724.1
1744.79 12725.2
1744.81 12722.5
1744.91 12719.7
1745.02 12718.2
1744.96 12742
1744.99 12749.5
1745.04 12762.1
1744.84 12781.8
1744.92 12797.9
1744.92 12796.2
1744.91 12794.4
1744.86 12790
1744.87 12786.2
1744.89 12788.3
1745.48 12849.3
1745.47 12856.4
1745.5 12857.7
1745.39 12859
1745.15 12898.2
1745.11 12884.4
1745.18 12900.4
1745.26 12918.4
1745.4 12921.5
1745.53 12924.5
1745.54 12921.6
1745.6 12923.9
1745.59 12925.9
1745.82 12990.1
1745.83 12980.1
1745.67 12994.9
1745.7 13002.9
1745.64 13018.6
1745.68 13025.6
1745.94 13036.9
1745.98 13052.8
1745.8 13057.4
1745.81 13069.9
1745.79 13077.1
1745.78 13076
1745.78 13078.8
1747.17 13201.5
1747.15 13202.3
1747.25 13187.9
1750.78 12969.3
1750.8 12987.6
1750.5 13003.3
1750.55 12995.2
1750.59 12991.8
1750.75 12974.6
1751.07 12968.4
1751.03 12971.5
1751.02 12959.8
1751 12952.5
1750.92 12955.6
1750.89 12954
1750.81 12943.2
1751.19 12977.8
1751.25 12983.4
1751.02 12980.9
1751.01 12974.8
1751.1 12965.6
1753.67 12931.9
1753.67 12958.5
1753.67 12943.9
1753.61 12940.8
1753.58 12940.8
1753.56 12940.6
1753.81 12934.4
1754.08 12898.5
1753.88 12907.8
1753.9 12915.1
1754.02 12920.5
1754.48 12926.6
1754.49 12939.1
1754.52 12946.6
1754.59 12956.1
1754.62 12954.5
1754.63 12946.8
1755.01 12818.9
1755.02 12843.8
1755.03 12834.4
1754.85 12844.2
1754.81 12850.2
1755.09 12845.1
1754.95 12841.1
1754.93 12845.3
1755.01 12848.3
1755.01 12862.4
1755.01 12870.2
1755.22 12853.3
1755.42 12854.6
1755.55 12852.1
1755.55 12855.3
1755.56 12848
1756.73 12937.3
