54.7625 31.5108
70.1626 74.0947
86.6439 221.515
177.177 746.144
183.325 503.83
183.333 471.043
194.706 476.1
197.27 504.204
230.219 741.272
231.215 877.249
277.904 1788.72
278.195 1550.55
309.951 3209.5
314.211 2915.3
314.631 2643.03
326.082 2635.59
355.796 2512.9
355.855 2376.29
357.019 2376.11
389.94 2842.67
445.625 3498.13
456.452 3669.83
455.968 3725.71
466.77 3498.84
516.672 3830.52
526.14 5065.04
525.584 5866.98
529.243 6126.79
529.307 5823.89
530.28 5629.93
541.811 5403.59
554.166 5382.63
559.066 5433.68
561.471 5337.98
566.927 5821.88
579.765 5473.2
606.311 5277.44
606.627 5403.62
623.477 5235.38
627.827 5661.43
629.987 5722.68
637.37 6478.08
643.532 6305.47
648.385 7089.54
669.476 7204.55
667.18 7223.21
673.503 7298.79
673.875 7259.42
673.649 7307.7
674.947 8528.06
695.185 9139.37
702.706 8768.13
709.759 8760.33
711.538 8754.07
713.389 8729.15
717.32 8803.41
719.595 8608.01
718.819 8525.39
721.363 8492.31
727.443 8483.79
727.612 8490.07
725.354 8750.81
736.742 9345.17
751.267 11257
752.173 11588.8
770.593 11675.3
772.593 11453.2
776.471 11209.9
786.594 12101.9
788.983 11498.7
794.902 11872.3
804.831 11394.5
818.547 11421.4
827.763 12891
826.129 12299
823.966 12082.5
822.587 12009.6
820.087 12024.6
821.398 11934.5
823.567 12190
823.303 13514.4
821.935 13209
830.052 13010.7
831.309 12720.4
832.974 12582.1
834.531 12600.2
836.428 12531.3
841.075 12531.8
842.658 13022.4
848.872 12553.3
853.989 12169.2
857.627 12017.3
859.553 11746.2
866.412 11622.8
866.471 11616.8
867.265 11844.3
867.464 11860.4
868.723 12112
876.319 12500.4
876.228 12350.5
876.061 12090.7
878.525 11963.1
881.421 11655.9
879.654 11529
879.705 11733.8
886.581 11803.7
893.111 11754.1
885.149 12952.5
885.438 12752
885.794 12582.7
885.876 12395
891.06 13111.6
891.267 12903.1
891.144 12945.2
891.991 13030.8
894.581 13047.5
898.978 12880.9
899.496 12887.7
899.387 12900
921.719 12706
920.582 12500.6
933.47 12569.3
933.25 12513.8
934.876 12566.1
936.598 12460.9
959.842 12385.9
958.004 12457.6
955.547 12808.2
960.499 13054.1
959.595 12904.7
959.301 12755.2
959.519 12742.2
959.324 12772.9
959.356 12853.7
959.566 12760.5
962.263 12712
962.347 12686.5
958.513 12911.8
957.194 13086
958.017 13068.4
957.962 13018.7
958.132 13184.8
961.26 12987.4
960.661 12941.2
960.659 12922.5
961.082 12898.8
963.557 12896.4
964.364 13003.2
964.359 13028.6
966.635 13019.8
965.875 13000.8
969.336 13083.2
968.553 13155.9
975.219 13113.8
975.213 13243.6
975.268 13215.8
975.415 13168.1
975.516 13155.2
975.621 13115.8
975.238 13192.4
975.166 13116.6
975.58 13087.4
975.586 13076
975.542 13079.2
976.274 13310
975.018 13349.8
977.73 13446.3
978.22 13545
978.708 13547.4
973.293 13841.2
969.829 13861.4
969.802 14055.7
969.87 13781.7
969.888 13727.7
969.865 13693
970.667 13670.9
970.799 13739.5
970.8 13840.1
969.823 13954.2
971.16 14004.1
970.825 14080.3
970.172 14139.8
970.639 14127.7
972.882 14228.3
973.928 14132.4
976.564 14302.4
977.646 14589.8
978.236 14424.2
979.504 14435.9
981.61 14750.4
981.712 14782.6
981.416 14823.8
980.677 14969.1
983.817 15029.1
983.846 15291.2
984.308 15272.4
985.095 15223.4
985.161 15085.4
985.615 15033.5
985.068 15108.4
983.272 15118.1
983.799 15149.2
984.162 15130.5
984.134 15060.2
983.864 15057.5
983.351 15061.8
981.46 15404.3
981.703 15411.6
982.779 15463.4
982.786 15485.9
982.776 15489.3
982.769 15382.7
982.814 15414.8
978.749 15582.2
978.985 15812.5
979.752 15868.5
979.676 15826.1
980.826 16047.2
980.791 16012
981.136 16034.7
985.683 16058.3
983.742 16175.3
983.706 16285.7
983.715 16353.4
985.645 16442.7
985.108 16485.8
985.179 16487.5
985.371 16478.7
985.325 16411.3
985.18 16213.6
983.035 17282
982.582 17159.3
981.992 17096.9
982.081 17113.5
982.153 17066.3
982.32 17044.1
982.515 17037.8
982.234 17080.7
982.528 17051.6
982.527 17215.9
983.398 17161.5
983.61 17154.1
983.645 17073.1
982.129 16963.6
982.061 16896.5
982.516 16850.8
982.346 16849.2
982.345 16907.1
984.098 16988.6
984.574 17025.5
986.34 17070.3
986.611 17151.7
987.297 17182.7
987.621 17410.4
988.188 17480.6
988.604 17391.5
989.084 17317.8
990.33 17216.2
990.519 17209.1
991.397 17212.4
991.354 17225.8
992.801 17193.5
995.849 17252.2
995.841 17199.6
995.778 17187.7
997.028 17101.4
1001.99 17131.3
1003.61 17227.5
1005.66 17391.8
1005.39 17483.4
1005.68 17446.8
1005.25 17445
1005.3 17433.6
1007 17461.6
1011.8 17673.4
1011.42 17847
1012.44 17977.1
1013.12 18001.4
1012.65 17898
1012.75 17766.5
1012.74 17722
1012.8 17695.3
1015.6 17742.1
1016.08 17692.7
1015.06 17905.8
1015.44 17961.2
1015.27 17953.2
1015.91 18056.7
1016.65 17904.9
1015.4 17865.5
1015.35 17862.4
1015.41 17853.3
1015.05 17856.8
1014.95 17845.7
1015.24 17836.2
1016.14 17754.4
1017.14 17762.4
1017.42 17561.5
1017.43 17325.8
1016.97 17085.4
1016.7 16954.5
1017.32 16941.8
1022.44 16972.9
1023.51 16965.7
1021.97 17891.8
1022.39 18018.8
1021.24 17969.9
1022.43 17900.4
1022.99 17812.9
1023.01 17723.1
1024.24 17693.4
1026.31 17916.4
1026.19 18098.8
1025.75 18082.2
1023.88 18050.3
1024.03 18039
1024.05 18086.7
1024.16 18110.2
1024.06 18171.6
1026.33 18187.2
1025.95 18162.6
1024.67 18871.9
1026.16 19156.5
1025.12 19026
1025.44 18932.9
1025.82 18919.1
1026.05 18868.6
1025.08 18797
1025.33 18769
1025.34 18748.5
1025.66 18758.4
1025.8 18816.2
1027.21 18828.2
1027.26 18844.7
1027.1 18842.3
1028.79 18864.2
1028.71 18786.6
1028.65 18761.3
1028.82 18793
1030.08 18909.4
1029.98 18916.2
1029.99 18876.2
1028.76 18820.4
1028.94 18785.6
1028.37 18708.9
1032.84 18722.6
1032.64 18724.1
1032.85 18670.1
1034.07 18716.3
1033.91 18747
1033.64 18930.7
1033.62 18966.3
1033.38 18987.7
1033.46 19013.9
1033.95 18972.4
1034.13 19047.3
1034.16 19072
1034.27 19107.9
1034.35 19080.5
1035.06 19055.6
1035.56 19117.1
1036.75 19081.7
1037 19030.6
1038.36 18981.8
1038.43 18944.1
1038.33 18977.2
1038.49 18974.2
1040.51 19011.8
1040.29 19002.2
1040.3 19017.4
1040.72 19039
1041.95 19061.6
1042.33 19089.8
1042.83 19083
1045.56 19133.5
1048.98 19104.8
1049.01 19062.9
1049.65 19069.1
1049.97 19068.9
1050.05 19089.9
1052.26 19115.1
1052.82 19158.2
1053.51 19162.4
1053.71 19204.1
1053.47 19224.5
1053.47 19238.1
1053.46 19257.4
1054.15 19264.5
1054.43 19295.4
1056.79 19350.6
1058.03 19385.6
1056.72 19425.1
1056.71 19431
1056.59 19445.5
1058.09 19446.6
1057.25 19461.5
1057.64 19493.8
1057.64 19504
1058.17 19561.3
1058.42 19579.3
1058.6 19623
1058.59 19859.2
1057.87 19951.9
1057.9 20068.6
1057.93 20151.3
1057.93 20261.4
1058.22 20269
1058.2 20242.4
1057.82 20307.2
1059.42 20158.1
1059.44 20042.3
1059.53 20006.2
1059.36 19962.1
1060.01 19930.7
1060.27 19912.5
1060.37 19901.4
1061.04 19910.3
1063.75 19881.9
1064 19866.9
1064 19844.1
1063.45 19776.2
1068.24 19843
1068.47 19853.2
1068.81 19891.8
1068.79 19860.5
1068.78 19802.3
1068.75 19828.1
1068.72 19838.5
1069.2 19873.1
1069 19861.8
1069.24 19856.7
1070.3 19858.9
1070.59 19895.2
1070.65 19918.3
1071.09 19901.2
1076.98 20040.3
1077.03 20012.7
1077.06 20072.6
1076.89 20053.6
1076.97 20052.7
1076.94 20102.6
1076.75 20134.6
1076.89 20158.3
1077.05 20128.6
1077.17 20134.5
1079.53 20157.9
1080.89 20153.7
1081.52 20156.4
1082.33 20158.9
1082.29 20163
1082.33 20466.8
1082.36 20344.4
1082.19 20132.8
1081.85 20163.1
1082.13 20123.8
1081.96 20139.8
1081.99 20167.8
1082.84 20040.6
1084.54 20100.6
1084.53 20049.4
1086.18 20069.1
1086.17 20071.7
1087.61 20303.6
1087.46 20347
1087.41 20316.7
1087.36 20300.1
1086.89 20419
1087.61 20507
1087.56 20531.4
1087.75 20498.5
1087.72 20518.2
1087.21 20488.6
1088.3 20534.3
1094.44 20543.3
1096.52 20535.6
1097.5 20420.2
1096.3 20584.7
1096.3 20786.5
1096.36 20817.7
1096.41 20824.4
1096.98 20856.1
1097.3 20865.6
1097.17 20854.7
1097.22 20848.2
1097.36 20812.6
1098.19 20758.9
1098.52 20842.4
1098.63 20854.2
1099.13 20766
1099.24 20782.4
1099.32 20801.2
1099.26 20870.6
1099.88 20885
1099.7 20883.1
1100.1 20900.6
1100.16 20885.9
1099.94 20890.4
1099.78 20856.8
1101.64 20912.7
1102.24 20896.6
1102.4 20883.2
1102.35 20889.9
1102.41 20891.6
1106.74 20928.1
1106.48 20898.4
1106.62 20896
1106.38 20898.1
1105.28 20865.7
1105.75 20861.8
1106.83 20908.2
1106.76 20925.4
1106.81 20926
1105.97 20886.1
1108.17 20839.6
1108.3 20844.8
1109.19 20851.8
1109.29 20860.9
1109.53 20896.1
1109.84 20940.6
1109.56 20960.2
1109.66 20922.2
1109.71 20915.9
1109.62 20933.6
1109.65 20901.6
1109.71 20928.5
1109.48 20902.1
1109.78 20912.9
1110.13 20882.6
1109.84 20813.6
1108.89 20813.8
1109.95 20836.5
1109.88 20847.1
1109.87 20878.1
1110.01 20911.9
1110.04 20921.8
1109.63 20948.4
1108.64 20930
1108.6 20909.1
1110.89 20891.3
1111.24 20860.3
1114.46 21160.7
1114.97 21193.2
1115.03 21163.6
1114.96 21192.8
1115.99 21142.9
1115.99 21113.7
1116.58 21108.2
1116.7 21054.3
1116.85 21024.3
1116.84 20960.1
1116.84 20898.4
1115.61 20884.4
1115.64 20778.9
1115.72 20750.9
1115.89 20722.4
1124.15 20860.3
1124.24 20868.9
1124.66 20790
1124.65 20805.8
1124.74 20817.7
1124.7 20808
1124.65 20814.8
1124.8 20767.2
1124.8 20770.8
1124.83 20806.2
1124.79 20813.5
1126.37 20836
1126.51 20777.6
1126.38 20708.9
1125.83 20662.4
1125.91 20417.6
1127.04 20358.1
1126.16 20326.6
1126.58 20230
1126.42 20263.6
1126.42 20263.9
1126.84 20255
1126.81 20248.9
1126.82 20162.9
1126.86 20180.2
1126.92 20098.4
1127.74 20137.8
1127.8 20119.5
1127.64 20128.4
1130.03 20110.7
1129.82 20099.8
1129.91 20090.3
1128.64 20066.7
1128.39 20103.2
1128.43 20165.2
1128.14 20165.2
1127.99 20182.4
1128 20162
1127.95 20178.3
1128.36 20214.4
1128.34 20242.5
1128.24 20267.4
1129 20274.3
1129.08 20292.2
1129.29 20332
1132.28 20401.9
1132.36 20332.8
1132.47 20396.7
1132.89 20429.9
1133.05 20493.6
1132.84 20544.5
1133.16 20593.4
1133.76 20616.8
1134.21 20590.7
1134.05 20630.5
1134.04 20634.7
1133.92 20634.9
1133.98 20659.4
1133.84 20795.6
1133.79 20929.6
1133.53 20935.8
1133.81 20962.3
1133.78 20942.5
1133.87 20877.1
1134.01 20878.6
1133.83 20880.7
1133.74 20883.7
1133.74 20891.8
1133.94 20942.7
1134.02 20969.6
1134.39 20853.9
1134.39 20709.3
1134.79 20770.6
1134.43 20813.1
1134.74 20826.5
1134.43 20819
1134.44 20806.2
1134.37 20766.5
1134.39 20758.5
1134.42 20749.4
1134.91 20679.9
1134.91 20679
1135.26 20685.3
1135.64 20704.3
1135.61 20707.4
1135.51 20710.8
1135.85 20727
1136.17 20727
1135.39 20727.5
1135.68 20721.8
1135.58 20717
1135.59 20721.9
1136.26 20727
1136.43 20970.2
1136.55 20854.1
1136.6 20787
1136.22 20763.3
1135.67 20891.2
1135.99 20821.3
1137.04 20816.4
1137.32 20748.8
1137.09 20778.3
1137.06 20764.9
1136.97 20662.9
1136.97 20683.6
1136.87 20653.4
1136.85 20675.5
1136.41 20649.4
1136.46 20667.9
1137.34 20715.2
1137.39 20773.9
1137.6 20825.9
1138.2 20838.6
1138.17 20968.3
1138.19 21002.2
1138.04 20995.2
1138.04 20989.8
1137.93 20980.5
1137.99 20973.4
1136.52 20922.6
1136.21 20976.6
1135.95 21031.5
1135.98 21055.7
1136.1 21052.1
1138.33 21022.6
1138.33 21034.4
1138.4 21023.8
1138.38 20999.3
1138.43 20922.9
1138.43 20953.9
1138.97 20984
1139.21 20948.9
1139.14 20859.7
1139.17 20864
1139.79 20878.5
1139.9 20905.9
1139.86 20906.4
1139.56 20939.4
1139.21 20933
1139.49 20921.9
1139.35 20931
1139.34 20929.3
1139.35 20957.2
1139.45 20976.5
1139.09 20987.6
1139.86 20969.5
1139.84 21006.8
1139.87 21026.2
1140.24 21038.9
1140.33 21030.4
1140.35 21071.5
1140.53 20957.6
1140.38 20965.1
1140.68 20952.1
1140.93 20903.4
1141.68 20911.6
1141.66 20903.1
1141.68 20893.9
1141.45 20907.7
1141.43 20929.7
1141.42 20945.1
1141.35 20977.7
1141.41 20992.4
1141.47 21029.5
1141.62 21044
1141.62 21056.8
1141.69 21040.4
1141.81 21030.3
1143.1 21053.3
1143.82 21066.6
1143.3 21091.4
1142.7 21064.5
1143.52 21075.9
1143.64 21075.4
1143.61 21153.3
1143.61 21149.1
1143.63 21131.5
1143.79 21164.9
1143.8 21132
1143.79 21123.6
1143.92 21122
1143.92 21117.2
1143.59 21188.9
1143.59 21159
1143.81 21113
1143.78 21106.7
1144 21112.7
1143.86 21030.9
1143.72 20987.5
1145.24 20941.5
1144.99 20944.9
1144.96 20910.1
1144.71 20929.7
1144.71 20926.8
1144.67 20904.5
1143.88 20901.9
1143.75 20869.2
1143.09 20821.8
1144.06 20713.4
1144.35 20630.2
1144.83 20636.5
1144.82 20670.1
1145.27 20676.8
1145.04 20685.4
1144.8 20665.6
1144.79 20660
1144.9 20653.7
1144.37 20681.5
1146.02 20753.7
1146.01 20750.6
1146.31 20739
1145.88 20704.3
1145.81 20712.3
1146.31 20677.3
1146.5 20656.6
1146.77 20671
1147 20646.9
1147.27 20705.7
1149.58 20763.6
1150 20798.6
1149.97 20783.2
1149.95 20779.4
1149.98 20768.4
1149.8 20723
1149.85 20697.7
1150.03 20723.1
1149.91 20710.4
1150.1 20734.2
1149.96 20715.8
1149.99 20705.9
1150.25 20718
1149.97 20716.3
1153.75 20833.6
1152.77 21136.8
1152.91 21191.8
1152.99 21325.2
1153 21339
1153.01 21326.2
1153 21309.2
1153.7 21285.9
1153.7 21305.4
1153.59 21297.8
1154.12 21303.2
1154.75 21301.6
1154.66 21333
1154.63 21311.4
1154.59 21295.1
1155.03 21288.6
1154.87 21309.5
1155.72 21303.5
1154.55 21293.6
1154.55 21274.7
1154.36 21263.2
1154.32 21277.5
1154.96 21297.2
1154.85 21286.2
1154.81 21281.6
1155.18 21257.5
1155.34 21215.4
1155.34 21211.3
1155.2 21233.7
1154.82 21239.6
1154.82 21260.5
1155.28 21313.4
1155.06 21172.6
1155.05 21265.2
1154.38 21296.4
1155.17 21328.3
1155.26 21358.8
1155.19 21361.4
1155.63 21321
1155.94 21308.8
1156.14 21303.3
1155.85 21287.3
1155.62 21448.6
1155.61 21457
1155.57 21436.4
1155.78 21441.8
1155.77 21450.1
1155.85 21447.4
1155.7 21466.2
1155.65 21488.3
1155.54 21489.1
1155.26 21468.4
1155.37 21473.3
1155.43 21453.2
1155.56 21473.2
1156.07 21496.5
1154.74 21576.3
1154.63 21581.8
1154.52 21588.6
1155.02 21563.8
1154.92 21587.6
1154.9 21564.5
1154.97 21526.6
1154.97 21503
1155.05 21480.3
1154.9 21474
1155.6 21383.4
1155.97 21197.8
1155.66 21153.6
1156.22 21136.2
1156.27 21114.3
1156.27 21080.7
1156.35 21058.1
1156.34 21059.8
1156.31 21055.5
1156.3 21042.9
1155.97 21033.9
1156.45 21058.3
1156.3 21099.9
1156.28 21108.1
1156.48 21127.1
1156.5 21141.8
1157.05 21111.5
1157.6 21104.5
1157.67 21125.7
1157.84 21130.9
1157.86 21125.4
1158.89 21262.4
1158.91 21268.6
1158.88 21229.8
1158.86 21134.7
1159.54 21116.2
1159.58 21076.4
1159.27 21092.7
1159.36 21113.2
1159.36 21121.8
1159.57 21148
1159.85 21153.9
1160.02 21170.7
1160 21186.2
1160.02 21193.6
1159.97 21128.7
1160.52 21145.8
1160.03 21202.1
1160 21297.8
1159.96 21292.7
1160 21263.8
1159.96 21232.7
1160.25 21256.4
1160.78 21310.8
1160.98 21314.2
1160.92 21269.5
1161.03 21269
1161.04 21258.8
1161.66 21278.6
1161.69 21280.4
1161.58 21265.4
1161.71 21298.8
1161.77 21285.8
1161.96 21285.4
1161.94 21310.9
1161.98 21313.1
1162.2 21319.3
1162.2 21300.2
1162.57 21333.1
1162.6 21363
1162.54 21381.9
1162.75 21382.2
1162.98 21351.8
1163.28 21334.2
1163.47 21382.1
1163.85 21425
1163.75 21383.6
1163.81 21396
1163.79 21401
1163.47 21388.6
1166.16 21476.9
1165.5 21494.1
1165.27 21537
1165.28 21556.7
1165.2 21586.2
1165.34 21588.6
1165.57 21588.7
1165.75 21596.6
1165.7 21575.8
1165.91 21577.3
1165.8 21593.4
1165.91 21588.7
1166.51 21576.5
1166.68 21596
1166.82 21584.4
1168.11 21786.1
1167.38 21851.8
1167.38 21945.2
1167.41 21952.7
1166.4 21938.9
1166.97 21995.7
1167.11 22108.7
1167.1 22121.5
1166.97 22172.5
1166.82 22220.6
1166.99 22228
1167.04 22071.5
1167.02 22054.3
1166.83 22064.4
1166.83 22071.7
1169.9 22052.8
1170.04 22012.6
1170.05 22021.6
1170.23 22050.1
1170.21 22054
1170.35 22043.4
1170.56 22045.2
1170.54 22070.7
1170.4 22062.9
1170.25 22050.4
1170.2 22058.9
1169.93 22124.1
1170.95 22172.2
1170.91 22156.8
1171.19 22121.3
1171.22 22197.1
1171.23 22225.1
1171.05 22242.2
1170.99 22246.7
1171.15 22266.8
1172.43 22329.8
1172.54 22308
1172.99 22331.8
1172.96 22351
1173.1 22350.4
1173.31 22342.7
1173.12 22332.1
1172.69 22218.8
1172.89 22194.1
1172.71 22197.3
1172.98 22198.6
1172.6 22166
1172.59 22173.7
1174.63 22205.5
1175.12 22208.3
1174.91 22178.4
1174.91 22189.6
1174.64 22190.6
1174.21 22145.6
1174.65 22132.5
1174.78 22131
1174.77 22132.3
1174.62 22077.4
1174.73 22080.3
1174.42 22079.8
1174.2 22061.4
