140.393 76.4894
140.505 76.5302
193.94 445.075
196.825 255.024
199.772 293.905
228.61 1103.85
273.671 2592.97
280.874 1957.74
280.252 1535.51
282.868 1309.83
283.237 1145.94
285.796 1265.93
314.231 1891.3
330.09 1709.56
330.07 1562.1
330.818 1483.61
335.8 1596.34
358.473 1618.89
367.703 1761.7
367.841 1795.09
374.278 1820.63
375.867 1808.19
376.52 1970.41
382.504 1797.4
402.359 1843.89
402.74 1816.92
415.956 2451.41
419.001 2236.54
420.234 2164.96
420.358 2156.05
423.892 2232.61
438.768 2082.47
438.757 2159.88
439.741 2202.58
456.706 2700.99
499.317 2646.42
499.203 2521.55
504.864 2693.02
516.071 2871.71
527.138 2965.95
527.868 3489.45
533.049 3470.61
538.327 3765.6
534.854 3915.62
535.158 4028.31
536.802 3906.79
538.534 3875.17
533.631 3946.69
546.249 3955.98
550.636 4202.82
558.596 4916.95
563.714 5499.3
562.646 5096.19
563.328 4914.3
571.575 5473.68
587.338 5262.18
594.372 5053.76
608.326 4735.39
609.771 4933.27
611.051 5053.23
625.629 5232.42
626.003 5409.78
626.544 5534.92
627.847 5643.51
630.777 5560.88
630.391 5857.83
634.983 6489.16
637.117 6319.75
637.307 6288.83
637.386 6275.83
638.619 6330.59
638.134 6308.05
636.47 6243.3
643.044 6452.26
638.284 7017.43
639.322 6867.89
633.712 7097.02
632.863 7226.41
645.167 7880.03
644.543 7669.61
645.558 7611.44
645.6 7522.21
648.959 7571.49
648.98 7531.1
652.435 7728.51
654.709 7888.67
657.932 7797.47
659.301 7783.6
659.567 7753.91
663.495 8114.32
663.36 8219.1
665.306 8123.93
665.777 8067.72
673.589 7984.57
674.599 7950.87
675.334 8027.01
679.998 8174.42
680.142 8080.65
691.857 8000.95
701.145 8094.32
702.335 8191.83
707.597 8184.45
712.025 8280.88
720.396 8204.17
721.583 8421.65
724.793 8460.29
729.784 8503.34
731.298 8518.42
731.81 8511.32
734.649 8492.85
745.803 8533.16
745.732 8639.04
744.836 8478.78
744.025 8597.58
746.207 8574.3
746.26 8716.56
745.451 8892.35
747.249 8937.95
746.271 8995.57
747.008 8972.68
745.726 9020.94
744.492 9021.5
743.938 9058.9
743.95 8995.78
756.126 9096.66
767.34 9338.32
767.318 9687.99
767.937 9661.46
766.475 9616.31
771.917 9836.04
772.678 9898.93
770.15 10064.5
765.72 10537.1
766.041 10468.3
766.07 10379.9
766.98 10350.7
758.103 10797.9
758.259 10834.6
758.22 10810.3
757.653 10781.9
758.338 10738.5
769.626 10718.9
769.577 10722.7
768.687 10659.6
767.809 11299.6
768.308 11226.6
768.677 10654.3
768.371 10584.7
768.213 10582
776.392 10563.8
774.909 10678.6
777.287 10885
778.693 10967.2
778.554 11004.2
781.982 11032.7
782.211 11036.7
783.385 10994.1
783.86 10987.5
783.848 11093.9
786.921 11249.4
787.389 11376.5
788.548 11427.8
790.541 11521.1
790.067 11522.4
791.051 11559.6
790.863 11551.4
791.569 11366
791.328 11378.6
789.846 11343.6
792.153 11271.2
791.111 11257.4
798.674 11096.8
800.339 11109.6
800.891 11074.3
801.038 11032.5
802.631 10976.4
801.364 11707.7
799.586 11451.5
798.847 11448.5
800.464 11448.1
800.756 11362.9
800.815 11288.4
804.174 11259.8
806.332 11247.8
806.3 11220.8
806.907 11224.3
808.206 11303.3
807.89 11413.5
808.094 11408
808.386 11433
808.342 11456.6
806.561 11512.4
807.001 11456.3
806.972 11483.6
806.146 11474
806.461 11410.9
806.51 11388.3
810.326 11757.2
810.26 11697.9
812.148 11792.3
812.267 11847.8
812.173 11889.8
811.733 12048.1
814.188 12007.5
811.885 12046.3
812.144 12028.2
812.159 11986.4
809.884 12001.4
807.707 11943.2
806.56 12074.6
806.835 12046.3
809.564 12192.8
809.753 12189.6
810.401 12216.4
811.179 12329.5
813.268 12328
814.119 12423.3
812.841 12758.4
812.89 12738.4
812.745 12763.7
816.902 12439.6
815.866 12437.4
815.665 12450.2
814.808 12371.6
815.239 12331.4
815.126 12270.8
815.387 12224.6
817.21 12147.2
814.18 12202.8
814.427 12149.6
824.544 12075.1
823.735 12427.2
823.732 12400.5
823.41 12356.7
822.581 12360.5
822.567 12318.9
822.367 12416.9
823.975 12447.4
824.079 12417.3
823.115 12406.7
821.53 12371.9
822.195 12364
822.17 12384.2
823.402 12426.9
823.551 12447.3
823.932 12485.3
824.056 12500.4
824.428 12518.4
823.888 12505
823.562 12455.3
824.134 12453
824.042 12423.5
824.263 12401.4
823.834 12422.8
824.291 12440.1
823.928 12399.9
822.531 12403.6
822.056 12468.9
822.305 12576.5
821.974 12523.3
822.44 12284.1
824.347 12256.6
823.93 12342.8
823.554 12432.5
823.421 12394.4
825.817 12467.9
825.804 12509.8
826.4 12991.1
826.821 12885.6
828.77 13012.6
829.03 13131.5
829.22 13151.4
829.216 13156.2
830.149 13172.6
830.172 13198.4
831.848 13204.4
833.262 13191.7
838.198 13334
837.847 13466
837.87 13276.5
838.455 13255.6
838.546 13275.4
838.884 13282.5
840.072 13459.7
839.373 13579.9
840.421 13446.6
840.38 13499.6
840.33 13471
840.181 13399.2
840.147 13376.8
842.165 13344.1
842.275 13357.8
842.474 13393.4
842.194 13457
841.339 13518.9
841.346 13564.4
842.623 13630.6
841.09 13913
840.894 13952.9
841.009 13855.3
840.632 13900.8
840.146 13917.3
839.15 14082
838.151 14297.6
838.013 14289.1
842.168 14405.6
842.239 14487
842.592 14543.9
842.245 14554.5
843.588 14573.3
844.628 14566.4
844.702 14541.6
845.345 14572.3
845.659 14599.8
848.395 15072.7
848.641 14816.3
850.841 14638.5
850.48 14533.6
850.806 14424.3
850.54 14457.8
849.855 14464.8
849.641 14570.6
851.754 14618.8
853.897 14720.4
853.825 14766.5
853.085 14853.3
853.071 14858.9
853.158 14866.1
854.127 14938.3
855.334 14837.5
866.68 14998.1
866.637 14910.3
866.923 14920.7
867.16 14918.5
867.086 14949.2
868.15 14994.3
868.273 15121.8
868.659 15082.3
868.429 15117.7
872.839 15164.2
872.578 15146.1
872.427 15149.1
871.9 15166.9
869.286 15382.1
869.647 15438.8
869.716 15496.8
873.592 15597.3
873.511 15626.5
873.392 15544.2
872.124 15455.5
872.277 15527.8
872.302 15514.3
872.044 15464.1
868.818 15442.9
869.405 15500.6
870.288 15568.7
869.631 15564.6
869.725 15594.5
870.857 15905.9
872.188 15882.8
871.901 15906
871.688 15928.3
872.953 16058.7
872.902 16022.4
874.563 16028.1
874.783 16011.2
874.66 16004.6
876.859 16150.7
877.304 16082
876.544 15997.4
876.382 16054.9
876.364 16106.4
875.985 16154.4
875.838 16209.9
876.014 16264
875.796 16334.9
875.372 16302.9
875.409 16316.5
875.585 16336.8
875.278 16323.3
874.968 16316.9
870.912 16368.6
870.267 16486.1
870.835 16431.7
871.005 16366
871.038 16332.5
871.317 16329.2
871.078 16295.3
871.82 16296.2
871.427 16298
871.554 16259.6
871.838 16198.5
871.984 16143.7
871.985 16127
872.654 16160.3
872.868 16162.1
872.971 16146
873.625 16169.6
877.553 16196.5
878.226 16065.7
878.622 16046.7
878.847 16021.9
878.692 16009.1
879.836 15998.7
879.927 15973.9
879.735 15977.9
879.915 16000.4
880.912 15908.4
880.786 15905.8
881.064 15869.3
881.36 15821.9
881.334 15819.8
881.429 15843.8
884.453 16114.3
883.96 16146.7
884.485 16160.1
884.52 16154.9
884.529 16186.1
884.226 16275.9
886.173 16411.1
886.396 16341.8
888.035 16330.1
888.145 16293.5
888.898 16314.1
888.97 16314.2
888.885 16305.6
888.677 16286.9
889.354 16264.6
889.768 16215
889.769 16208.8
891.172 16209.8
891.555 16180.3
892.219 16160.8
892.377 16134.9
892.565 16138.8
892.479 16142.8
892.599 16159.3
892.14 16155.2
892.224 16090
891.926 16102.5
891.979 16142.1
892.138 16200.7
893.459 16263.5
893.667 16301.4
894.348 16320.4
894.866 16285.3
895.755 16404.4
896.084 16319.9
896.273 16302.2
896.37 16310.5
897.026 16239
897.873 16265
898.986 16330.2
900.202 16285.6
900.894 16353.2
900.737 16326.4
901.123 16344.4
901.306 16347.8
900.97 16605.3
900.989 16603
900.845 16599.3
901.245 16629.8
901.184 16644.6
900.587 16631.6
900.656 16626.4
901.752 16651
901.863 16670.8
901.906 16683.8
904.361 16744
905.866 16855.8
906.314 16796.8
906.635 16728.6
907.563 16750.7
907.571 16669.2
907.18 16644.8
907.179 16624
907.166 16615.1
907.156 16640.8
907.547 16663.6
907.3 16786.7
907.228 16807.6
907.216 16826.9
907.264 16824
907.75 16823.8
907.428 16803.4
908.427 16837.2
909.396 16906.5
908.721 16853.8
908.235 16827.4
907.742 16843.2
907.807 16869.1
907.803 16859
907.922 16855.5
907.724 16839.2
907.541 16834.2
907.753 16840.7
906.772 16799.8
907.528 16701.5
909.8 16766.9
909.776 16787
910.235 16804.6
910.259 16835.6
910.285 16863.2
910.717 16859.6
910.966 16859.8
910.986 16830.5
911.444 16846.2
911.767 16874.3
911.767 16865.2
917.222 16925.4
917.696 16731.9
918.241 16750
918.224 16818.8
917.79 16839.8
918.511 16816.6
921.674 16868.9
921.658 16940.6
921.743 16990
922.15 16982.2
922.378 16997.6
922.537 17013.3
923.771 17045.5
924.051 17088.5
924.084 17107.3
924.197 17090.1
925.476 17143.4
925.666 17163.8
925.738 17168
925.659 17158.4
925.773 17135.8
925.333 17059.7
923.356 17040.1
923.369 17039.4
923.07 17029.3
923.057 17026.4
920.713 17211.1
920.708 17199.9
921.942 17126.7
921.976 17092.2
921.988 17068.6
921.262 17092.8
920.916 17072.3
922.225 17062.5
922.383 17070.9
922.642 17068.6
922.833 17130.6
923.346 17170.4
923.384 17275.7
923.321 17138.8
925.988 17164
928.995 17218.1
928.05 17266.8
927.84 17235.2
927.817 17200.6
928.639 17301.9
928.076 17312.7
930.12 17352.7
930.367 17361.5
929.692 17371.7
929.534 17463.5
929.529 17463.9
929.786 17473.9
929.781 17484.8
929.647 17463.1
929.663 17438.8
932.545 17478.6
932.564 17511.5
932.313 17481.3
933.018 17499
932.837 17492.4
932.835 17466.6
934.275 17550.1
933.915 17532.5
933.561 17555.4
933.535 17591.2
933.462 17621.3
933.45 17639.3
934.588 17685.2
933.753 17686.8
933.754 17705.8
933.993 17625.5
934.097 17684.8
934.679 17766.8
934.492 17818.4
934.982 17889.4
934.904 17888.5
935.123 17928.4
936.046 17928.8
935.629 17940.6
935.676 18019.5
935.877 17886.6
936.382 17747.7
936.164 17722.2
936.107 17735.4
935.127 17774.7
935.209 17783.4
935.253 17844.7
935.525 17877.6
936.747 17944.2
936.748 17943.4
936.91 17957.2
937.65 18026.1
938.921 17996.6
938.873 18058.7
938.672 18114.7
938.482 18062.4
937.971 18072
938.658 18138.3
938.791 18100.6
939.498 18180.3
939.269 18169.8
939.283 18146.4
939.105 18120.2
939.236 18072
939.108 18102.6
939.1 18112.5
939.378 18113.1
938.73 18089.5
938.708 18140.6
937.749 18174.3
936.464 18186
936.393 18147.5
937.041 18148
937.095 18106.3
937.399 18137.2
939.07 18165.1
939.298 18116.5
939.874 18110
941.687 18191.6
941.547 18252.5
941.596 18267.4
942.562 18290.1
943.276 18328
943.717 18409.9
943.609 18403.1
943.739 18395.2
943.331 18386.1
943.296 18385.7
943.254 18382.5
944.685 18391.9
944.872 18422.8
945.336 18470.8
944.637 18364.5
944.302 18362.3
944.31 18395.5
944.791 18415.1
945.042 18452.7
945.015 18484.8
945.417 18518.3
945.603 18543.8
945.369 18586.2
945.238 18600
945.169 18607.9
945.112 18599.8
945.16 18615.4
945.259 18598.3
945.016 18575.5
945.509 18583.4
945.562 18503.9
945.446 18509.8
945.743 18520.4
947.089 18506.8
946.076 18549.9
946.084 18569.8
946.861 18551.8
946.794 18505.7
946.774 18496.9
947.091 18493.4
947.585 18543.7
947.559 18527
947.576 18530.9
947.583 18544.9
947.572 18518.6
948.38 18495.4
948.192 18477.5
948.422 18458.2
948.312 18445
948.435 18453.9
948.448 18459.5
948.565 18462.2
948.535 18454.5
948.488 18451
948.314 18465.6
948.393 18429.9
948.518 18427.9
948.994 18459.2
949.075 18457
949.657 18459.7
949.278 18480.5
949.642 18497.6
949.642 18514.2
950.223 18539.2
950.089 18518.8
949.934 18545.2
949.886 18544.1
949.327 18550.8
949.395 18579
949.346 18585.3
949.311 18591.3
949.239 18602.7
948.817 18622.4
948.9 18651.1
949.738 18681.9
949.714 18679.9
950.714 18687.9
950.646 18665
950.134 18707.3
950.198 18680.9
950.362 18652.1
950.275 18655.4
949.992 18625
950.078 18671
950.134 18727.1
950.233 18747.2
950.574 18727
950.792 18727.7
951.118 18686.7
950.989 18660.6
951.766 18751
951.378 18809.5
951.418 18811.4
951.558 18819.5
951.537 18799.4
951.543 18800.1
951.62 18809.6
951.666 18802.8
951.622 18806.7
951.612 18801.6
951.432 18791.4
951.366 18765.9
951.282 18777.2
951.293 18760.9
951.168 18752.3
952.924 18733.7
954.222 18820.2
955.135 18833
955.151 18855.5
955.264 18871.3
955.513 18879.6
955.492 18892.8
955.484 18906.9
955.456 18924.9
955.459 18927
955.474 18918.8
955.74 18953.9
955.205 18962.2
954.171 18932.8
954.239 18915
954.173 18901.5
955.087 18929
955.181 18904.3
955.19 18908.6
956.351 19014.2
956.199 18974.8
956.599 19015.7
956.526 18981.2
956.858 18962.6
957.187 18951.7
957.233 18927.2
957.875 18983.5
957.919 18970
957.918 18965.9
960.243 19017.3
960.748 19034
959.2 18959
959.236 18941.3
959.543 18942.9
959.598 18921.1
959.481 18933.2
959.479 18949.8
959.237 18971.4
959.377 18976.8
959.14 18986.8
959.31 18986.9
959.367 18978.9
959.464 18977.1
959.389 18967.7
959.56 19061.1
959.477 19065.9
960.085 19086.3
960.14 19081.4
959.546 19105.9
959.704 19077.1
959.562 19113.2
959.609 19039.5
959.201 19042.6
959.195 19049.5
959.193 19017.9
959.392 19020.1
959.242 19023.3
959.184 19021.8
959.317 19022.1
959.208 19130.9
959.519 19211.1
959.429 19222.8
959.516 19218.3
959.515 19201.8
959.654 19184.8
959.057 19176.7
959.467 19174.6
959.517 19170.5
959.353 19179.1
959.1 19230.3
959.083 19236.2
958.964 19249.1
959.368 19249.5
959.482 19335.3
959.243 19366.7
959.233 19351.6
959.256 19352.3
959.366 19344
960.098 19363
960.715 19323.9
960.903 19352
960.925 19348
960.804 19347.8
960.65 19367.5
960.561 19363.5
961.657 19437.7
961.856 19390
961.982 19361.9
962.012 19359.6
961.905 19362
962.54 19388.4
962.214 19363.9
962.042 19355.5
961.871 19366.8
961.96 19340.5
961.579 19448.1
962.439 19452.4
962.342 19677.5
962.417 19664.2
962.578 19665
961.674 19677.8
960.931 19743.1
960.744 19745.6
960.804 19771.9
960.796 19809
960.679 19768.8
960.674 19773.2
960.608 19786.3
960.526 19776.7
960.538 19781.5
964.732 19905
965.345 19945
965.514 19946
965.493 19958.1
965.43 19940.9
965.563 19945.2
968.618 20121.7
968.225 20081.7
967.912 20112.9
967.631 20084.3
968.193 20081.5
968.745 20102.9
968.766 20111.7
968.776 20132.3
968.825 20155
966.549 20140.4
966.698 20191.2
966.778 20208.7
967.962 20258.3
969.584 20208.6
969.636 20184.4
969.766 20223.2
969.781 20172.1
969.993 20163.8
970.095 20170.2
969.856 20171.5
969.932 20170
970.324 20173.6
970.129 20234
972.881 20217.5
973.328 20222
973.977 20258.3
974.013 20246
974.223 20213.6
974.671 20204.9
974.387 20242.5
974.337 20169.7
975.211 20226.3
975.119 20170.2
975.234 20164.3
975.318 20211.1
975.384 20201.2
975.536 20222.8
975.586 20222.1
976.328 20228.1
976.239 20246.6
977.719 20262.8
977.623 20262.5
977.221 20334.4
978.527 20416.5
978.635 20390.5
978.779 20376.4
979.112 20394.6
978.083 20412.9
980.242 20392
980.067 20354.3
980.26 20375.6
980.255 20395.8
980.347 20406.9
980.314 20413.4
980.908 20430.7
980.581 20442.4
980.486 20468.7
980.926 20490.8
980.204 20456.5
980.145 20469.2
980.176 20510.6
980.175 20329.7
981.705 20356
982.211 20360.3
982.392 20355.8
981.707 20302.2
981.831 20271
981.22 20306.3
981.396 20325.9
981.323 20341.4
981.543 20360.6
981.425 20372.2
981.184 20415.5
981.185 20419.2
981.154 20427.3
981.513 20431.3
981.521 20446.1
981.552 20435.8
984.027 20398.3
983.918 20396.1
983.946 20381.8
983.879 20390.1
984.814 20454.6
984.818 20444.2
984.477 20449.6
984.475 20456.3
984.415 20451
984.267 20524.6
984.172 20547.5
984.582 20552.7
984.629 20593.3
984.657 20626.9
984.614 20573.1
984.612 20556
984.679 20547.7
984.564 20560.7
984.431 20556.1
985.472 20631.4
985.381 20515.1
985.317 20505.8
985.08 20473
984.851 20478.8
984.95 20508.2
985.404 20527.9
985.424 20503.6
985.231 20519.2
985.189 20727.8
986.144 20769.1
986.141 20637.5
986.197 20551.4
986.251 20548.7
986.254 20554.8
986.145 20565.1
986.149 20582.2
986.142 20625.3
986.137 20567
986.092 20564.7
986.405 20547.4
986.421 20484.3
986.418 20408.1
986.545 20442.8
986.593 20448.7
986.426 20460
986.418 20472.9
986.411 20466.8
986.357 20469.9
985.884 20428.5
985.79 20389.6
986.395 20400.1
986.252 20372.5
986.744 20382.9
986.775 20377.2
986.725 20480
986.579 20461.5
986.607 20476.5
986.973 20510.8
986.938 20490.6
986.937 20542.2
986.746 20541.5
987.855 20552.7
987.6 20553.6
987.241 20631.2
987.384 20569.1
987.567 20575.9
987.525 20589.4
987.293 20595.7
987.272 20605.9
987.258 20622.3
987.428 20641.7
987.44 20635.1
