62.9083 252.179
129.166 340.294
156.355 368.151
177.108 641.245
187.054 592.743
196.307 912.389
197.382 648.499
288.811 2915
387.933 1271.58
420.082 1415.35
453.291 1882.59
476.817 1992.23
469.955 2207.87
473.723 2634.17
510.964 2786.9
510.463 2560.49
519.69 2628.1
519.784 2613.01
533.399 2707.89
534.203 2996.38
600.845 3745.56
605.283 3592.32
610.276 3624.93
612.301 3603.66
612.314 3566.57
612.321 3582.97
618.939 3539.09
651.407 3740.72
657.12 3899.29
669.567 3903.12
669.593 4124.58
696.138 4217.49
697.362 4916.34
698.683 4762.2
699.959 4697.77
715.649 5306.73
711.303 6218.51
734.723 6311.88
747.327 6255.22
760.792 6790.31
760.997 6475.67
787.549 6920.25
785.955 8067.54
785.019 7919.16
784.928 7838.25
783.948 7844.01
782.797 7994.82
784.511 7631.76
788.143 7662.34
791.61 7533.26
793.163 7616.32
796.369 7542.18
796.927 7533.88
810.222 7681.72
810.656 7591.39
813.517 8036.38
816.627 7936.54
828.029 7841.67
827.332 7954.92
827.61 7899.3
828.828 7870.51
835.966 7765.15
837.338 8122.01
875.451 9011.74
873.911 8636.91
875.317 8370.08
877.8 8163.89
880.947 7902.97
881.472 7751.84
887.105 7706.77
886.94 7928.09
886.059 7990.74
880.343 8038.36
881.104 7990.23
878.748 7916.18
874.458 8190.84
868.696 8633.84
869.187 8853.55
869.524 8922.91
868.105 9039.47
868.258 9099.41
869.57 9180.86
881.621 9271.96
881.434 9001.59
881.442 9030.28
886.385 9028.15
889.404 8941.91
893.185 8818.95
901.934 8826.57
901.16 8625.43
916.829 8455.49
918.069 7999.15
917.469 8076.34
929.089 7997.35
932.607 7887.68
937.758 7984.31
937.707 7977.07
936.168 7948.09
936.068 8034.76
942.464 8555.62
947.86 9468.31
956.736 9273.75
957.38 8809.42
970.94 8577.82
970.319 8605.3
987.516 8806.81
992.91 8651.29
992.913 8501.2
995.346 8374.47
993.994 8092.59
994.297 8080.32
995.739 8049.3
994.219 8347.16
994.911 8146.93
995.499 8077.6
995.24 8404.66
995.142 8233.9
997.502 8169.2
1001.76 8335.85
1002.08 8460.98
1007.19 8539.85
1008.08 8506.09
1008.13 8524.98
1008.13 8592.67
1009.81 8630.12
1009.3 8646.04
1008.79 8649.87
1009.6 8647.35
1009.21 8510.91
1010.29 8517.69
1011.87 8535.49
1012.16 8545.5
1012.46 8512.68
1012.55 8496.66
1012.64 8459.97
1013.73 8745.83
1013.73 8746.15
1016.07 8715.21
1016.87 8608.58
1017.21 8606.61
1017.53 8615.21
1020.62 8581.35
1021.96 8637.04
1022.84 8631.6
1026.44 8581.08
1027.47 8603.92
1027 8646.23
1027.94 8674.14
1032.37 8758.64
1033.94 8866.23
1033.67 8929.91
1034.05 8960.23
1034.81 8988.34
1034.86 9039.11
1034.77 9040.38
1035.85 8977.38
1036.5 8953.63
1035.42 8943.13
1035.41 8919.39
1036.07 8917.35
1037.34 8918.22
1036.06 8920.76
1035.82 8918.8
1036.4 8951.22
1036.79 8982.27
1040.86 9818.56
1041.95 9699.09
1042.18 9570.89
1044.98 10147.3
1047.02 9522.78
1046.48 9379.96
1047.46 9312.25
1048.87 9207.85
1048.15 9256.89
1048.69 9255.2
1049.88 9247.56
1049.73 9246.1
1053.45 9721.3
1054.73 9874.31
1054.47 9934.7
1053.98 9963.32
1054.45 10014.6
1056.23 10177
1055.97 10235.6
1056.51 10363.6
1056.43 10351.1
1054.52 10476.5
1054.24 10519
1054.39 10514.3
1052.67 10478
1053.29 10489.8
1053.81 10517.7
1056.6 10440.9
1057.61 10430.8
1058.06 10431.3
1058.67 10408.7
1057.73 10617.6
1059.08 10897.4
1058.61 10714.9
1059.45 10886.1
1059.67 10841.9
1059.52 11103.4
1059.47 11203.7
1060.2 11228.2
1060.16 11353.8
1058.52 11870.1
1059.39 11861
1059.37 11835.6
1062.1 11875.2
1061.56 11899.1
1061.82 11917.3
1063.87 12025.4
1065.45 11953.7
1065.45 11975.2
1065.49 11980.1
1065.47 11987.9
1064.97 11966.3
1065.59 11975.5
1066.26 12066.4
1066.08 12034.6
1065.77 12000.1
1066.43 11951.5
1066.55 11951.4
1066.4 11862.5
1066.57 11894.5
1065.32 11873.8
1084.22 11627.9
1084.6 11615.4
1084.27 11606.1
1084.7 11564.2
1084.51 11518.8
1085.16 11478.9
1085.07 11440.6
1084.34 11426.3
1084.33 11408.8
1083.78 11413.2
1083.81 11407.2
1083.89 11516.4
1084.63 11497.5
1085.29 11529.8
1084.88 11425.6
1085.94 11493.3
1087.4 11488.2
1087.92 11497.2
1087.85 11561.9
1087.92 11615.8
1087.62 11662.9
1086.23 11737.7
1086.3 11797.7
1086.57 11800.4
1087.19 11814.5
1087.51 11791.9
1087.6 11849.3
1087.3 11843.4
1087.75 11862.1
1087.95 11881.5
1089.24 11812.1
1088.96 11824.9
1089.3 11777.2
1089.73 11788.1
1089.88 11788.9
1089.84 11816.1
1089.96 11835.5
1090.45 11846
1091.15 11841.7
1091.11 11824.5
1092.43 11794.9
1092.4 11800.7
1090.96 11787.1
1090.26 12046
1096.39 11878.5
1096.16 12010.2
1097.05 12030.8
1099.14 11985.7
1099.22 12005.7
1102.33 12073.1
1101.28 12159.3
1101.35 12185
1101.56 12190.8
1101.96 12182.5
1102 12162.1
1100.5 12159.9
1099.27 11981.1
1100.35 12062.3
1100.36 12001
1101.07 11974
1101.95 11973.8
1101.88 12026.9
1102.05 12095.5
1102.66 12122.4
1102.88 12116.9
1101.7 12120.2
1101.12 12113.6
1101.06 12103.4
1101.67 12078.6
1100.97 12069.5
1100.96 12032.6
1101.2 12041.5
1101.31 12043.9
1101.31 12052.6
1101.25 12026.3
1101.3 12033.2
1101.6 12041.8
1101.62 11904.7
1102.94 11949.5
1102.97 11990.6
1102.76 12021.3
1103.06 12039.6
1103.39 12065.2
1103.6 12095.9
1103.29 12121.1
1103.01 12137.8
1101.5 12162.5
1101.55 12267.2
1101.51 12319
1100.91 12348.5
1101.32 12378.7
1101.2 12342.9
1101.28 12310.6
1102.33 12350.1
1102.46 12326.5
1102.69 12308.8
1102.64 12314.7
1102.6 12323.6
1102.4 12349.1
1102.04 12358.6
1101.98 12376.5
1102.03 12383.2
1102.07 12388
1102.38 12376.9
1102.08 12417.7
1102.26 12413.5
1101.96 12410.9
1102.19 12400.6
1102.02 12434.5
1101.93 12426.2
1099.66 12411.3
1100 12495.3
1099.91 12473.9
1099.91 12482.2
1100.3 12513.5
1099.95 12520.7
1099.91 12518.7
1099.89 12518.9
1099.34 12462.9
1102.04 12490.9
1102.82 12502.1
1103.49 12587.6
1102.7 12600.2
1102.9 12621.1
1102.79 12663.3
1102.75 12691
1103.77 12690.2
1103.66 12689.9
1103.95 12751.4
1103.39 12782.3
1103.1 12904
1104.31 12849.5
1104.07 12689.6
1103.54 12670.2
1104.25 12634.3
1105.41 12561.3
1105.75 12537.4
1105.96 12519.3
1106.1 12482.4
1106.13 12511
1105.05 12465.7
1105.03 12483.6
1105.01 12451.3
1105.08 12426
1105.13 12395
1104.88 12375.3
1104.5 12312.2
1108.32 12215.2
1108.19 12169.3
1108.46 12151.8
1110.98 12227
1110.78 12174.5
1111.22 12115.1
1110.8 12058.5
1110.65 12202.9
1111.83 12266.9
1111.94 12317.5
1112.71 12364
1115.33 12279.9
1115.67 12361
1115.94 12396.5
1115.86 12401
1115.67 12339.6
1115.98 12355.9
1116.06 12427.1
1117.04 12460.2
1117.57 12499.5
1118.66 12501.1
1118.55 12514.1
1119.58 12510.9
1119.53 12493.6
1119.58 12528
1119.47 12547.3
1119.39 12566.4
1119.55 12593.8
1119.32 12614.8
1118.86 12679.9
1118.97 12694.4
1119.47 12746.4
1119.17 12730.4
1119.15 12762
1119.13 12780.1
1119.88 12825
1119.98 12860.3
1119.92 12889.2
1119.84 12973
1119.78 13000.9
1120.69 13022.5
1120.71 13030.4
1124.89 13315.4
1125.75 13266.6
1126.05 13268.5
1126.11 13255.3
1128.93 13126.6
1127.24 13189.6
1127.63 13193.1
1129.08 13227.5
1129.12 13191.7
1129.44 13227.1
1129.83 13194.3
1129.36 13126
1129.36 13184.4
1129.3 13203.9
1129.42 13233.6
1129.5 13254.2
1127.34 13198.6
1127.3 13189.6
1127.84 13197.5
1126.94 13223.8
1126.91 13262.9
1126.89 13296.1
1127.98 13311.1
1128.02 13335.8
1128.18 13358.9
1127.27 13397.1
1127.78 13301
1127.77 13232.7
1127.57 13211.6
1129.23 13242.3
1130.06 13370.3
1130.18 13309.4
1130.3 13293.2
1130.71 13263.1
1130.18 13304.5
1130.18 13325.3
1130.02 13330.4
1130.7 13351.1
1130.49 13357
1130.62 13441.7
1130.64 13498.6
1130.58 13451.6
1130.61 13385.9
1130.52 13378.2
1131.54 13383.3
1135.65 13466.3
1137.72 13498.2
1142.93 13556.3
1143.01 13587.6
1143.43 13583.5
1143.51 13544.6
1142.92 13464.5
1143.81 13451.7
1143.3 13413.7
1143.7 13395.8
1143.82 13381.1
1144.04 13387.6
1140.63 13443.3
1140.74 13548.3
1140.77 13535
1140.69 13509.9
1140.75 13478.2
1140.78 13463.6
1140.77 13453.3
1141.15 13437.9
1141.57 13435
1141.49 13376.6
1141.36 13359.9
1141.15 13339.2
1141.67 13330.4
1141.47 13345.5
1141.47 13335.3
1141.78 13324.2
1141.71 13317
1143.36 13391.4
1143.29 13399.3
1143.94 13416.9
1143.91 13482.8
1143.96 13475
1144.07 13475.7
1144.77 13478.1
1144.65 13477.6
1144.37 13483.9
1144.1 13496.9
1144.1 13518.6
1144.11 13538.3
1144.11 13523.5
1144.16 13573.3
1144.05 13540.2
1144.07 13534.2
1144.82 13568.9
1144.83 13601.8
1144.39 13613.8
1144.24 13625.6
1143.71 13603.8
1144.31 13665.7
1143.9 13582.6
1144.31 13671.6
1144.39 13653.7
1144.5 13646
1144.36 13643.2
1144.33 13653.6
1144.17 13618.4
1144.06 13618.2
1143.89 13561.4
1143.91 13583.7
1143.89 13602
1144.17 13623.9
1144.2 13643.5
1144.23 13667.7
1144.71 13663.6
1145.32 13682.1
1145.32 13711
1145.07 13672.5
1145.5 13730.9
1145.55 13811.9
1145.59 13860.4
1145.52 13888.9
1144.98 13973.9
1144.06 14027.4
1144.63 14000.1
1144.85 14076.7
1144.73 14090
1144.35 14098.5
1144.59 14153
1144.03 14169
1144.01 14197.7
1144.16 14176.6
1144.93 14121.3
1146.12 14100.6
1146.23 14064.6
1146.02 13927.2
1146.39 13964.7
1147.3 13837.4
1147.24 13779
1147.18 13855.2
1147.23 13866.4
1147.86 13853.5
1147.9 13855
1147.87 13849.8
1151.25 13827.6
1151.24 13842.6
1151.3 13722.5
1151.18 13708
1151.5 13696.4
1151.56 13646.6
1151.34 13639.5
1151.16 13634.8
1151.32 13635.5
1152.25 13635.8
1152.43 13643.2
1152.1 13562.8
1152.1 13607.5
1152.09 13608.1
1152.59 13628.1
1152.51 13646.6
1151.87 13663.8
1152.94 13688.7
1153.44 13745.5
1154.12 13775.1
1154.25 13775.7
1155.55 13848.7
1155.41 13840.7
1155.36 13780.7
1155.24 13791.7
1154.85 13786.1
1155.23 13794.3
1155.17 13834
1155.44 13848.5
1155.12 13837.9
1155.45 13810.2
1155.39 13766
1155.72 13709.7
1156.43 13659.9
1156.46 13645.1
1157.51 13574.1
1157.52 13543.9
1157.72 13515.7
1157.74 13491.4
1157.59 13481.5
1157.41 13459
1157.33 13467.1
1157.26 13442.1
1157.24 13432.2
1157.23 13432.2
1157.11 13447.6
1156.69 13478.1
1156.71 13491.7
1157.79 13506
1157.92 13514.9
1157.93 13526.3
1158.51 13534
1158.47 13557.2
1158.38 13603.5
1158.93 13589.6
1158.97 13592.2
1158.92 13588.2
1158.95 13580.7
1159.17 13577.8
1159.3 13574.6
1159.36 13540.1
1159.76 13541.6
1162.36 13558.9
1162.27 13560.4
1162.28 13558.8
1162.06 13502.4
1162.07 13503.5
1162.13 13479.6
1162.15 13462.7
1162.1 13451.1
1163.03 13448.7
1163.11 13426.3
1163.11 13403.9
1163.43 13370.5
1163.46 13357.2
1164.45 13401.1
1164.47 13413.6
1164.47 13400.6
1164.56 13369.6
1164.58 13353.9
1164.59 13320.5
1164.77 13309.3
1164.44 13289.5
1164.4 13273.8
1164.77 13276.8
1163.95 13301.5
1163.97 13273.8
1162.94 13230.2
1162.96 13233.6
1162.9 13172.1
1162.87 13157.8
1162.94 13277.9
1162.31 13316.1
1162.26 13302.6
1162.71 13304.2
1162.13 13298.4
1162.84 13300.4
1162.8 13285
1163.18 13312.8
1162.99 13344.4
1162.96 13335.6
1163.08 13308.4
1163.13 13274.4
1163 13261.6
1162.58 13258.9
1162.79 13293.8
1162.93 13294.7
1162.83 13288.2
1162.84 13293.4
1163.04 13308.1
1163.46 13372.7
1163.5 13387.5
1163.41 13405.9
1163.19 13369.1
1163.17 13392.7
1163.2 13392.2
1163.14 13368.5
1162.88 13566.8
1163.02 13539.3
1162.95 13480
1163.74 13456.9
1164.07 13470.2
1164.15 13547.5
1163.95 13500.2
1163.63 13482.7
1163.52 13508.7
1163.64 13514.7
1163.45 13484.7
1164.21 13511.6
1164.66 13525.6
1164.98 13555.6
1165.82 13570
1165.58 13548.2
1165.54 13534.6
1165.99 13528.5
1165.98 13529.1
1166.04 13522.7
1166.59 13533.9
1166.56 13534.4
1166.77 13538.5
1166.82 13539.5
1166.85 13539.4
1166.79 13544.8
1166.73 13544.7
1166.7 13561.2
1166.48 13558.9
1166.42 13552
1166.42 13557.9
1166.42 13558.8
1167.46 13576.9
1167.53 13584.8
1168.62 13615.8
1168.62 13615.3
1169.07 13609.1
1168.9 13564.3
1168.89 13531.6
1169.53 13552.1
1169.54 13557
1169.39 13570.1
1169.44 13577.8
1169.46 13550.6
1169.52 13553.3
1169.69 13564
1169.67 13599.5
1169.78 13589.3
1169.71 13577.1
1169.68 13610.5
1169.77 13443.1
1169.76 13377
1169.81 13381.4
1169.92 13368
1169.95 13348.4
1170.02 13334.4
1170.03 13326.4
1170.04 13323.9
1169.78 13325.2
1169.73 13262.7
1169.73 13283
1170.8 13283
1172.06 13285.4
1171.88 13309.8
1171.9 13307.9
1171.91 13294.6
1171.82 13286.9
1172.05 13290.8
1172.91 13262.7
1172.81 13270.2
1172.76 13262.1
1172.81 13255.1
1172.35 13257.3
1172.47 13237.8
1173.3 13227
1173.25 13234.6
1173.44 13233.5
1173.48 13233.2
1173.53 13273.4
1173.54 13196
1173.47 13174.4
1173.57 13167.7
1173.43 13205.8
1173.59 13224
1173.39 13295.3
1173.39 13293.2
1173.38 13316.1
1173.45 13325
1173.32 13326.8
1173.16 13325.1
1173.1 13322.9
1173.33 13333.3
1173.18 13338.8
1173.04 13329.8
1173.04 13348.1
1173.51 13339.2
1173.58 13341.6
1173.91 13353.2
1173.84 13368.5
1174.03 13380.5
1175.06 13404.7
1175.03 13406
1174.98 13452.2
1174.97 13440.3
1175.38 13436.2
1175.39 13437.4
1175.93 13421.6
1175.82 13406.8
1175.79 13382.4
1176.67 13455.4
1176.16 13374.1
1176.3 13332.8
1176.35 13306.2
1176.48 13325.3
1176.49 13314.8
1176.53 13318.6
1176.95 13407.7
1176.54 13402.1
1176.57 13421.8
1176.58 13438.5
1176.58 13454.5
1176.64 13453.6
1177.04 13467.3
1176.73 13500.7
1176.68 13522.7
1176.64 13545.3
1176.73 13544.2
1176.89 13561.2
1176.96 13596.2
1177.78 13623.1
1177.8 13624.8
1177.84 13628
1177.86 13634.1
1177.84 13636.9
1177.9 13612.8
1178.34 13601.9
1178.61 13594.7
1178.4 13611.6
1178.69 13621.7
1178.77 13631.3
1179.06 13668.5
1179.08 13664.3
1179.06 13642.8
1179.29 13653.8
1179.26 13646.8
1180.27 13640
1180.24 13636.6
1181.66 13646.5
1181.71 13650.9
1181.69 13627.7
1181.62 13624.4
1181.86 13626
1181.98 13637.1
1182 13659.4
1182.2 13662.7
1182.22 13645
1182.75 13651.3
1182.81 13677.7
1182.8 13674
1182.73 13663.9
1182.66 13664
1182.57 13655.7
1182.36 13659.4
1182.33 13682
1182.28 13691.9
1182.31 13699.2
1182.35 13707.1
1182.17 13717.7
1182.87 13706
1182.8 13703.5
1182.8 13703.5
1183.1 13658
1183.08 13736.5
1182.71 13663
1183.06 13694.7
1183.23 13688.5
1183.21 13666.8
1183.16 13644.8
1183.02 13600.8
1182.78 13573.3
1182.79 13568.1
1183.01 13488.5
1182.95 13457.2
1182.97 13458.1
1182.96 13448.6
1182.95 13445.7
1183.58 13438.9
1183.84 13435.8
1183.89 13432.1
1183.81 13437.6
1183.69 13439.1
1183.7 13434.9
1183.7 13436.7
1183.74 13443.5
1184.27 13458.4
1184.12 13452.3
1184.13 13442.6
1184.34 13442.9
1184.36 13379.4
1184.32 13353
1184.33 13326.5
1184.24 13309.1
1184.22 13297.9
1184.29 13310.8
1184.24 13328.8
1184.33 13359.6
1184.34 13373.5
1184.68 13384.3
1184.68 13406.7
1184.44 13418.9
1184.59 13432.6
1184.58 13432.6
1184.67 13429.5
1184.65 13435.1
1184.29 13461.1
1184.44 13479.3
1184.44 13493
1184.31 13502.8
1184.31 13512.8
1184.49 13518.9
1184.48 13527.8
1184.52 13531
1184.44 13533.3
1184.43 13530
1184.45 13530.4
1184.39 13543.3
1184.28 13424.9
1184.38 13375.3
1184.38 13365.7
1184.33 13357.8
1183.92 13421.5
1183.9 13460.3
1184.21 13446.6
1184.2 13452.4
1184.46 13424.2
1184.35 13410.9
1184.48 13416.9
1184.31 13459.1
1184.03 13455.6
1184.04 13447.3
1184.3 13443.4
1184.89 13482.3
1184.63 13487
1184.64 13466.4
1184.71 13466.2
1184.79 13467.6
1184.78 13426.6
1184.81 13417.2
1185 13413.1
1184.78 13416.2
1184.78 13367.8
1184.75 13339
1184.74 13316.6
1184.94 13292.5
1184.13 13265.4
1184.11 13276.2
1184.46 13242.8
1184.45 13237.3
1184.24 13234.3
1184.99 13232.2
1184.66 13226.1
1185.36 13238.3
1185.55 13239.2
1186.02 13234.2
1185.95 13239.1
1186.1 13251.6
1186.08 13260.9
1185.89 13264.1
1185.9 13253.6
1185.88 13271.3
1185.54 13257.6
1185.56 13274.5
1185.61 13290.2
1185.95 13293.8
1186.04 13375
1186.1 13497.6
1186.07 13516.5
1186.1 13520.7
1186.34 13530.6
1185.91 13518
1186.15 13507.7
1186.21 13494.6
1186.21 13483.2
1186.52 13456.7
1186.45 13450.1
1186.44 13430.1
1186.3 13451.5
1186.1 13442.8
1186.09 13439.9
1185.96 13460.7
1185.93 13467.2
1185.81 13486.7
1185.81 13486.7
1186.19 13643.6
1187.55 13702.5
1187.71 13707.6
1187.72 13708.8
1187.81 13703.8
1187.64 13713.1
1187.8 13711.1
1187.62 13712.7
1187.69 13704.5
1187.68 13704
1187.81 13706.7
1187.85 13703.9
1187.81 13691.9
1188.24 13881
1188.01 13872.9
1187.99 13883
1187.99 13886
1187.9 13889.6
1187.96 13894.1
1187.95 13904.2
1188.03 13929.6
1187.87 13945.7
1188.38 13945.2
1188.61 13931.6
1188.94 13919.8
1188.95 13915.3
1188.98 13907.9
1188.84 13876.2
1188.88 13866.9
1188.9 13863.2
1188.92 13873.7
1189.08 13879.6
1189.24 13892.5
1189.41 13902.4
