99.387 462.682
99.7377 350.966
102.681 338.68
165.598 1020.75
214.495 2172.36
455.606 7643.74
462.703 5523.25
472.329 4705.92
539.251 4495.69
576.545 4552.03
578.648 4330.53
638.139 7770.67
692.998 8573.77
693.402 7533.65
805.913 7177.37
815.39 7497.2
849.321 8234.35
855.525 7639.09
859.081 8252.08
871.797 7886.92
873.706 7507.21
877.302 8367.33
877.565 7834.97
885.167 7396.3
900.007 7699.48
899.936 7608.31
903.338 7212.84
904.223 7555.19
904.448 7740.94
909.725 7890.14
910.159 7929.2
909.1 7978.9
925.647 11847.4
924.393 11989.7
945.924 11551
946.653 10991.9
946.126 10771.6
948.551 11059
956.577 10821.6
965.109 10695.9
967.898 10898.8
963.716 11638.8
964.635 11514
974.812 11675.9
984.116 11474.2
987.898 11368.7
991.197 11381.5
1037.83 12703.4
1038.46 12286.3
1050.26 12153
1051.58 11880
1055.24 11663.3
1057.73 11535
1069.12 11830.1
1068.45 11668.1
1104.98 12177.7
1130.74 11691.7
1133.2 10988.8
1133.25 10874.9
1133.78 10636.5
1136.02 10459.2
1141.09 10619.4
1141.52 10574.1
1143.34 12094.3
1150.19 12083.1
1152.81 11875.1
1156.14 11786.3
1171.22 11583.7
1172.94 11664.7
1172.99 11692.1
1174.15 11900
1181.98 11955.1
1188.04 12020.2
1189.31 12038.9
1190.57 12146.2
1192.01 12236.4
1193.69 12199.2
1194.95 12149.9
1202.41 12038.1
1202.54 12093.3
1202.58 12164.7
1203.71 12095.6
1204.49 12652.5
1204.04 12575.4
1204.21 12536.6
1205.75 12478.6
1207.64 13326.1
1214.43 13112.1
1214.69 13033.4
1222.04 14075.4
1263.6 14848.5
1279.98 16165.6
1279.77 15356.7
1279.92 14728.1
1279.77 14787.3
1278.41 14456.5
1277.11 15467.9
1274.62 15565.3
1278.86 15676.2
1300.44 15719.8
1313.23 15373.9
1313.64 15028.2
1312.76 14850
1315.32 14865.4
1317.33 15056.6
1316.91 15166.1
1316.85 15151.8
1318.76 15096.6
1318.68 15013.1
1322.2 14771.5
1322.33 14662.6
1324.09 14607
1326.59 14969
1326.76 14752
1327.13 14669.5
1327.31 14663.9
1327.21 14710.1
1331.54 14760.1
1331.76 14712.1
1332.06 14967.9
1335.96 14955.3
1338.66 14983.6
1339.16 16022.8
1341.31 15630.8
1342.79 15483.6
1344.59 15402.8
1344.77 15349.1
1351.9 15693.3
1352.32 15410.7
1353.03 15314.2
1353.35 15265.6
1353.94 15193
1353.65 15555.3
1353.51 15590.4
1360.48 16215.3
1359.12 16889.3
1358.92 16965.2
1358.99 16761.6
1359.69 16645.1
1362.27 17012.4
1363.24 16744.3
1363.44 16683.3
1363.38 16673.2
1366.07 16824.3
1366.03 16648.1
1366.43 16495.6
1369.9 16439.1
1369.71 16528
1369.96 16535
1372.9 16584.7
1373.19 16917
1373.37 16820
1373.32 16750.6
1373.33 16719.7
1373.17 16708.7
1377.49 16711.8
1377.56 16642
1380.07 16616.3
1380.31 16617.3
1380.31 16620.5
1381.26 16416.9
1384.15 16348.2
1384.14 16261.3
1383.95 16235.1
1384.31 16198.9
1384.17 16143.6
1385.8 16262.7
1389.08 16407.2
1389.6 16375.6
1389.97 16378.8
1389.9 16330.4
1389.99 16290.1
1390.04 16282.9
1389.97 16249.9
1390.83 16256.3
1392.41 16186.8
1392.29 16151.3
1392.31 16144
1393.23 16141.4
1393.28 16122.5
1394.58 16169.2
1395.21 16200.1
1395.24 16167.1
1399.56 16286.5
1399.42 16281.9
1401.14 16278.6
1401.28 16259.3
1401.42 16285.2
1406.87 16240.4
1407.1 16264.2
1407.2 16289.8
1407.48 16326.8
1407.32 16409
1407.31 16429.3
1406.99 16484.9
1407.6 16574.5
1407.08 16350.9
1407.64 16327.2
1408.63 16389.3
1408.71 16347.3
1409.09 16331.2
1409.1 16303.4
1409.43 16277.6
1409.79 16267.5
1409.63 16254.5
1410.2 16172.2
1412.24 16230.4
1414.42 16392.7
1415.19 16457.7
1415.08 16484.9
1415.35 16498.1
1414.91 16500.3
1414.73 16515.9
1414.7 16506.7
1414.68 16492.9
1415.04 16528
1415.65 16560.5
1416.09 16612.6
1416.06 16660.8
1416.12 16691.7
1417.17 16721.4
1418.28 16739.5
1419.61 16777.2
1419.81 16809.1
1419.96 16836
1419.65 16899.5
1420.1 16911.5
1421.46 16999.9
1422.6 17104.6
1424.07 17198
1423.98 17223
1423.82 17250.1
1436.06 17004.5
1436.07 16978.1
1435.91 16926.8
1436.82 16891
1437.62 16895.3
1437.42 16920.1
1474.13 17298
1478.68 17242.8
1479.32 17385.3
1480.01 17314
1481.4 17231.3
1482.15 17497.1
1482.39 16978.6
1482.47 16792.5
1482.78 16794.2
1482.63 16672.8
1482.3 16504.2
1483.24 16372.6
1484.6 16446
1484.55 16424.1
1485.72 16487.9
1485.03 16444.6
1484.84 16415.5
1484.67 16463.1
1485.01 16503.1
1484.97 16543.2
1484.94 16577.2
1485.22 16619.7
1486.05 16618.3
1487.38 16629.8
1487.61 16640.7
1487.79 16678.9
1488.51 16704.5
1488.9 16712.3
1490.83 16782.2
1490.7 16807.7
1490.67 16788.4
1492.31 16859.8
1492.42 16868.9
1493.85 16696.3
1494.15 16715.2
1494.77 16753.9
1494.5 16757.4
1494.32 16753.1
1494.39 16749.4
1494.37 16745.4
1495.29 16744.8
1495.17 16782.8
1495.71 16775.7
1498.58 16846.1
1498.97 16827.2
1498.86 16852.8
1498.99 16844.8
1499.05 16842.1
1498.69 16845.9
1498.42 16840.1
1498.48 16842.8
1498.91 16813.9
1498.62 16780.3
1498.63 16796.4
1498.73 16802.1
1501.36 16794.6
1503.66 16794.6
1503.99 16855.9
1504.02 16848.8
1504.17 16855.4
1504.36 16851.6
1507.9 17406.7
1507.96 17255.2
1507.99 17196.5
1507.61 17181.7
1510.79 17154.7
1514.53 17152.9
1514.76 17170.7
1515.75 17129.7
1516.27 17132.9
1519.82 17166.2
1519.72 17135.5
1519.94 17130.9
1519.93 17148.5
1519.94 17167.3
1520.2 17324.5
1521.01 17402.6
1521.41 17452.4
1521.3 17451.5
1521.34 17437.6
1521.39 17385.9
1521.41 17397.6
1522.65 17358.7
1522.75 17339.8
1523.17 17347
1523.29 17339.2
1523.91 17334
1523.85 17331
1523.71 17322.6
1523.7 17339.3
1524 17321.6
1524.59 17290.4
1524.41 17283.1
1524.42 17282.4
1524.32 17287.9
1524.27 17262
1524.25 17223.8
1524.48 17221.3
1524.67 17240.1
1524.61 17227
1524.49 17203.7
1524.36 17203.3
1524.35 17212.9
1525.01 17222.8
1525.08 17266.2
1525.15 17262.4
1525.25 17260.1
1525.22 17236.5
1525.22 17227.6
1525.21 17220
1525.22 17216
1525.04 17224.7
1524.93 17241.2
1525.02 17224.4
1526.56 17162.8
1526.72 17196.5
1526.53 17164.4
1527.62 17194.1
1527.61 17200.8
1527.51 17170.7
1527.45 17151.5
1527.44 17141
1527.69 17138.2
1527.76 17129.1
1527.96 17138.9
1528.88 17063.3
1528.81 17107.1
1531.16 17082.2
1531.64 17081.9
1531.93 17081.1
1532 17086.2
1532.05 17082.4
1532.09 17084.9
1532.37 17105.5
1532.28 17120.9
1532.98 17147.2
1533.21 17141.5
1533.99 17147.8
1534.03 17174.3
1533.74 17185.5
1533.79 17206.6
1534.35 17206.5
1534.37 17236.4
1534.37 17262.4
1534.66 17273.8
1534.64 17273.4
1534.64 17280.4
1542.71 17231.2
1542.8 17196.9
1563.82 16995.1
1563.83 16793.9
1563.86 16885.4
1564.06 16929.5
1564.14 16945.2
1564.11 16948.7
1564.24 16901.6
1564.25 16888
1564.74 16930.3
1565 16966
1565.9 17075.2
1565.9 17089.9
1565.77 17138.8
1565.77 17167.6
1566.06 17209.7
1565.88 17209.3
1565.85 17214.6
1565.86 17229
1565.89 17252.9
1565.86 17262.3
1565.95 17268.7
1566.06 17272.5
1566.08 17280.8
1566.1 17293.7
1565.5 17214.7
1565.97 17204.9
1565.93 17200.9
1567 17193.1
1567.26 17175.8
1567.34 17164.2
1567.25 17141.2
1567.24 17088.8
1567.13 17080.3
1567.23 17096.4
1567.24 17085
1567.24 17079.3
1567.16 17064.5
1567.58 17062.1
1567.79 17050.8
1567.65 17045.6
1567.64 17057.2
1567.65 17051.8
1568.92 17026.3
1568.87 17019.3
1568.76 17019.4
1568.86 16975.8
1568.84 16952.1
1568.91 16936.2
1568.93 16918.7
1568.96 16914
1568.99 16887.9
1568.99 16883.1
1568.77 16868.9
1568.8 16866
1568.82 16934.6
1568.93 16959.3
1569.09 16929.6
1569.33 16944.5
1569.26 16964.8
1569.22 16962.5
1569.36 17001.2
1570.53 17009
1571.01 16995.6
1571.67 17046
1572.57 17006.1
1572.85 17007.6
1573.06 17014.6
1573.05 17027.7
1573.24 17044.7
1573.15 17041.5
1573.14 17061.2
1573.18 17079.1
1573.31 17072.6
1574.31 17097.9
1574.26 17114.3
1573.92 17128.5
1576.57 17172.4
1576.57 17227.4
1577.45 17239.9
1577.87 17280.3
1578.18 17264
1578.4 17278.4
1578.39 17289.5
1580.68 17284.3
1580.76 17289.1
1580.82 17298.6
1581.23 17311.8
1581.21 17312.9
1581.22 17333.2
1581.21 17337.3
1581.41 17347.3
1581.63 17355.1
1581.48 17339.4
1581.44 17380.7
1581.21 17444.6
1581.17 17463.5
1581.28 17470.3
1581.26 17472.9
1581.23 17470.2
1580.93 17465.8
1580.87 17443.6
1580.68 17407.7
1580.72 17426.4
1580.77 17428.7
1580.97 17409.4
1580.97 17412.9
1581.02 17435.5
1581.16 17447.8
1580.11 17412.3
1580.27 17440.1
1580.31 17467.5
1580.46 17500.3
1580.5 17520.8
1580.4 17532.2
1580.24 17568.6
1580.33 17552.8
1580.97 17545.1
1580.95 17569.1
1580.97 17565.8
1581.27 17567.4
1581.32 17570.4
1583.07 17536.1
1583.04 17535.8
1582.84 17489.6
1582.79 17458.6
1582.85 17455.1
1582.82 17410.6
1583.07 17402.6
1583.04 17388.8
1583.03 17390.8
1582.98 17390.2
1582.49 17353.7
1582.6 17357.7
1582.63 17355.7
1582.39 17312.3
1582.48 17332.7
1583.13 17349.2
1583.86 17352.3
1583.88 17376.3
1583.79 17377.9
1584.05 17374.1
1584.05 17393.8
1584.5 17392.8
1584.66 17398.9
1585.28 17421.8
1585.29 17423.9
1585.36 17424.7
1586.14 17390.1
1587.14 17397.9
1587.62 17380
1587.61 17362.1
1587.84 17349.9
1588.06 17356.3
1588.06 17351.7
1588.06 17345.5
1588.04 17314.5
1588.14 17307.9
1588.22 17303.9
1588.66 17261.6
1588.8 17259.8
1588.79 17251.8
1589.24 17240.4
1589.57 17261.4
1589.41 17267.4
1589.17 17287.1
1589.11 17336.9
1589.46 17343.8
1589.5 17336.5
1589.69 17389.3
1589.69 17390.9
1589.45 17392.9
1589.77 17388.1
1589.8 17389.1
1589.56 17382.8
1589.56 17387.5
1589.64 17381.9
1589.55 17370.8
1589.57 17357.6
1589.34 17298.1
1589.37 17298.7
1589.23 17292.9
1589.07 17289
1589.12 17276.1
1589.2 17274.8
1589.2 17266.7
1589.62 17263
1590.6 17293.4
1590.65 17253.2
1590.55 17213.1
1590.64 17241
1590.74 17224.4
1590.76 17225.5
1590.24 17225
1590.23 17243.4
1590.35 17229.5
1590.31 17214.6
1590.33 17211
1590.58 17211.5
1590.61 17206.4
1590.38 17179.3
1590.31 17167.8
1590.55 17155.2
1590.53 17145.2
1590.07 17129.4
1590.1 17264.9
1590.22 17311.2
1590.77 17310.6
1591.04 17313.8
1590.97 17289.4
1592.16 17269.2
1592.1 17274.6
1592.09 17303
1592.14 17280.9
1592.4 17300.2
1592.44 17309.6
1592.58 17316.6
1592.6 17318.4
1592.46 17330.8
1592.3 17328.2
1592.77 17289.8
1592.76 17281.7
1592.74 17281.3
1593.11 17285.2
1593.24 17362.3
1593.12 17388.5
1592.98 17376.4
1593.03 17368.6
1592.64 17344.9
1592.85 17331.9
1592.98 17365.4
1594.31 17366.5
1594.56 17392.1
1595.48 17427.5
1595.64 17445.2
1596.07 17464.2
1596.16 17492.6
1596.41 17517.8
1596.6 17540.2
1596.73 17558
1596.74 17567.3
1596.8 17566.4
1596.87 17560.7
1596.85 17555.2
1596.83 17550
1596.81 17543.9
1596.76 17535.9
1597.06 17534.5
1597.2 17533.4
1596.83 17522.6
1596.69 17538.5
1597.77 17562.1
1598.23 17570.9
1598.23 17542.3
1598.1 17533.5
1598.1 17521.9
1598.13 17521.9
1598.09 17523.1
1598.16 17526.8
1598.2 17521.4
1598.38 17525.4
1599.12 17550.1
1599.33 17566.8
1599.34 17555.8
1599.36 17567.8
1599.54 17585.3
1599.48 17594.9
1599.74 17592.2
1599.49 17590
1599.79 17597.2
1599.5 17602.9
1599.49 17593.3
1599.66 17587.6
1599.74 17586.3
1600.87 17639.4
1600.9 17669.2
1601.05 17674.1
1601.5 17677.2
1601.5 17670.4
1601.47 17657.1
1601.52 17639.6
1601.55 17634.9
1601.73 17627.2
1601.47 17637.6
1601.74 17641.1
1601.77 17675.5
1601.89 17735.6
1601.86 17756.4
1601.9 17844.9
1601.76 17903.3
1602.18 17950.1
1602.27 17959.9
1602.31 17943.2
1602.89 17906.4
1603.03 17903.2
1603.05 17914
1603.05 17914.7
1603.16 17955.7
1603.34 17986.8
1604.18 18003.5
1604.62 18019
1604.45 18003.5
1604.39 17988.3
1604.38 17999.9
1605.58 18086.1
1606.04 18149.8
1606.05 18167.8
1606.21 18219.8
1606.7 18243.1
1606.41 18245.8
1606.55 18225.9
1606.83 18225.9
1606.77 18241.8
1606.74 18280
1606.65 18258
1606.69 18281.2
1606.9 18293.7
1606.7 18311.6
1606.71 18301
1606.73 18304.6
1606.92 18308.3
1606.92 18268.1
1606.87 18182.4
1606.5 18164.4
1606.3 18140.7
1607.49 18122.5
1607.46 18202.2
1607.37 18219.1
1607.31 18209.8
1607.25 18206.9
1607.33 18205.2
1607.41 18215.4
1607.18 18187.6
1607.23 18254.6
1607.15 18252.1
1607.24 18281.7
1607.3 18264.5
1607.27 18279.4
1607.44 18272.1
1607.47 18273
1607.54 18273.2
1607.5 18262.2
1607.73 18251.4
1607.61 18245.7
1607.46 18237
1607.48 18230.5
1607.83 18244.5
1608.23 18236.2
1608.27 18237.6
1608.23 18180.6
1608.5 18179.9
1608.62 18195.6
1608.57 18193.3
1608.56 18186.7
1608.48 18189.1
1608.71 18182.1
1608.73 18185.3
1608.8 18189.1
1608.74 18174.3
1608.74 18170.1
1608.75 18171
1608.94 18182.4
1609.11 18196.6
1609.14 18196.5
1609.28 18195.9
1609.46 18131.7
1609.32 18105.3
1609.59 18109.5
1609.66 18139.1
1610.12 18144.9
1610.24 18154.8
1610.13 18143.7
1610.45 18144.4
1610.43 18141.1
1610.36 18134
1610.3 18130.3
1610.56 18126.1
1610.64 18121.9
1610.69 18137.5
1610.67 18140.7
1610.79 18138.8
1610.45 18120.5
1610.29 18088.3
1610.26 18090.4
1610.72 18095
1610.62 18070.2
1610.67 18068.6
1610.64 18068.9
1610.67 18062.7
1610.64 18066
1611.23 18061.1
1611.16 18070.8
1611.14 18074.9
1611.11 18074.1
1610.83 18059.3
1611.03 18067
1611.85 18053.2
1611.99 18037.9
1611.94 18004.8
1611.91 17978.7
1612.01 17974.1
1612.06 17970.7
1612.31 17965.6
1612.14 17999.3
1612.03 18057.2
1612.01 18057.5
1611.95 18049.9
1611.88 18042
1612.08 18080.8
1612.09 18102.3
1612.03 18129.4
1612.24 18125.2
1612.19 18130.5
1612.31 18127.3
1612.4 18128.5
1612.58 18130.4
1612.5 18105.4
1612.56 18105.1
1612.41 18087.6
1612.5 18083.8
1612.51 18078.6
1612.24 18107.5
1612.43 18135.1
1612.68 18148.8
1613.02 18164.1
1613 18171.3
1613.02 18168.7
1613.01 18156
1612.85 18150.9
1612.87 18143.5
1612.91 18136.8
1613.06 18124.5
1613.04 18116.1
1613.91 18094.6
1614.03 18106.6
1614.12 18110.1
1614.68 18120.3
1614.67 18123.6
1614.77 18114.3
1614.7 18104
1614.69 18111.5
1614.32 18067
1614.14 18049
1614.74 18054.3
1614.97 18039.6
1614.84 18035.8
1614.51 18040.7
1614.47 18038.1
1614.53 18042.7
1614.52 18046.5
1614.62 18053
1615.12 18233.2
1615.25 18233.7
1615.28 18222.1
1615.32 18232.1
1615.33 18246.4
1615.35 18212.2
1615.98 18212.5
1616.18 18206.3
1616.04 18216.1
1616.05 18212.2
1616.08 18205.9
1616.07 18218.3
1616.07 18232.2
1615.94 18231.1
1615.95 18236.5
1616.3 18233.9
1616.25 18239
1616.22 18228.4
1615.87 18236.4
1615.71 18266.6
1615.71 18271.1
1615.73 18291.8
1616.06 18324.3
1615.91 18334.9
1617.71 18382.8
1617.88 18375
1617.88 18366.6
1617.63 18329.7
1617.89 18311.2
1617.8 18297.6
1617.82 18294.1
1617.82 18294.7
1617.87 18300
1617.74 18280.8
1617.83 18270.5
1617.95 18271.5
1617.98 18272.8
1618.23 18267
1618.22 18261.1
1618.24 18262.9
1618.25 18264.3
1618.13 18157.7
1618.28 18149.4
1618.71 18148.4
1618.76 18148
1618.91 18139.4
1619.11 18139.7
1619.15 18137.3
1619.15 18120.5
1619.25 18100.9
1619.32 18091.8
1619.4 18098
1619.61 18114.4
1619.58 18118.2
1619.61 18066.8
1619.65 18087.3
1619.62 18117.2
1619.33 18107
1619.22 18111
1619.28 18113
1619.07 18113.9
1619.07 18111
1619.07 18109
1619.07 18042.3
1619.06 18000
1619.29 17980.9
1619.23 17954.9
1619.54 17952.5
1619.74 17946.4
1619.82 17963.1
1619.77 17960.8
1619.82 17960.5
1619.83 17961.6
1619.9 17946.2
1619.98 17952.3
1619.91 18040.1
1619.92 18041.2
1619.73 18039.6
1619.66 18041.5
1619.65 18042.1
1620.06 18032.4
1620.33 18043.1
1620.44 18040.8
1620.59 18045.5
1620.84 18062
1620.76 18060.9
1620.85 18033.3
1620.93 18017.1
1620.62 18005.6
1620.6 17991.3
1620.7 17975.2
1621.39 17943.2
1621.32 17966.7
1621.31 17968.6
1621.33 17946.3
1621.69 17924.6
1621.79 17929.9
1621.87 17933.9
1621.89 17933.9
1621.92 17935.5
1621.93 17943
1621.92 17946.4
1621.94 17954.9
1623.54 17967.9
1623.59 18003.2
1623.59 18028.2
1623.65 18043
1623.48 18052.6
1623.5 18058.2
1623.4 18067.9
1623.04 18059.6
1622.78 18035.4
1622.93 18045.4
1622.52 18048.1
1622.58 18039.1
1622.55 18042.3
1622.45 18047.8
1622.6 18055
1622.78 18089.4
1622.76 18091.2
1622.72 18134.1
1622.73 18136.7
1622.66 18148.2
1622.77 18158.7
1623.04 18153.8
1623.11 18177.7
1622.65 18184.7
1622.64 18196.2
1623.08 18191
1622.99 18206.8
1622.96 18180.9
1623.04 18159.6
1623.1 18142.5
1623.15 18133.3
1623 18161.7
1623 18168.9
1623.08 18179.6
1623.1 18194
1623.49 18215.7
1623.68 18219.4
1623.58 18216.6
1623.63 18216.2
1623.62 18214.5
1623.62 18205.6
1623.51 18188.9
1623.41 18193.1
1623.46 18202.1
1623.51 18186.2
1623.92 18207
1624.01 18196.4
1624.03 18193.1
1625.09 18168.1
1625.14 18165.1
1625.13 18168.8
1625.38 18181.2
1625.23 18193.2
1625.07 18199
1624.95 18195.5
1624.83 18206
1624.82 18239.3
1624.66 18201.4
1624.75 18201.7
