169.712 166.652
172.008 170.823
191.594 226.328
191.38 226.602
193.766 254.564
199.596 335.284
211.296 474.161
213.108 543.03
222.569 844.094
225.423 849.858
225.186 836.917
238.088 1498.48
238.173 1115.82
239.314 1015.99
243.523 1047.62
247.244 977.394
247.807 999.877
318.837 1197.86
320.841 1157.47
321.22 1085.11
318.843 1213.74
330.694 1436.2
355.151 1691.94
358.785 1689.81
380.498 2356.69
381.012 2243.14
378.348 2713.76
383.363 3027.28
386.906 3164.99
412.514 3333.13
411.169 3396.12
521.238 4919.25
527.68 4740.74
527.802 4450.68
540.772 4811.53
542.523 4710.29
541.96 4669.22
583.999 5154.73
584.528 5164.01
586.458 5490.42
588.951 5596.09
591.199 5566.22
613.218 5619.93
613.61 5585.29
611.791 7050.75
614.996 7005.46
615.247 6382.48
617.328 6026.22
617.436 5913.51
629.275 6118.41
631.287 6205.13
637.1 6713.66
637.122 6670.15
642.634 6603.25
643.246 6741.09
639.513 6772.76
638.739 7041.85
639.906 7844.43
639.382 8226.5
639.584 8106.25
631.41 8605.84
631.186 8872.46
631.623 8913.9
635.238 8951.86
648.413 8868.43
646.046 8647.02
647.667 8626.77
648.305 8892.62
647.707 8769.52
644.111 9541.04
643.239 10878.8
647.279 10366.3
647.487 9813.5
658.567 9737.23
660.081 9366.46
666.921 9408.29
667.889 9287.79
674.87 9421.39
669.742 9618.83
669.909 10415.6
669.664 10341.9
670.274 10408.5
670.746 10334.8
669.914 10225.3
688.358 10309.9
687.838 10459.8
707.24 10723.3
710.709 10741
722.447 10911.9
724.736 11484.7
732.333 11083.5
734.446 10728.7
734.342 10440.7
742.508 10050.1
743.39 9802.6
744.056 9714.33
750.046 9762.41
749.83 9740.74
749.75 9770.15
759.172 9937.8
759.488 10072.2
785.651 10165.3
791.18 10159.3
799.505 10303.9
800.072 10354.8
808.165 10538.7
815.402 10640.6
814.497 10523.7
811.685 11243.7
818.353 11201.7
815.946 11468.9
816.883 12015.3
817.736 11963.7
819.095 11799.2
818.92 11717.2
821.182 11651.1
820.727 11596.8
825.46 11729.8
826.292 11559.2
829.946 11612.5
831.42 11560.7
840.524 11574.1
847.18 11478.2
845.583 12570.1
845.783 13064.3
848.944 12927.4
851.215 12889.5
852.131 12704.1
854.681 12468
856.067 12272.3
857.232 12150.2
858.771 12186.4
855.485 12179.9
857.726 12142.2
854.892 12304.8
854.712 12295.8
857.576 12400.8
864.924 12441.7
868.259 12358.6
868.269 12306.4
870.174 12322.8
876.904 12408.1
876.753 12464.2
875.604 12508.9
877.792 12611.7
879.41 12624.5
880.109 12653.4
880.826 12668.8
878.062 13216
877.269 13371.8
871.176 13397.6
877.336 13621.7
880.646 13501.3
881.024 13394.1
881.363 13312.7
880.783 13226.8
881.148 13084.7
881.129 13057.1
881.556 13029.6
884.8 13083
886.993 12949.6
889.751 12939.8
890.261 12895.6
891.138 12939.4
891.935 12935.9
891.915 12907.8
892.019 13431.3
898.8 13437.7
899.089 13445
899.401 13454.2
899.128 13441.5
899.181 13814.3
899.17 14066.7
899.867 14164.8
903.589 14252.9
901.831 14260.9
903.842 14110.7
903.753 14236
907.847 14252.9
907.136 14256.6
907.136 14281
913.912 14449.8
914.013 14214.8
914.789 14100.7
914.729 14177.3
922.648 14212.3
922.611 14163.1
921.155 14158.3
920.601 14128.8
928.215 14073.7
927.067 14084
926.994 14075.3
926.306 14081
920.303 14603.8
920.215 14742.7
920.14 14795.3
921.093 15016
917.762 15101.8
918.207 15194.6
923.796 15365.1
927.466 15419.5
934.497 15450.3
934.651 15324.1
934.56 15282.8
934.916 15136.1
934.686 15140.3
935.747 15207.4
936.282 15240.7
937.177 15298.9
941.577 15344
941.784 15442.3
945.168 15565.4
946.282 15543.6
946.626 15563.9
946.649 15507.6
946.557 15497.7
950.102 15533.5
955.265 15517.1
954.875 15574.3
954.067 15437.9
955.169 15328.8
958.798 15392.6
958.835 15457.7
958.774 15481.7
961.513 15437.3
962.013 15402.4
962.905 15417.3
962.507 15449.1
963.19 15473.2
962.506 15533.2
963.438 15584.7
965.37 15623.4
965.316 15652.7
973.41 15728.2
974.222 15612.1
976.76 15505.6
977.153 15432.5
977.666 15420
977.593 15434.2
976.331 15729.8
976.562 16291.6
977.141 16217.1
976.87 16203.7
976.603 16171.8
976.163 16222.6
976.21 16157.7
976.395 16201.9
976.586 16227.1
977.967 16260.9
977.101 16363.9
978.64 16393.3
978.726 16411.8
982.089 16391.2
986.052 16445.8
986.489 16486.6
986.691 16515
987.004 16535.5
990.513 16600.4
991.435 16651.6
990.645 16677.1
993.529 16753.8
994.114 16902.8
994.435 16958.7
995.641 16978.6
995.839 16969
995.889 16937.3
997.417 16941.3
998.47 16934.6
998.447 16902.4
998.978 16860.9
999.427 16815.6
999.575 16762.3
999.628 16707.8
998.297 16559.3
998.17 16573.6
999.711 16602.8
1000.41 16638.7
1001.03 16598.5
1004.02 16577.9
1006.2 16808
1006.51 16864.1
1006.85 16896.1
1006.82 16922.7
1008.11 16948.6
1007.8 16963.9
1007.8 16968.5
1007.78 17059
1009.63 17172.9
1011.14 17144.6
1011.93 17251.8
1018.78 17344.4
1019.99 17392.4
1020.74 17377.5
1024.38 17323.2
1024.54 17366.7
1024.54 17371
1024.34 17351.2
1024.49 17316.3
1024.46 17299.1
1030.81 17399.5
1031.03 17311.5
1030.91 17242.4
1030.91 17215.5
1031.36 17224.6
1034.07 17263.1
1034.77 17235.7
1034.89 17270.4
1034.2 17327
1034.32 17310
1034.39 17291.8
1037.91 17284.3
1037.21 17243.7
1037.46 17363.2
1038.48 17366.6
1038.08 17329.6
1040.91 17451
1044.51 17581.9
1043.75 17677.8
1043.7 17659
1043.64 17594.9
1043.95 17546.8
1044.13 17536.4
1044.42 17532.8
1048.08 17653.6
1047.9 17607.6
1047.68 17596.6
1047.63 17578.3
1047.4 17533.6
1047.16 17484.7
1047.44 17454.6
1047.89 17422.2
1047.81 17386.5
1047.46 17313.4
1046.97 17260
1046.97 17265.6
1047.34 17257
1046.93 17277.9
1047.38 17328.5
1047.38 17360.1
1048.36 17372.5
1049.57 17439
1049.58 17503.3
1051.08 17616.4
1050.89 17658.1
1050.6 17696.5
1051.84 17728.3
1051.84 17726.3
1052.41 17712.6
1055.11 17782.2
1055.72 17734.4
1056.58 17726.7
1056.66 17711.3
1056.65 17692.2
1057.29 17691.7
1058.74 17622.3
1058.81 17539.5
1059.01 17552.2
1061.66 17552.9
1062.97 17632.2
1061.53 17594.4
1061.84 17379
1061.9 17513.3
1062.46 17447.5
1062.74 17433.9
1062.56 17416.1
1063.13 17233.6
1063.21 17147.2
1065.21 17176.7
1065.62 17211.7
1065.78 17241.3
1064.86 17272.5
1064.99 17278.1
1065.4 17307.9
1065.86 17361.5
1065.62 17489.4
1066.58 17337.4
1066.37 17222.9
1066.34 17134.3
1066.29 17137.9
1065.3 17177.6
1064.78 17210.3
1064.74 17263.9
1065.04 17316.5
1064.85 17340.8
1064.87 17331.3
1064.41 17250
1065.16 17160.5
1065 17062.2
1065.65 17007.5
1065.76 16954.4
1065.45 16944.3
1064.47 16875.7
1064.83 16811.5
1066.2 16815.8
1067.5 16828.7
1066.56 16768.7
1066.69 16716.4
1066.91 16676.2
1068.26 16621.9
1068.46 16645.7
1068.28 16669.5
1067.34 16620
1067.53 16674
1067.39 16730.3
1067.39 16729.6
1067.11 16732.1
1066.18 16693.7
1066.14 16676
1069.07 16689.2
1068.99 16702.2
1068.97 16800.3
1070.46 16877.9
1069.2 17126.4
1069.17 17087.6
1068.98 17042
1069.03 17053.7
1069.12 16996.6
1069.27 16949.7
1068.97 16866.1
1068.7 16813.1
1069.03 16801.6
1068.99 16777.5
1069.36 16754.3
1069.28 16745
1071.46 16796.7
1071.32 16789
1070.84 16806.9
1073.3 16768.8
1073.29 16747.2
1073.09 16750.7
1072.66 16771.5
1072.87 16755.7
1072.87 16776.2
1072.92 16767.4
1072.99 16759.5
1072 16745.4
1080.67 16822.4
1080.97 16823.6
1080.37 16812.5
1080.79 16820.1
1080.99 16861.1
1081.94 16892.9
1083.29 16904.5
1084.39 16917.6
1084.47 16935.2
1084.42 16934.9
1084.46 16941.7
1084.95 16957.8
1087.13 16982.4
1087.64 17039.1
1087.63 17074.2
1087.8 17074.3
1088.36 17090
1088.39 17139.4
1090.63 17135.1
1093.18 17294.3
1093.32 17232
1094.27 17216.2
1094.27 17234.2
1094.3 17214.7
1094.21 17207.8
1094.1 17201.3
1094.34 17204.1
1094.18 17171.3
1094.62 17177
1094.65 17155.3
1094.65 17161.9
1094.62 17158.4
1094.96 17163.6
1094.91 17169.2
1094.21 17146.6
1094.42 17145
1094.49 17140.1
1094.46 17126.5
1094.33 17146
1093.91 17131.4
1093.92 17151.6
1094.13 17136.2
1095.03 17113
1095.59 17090.4
1096.32 17131.9
1097.26 17109.2
1098.36 17073
1098.17 17036.5
1099.01 16994.2
1099.64 17050.7
1099.56 17029.2
1101.21 17069.9
1100.31 16989.4
1100.41 16939.9
1100.44 16946.3
1100.79 16907
1100.88 16911.7
1101.47 16907.3
1101.1 16886.1
1101 16888.6
1101.81 16923.2
1101.5 16957.8
1101.46 16965.2
1101.73 16961.2
1102.17 16946.8
1102.35 16865.3
1102.48 16848.3
1102.62 16826.5
1102.22 16797.1
1102.25 16790.9
1101.99 16793
1102.25 16843.8
1102.2 16855.9
1102.43 16864.1
1103.38 16864.1
1103.26 16834.7
1104.78 16805.9
1104.44 16831.1
1104.98 16826.3
1105.17 16851.5
1105.17 16865
1104.28 16901.9
1104.33 16892.2
1104.24 16890.9
1104.59 16939.4
1105.12 16928.2
1104.81 16916
1104.82 16889.5
1105.38 16904
1105.53 16928.5
1105.44 16967.1
1105.64 16956.8
1104.72 17029.8
1103.93 17132.8
1103.97 17165
1103.99 17142.6
1104.09 17179.6
1104.15 17226.8
1104.23 17212.4
1104.26 17218.5
1105.04 17238.5
1105.64 17229.2
1111.83 17362.5
1111.72 17368.6
1111.77 17395.3
1113.9 17518.5
1114.29 17504.9
1114.74 17480.3
1114.67 17493.9
1114.56 17499.6
1115.02 17448
1115.18 17436.3
1115.17 17442.6
1115.23 17458.3
1114.68 17523.5
1114.58 17546.2
1115.15 17587.8
1115.05 17615.9
1115.21 17638.6
1115.82 17623.6
1115.86 17663.1
1116.55 17682.2
1117.15 17695.5
1118.19 17749.7
1118.21 17807.6
1120.44 17934.5
1118.72 17960.5
1118.72 17894.5
1118.75 17917.6
1118.25 17954
1118.13 17995.7
1118.39 18041.5
1118.39 18053.8
1118.38 18037
1119.34 18024.5
1118.66 18027.6
1119.18 18105.4
1119.8 18088.9
1120.43 18164.8
1119.77 18165.7
1119.04 18144.5
1119 18283.6
1119.05 18122.6
1119.02 18031.9
1119.22 17984.7
1119.25 17958.8
1118.82 17961.9
1119.1 17977.1
1118.73 17990.6
1120.24 18010.4
1120.32 18056.8
1120.18 18036.3
1120.32 18066.7
1120.55 18130.5
1120.04 18223.4
1120.03 18239
1120.48 18258.6
1122.61 18310.2
1122.9 18293.8
1122.83 18295.7
1122.79 18290
1122.66 18295.5
1122.94 18315.1
1122.99 18318.8
1124.55 18337.2
1124.62 18427.3
1123.98 18392.4
1123.98 18337.8
1124.36 18337.4
1124.48 18324.6
1126.24 18374.3
1125.65 18359.2
1126.57 18345.5
1127.18 18378.8
1127.1 18354.6
1127.81 18424
1127.99 18430.5
1127.61 18437.4
1128.27 18441.5
1127.74 18440.2
1128.08 18459.9
1129.56 18481
1130.04 18553.5
1131.03 18628.7
1130.97 18649
1130.97 18685.6
1132.24 18731.4
1132.71 18700
1132.77 18680.7
1132.77 18656.8
1132.66 18711.1
1134.52 18763.5
1135.21 18793.8
1136.07 18841.6
1137.69 18920.2
1138.21 18918.9
1138.48 18897.2
1138.64 18885.7
1139.25 18898.9
1139.27 18888.5
1140.12 18862.7
1139.67 18833.4
1139.76 18828.1
1139.47 18823
1139.72 18847.7
1139.74 18870.1
1141.7 18920.7
1141.65 18895.7
1141.2 18918.3
1142.58 18998.5
1143.52 19030.8
1144.06 19040.7
1144.08 19065.6
1144.6 19084.9
1144.73 19073.9
1146.13 19117
1146.19 19149.9
1146.94 19219.3
1146.48 19243.7
1146.41 19257.2
1146.52 19293.8
1146.57 19320.3
1146.6 19290.1
1148.04 19231.6
1148.06 19200.7
1148.25 19178.3
1148.23 19165.7
1148.16 19162.2
1148.77 19180.7
1149.23 19215.6
1148.97 19208.3
1148.94 19217
1150.04 19261.8
1150 19265.8
1150.08 19253.7
1149.92 19226.4
1150 19253.8
1149.95 19248.1
1150.28 19302.4
1150.15 19403.7
1150.47 19436.3
1150.49 19469.6
1150.54 19436.2
1150.51 19428.4
1150.52 19423.4
1151.39 19433.6
1151.84 19462.8
1152.84 19430.1
1152.85 19440.7
1152.05 19551.4
1151.93 19587
1152.48 19533
1152.44 19428.8
1152.62 19444.1
1152.71 19402.8
1152.74 19432.6
1152.8 19411.3
1153.31 19381.8
1153.45 19349.5
1153.34 19321.4
1153.41 19320.3
1153.85 19312.6
1154.02 19350.2
1154.8 19391.6
1154.87 19381.6
1155.94 19372.2
1156.95 19340.7
1157.69 19372.6
1158.24 19329.7
1158.25 19293.5
1158.41 19291.6
1158.49 19302.9
1158.45 19316.6
1156.85 19808.3
1156.97 19830.5
1156.51 19943
1156.55 19944.8
1157.03 19938.4
1157.45 19948.7
1157.45 19973.2
1156.76 20134.5
1156.34 20184.2
1156.32 20190.5
1156.26 20185.8
1156.87 20190.6
1157.42 20198
1157.22 20137.6
1157.21 20118.9
1156.88 20101.8
1156.88 20089.6
1157.16 20087
1157.27 20085.4
1157.42 20081.9
1159.26 20166.4
1159.29 20183
1159.42 20158.1
1159.5 20197.7
1159.25 20184.8
1159.82 20195.1
1159.72 20044.5
1159.84 19985.9
1160.75 19982.2
1162.06 19976.6
1162.05 19924.2
1162.05 19896.5
1161.87 19869.3
1161.47 19887.9
1161.7 19910.8
1160.7 19905.6
1160.7 19905.3
1160.78 19866.2
1160.81 19834.1
1160.88 19878.8
1160.37 19887.5
1160.1 19881.1
1160.09 19858.7
1159.39 19839.2
1159.66 19826.8
1159.61 19821.6
1159.71 19824.7
1159.82 19821.3
1160.4 19821.4
1160.23 19791.5
1160.11 19812.9
1160.11 19831.5
1160.44 19814.1
1159.97 19833
1156.57 19939.6
1156.43 20011.4
1156.45 20018.6
1156.46 20018.2
1156.17 20011.4
1156.23 20017.7
1157.37 20023.8
1157.49 20022.8
1157.39 20026.5
1157.41 20026
1157.39 20037
1157.28 20048.5
1157.24 20073.9
1156.99 20134.2
1156.4 20226.9
1156.41 20218.4
1156.4 20201.6
1157.03 20171.7
1151.02 20371.5
1150.69 20384.6
1151.6 20373.6
1151.7 20438.3
1151.44 20458.9
1151.54 20478.1
1151.54 20473.6
1151.25 20440.5
1151.33 20419.8
1151.5 20405.7
1150.81 20412.6
1150.7 20458.9
1150.94 20412.1
1151.46 20447.1
1151.37 20476
1149.88 20504.3
1149.81 20507.1
1149.97 20484.3
1149.89 20525.1
1148.59 20502.9
1149.42 20462.2
1151.8 20538.4
1150.19 20614.9
1150.67 20531.5
1150.4 20441.8
1150.35 20425
1150.41 20414.6
1150.37 20404.5
1150.89 20496.6
1150.4 20449
1150.69 20429.3
1150.65 20439.4
1150.66 20456.8
1150.94 20564.8
1151.58 20511.8
1151.62 20553.1
1151.49 20568.9
1151.52 20576.1
1151.17 20539.2
1151.15 20636.4
1151.12 20622
1151.48 20682.1
1151.34 20622.4
1151.18 20604.1
1150.75 20616
1151.6 20648.8
1151.51 20651.7
1151.52 20673.7
1151 20704.1
1151.03 20735.6
1151.16 20768
1151.45 20813.7
1151.08 20833.7
1150.8 20842.9
1150.84 20856.5
1153.92 20943.2
1154 21036.3
1154.17 21041.7
1154.49 21063.7
1155.48 21136.3
1155.85 21168.7
1155.81 21162.4
1155.51 21127.5
1156.66 21132
1156.68 21123.2
1157.62 21117.6
1157.67 21135.9
1157.63 21125.3
1157.76 21124.8
1160.97 21171.4
1161.07 21154.5
1161.58 21179.6
1161.55 21194
1161.49 21200.6
1161.48 21194.5
1161.48 21193.9
1161.7 21194.9
1161.86 21169.6
1162.31 21123.4
1162.15 21280
1161.99 21349
1161.86 21395.9
1161.95 21335.4
1161.96 21315
1162.49 21322.5
1162.87 21351.8
1162.97 21386.1
1163.23 21411.6
1162.44 21511.6
1162.56 21537.7
1162.56 21532.3
1162.74 21549
1162.97 21533.1
1163.02 21514
1162.79 21526.3
1162.76 21568.4
1162.73 21571
1162.71 21536.2
1162.74 21526.5
1162.54 21546.4
1162.51 21514.9
1162.78 21507.8
1162.92 21503.4
1162.93 21497.3
1163.37 21491.6
1163.38 21490.9
1163.12 21478
1163.16 21483.2
1163.23 21496.6
1163.29 21519.8
1163.35 21525.7
1163.38 21522
1163.38 21512.6
1163.4 21527.7
1163.92 21555.8
1164.67 21558.8
1164.58 21616.8
1164.47 21623
1164.08 21631.6
1164.96 21691.5
1165.19 21687.1
1165.01 21675.2
1163.63 21678.9
1163.53 21622.8
1163.25 21639.8
1163.14 21648
1163.38 21512.6
1162.61 21624.4
1163.21 21615.8
1163.34 21555.7
1163.4 21603.1
1163.31 21630.7
1162.99 21633.1
1163.03 21608.9
1163.18 21600.4
1163.23 21587
1163.76 21583.8
1163.73 21576.6
1163.74 21590.6
1164.1 21608.9
1163.81 21604.2
1164.26 21628.5
1164.26 21631.9
1164.44 21663.7
1165.22 21656.4
1165.23 21624.8
1165.05 21595.6
1165.33 21558.6
1165.33 21550
1165.37 21558
1165.33 21558
1165.53 21565.4
1164.9 21414.4
1164.93 21414.2
1165.06 21401.9
1166.82 21356.8
1166.9 21315.3
1167.01 21256.6
1167.03 21230.7
1166.95 21223
1167.26 21240.1
1167.19 21237
1168.06 21238.3
1168.86 21238.6
1168.99 21236.5
1169.48 21246
1169.6 21244.6
1169.86 21270.5
1169.37 21270.8
1169.35 21240.4
1169.47 21223.3
1169.48 21201
1169.47 21196.8
1169.46 21184.9
1169.8 21205.6
1169.72 21189.5
1169.61 21193.9
1169.73 21098.2
1169.02 21052
1169 21038.9
1169.06 21080.1
1168.53 21105.7
1168.4 21166
1168.31 21202.5
1168.37 21221.6
1168.1 21220.7
1167.66 21410
1168.08 21457.1
1168.61 21448.5
1168.61 21434.1
1168.58 21425.4
1168.55 21409.6
1168.73 21406.7
1167.89 21385.1
1167.72 21389.6
1167.89 21346.3
1167.95 21343
1168.13 21364.2
1168.12 21402
1168.22 21397.5
1168.84 21398.8
1168.62 21440.6
1169.22 21443.6
1169.31 21416.4
1170.41 21432.1
1170.52 21386.1
1170.71 21398.8
1170.9 21374.3
1171.8 21375.3
1172.49 21409.8
1172.67 21375
1172.33 21385.1
1172.75 21359.8
1173.07 21386.1
1173.11 21294.7
1173.13 21319.2
1172.9 21288.7
1173.17 21258.8
