101.48 338.267
107.751 374.511
274.804 602.473
331.982 805.157
335.964 820.56
468.562 2401.32
472.966 2026.08
482.647 2228.4
490.364 2839.67
490.364 2115.94
527.403 3136.35
527.524 2716.75
527.658 2606.61
552.518 3466.67
550.095 5592.35
579.723 5027.69
577.94 4780.35
582.939 4630.22
586.053 4181.73
589.77 4002.06
592.149 4087.01
597.565 3890.6
597.571 3885.59
607.464 3956.73
633.884 4318.78
637.251 4476.34
673.145 4518.73
679.27 4915.29
683.602 5202.04
687.682 5199.46
693.585 5380.31
712.117 5438.31
729.974 5904.53
729.032 6428.08
727.958 6785.57
727.979 6623.86
732.667 6872.61
732.307 6777.19
734.191 6791.94
747.618 7328.74
748.554 7203.98
779.51 7202.7
781.025 7396.83
784.58 7460.21
782.11 8038.91
795.148 8511.82
891.567 9216.97
890.419 10006.3
898.843 10345.7
908.717 10243.8
1071.21 15882.8
1079.74 20547.3
1083.82 18499
1078.63 15000.5
1078.31 13277
1085.63 12226.5
1093.73 11789
1095.19 10766.4
1100.38 9960.42
1119.49 10239.3
1132.34 9932.11
1135.39 9753.67
1135.94 9850.34
1140.16 9469.24
1161.9 9696.94
1176.86 9643.44
1184.39 12277.2
1191.7 9898.55
1191.73 9406.5
1198.78 11051.7
1191.29 10772.2
1205.53 10411
1219.42 10474
1219.13 10443.8
1241.66 10336.7
1260.28 10088.5
1261.41 9800.71
1263.07 9853.89
1263.05 9855.85
1264.31 9921.58
1267.77 9949.89
1272.07 10032.4
1272.89 10966.3
1272.86 10762.8
1276.82 10641.2
1294.3 10476.6
1302.16 10527.3
1307.65 12716.7
1318.55 12260.7
1316.29 13836.7
1316.81 13723.5
1317.48 13784
1317.33 13759.7
1323 14654.2
1304.95 15022
1319.61 14839.1
1326.54 16216.3
1327.28 15881
1316.54 15559.1
1316.42 15570.6
1320.3 15497.4
1321.58 15298.6
1327.41 15152.6
1324.47 14974.4
1322.12 14936.3
1327.99 14783.9
1330.99 14701
1331.51 14660
1334.38 14602.5
1334.08 14430.5
1333.77 14361.9
1336.47 14357.4
1339.83 14323.7
1340.72 14285.4
1340.58 14277.5
1341.08 14311.1
1340.94 14308
1336.31 14724.4
1337.63 14920.5
1339.99 14768.1
1340.41 14804.8
1343.3 14835.1
1343.82 14683.2
1347.66 14564.6
1349.53 14457.7
1351.76 14198.6
1352.2 14173.2
1353.95 14268.6
1354.43 14225.1
1357.82 14278.1
1357.51 14351.6
1357.33 14381.6
1359.6 14523.9
1358.25 14966.3
1360.16 14605.9
1355.98 14444
1356.59 14580.5
1355.92 14464.7
1358.77 14348.3
1359.02 14308.8
1359.74 14372.4
1358.72 14287.8
1356.62 14185.5
1356.11 14068.5
1356.89 13989.8
1356.92 13995.2
1357.37 14008.8
1357.42 14056.9
1359.41 13962.6
1359.21 14007.6
1360.07 14064.4
1362.22 14074.3
1370.42 13998
1370.77 14032.5
1370.63 14024
1372.72 14093.3
1375.17 14154.3
1374.66 14137
1374.63 14345.4
1374.83 14287
1377.86 14246.8
1378.33 14214.1
1377.69 14188
1380.44 14141.2
1378.78 14177.4
1381.87 14118.5
1388.03 14085.9
1388.47 14071.5
1388.88 14078.8
1389.08 14084
1389.6 14078.8
1389.51 14091.5
1389.3 14369.7
1391.28 14327.7
1395.11 14355.2
1394.16 14771.3
1395.03 14490.1
1395.02 14383.5
1395.79 14347.1
1396.81 14325.3
1396.39 14400.4
1396.48 14266.7
1396.86 14301.8
1396.98 14339.2
1400.6 14371.6
1400.18 14338.9
1400.32 14307.1
1403.06 14230.2
1403.1 14286.4
1404.62 14428.3
1405.23 14507.2
1405.06 14501
1400.08 14595.5
1399.81 14474.3
1399.32 14418.6
1396.03 14743.5
1398.72 15122.3
1398.7 15035.5
1399.26 15043.4
1397.17 15147.2
1397.6 15033.3
1397.58 14962
1398.83 15004.3
1398.17 14988.9
1397.41 15148
1400.4 14978.2
1401.71 14926.3
1403.66 14932.2
1403.98 14872.2
1404 14886.3
1404.48 15238.7
1406.37 15372.7
1406.59 15340.3
1407.9 15381.5
1408.91 15475.5
1408.86 15484
1406.33 15447.5
1406.33 15441.5
1406.87 15468.9
1406.81 15537.6
1411.65 15780.4
1414.78 15616.8
1419.47 15557.9
1419.05 15493.1
1421.69 15413.5
1421.88 15346.9
1421.93 15366.3
1422.73 15367.7
1425.59 15290.5
1429.02 15255.3
1429.7 15202.9
1431.52 15155.3
1431.6 15140.5
1432.28 15105.7
1432.33 15084.4
1431.56 15088.1
1431.43 15102.9
1431.53 15030.7
1433.02 15005
1432.7 15034.9
1433.18 15064.7
1434.49 14997.9
1436.23 14961.8
1435.97 15013.7
1436.04 15075.9
1436.29 15139.5
1437.21 15176.5
1437.27 15186.6
1438.21 15200.5
1438.83 15172
1439.79 15209.1
1443.41 15204.1
1444.93 15253.2
1445.45 15180.3
1445.8 15216.4
1445.82 15247.2
1448.4 15414.3
1451.71 15584.6
1451.48 15507.9
1451.51 15436.9
1452.09 15496.3
1451.96 15585
1452.9 15614.1
1452.98 15576.5
1453.03 15576
1453.22 15608.2
1453.98 15630.3
1458.44 15709.7
1459.4 15681.9
1459.41 15652.5
1459.68 15690
1459.84 15751.1
1459.73 15848.5
1459.39 15851.4
1459.32 15876.7
1463.99 15908.3
1464.27 15833.9
1465.09 15858.6
1464.33 15875.9
1467.93 15909.1
1467.97 15921.8
1468.06 15898.2
1470.11 15864.6
1470.58 15899.1
1470.94 15914.4
1468.7 15943.1
1470.45 16060.1
1471.91 16085.5
1472.44 16096.7
1472.9 16106.3
1472.91 16114
1473.88 16127.6
1475.31 16122
1476.19 16133.3
1476.55 16139.2
1476.77 16151.4
1474.09 16157.6
1474.27 16196
1475.97 16274.6
1475.98 16313.5
1476.12 16340.2
1476.1 16298.9
1476.13 16245.2
1476.72 16211.3
1476.86 16226.7
1476.78 16228.3
1476.51 16238
1477.26 16338.4
1477.43 16311.5
1477.33 16342
1477.33 16389.1
1479.05 16490.6
1479.18 16606.9
1479.25 16660.8
1480.16 16686.5
1480.01 16761.4
1479.58 16697.5
1480.64 16670.3
1480.66 16608.1
1481.35 16649.5
1481.96 16670.1
1481.76 16672.2
1481.59 16677.8
1481.87 16681.8
1482.28 16768.4
1483.64 16788.7
1483.27 16716.6
1483.29 16704.4
1484.61 16626.2
1485.41 16623.1
1486.48 16632.5
1486.43 16654.8
1486.46 16668
1485.88 16652.4
1485.73 16637.2
1485.86 16669.1
1486.21 16728.4
1486.35 16727.9
1487.38 16746.3
1487.46 16750.6
1487.57 16764.4
1487.75 16782.2
1487.62 16814.2
1490.01 16813.1
1490 16803.2
1488.53 16862.1
1489.29 17009.4
1489.3 16912.6
1489.99 16966.4
1490.42 16915.6
1490.42 16907.6
1490.52 16926.8
1491.09 16969.8
1493.66 16763.9
1494.91 16774.7
1494.61 16851.7
1493.86 17048.5
1493.72 17121.7
1493.68 17145.7
1494.67 17176.4
1494.77 17142.9
1495.73 17049.4
1495.75 16929
1495.86 16923.1
1497.1 16950.5
1497.13 17012
1497.16 17002.7
1497.22 17045.7
1498.33 17028.1
1499.13 17009.6
1498.89 17072.5
1498.66 17076.5
1498.72 17068.5
1498.23 17061.5
1498.48 17051.4
1498.62 16848.8
1498.62 16775
1499.47 16677.1
1499.48 16668.9
1499.28 16586.7
1499.73 16486
1502.37 16434.1
1502.37 16411.3
1502.44 16381.2
1502.46 16384.1
1502.95 16364.9
1504.42 16389.8
1506.75 16416.4
1506.77 16411.1
1507 16439.3
1506.52 16392.5
1506.56 16441.6
1506.61 16450.9
1506.5 16460
1506.86 16514.6
1507.06 16531
1506.73 16481.2
1506.33 16555.7
1506.17 16604.6
1505.96 16568.4
1506.35 16549.1
1506.47 16487.2
1506.23 16465.6
1507.07 16485.5
1507.15 16496.5
1507.55 16519
1507.75 16518.2
1509.03 16509.9
1509.32 16588.1
1508.04 16515.7
1508.33 16551.9
1508.48 16580.2
1509.38 16586.9
1509.17 16592.3
1511.07 16583.3
1512.12 16736.2
1512.81 16759.2
1513.58 16750.2
1513.54 16696.2
1513.8 16636.4
1514.39 16675.5
1516.05 16701.7
1516.73 16728.5
1516.7 16747.8
1516.74 16777.6
1516.74 16774.9
1516.8 16641.6
1516.52 16586.2
1516.6 16557.5
1516.43 16560.7
1516.4 16566.2
1516.41 16577.1
1516.47 16595.4
1516.81 16597.1
1516.71 16613.2
1516.59 16635.2
1516.8 16633.2
1517.16 16645.1
1517.42 16632.4
1518.31 16664.7
1518.03 16671.8
1517.07 16656
1517.34 16699.5
1517.97 16733
1517.93 16734.4
1518.47 16746.1
1518.59 16771
1517.96 16893.2
1517.98 16864.2
1518.02 16850.7
1518.06 16857.4
1517.79 16858.6
1517.68 16821.7
1518.32 16857.7
1517.82 16909.4
1520.39 16842.9
1520.71 17062.6
1520.56 17083.5
1520.58 17095.9
1520.78 17068.3
1520.95 17066.4
1521.47 17052
1521.9 17057.5
1522.36 17069.6
1525.61 17069.9
1525.68 17050.5
1525.56 17008.3
1526.46 16964.4
1526.41 16970.2
1528.57 16856.6
1528.53 16803.7
1528.08 16850.4
1528.58 16800.7
1528.65 16816
1529.1 16767.9
1529.04 16772.6
1529.52 16803.8
1529.13 16780.9
1529.77 16899.2
1529.76 16916
1529.87 16860.2
1531.37 17063.7
1531.79 17108.8
1532.74 17056.7
1532.72 17056.4
1533.03 17062.9
1532.9 17068.5
1532.68 17093.7
1532.8 17104.5
1532.69 17096.8
1532.89 17047
1533.42 17079.3
1534.29 17091.6
1534.84 17163.5
1535.1 17199.9
1535.05 17189
1535.22 17210.8
1534.99 17202.5
1534.95 17179.2
1534.99 17155.6
1535.46 17134.3
1536.2 17202.4
1536.26 17107.5
1536.33 17092
1536.23 17052.6
1536.71 17054.8
1536.51 17161
1536.74 17149.1
1537.12 16952.2
1537.51 17017
1537.6 17084.7
1538.14 17178.2
1538.01 17206.2
1537.99 17196.2
1538.17 17192.8
1538.12 17188.5
1538.16 17177.8
1538.33 17197.8
1538.18 17190.7
1538.05 17141.4
1538.17 17095
1537.98 17106.9
1537.98 17259.3
1538.05 17242
1537.87 17259.4
1537.87 17236.1
1538.45 17242.3
1538.45 17255.2
1538.51 17283.1
1538.52 17273.8
1538.62 17221.6
1538.53 17145.4
1538.57 17229.4
1538.67 17243.8
1538.83 17271.6
1538.82 17281.4
1538.61 17186.7
1539.06 17206.6
1539.88 17199.1
1539.87 17175
1539.34 16976.2
1539.33 17064.1
1540.22 17077.3
1541.08 17090.8
1541.01 17104.1
1541.12 17116.6
1541.9 17082.3
1542.09 17129.4
1541.81 17137.8
1542.3 17165.9
1542.21 17151.2
1542.2 17144.4
1542.14 17140
1542.1 17128.7
1542.12 17118.1
1541.86 17111.1
1541.86 17115.1
1542.08 17116.9
1541.99 17095.1
1541.69 17069.3
1542.66 17064.2
1542.66 17045
1542.73 17032.2
1542.67 17097.8
1542.62 17075
1542.66 17081.2
1542.86 17086
1542.75 17151.6
1542.72 17164.9
1542.9 17202
1543.59 17187.4
1543.53 17194.4
1543.5 17228.8
1543.53 17265.2
1543.61 17302.5
1544.38 17404.1
1544.65 17461.4
1544.56 17496.2
1545.26 17511.3
1545.24 17519.6
1545.85 17725.3
1546.34 17766.4
1546.86 17779.2
1546.69 17792.6
1546.18 17752.8
1546.12 17725.6
1546.31 17728.7
1546.31 17644.8
1546.42 17617.8
1546.37 17658.9
1546.32 17661.9
1546.25 17631.2
1546.13 17674.7
1546.04 17656.8
1546.06 17656.6
1545.88 17656.5
1545.89 17666
1545.94 17639.1
1545.38 17646.3
1545.38 17621.6
1545.16 17622
1545.15 17634.1
1545.15 17637.2
1545.7 17656.1
1545.83 17665.9
1546.08 17663
1546.33 17664.4
1546.46 17731.3
1546.48 17720.7
1546.48 17744.3
1546.5 17734.3
1546.56 17722.1
1546.44 17722.1
1546.3 17711
1546.31 17708.4
1546.5 17703
1546.5 17700.8
1546.78 17837.9
1547.5 17867.3
1547.59 17884.1
1547.71 17851.6
1548.24 17844.5
1548.17 17830.6
1548.15 17868.9
1548.44 17867.6
1548.78 17915.3
1549.14 17920.9
1549.05 17905.8
1549.03 17904.5
1548.84 17900.9
1549.03 18019.3
1550.03 17932.5
1550.35 17886.6
1550.24 17935.9
1550.45 17941
1550.46 17951.7
1550.73 17972.1
1552.11 17970.3
1552.05 18037.2
1552.38 18048.4
1552.22 18055.4
1552.35 18017.8
1552.45 18016.3
1552.38 18041.3
1553.29 18075.8
1553.25 18093.3
1553.26 18131.1
1553.29 18107.1
1552.9 18095.4
1552.9 18089.9
1552.96 18107.5
1553.24 18133.1
1553.3 18293.3
1553.31 18302.4
1553.39 18304.7
1553.27 18284.7
1553.24 18265.4
1553.34 18315
1552.75 18285.4
1552.8 18272.3
1553.45 18305.4
1553.24 18282.6
1552.96 18291.2
1553.01 18271.2
1552.98 18263.5
1553.39 18248.7
1553.11 18248.3
1553.49 18232.9
1553.38 18222.5
1553.29 18227.6
1553.02 18267.5
1554.02 18273.1
1553.91 18251.9
1553.94 18253.4
1554.05 18251
1553.53 18271.8
1553.87 18239.3
1553.81 18256.3
1553.88 18272.9
1554 18271.6
1565.66 18677.5
1565.66 18207.2
1565.55 18163.1
1567.08 18197.9
1571.69 18507.9
1573.05 18131.4
1573.07 18224
1573.55 18029.9
1573.51 18071.6
1573.41 18108.8
1573.58 18108.2
1573.63 18134.8
1573.65 18101.5
1573.69 18103.6
1573.46 18110.4
1573.12 18114.8
1573.36 18116.8
1573.34 18135.4
1573.15 18097.4
1574 17995.9
1574.28 18053.4
1574.24 18081.9
1574.44 18128.1
1574.59 18131.7
1574.64 18146.6
1574.66 18140.6
1574.66 18131.1
1574.72 18126.7
1574.9 18095.8
1574.73 18114
1575.42 18261.8
1575.5 18266.5
1575.27 18253
1575.36 18252.7
1575.31 18257.2
1575.18 18233.9
1575.5 18207.7
1575.5 18221.7
1575.31 18185.7
1575.65 18174.6
1575.65 18189.7
1575.56 18197.9
1575.87 18215.5
1576.37 18262
1576.67 18339.9
1576.65 18339.3
1576.66 18341.5
1576.67 18378.5
1576.81 18384.9
1576.82 18372.5
1576.83 18356.2
1576.94 18350.1
1577.34 18373.2
1577.15 18368.2
1577.19 18379.5
1577.19 18389.5
1577.21 18394
1577.2 18401
1577.76 18419.1
1577.45 18612.9
1577.93 18628.5
1577.6 18652.3
1577.58 18664.7
1577.58 18680.9
1577.82 18691.8
1577.93 18689.7
1577.87 18705
1578.07 18739
1578.12 18737.7
1578.52 18744.3
1578.52 18745
1578.44 18752.9
1578.57 18739.1
1578.59 18728.6
1578.48 18830.1
1578.94 18869.3
1578.91 18836.4
1579.3 18807.6
1579.3 18819.3
1579.29 18829.1
1579.22 18835.2
1579.24 18803.3
1579.68 18817.7
1580.09 18821.5
1579.87 18839.1
1580.4 18858.6
1580.4 18869.6
1580.42 18874.7
1579.99 18889.5
1579.92 18996
1580.2 19044.7
1580.2 18969.2
1580.53 19008.1
1580.59 19050.5
1580.82 19053.6
1581.13 19064.2
1581.18 19070.5
1581.19 19071.7
1580.69 19059.2
1581.07 19013
1581.07 19005.8
1581.05 18997.5
1581.33 19006.3
1581.7 19006.6
1581.7 19011.1
1581.93 19048.6
1581.83 19123.9
1581.86 19075.2
1581.89 19045
1582.23 19029.2
1582.26 19016.7
1582.29 19036.4
1581.87 19034.1
1581.79 19046.1
1581.85 19072.6
1581.71 19138.5
1581.5 19481.7
1581.49 19564
1581.52 19540.2
1581.11 19457
1581.1 19463.5
1580.9 19537.1
1580.9 19481.1
1581.77 19474.8
1581.46 19603.7
1581.79 19684.6
1581.7 19701.7
1581.68 19741.7
1581.77 19747.7
1581.77 19748.3
1581.69 19764.6
1581.66 19762.2
1581.69 19711.9
1581.98 19720.9
1581.95 19649.5
1581.93 19619.5
1581.89 19612.5
1581.94 19585.9
1581.89 19571.1
1581.69 19575.8
1581.49 19618
1581.14 19621.7
1580.9 19620.7
1580.8 19604.7
1581.9 19851.1
1582.24 19936.3
1582.26 19997.6
1582.39 20034.9
1582.27 20042.6
1582.51 20077.9
1582.59 20101
1582.83 20082.8
1582.8 20077.4
1582.86 20068.9
1582.87 20065.1
1583.74 20042.6
1583.53 20111.2
1583.54 20103.2
1583.92 20109.4
1585.42 20172.9
1585.63 20253.8
1585.61 20296.1
1586.28 20276.9
1586.49 20259.9
1586.44 20265
1586.57 20259.2
1586.85 20237.4
1587.8 20239.9
1588.36 20360.5
1588.18 20373.8
1587.77 20413
1587.84 20415.2
1587.6 20384.3
1587.56 20394
1587.53 20405.3
1587.56 20419.3
1587.53 20442.6
1587.4 20446.9
1588.5 20441.9
1588.39 20499.4
1588.44 20503.6
1588.62 20518.3
1588.6 20538.6
1588.67 20544.6
1588.68 20540.8
1588.63 20544
1590.62 20570
1590.56 20573.1
1590.49 20569.9
1590.22 20591.1
1590.22 20589.4
1590.14 20612.1
1590.16 20609.4
1590.19 20610.5
1589.76 20585.4
1589.84 20591.4
1589.9 20585.2
1589.87 20566.9
1589.94 20509.4
1589.94 20434.7
1589.93 20505.4
1589.84 20510.9
1589.76 20520.8
1589.91 20518.7
1593.53 20548.7
1594.01 20538.2
1594.52 20553.6
1594.52 20541.2
1594.53 20548.3
1594.63 20542.2
1599.33 20546.8
1599.17 20516.3
1599.18 20561.8
1599.47 20559.7
1599.52 20564.2
1599.52 20547.1
1599.59 20550.1
1599.93 20553.2
1599.91 20544.9
1600.31 20547.5
1600.28 20537.3
1600.29 20550.9
1600.36 20546.3
1600.66 20523.6
1601 20522
1600.99 20517
1600.87 20516.9
1600.94 20516
1600.95 20546.4
1600.92 20518.2
1600.95 20516.1
1600.82 20454.2
1600.9 20440.9
1600.88 20436.6
1601.17 20479.4
1601.5 20482.4
1601.33 20531.5
1601.3 20551.5
1601.09 20585.8
1600.82 20605.4
1600.91 20649.4
1600.75 20644.2
1600.73 20639.8
1600.9 20620.4
1600.82 20616.3
1600.84 20644.4
1600.86 20635.7
1599.82 20622.2
1599.66 20602.3
1599.66 20594.7
1599.54 20622.2
1600.37 20637.1
1600.45 20589.9
1601.29 20545.9
1601.16 20545.3
1601.58 20579.5
1602.1 20540.2
1602.12 20496.2
1602.42 20469.4
1602.22 20494
1602.24 20492.7
1602.29 20514.2
1602.32 20504.4
1602.75 20555.1
1602.95 20556.2
1602.92 20551.6
1605.93 20606.7
1606 20574.7
1606.11 20522.6
1606.25 20541.2
1606.25 20542.1
1606.92 20556.1
1606.95 20534.9
1607.03 20536.6
1607.09 20532.6
1607.51 20656.9
1607.7 20680.3
1607.88 20655.5
1607.91 20668.1
1607.95 20667.4
1607.56 20616.8
1607.98 20613.7
1608.13 20647.2
1608.13 20658.5
1608.17 20666.2
1608.11 20657.4
1607.85 20664.9
1607.73 20671.4
1607.87 20668.2
1608.93 20717
1608.83 20789.8
1609.08 20816.7
1609.07 20838.2
1609.35 20833.4
1609.52 20828.8
1610.08 20823.9
1609.8 20859.7
1610.69 20898.8
1610.71 20889.8
1611.21 20911
1611.29 20926.2
1611.32 20974.9
1611.3 20989.2
1611.3 20983.6
1611.06 20942.9
1611.12 20932.3
1611.55 20921
1611.74 20923.2
1611.88 20933.1
1611.79 20923.1
1611.57 20908.8
1612.01 20946.1
1611.78 20978.1
1611.97 20969.9
1611.74 20951.8
1611.87 20936.1
1611.75 20938.7
1611.74 20927.9
1611.71 20930.2
