22.7829 35.6606
44.1022 62.1966
194.53 936.927
223.985 1135.73
262.835 1118.05
271.373 1788.1
275 1691.39
276.347 1277.74
285.682 1174.09
295.303 1577.38
310.594 1599.41
321.363 1591.84
321.394 1485.6
323.735 1445.17
420.543 2622.04
428.366 3123.62
431.54 2908.92
453.299 3653.67
468.816 3459.13
526.695 3533.09
576.382 4210.53
656.331 4227.76
660.042 4015.15
657.087 3910.68
673.282 3880.46
675.249 4617.9
678.317 4839.46
681.175 5052.28
681.274 4786.93
694.619 5265.8
712.487 6371.78
736.418 5947.32
739.52 5634.39
742.233 5855.46
745.923 5470.19
751.692 5946.28
753.565 7471.05
780.032 8316.33
803.073 7547.92
809.197 7235.93
810.72 6980.26
810.808 6814.43
813.122 7474.54
816.285 8601.51
815.867 8546.7
829.44 9496.99
830.382 9331.56
864.426 9536.76
915.931 10912
934.787 9196.78
945.573 8633.14
961.648 8677.01
981.758 8331.32
994.081 8218.72
994.334 8027.71
996.102 7634.76
998.435 7729.49
997.646 7623.73
998.292 7558.7
998.114 7588.35
998.51 7618.16
998.662 7583.43
1014.66 8023.17
1020.66 7761.89
1020.82 7737.65
1021.33 7652.79
1021.17 7538.57
1038.02 7946.05
1034.15 8335.53
1038.13 9086.84
1047.61 9116.55
1049.6 8846.87
1060.9 8812.36
1060.43 8436.59
1065.77 9007.27
1062.77 8784.96
1068.11 10762.5
1087 9547.42
1097.02 8679.93
1096.64 8653.16
1101.29 8467.22
1102.74 8400.18
1107.17 8289.15
1107.52 8746.7
1110.83 9001.76
1111.46 9063.87
1115.21 9152.14
1115.11 9220.18
1122.36 9239.87
1128.56 9488.15
1129.52 9365.06
1127.65 9441.42
1129.52 9632.51
1131.65 9638.47
1137 9541.44
1142.95 9412.9
1145.96 9801.96
1145.5 9867.68
1154.99 10108.9
1162.59 9922.98
1165.91 9809.55
1167.63 9679.84
1167.83 9520.01
1169.36 9371.9
1171.33 9855.43
1173.42 9713.51
1174.74 9575.79
1176.98 9572.86
1193.98 10002
1194.79 9529.42
1195.21 9562.74
1199.38 9550.15
1199.59 9508.72
1200.16 9522.75
1199.49 9799.63
1198.58 9599.82
1198.96 9536.56
1199.53 9456.51
1205.4 9823.11
1207.47 9781.79
1207.79 9727.79
1207.78 9707.16
1208.26 9693.51
1208.59 9664.37
1209.3 9485.36
1210.17 9390.37
1213.48 9325.84
1213.38 9541.15
1213.8 9422.96
1214.44 9578.57
1215.43 9799.29
1215.7 9799.38
1214.07 9866.06
1214.05 10200.2
1215.3 9940.25
1214.79 9935.97
1217.23 9926.31
1220.5 9650.68
1221.03 9959.59
1225.88 9781.57
1226.58 9732.9
1228.49 9716.68
1228.51 9732.32
1227.51 9853.01
1228.96 9865.78
1229.14 9917.45
1228.94 10006
1232.89 10042.4
1238.12 10229.6
1239.32 10250.5
1248.54 10514.3
1248.67 10487.9
1248.17 10475.6
1248.38 10457.3
1252.56 10403.3
1253.64 10429.4
1255.17 10359.1
1254.84 10381.7
1259.07 10866.9
1258.88 10870
1260.31 10827.6
1280.21 10980.9
1280.58 10475.3
1280.53 10455.7
1280.54 10516.7
1280.27 10603.4
1280.23 10540
1280.43 10538.2
1289.62 10503.2
1295.93 10359.5
1295.69 10399.5
1295.69 10450
1296.18 10426
1296.84 10421.3
1297.03 10403.4
1296.94 10388.8
1298.06 10365.1
1298.11 10371.9
1296.91 10417.6
1296.87 10601
1297.2 10643.1
1295.85 10566
1295.04 10525.1
1295.28 10478
1297.41 10440.5
1297.9 10434.2
1299.24 10374.7
1298.95 10269.9
1298.47 10291
1298.33 10335.6
1298.56 10301.4
1298.48 10283.1
1298.88 10315.7
1299.61 10344.3
1299.26 10273.8
1298.13 10177
1298.93 10179.9
1298.77 10190.9
1299.02 10165.1
1298.64 10200.5
1299.02 10090
1298.08 10079.7
1297.82 10132.6
1298.22 10144.8
1298.83 10105.7
1298.58 10075.9
1299.04 10081.5
1301.04 10127.3
1301.43 10120.4
1301.3 10162.4
1300.82 10212.9
1300.76 10232.1
1300.76 10247.8
1300.2 10550
1300.79 10393.1
1300.77 10393.2
1301.39 10400.3
1301.68 10386.1
1301.69 10402.7
1301.76 10375.5
1301.78 10383.8
1304.68 10354.8
1304.74 10373
1306.25 10400.6
1305.57 10359.1
1307.51 10435.6
1307.48 10480.6
1307.43 10458.8
1308.01 10657.9
1308.66 10540.4
1308.59 10521.2
1310.04 10452.6
1310.22 10443.6
1310.81 10443.4
1310.67 10455.8
1311.24 10444.3
1311.48 10504.1
1311.54 10622.8
1311.72 10599.2
1313.77 10512.8
1313.77 10521.3
1313.79 10535.5
1313.76 10530.8
1313.49 10876.6
1316.35 10910.2
1316.33 10879.4
1318.22 10907.7
1318.69 10910
1320.01 10927.2
1319.88 10854.4
1320.39 10772.8
1320.67 10767.2
1320.51 10727.5
1322.3 10775.4
1320.15 10844.1
1321.35 10845.1
1321.24 10851.5
1321.45 10872.7
1321.34 10896.3
1321.13 11051
1321.66 11037.6
1321.67 11036.5
1321.65 11039.8
1321.75 11042.1
1321.79 11048.1
1321.93 11048.3
1322.91 11062.3
1323.09 11096.3
1323.08 11113.9
1322.96 11122.1
1323 11146.3
1324.32 11159
1324.48 11144.7
1325.3 11221.5
1326.75 11252.3
1326.69 11238.3
1326.69 11214.8
1327.19 11227.9
1326.99 11294.3
1326.95 11228.2
1327.31 11226.6
1327.34 11170.6
1328.37 11222.4
1329.62 11179.3
1329.65 11182.5
1339.77 11256
1340.4 11283.7
1341.36 11328.5
1342.32 11242.1
1342.33 11181.5
1342.35 11172.4
1342.93 11171.2
1343.21 11187.2
1343.56 11202
1344.86 11211.4
1344.73 11209.3
1345.02 11212
1345.09 11222.9
1345.66 11214.2
1345.62 11194
1345.65 11284.7
1345.92 11260.2
1345.74 11233.6
1344.33 11222.6
1346.55 11259.3
1347.86 11271.4
1347.68 11283.6
1348.54 11333.7
1349.49 11334
1352.92 11421.9
1353.85 11430.6
1354.02 11298.5
1354.05 11263.4
1355.07 11270.6
1355.38 11239.1
1355.7 11229
1355.66 11219
1355.58 11224
1356.08 11240.5
1356.27 11236.8
1357.17 11186.2
1357.42 11164.9
1357.63 11168.1
1357.31 11128.8
1357.43 11133.9
1357.49 11137.3
1357.51 11122
1357.47 11122.2
1360.08 11135.5
1361.25 11123.1
1362.61 11117.7
1362.15 11113.9
1364.64 11110.5
1364.67 11133.7
1364.34 11078.5
1362.96 11031.7
1362.82 11066.2
1363.06 11076.6
1363.1 11019.5
1363.39 11011.5
1363.34 11140.3
1363.85 11315.7
1363.48 11379
1363.51 11403.9
1366.21 11460.1
1366.55 11461.3
1366.44 11413.2
1366.41 11390.4
1366.35 11394.9
1366.33 11383.8
1367.18 11384.6
1367.23 11367.6
1368.05 11352.9
1368.1 11369.4
1368.19 11368.9
1369.52 11733.8
1369.62 11960.3
1369.62 11919.8
1369.82 11865.3
1370.52 11841.1
1371.77 11822.9
1371.91 11808.2
1371.5 11801.7
1371.52 11767.5
1371.52 11738.2
1371.36 11704.1
1371.33 11694.1
1373.02 11661.7
1373.53 11641.1
1372.91 11678.1
1372.91 11693.1
1372.89 11693.1
1372.42 11697.1
1373.79 11694.3
1373.79 11699.3
1373.81 11686.9
1373.78 11682.9
1375.82 11641.8
1375.88 11667.5
1375.97 11650
1375.89 11637.2
1376.06 11657.1
1376.42 11682.6
1376.44 11662.2
1376.42 11639.4
1377.24 11617.2
1377.42 11611
1377.45 11604.3
1377.24 11613.9
1376.93 11619
1377.24 11627.7
1378.2 11635.4
1378.36 11638.9
1378.21 11647
1378.57 11639
1378.11 11633.1
1378.17 11649.3
1378.65 11622
1378.88 11590.7
1379.25 11570.5
1379.26 11573.5
1379.73 11583.7
1379.1 11601.5
1378.62 11613.7
1378.46 11631.6
1378.46 11642.2
1378.4 11663.8
1378.92 11643.8
1378.96 11623.7
1379.4 11856.6
1380.99 11881.9
1380.96 11814.7
1380.3 11792.2
1378.51 11631.8
1378.56 11491.2
1378.58 11467.8
1378.81 11506.1
1378.77 11529.4
1378.71 11590.4
1378.32 11598.2
1378.5 11653
1378.37 11673.4
1378.39 11696.3
1378.3 11716.4
1378.3 11755.3
1378.26 11770.5
1378.13 11742.7
1378.18 11715.7
1378.29 11670.4
1378.21 11643.9
1378.23 11663.5
1377.51 11659.7
1378.68 11681.9
1378.6 11704.4
1378.58 11748.5
1379.07 11844.2
1379.5 11847
1379.3 11907.3
1379.32 11925.7
1379.34 11948.6
1379.19 11953.3
1379.34 11958.6
1379.33 11982.7
1379.51 11965.2
1379.53 11976.4
1378.9 11975.6
1379.18 11971.1
1379.09 11920.8
1378.93 11860.8
1378.93 11852.2
1378.89 11866.6
1379.27 11876.4
1379.37 11874.7
1379.38 11861.4
1379.29 11849.7
1379.59 11877.5
1379.82 11865
1379.81 11868
1384.18 11824.8
1384.28 11798.7
1384.97 11769.8
1384.97 11697.7
1385.08 11659.5
1385.09 11639.8
1385.12 11614.7
1385.1 11600.5
1385.09 11586
1384.79 11591.8
1384.96 11569.4
1385.38 11557.8
1385.38 11533
1385.38 11512.4
1385.23 11488.3
1384.87 11534.1
1385.02 11527.4
1385.37 11515.7
1385.01 11624.7
1385.61 11626.7
1385.61 11618.4
1386.35 11635.9
1386.54 11614.6
1386.57 11598.7
1386.49 11584.4
1386.16 11562.9
1386.12 11536.5
1386.1 11528.5
1385.16 11480.9
1385.44 11482.8
1385.27 11523.1
1384.45 11576
1385.09 11587.7
1385.01 11588.9
1384.97 11591.6
1385.12 11600.1
1385.09 11604.4
1385.12 11638.7
1385.87 11655.9
1385.1 11675.9
1385.67 11692.3
1385.69 11703.6
1385.8 11701
1385.8 11695.6
1385.97 11719.5
1385.88 13009.1
1385.91 12789.4
1385.88 12735.8
1386.06 12709.8
1386.21 12754.5
1386.33 12754.4
1385.75 12759
1385.8 12751
1385.33 12683
1384.67 12702.9
1384.87 12769.8
1384.9 12748.2
1385 12761.1
1385.01 12760.1
1385.02 12732.8
1385.02 12712.5
1385.16 12726.9
1386.18 12715.7
1386.15 12697.5
1386.16 12713.1
1386.69 12714.6
1387.06 12739.3
1386.54 12683.5
1386.6 12705.3
1386.88 12741.5
1387.05 12751.9
1387.14 12756.7
1387.14 12761.5
1387.41 12752.3
1387.64 12731.3
1386.98 12759.6
1387.15 12764
1387.63 12641
1388.08 12665.9
1387.35 12682.4
1387.38 12723.2
1387.37 12754.3
1387.62 12749.4
1387.55 12703
1387.16 12691.8
1387.15 12682.2
1387.05 12733.2
1387.1 12752.6
1387.53 12755.5
1387.16 12751.2
1387.15 12781.8
1387.18 12814.8
1387.05 12769
1387.13 12804.5
1386.73 12788.7
1387.49 12803.3
1387.71 12787.2
1387.95 12785.4
1388.04 12794.7
1388.06 12797.1
1387.95 12804.6
1388.02 12805.8
1388.03 12815.2
1388.01 12790.9
1387.79 12767
1388.8 12751.7
1388.74 12774
1388.7 12790.5
1388.71 12793
1389.19 12889.7
1389.13 12948
1389.1 12821.7
1389.3 12783
1389.13 12778.2
1389.36 12797.5
1389.91 12778.5
1389.74 12793.8
1389.78 12789.4
1389.71 12774.3
1389.92 12770.6
1390.04 12809.6
1389.6 12818.5
1390.2 12803.2
1390.15 12803.5
1390.11 12849.5
1390.14 12899.6
1390.27 12889.2
1390.88 12922.3
1391.1 12927.1
1391.17 13099.5
1391.19 13114.4
1391.14 13094.6
1391.11 13091.4
1391.14 13110.4
1391.37 13119.3
1391.1 13009.7
1391.57 12930.2
1391.41 12903.3
1391.9 12891.9
1391.91 12865.3
1391.82 12866.2
1391.63 12889
1391.72 12888.5
1391.63 12789.2
1391.5 12747.2
1391.46 12711.5
1391.4 12709
1390.29 12783.4
1390.33 12835.5
1390.33 12814.7
1390.39 12813.4
1390.25 12812.2
1390.28 12813.9
1389.78 12822.4
1390.71 12892.8
1390.83 12896.7
1390.68 12927.6
1390.46 12986.9
1390.42 13032.5
1390.33 13037.1
1389.58 13073.5
1389.57 13064.7
1389.59 13073
1389.59 13087.4
1389.68 13075
1389.63 13073.1
1389.78 13051.2
1389.8 13046
1389.67 13046.9
1389.64 13032
1389.29 13027.2
1389.28 13023
1389.33 13017.1
1388.98 12981.5
1388.98 12936.5
1388.86 12918
1387.94 12884.6
1387.84 12828.3
1387.76 12814.4
1387.82 12798.8
1387.78 12788.7
1387.68 12777.8
1387.75 12754.6
1388.68 12809.7
1388.75 12792.9
1388.42 12838.3
1388.45 12915.5
1388.44 12869.5
1388.44 12872.4
1388.44 12868.6
1388.39 12867.6
1388.32 12840.8
1388.27 12840.2
1388.27 12815.3
1388.59 12831.1
1388.78 12826.2
1389.94 12848.8
1390.15 12832.1
1390.98 12858.8
1390.91 12878
1390.85 12871.9
1391.01 12887.1
1391.19 12894
1391.22 12896.7
1391.5 12899.6
1391.75 12930.7
1391.95 12949
1391.81 12955.1
1391.85 12964.6
1392.11 12968.6
1391.83 12979.8
1392 12970.5
1392 12946.7
1392.49 12978.2
1392.46 12997.1
1392.88 13035.4
1392.83 13007.1
1392.83 13006
1392.68 12984.9
1392.96 12981.7
1393.07 12961.2
1393.03 12948.1
1393.02 12939.6
1393.85 12922.1
1393.9 12948
1394.08 12952.7
1394.15 12968.3
1394.19 12969.2
1394.16 12981.6
1394.03 12940.7
1393.93 12961.7
1393.82 12976.1
1393.86 12993.4
1394.25 12945.3
1392.49 13137.5
1392.39 13224.9
1392.43 13204.6
1392.31 13215.4
1392.29 13197.5
1392.12 13186.4
1392.11 13206
1392.24 13216.1
1392.05 13247.7
1391.61 13287.6
1391.5 13313.9
1391.29 13307
1391.25 13289.2
1390.94 13288.3
1391 13282.6
1391.34 13274.4
1391.35 13266.3
1391.37 13262.5
1391.36 13315.9
1391.25 13309.9
1390.88 13289.7
1390.68 13299.3
1390.67 13280
1390.32 13256.6
1389.29 13216.1
1389.45 13203.8
1389.49 13204.6
1389.11 13197.3
1389.06 13107.9
1389.07 13091.7
1389.23 13095.7
1389.15 13029.6
1389.33 13006.2
1389.28 12988.5
1389.2 12977.8
1389.37 12978.3
1389.39 13040.6
1389.39 13063.4
1389.71 13075.7
1389.96 13076.2
1389.97 13076.2
1390.16 13064.1
1390.65 13041.6
1390.76 13042
1390.68 13041
1390.68 13035.2
1390.93 13011.9
1390.28 13018.7
1390.32 13028.5
1390.53 13019.3
1390.58 13007.4
1390.56 13012.4
1390.52 13004.1
1390.94 13016.6
1391.1 13038.1
1391.09 13012.4
1391.09 13025.2
1391.09 13045
1390.72 13047.8
1390.89 12998.6
1390.76 13020.2
1390.83 13033.4
1391.05 13036.1
1390.93 13044.9
1390.98 13034.4
1391.26 13046.4
1391.41 13085.3
1391.45 13066.6
1391.82 13065
1391.89 13070.2
1391.71 13076.6
1391.55 13067.7
1392.03 13136.6
1391.91 13106.7
1392.11 13071.4
1392.08 13071.6
1391.89 13069.2
1392.09 13070.8
1392.1 13091.2
1392.24 13104.2
1392.23 13117.2
1391.99 13098.3
1392 13087.3
1392.08 13077.5
1392.03 13067.6
1392.36 13074.1
1392.36 13070
1392.2 13101.8
1392.15 13103.5
1392.17 13085.1
1392.23 13087.5
1391.93 13147.1
1391.94 13125.8
1391.7 13081.4
1391.35 13052.7
1392.26 13074.3
1392.58 13102.3
1392.43 13126.1
1392.42 13162.2
1392.45 13188
1392.53 13227.2
1392.56 13250.5
1392.89 13245.5
1392.89 13256.2
1393.08 13263.4
1393.03 13281.3
1393.24 13247.7
1392.56 13291
1392.48 13277.6
1392.77 13276.7
1392.76 13332.3
1392.69 13346
1392.44 13366.9
1392.75 13379.4
1393.09 13394.9
1393.16 13419.3
1393.72 13470.6
1393.83 13488.9
1393.9 13457.6
1393.86 13456.9
1393.84 13446.4
1393.68 13439.2
1393.49 13436.7
1393.66 13430.8
1393.67 13451.7
1393.66 13456.1
1393.8 13491.9
1393.86 13462.5
1393.81 13475.2
1394 13407.9
1394 13428.6
1393.96 13427.5
1394.15 13406.7
1394.09 13416.7
1393.88 13416.1
1393.86 13426.6
1393.99 13442.4
1394 13452.7
1393.94 13460.7
1393.98 13467.3
1394.01 13470.7
1393.9 13479
1394.26 13484.6
1394.24 13483
1394.1 13599.9
1394.2 13603.4
1394.2 13605.7
1394.2 13609.2
1395 13627.1
1395.11 13661.6
1395.11 13671.9
1395.06 13647.3
1394.94 13600.8
1394.82 13616.9
1394.87 13622.9
1394.93 13627.8
1396.88 13726
1397.02 13685.1
1397.49 13790.5
1397.4 13803.9
1398.13 13819
1398.12 13796
1398.01 13792.6
1398.42 13807.1
1398.45 13809.6
1398.44 13798.1
1400.19 13814.7
1401.47 13818.3
1401.51 13748.1
1401.41 13748.9
1401.01 13755.5
1401.14 13766.2
1401.04 13760.6
1401.08 13775.8
1401.36 13792.4
1401.33 13767
1401.39 13755.6
1402.18 13769.3
1402.21 13762.5
1402.19 13757.9
1402.41 13686.6
1402.25 13701.2
1402.31 13727.5
1402.21 13738.4
1402.4 13758.4
1402.43 13856
1402.67 13833.3
1402.73 13822.1
1402.34 13798.2
1402.3 13802.6
1402.28 13813.4
1402.68 13852.8
1402.41 13872.4
1402.56 13886.9
1402.58 13879.9
1403.57 13939.6
1403.74 13964.7
1403.72 13942
1404.23 13915.1
1404.07 13839
1404.52 13850.1
1404.75 13826.6
1404.82 13828.5
1405.1 13819.6
1405.13 13843.4
1405.33 13873.9
1405.34 13888.3
1405.51 13908
1405.53 13940.6
1405.63 13953.2
1405.6 13956.4
1405.61 13957.9
1405.85 13964
1405.88 14037
1405.9 14058.8
1406.04 14052.1
1406.16 14030.8
1405.85 13997.9
1405.83 13994.8
1406.14 13990.4
1405.72 13960.2
1405.76 13894.8
1405.72 13853.3
1405.59 13899.8
1405.63 13882.7
1406.31 13914.8
1406.31 13918.7
1406.43 13903.2
1406.45 13924.8
1406.47 13941.3
1407.03 13949.7
1407.03 13937.9
1407.37 13952.9
1407.4 13874.3
1407.43 13876.3
1407.25 13826.9
1406.71 13778.6
1406.46 13806.6
1406.34 13865
1406.24 13889.2
1406.08 13925.5
1406.25 13952.1
1406.13 13944
1406.2 13946.4
1406.21 13958.5
1406.48 13953.9
1406.44 13924.3
1406.43 13909.3
1406.3 13910.7
1406.27 13905
1406.64 13911.5
1406.66 13914.7
1406.87 13965.9
1407 13952.7
1407.1 13954.7
1407.16 13953.4
1407.14 13957.7
1407.41 13961.6
1407.38 13975.1
1407.5 14015
1407.56 14051.2
1407.88 14065
1407.67 14070.7
1407.46 14092.7
1407.62 14097.8
1407.75 14102.1
1407.78 14107.7
1408 14148
1407.93 14179.2
1407.88 14179.7
1408.05 14050.9
1408.19 14110.3
1408.21 14138.8
1408.23 14162.3
1408.31 14172.5
1408.15 14153.1
1408.03 14110.3
1407.99 14150.3
1408.04 14139.9
1408.69 14127.8
1408.45 14019.6
1408.34 13995.2
1408.95 13983.2
1408.93 14006
1408.98 14017.3
1408.98 14008.7
1408.95 14020.2
1408.9 14021.5
1409.53 14042.6
1409.54 14039.9
1409.57 14043.6
1409.37 14021.6
1409.69 14041.8
1409.55 14042.2
1409.47 13980.7
1409.51 13981.4
1409.52 13970.6
1409.54 13992.8
1409.82 13991.9
1410.28 13990.5
1410.24 13996.7
1410.35 13992.5
1410.33 13988
1410.44 13990.9
1410.44 14000.8
1410.48 14007.7
1410.67 14047
