0.418397 0
212.438 1227.02
265.114 864.926
266.178 643.841
288.433 697.747
328.883 1475.48
345.915 1385.67
441.27 2646.3
453.115 2191.68
469.2 2933.52
490.902 2735.99
498.475 2783.95
499.634 2547.41
509.436 2826.94
519.033 3575.81
575.375 7286.62
597.314 7244.97
639.953 7128.27
659.06 6588.59
664.059 6581.58
728.611 6850.75
731.368 7084.76
733.144 6859.53
743.45 6710.12
755.317 7066.66
756.347 6953.48
758.573 7293.94
760.383 7500.29
775.611 7537.56
775.63 7533.31
783.008 8018.27
789.014 10096.7
804.446 9389.98
804.427 8936.89
804.671 8738.97
827.795 8482.35
827.698 8354.39
834.311 8207.74
839.523 8494.41
866.719 9458.28
890.748 9739.79
892.068 9478.73
892.293 9329.89
899.66 9546.68
904.841 9711.3
905.761 9567.58
931.235 9666.18
932.197 9870.76
968.104 10789.1
967.664 10671.3
966.465 11217.8
967.066 11052.8
964.748 11379
967.869 11829.6
971.101 11497.7
975.504 11503.8
996.039 16064.6
1013.48 17412.3
1014.58 15295.7
1020.97 13766
1041.77 12391.1
1046.28 11816.9
1060.9 11083.7
1059.49 10659.4
1094.84 10010
1102.22 10658.7
1102.73 10175
1099.14 10645.8
1100.41 10134.5
1098.61 10580.5
1104.6 10345.6
1107.59 10307.9
1136.06 10229.3
1142.2 9974.93
1150.05 9945.52
1157.38 9839.42
1177.17 10777.5
1180.84 10503.7
1184.51 11902.9
1189.74 11076.2
1190.1 12776.3
1199.77 12987.8
1200.45 12164.8
1206.03 11925.4
1208.78 11494.2
1210.48 11931.3
1210.6 11773.6
1214.83 12722.6
1231.7 13133
1231.9 13456.3
1242.36 13390.1
1247.42 16158.4
1247.72 15333.9
1249.62 14916.3
1262.19 14640.2
1262.18 14439.5
1272.91 14210.9
1272.17 14321
1272.34 14142.3
1274.72 14143.9
1276.48 14367
1276.54 14558.9
1278.27 14633.2
1280.27 14592.8
1285.24 14621.2
1290.97 15842.3
1293.33 16308.4
1295.18 16082.1
1300.47 16137.2
1302.75 16163.6
1306.28 16144.5
1306.65 16071.9
1309.64 15962.7
1312.48 16020.5
1312.65 16058.1
1325.62 15762.5
1325.12 15784.2
1325.47 15887.7
1325.91 15936.6
1348.04 15564.9
1348.7 15500.6
1348.92 15218.1
1350.23 15338.2
1350.96 15338.1
1356.24 15377.6
1366.15 15252.8
1369.07 15357.5
1377.53 15981.4
1378.76 15993
1378.76 15909.1
1379.7 15875.6
1381.55 15890.4
1384.99 15944.4
1385.35 15954.1
1385.74 15963
1389.8 15807
1389.3 15775.9
1390.86 15736.2
1390.51 15716.4
1396.99 15672
1397.03 15732.3
1404.33 15599
1404.19 15543.9
1403.83 15567.7
1403.89 15641.3
1404.28 15711.5
1406.39 15759.9
1407.21 15806.4
1407.12 15836.2
1407.67 15878.8
1407.8 15871.4
1411.01 15840.7
1411.51 15883.5
1412.27 15822.3
1412.8 15791.1
1413.54 15753
1413.62 15975
1415.76 15838.9
1416 15858.3
1435.54 15936.4
1435.84 15897.4
1435.93 15874.2
1435.59 15856.3
1435.58 15849.6
1441.08 15766.6
1442.22 15791.2
1442.22 15787.3
1441.59 15781.8
1441.69 15755.5
1441.55 15708
1441.38 15630.9
1441.75 15581.3
1440.99 15608.9
1441.53 15622.1
1442.26 15606.6
1442.38 15577.5
1445.63 15482.5
1445.52 15398.1
1445.54 15334.9
1446.25 15317.2
1446.23 15248.6
1448.6 15130
1448.64 15120.5
1448.56 15132.6
1449.24 15107.6
1449.47 15018.4
1448.85 15087.4
1448.26 15454.8
1448.22 15379.2
1451 15445.8
1454.07 15356.8
1454.12 15365.5
1453.89 15361.8
1453.53 15388.7
1453.96 15384.1
1453.97 15375.3
1465.01 15270.5
1464.93 15318
1465.5 15667.2
1465.09 15896.3
1466.52 16001.6
1466.17 15932.2
1466.13 15871.4
1466.24 15844.3
1469.19 15862.9
1470.92 15763.8
1470.94 15716.3
1471.48 15703.3
1472.66 15673.3
1473.53 15749.7
1474.3 15766.9
1475.05 15787.5
1475.04 15818.2
1475.15 15834.5
1475.31 15840.9
1476.1 15844
1476.11 15871.4
1476 15915.3
1476.13 15946.9
1476.42 15918.8
1480.2 15960.9
1481 15975.4
1480.85 15950.9
1483.41 15977.7
1482.88 15922
1482.91 15928.9
1483.54 15959.6
1483.8 15999.8
1483.75 15724.3
1484.19 15912.8
1483.93 15920.1
1484.23 15945
1485.06 15868.9
1484.49 15902.2
1485.28 15878.6
1485.25 15882.6
1485.02 15862.1
1485.34 15889
1485.26 15877.1
1485.81 15901.2
1485.71 15899.8
1484.81 15941.6
1484.91 15968.6
1485.44 15866.7
1485.7 15816
1485.75 15781.8
1486.95 15736.7
1487.14 15732.1
1486.57 15774.7
1487.13 15825.3
1487.15 15932.3
1489.44 15955.2
1489.22 16170.4
1489.18 16222.7
1488.96 16193.8
1490.37 16374.2
1490.53 16513.6
1490.51 16612.3
1490.34 16714.9
1490.23 16496.7
1489.93 16317.6
1489.22 16425.7
1489.17 16508.9
1489.17 16533.5
1490.05 16548.3
1489.91 16557.2
1490.25 16569.4
1491.32 16561.9
1492.46 16630.2
1492.43 16647.5
1492.31 16673.8
1493.45 16690.2
1493.9 16718.3
1493.89 16718.9
1494.37 16714.2
1494.43 16726.4
1494.03 16720.8
1493.78 16684.8
1493.74 16650
1493.74 16663
1495 16673.9
1495.01 16681.5
1494.71 16685
1494.72 16681.3
1494.79 16672.1
1498.85 16612.6
1498.95 16581.8
1498.83 16513.5
1498.92 16426.2
1498.88 16355.5
1499.23 16329
1499.98 16344.5
1500.04 16373.9
1500.07 16414.1
1501.78 16459.4
1502.51 16516.9
1502.27 16510.2
1502.7 16482.7
1502.79 16470.9
1502.79 16483.9
1502.72 16478
1502.72 16498.4
1502.85 16543.6
1502.98 16583.2
1504.43 16562.5
1504.82 16651.1
1504.84 16664.3
1504.99 16668.8
1505.52 16695.4
1505.55 16704.1
1505.18 16708.4
1505.01 16685.9
1505.1 16673
1505.61 16687.9
1505.61 16685.8
1506.39 16711.6
1506.52 16726.2
1506.61 16758.6
1507.86 16745.2
1507.84 16743.6
1507.86 16773.4
1508.51 16765.9
1508.55 16770.8
1511.84 16722.7
1511.71 16697.1
1511.55 16695.9
1511.67 16684.8
1511.83 16703.3
1511.79 16648
1512.15 16631.7
1513.11 16674.2
1512.9 16716.9
1512.95 16739.3
1512.84 16758.3
1512.54 16698.3
1512.54 16649
1512.52 16638.5
1512.62 16616.3
1512.01 16594.7
1512.04 16576.3
1511.99 16558.4
1512.07 16548
1513.54 16502.7
1513.6 16475.4
1513.63 16469.6
1513.95 16472.5
1515.89 16381.2
1515.79 16353.2
1515.92 16364
1515.94 16354.4
1520.58 16306.3
1520.97 16298.5
1522.08 16315.1
1522.6 16327.4
1523.35 16322.5
1523.33 16330.7
1523.4 16288.5
1523.58 16240.3
1524.02 16195.1
1524.04 16169.3
1524.02 16152.9
1523.53 16073.2
1523.46 16057.3
1523.54 16017.7
1523.42 15995.9
1523.43 15995.5
1523.56 15980.7
1523.98 16024.2
1524.07 16013.7
1524.06 15981.6
1525.15 15965.4
1525.26 15947.6
1525.4 15929.2
1525.5 15904.1
1525.48 15867.7
1525.13 15827.2
1524.62 15779.1
1524.68 15761.6
1524.81 15731.7
1525.31 15730.7
1525.65 15732.4
1525.55 15705.4
1525.58 15694.3
1525.45 15684.4
1525.18 15900.7
1524.96 15936.4
1524.73 15932.5
1525.03 15925.9
1525.34 16071.5
1525.4 16041.7
1525.28 16016.7
1525.84 15944.5
1525.57 15951.9
1525.56 15920.5
1525.52 15912.9
1525.51 15916.2
1525.48 15916.7
1525.52 15912.4
1525.31 15917.3
1525.07 15850
1525.42 15852.6
1525.28 15850.5
1525.14 15875.9
1525.19 15858.6
1525.06 15860.6
1524.81 15824.8
1524.44 15861
1525.52 15846.6
1525.53 15851.2
1525.3 15849.9
1525.66 15869.1
1525.67 15871.1
1525.71 15878
1524.77 15914.8
1525 15980.7
1525.12 15980.4
1524.91 15990.6
1524.83 16005.4
1525.5 16006.3
1525.78 16011.9
1525.93 16037.7
1526.56 16060.8
1526.67 16090.9
1526.6 16107.6
1526.59 16127.1
1526.59 16139.6
1526.51 16140.2
1527.23 16097.7
1527.23 16104.6
1526.12 16026.6
1526.16 16015.2
1526.51 16030
1526.19 16144.6
1527.27 16177.8
1528.02 16285.5
1528.48 16286.4
1529.29 16285.4
1529.31 16245
1529.16 16252.5
1529.18 16271.4
1529.47 16262.3
1529.36 16253.3
1529.42 16254
1530.05 16269.9
1529.99 16216.5
1530.02 16192.9
1530.32 16183.2
1530.2 16180.7
1530.18 16180.3
1530.26 16167
1529.99 16174.6
1531.28 16120.4
1531.3 16128.9
1531.3 16123.3
1531.28 16109.9
1532.1 16167.6
1532.17 16173
1531.89 16120.1
1532.32 16057.9
1532.48 16019.4
1532.48 16004.7
1532.62 15980.5
1532.71 15972.1
1532.65 15967
1532.66 15957.6
1532.95 15966.8
1532.89 15965.8
1532.87 15962
1532.62 15925.7
1532.44 15918.4
1532.25 15943.3
1532.31 15946.2
1532.31 15944.8
1532.37 15941.4
1532.67 15924.7
1532.69 15900.2
1532.76 15901.4
1532.95 15902
1532.95 15892.6
1533.03 15870.5
1533.26 15851.9
1533.27 15851.2
1533.19 15870.9
1533.34 15891.3
1533.31 15948.3
1533.33 15947.3
1533.32 15941.8
1533.72 15958.1
1533.66 15920.2
1533.61 15937.3
1533.72 15949.7
1533.75 15948.4
1533.57 15910.6
1534.5 15949.4
1534.86 15976.7
1534.91 15982.7
1534.9 15978.2
1535 15963.2
1535.02 15943.9
1534.92 15947
1535.29 15938.9
1535.45 15943.7
1535.49 15914.4
1535.29 15928.4
1535.96 15933.8
1537.29 15945.6
1537.5 15992.3
1537.5 16008.4
1537.4 16014.5
1537.49 16036.8
1537.55 16034.3
1537.56 16063.5
1537.55 16085.5
1537.66 16098
1537.52 16116.7
1537.64 16105.5
1537.72 16104.7
1537.48 16105.9
1537.48 16104.9
1537.48 16109.8
1537.87 16155.5
1537.85 16173.1
1537.45 16155.4
1537.45 16143.8
1537.4 16136.6
1537.26 16137.6
1537.24 16139.8
1537.5 16158.3
1537.6 16168.6
1537.54 16169
1537.32 16127.4
1537.21 16160.7
1537.22 16180.2
1537.22 16189.3
1537.15 16210.1
1536.77 16219.4
1536.76 16210.8
1537.11 16235.9
1536.87 16241.6
1536.88 16253
1536.81 16232.6
1536.84 16227.1
1536.34 16217.5
1536.35 16224.5
1536.4 16234.6
1536.44 16243.4
1536.22 16258.2
1536.16 16283.4
1536.36 16318.5
1536.57 16323.6
1536.23 16366.6
1536.15 16359.7
1535.72 16357.6
1535.68 16378.9
1535.7 16397.4
1535.7 16416.7
1535.7 16447.4
1535.52 16456.6
1535.52 16445
1535.56 16458.4
1535.44 16479
1535.65 16517.7
1535.73 16502.7
1535.81 16522.4
1536.37 16522.1
1537.51 16538.1
1537.3 16534.5
1537.25 16492.8
1537.29 16489.5
1537.37 16463.4
1537.88 16434.9
1537.93 16472.1
1537.9 16496.4
1537.79 16488.5
1538.25 16465.4
1538.24 16456.9
1538.26 16413.9
1538.25 16372.2
1539.54 16326.3
1539.46 16312.7
1539.38 16274.7
1539.43 16240.9
1539.43 16239.8
1539.52 16372.2
1539.51 16416.7
1540.04 16414.8
1540.02 16431.6
1540.04 16436.8
1539.93 16438.7
1540.11 16454.1
1540.12 16452.1
1540.37 16465.3
1540.37 16469.9
1540.85 16431.2
1540.9 16421.7
1540.89 16403.7
1541.26 16403.8
1541.23 16372.7
1541.27 16363.6
1541.27 16353.2
1541.28 16324.1
1541.06 16298.2
1540.9 16299.3
1540.91 16296.3
1540.75 16316.2
1540.96 16307.5
1541.03 16289.8
1540.98 16309.2
1540.82 16335.1
1541.07 16357.7
1540.7 16352.7
1540.54 16330.6
1539.8 16331.2
1539.86 16386.5
1539.9 16437.4
1539.84 16392.1
1539.89 16391.5
1539.93 16395.6
1539.64 16366.5
1540.48 16357.4
1540.2 16326.5
1540.27 16295.1
1540.12 16275.6
1539.96 16287.6
1540.06 16275.3
1540.33 16295.7
1540.18 16265
1540.61 16227.7
1540.64 16246.2
1540.61 16232.1
1541.31 16193.4
1541.14 16125.2
1541.05 16084.6
1540.85 16065.1
1541.45 16165.2
1541.32 16244.5
1541.6 16257.9
1541.72 16262.9
1541.57 16211.6
1541.49 16206.8
1541.5 16204.7
1541.53 16206.7
1541.53 16209.5
1541.54 16191.8
1541.76 16206.7
1541.83 16221.8
1542.31 16226.9
1542.1 16304.4
1542.16 16325.9
1542.16 16302.1
1542.48 16313.6
1542.77 16298.6
1542.46 16297.4
1542.56 16296.4
1543.05 16312.8
1543.09 16309.5
1543.25 16311.3
1543.26 16321.9
1543.69 16352.1
1543.57 16377.2
1543.61 16402
1543.61 16389.8
1543.54 16382
1543.56 16408.3
1543.62 16426.3
1543.76 16437.6
1543.5 16406.3
1543.58 16390.9
1543.56 16364.9
1543.59 16350.1
1543.5 16326.2
1543.56 16315.4
1544.37 16285.6
1544.36 16262.8
1543.97 16155.3
1543.97 16119.2
1544.24 16016.3
1544.4 15968.8
1544.4 16010.1
1544.19 16025.3
1544.21 16055.9
1544.25 16130.2
1544.28 16139.3
1545.96 16198.9
1545.93 16193.7
1546.37 16341.2
1546.37 16350.2
1546.37 16357.9
1546.48 16365.3
1546.37 16363.7
1546.34 16367.4
1546.75 16368.4
1547.01 16384.4
1546.85 16405.1
1546.56 16474.2
1546.95 16467.6
1547 16438.2
1547.15 16491.6
1547.02 16504.5
1547.39 16533.5
1547.12 16548
1547.23 16544.1
1547.39 16580.5
1547.43 16614.3
1547.57 16643.6
1547.8 16635.6
1546.97 16611.5
1547.16 16554.3
1547.13 16519.1
1546.99 16471.3
1547.23 16497.5
1547.28 16466.3
1547.29 16452.7
1547.17 16425.5
1546.88 16395.9
1546.78 16382.8
1547.2 16400.2
1547.22 16411.4
1547.22 16417.1
1547.47 16432.5
1547.57 16409.4
1547.59 16414.5
1547.63 16435.5
1547.65 16423.4
1547.49 16417
1547.54 16457.8
1547.58 16470.7
1547.5 16456.3
1547.56 16488
1547.52 16480.6
1547.37 16522.1
1547.33 16540.5
1547.34 16576.6
1547.31 16580.1
1548.11 16588.4
1547.95 16521.7
1548.11 16486.6
1548.11 16489.5
1547.97 16487.4
1548.09 16537.6
1548.11 16564.9
1548.08 16514.3
1547.99 16479
1548.14 16501.3
1548.3 16528.5
1548.24 16532.1
1548.32 16537.3
1548.5 16522.5
1548.61 16532.8
1548.69 16545
1548.44 16520.1
1549.05 16545.3
1549.05 16511.9
1548.67 16423.5
1548.74 16396.5
1548.73 16397.9
1548.72 16426.9
1548.58 16416.6
1548.8 16424.5
1548.82 16434.4
1548.86 16425.3
1548.85 16420.7
1548.74 16429.6
1548.75 16421.2
1548.74 16425.7
1549.03 16430.5
1549.11 16427
1548.99 16429.6
1548.89 16407.7
1548.8 16356
1548.93 16363.4
1548.91 16367.4
1549.06 16348.9
1548.79 16340.5
1548.78 16346.8
1548.62 16321.5
1548.74 16305.8
1548.74 16275.5
1548.72 16260.2
1548.7 16265.9
1549.07 16282.1
1549.01 16298.1
1549.09 16288.6
1549.05 16299.6
1549 16342.8
1549.22 16358.7
1549.14 16368.5
1549.14 16352.4
1549.06 16351.2
1548.89 16364.2
1549.02 16365.8
1548.67 16365.2
1548.68 16425.2
1548.65 16432.7
1548.76 16465.9
1548.76 16459
1548.88 16474.4
1548.93 16465.1
1548.91 16476.5
1548.85 16485.7
1549 16481.9
1549.01 16490.3
1549.02 16486.8
1548.92 16484.4
1549.31 16493.4
1548.96 16521
1548.93 16527.5
1548.85 16544.6
1548.83 16550.6
1548.78 16542.5
1548.88 16534.9
1549.15 16533.9
1549.44 16534.5
1549.57 16523.3
1549.57 16500
1549.68 16586.7
1549.72 16580.6
1549.52 16517
1549.35 16501.9
1549.24 16503.1
1549.22 16516.7
1549.23 16506.9
1549.25 16493
1549.25 16488.5
1549.43 16498.5
1549.42 16491.6
1549.39 16481.8
1549.41 16464.4
1549.36 16464.9
1549.34 16469.7
1549.46 16473.9
1549.24 16464.3
1549.23 16465.2
1549.51 16477.3
1549.53 16468.7
1549.51 16470.9
1549.59 16471.6
1549.73 16466.8
1549.55 16457.7
1549.52 16466
1549.57 16466.9
1549.43 16476.8
1549.39 16484.8
1549.62 16513.3
1549.38 16504.9
1549.96 16501.2
1550.44 16515.5
1550.34 16451.3
1550.67 16395.6
1551.15 16377.6
1551.98 16404.2
1551.94 16404.5
1552.08 16393.6
1552.1 16386.1
1552.66 16418.6
1552.66 16448.1
1552.38 16415.2
1552.56 16461.3
1552.5 16471.8
1552.47 16481.7
1552.82 16492.9
1552.72 16494.1
1552.72 16499.5
1552.94 16507.5
1552.89 16518.3
1552.66 16525.6
1552.7 16547.9
1552.64 16564.2
1552.64 16589.3
1552.57 16595.4
1552.52 16723.7
1552.6 16723.3
1552.49 16719.4
1552.5 16714.7
1552.5 16695.3
1551.83 16827.2
1551.86 16880.8
1551.72 16902.3
1551.71 16946.6
1551.5 16983.9
1551.61 16979
1551.35 16959.4
1551.51 16913.2
1551.5 16877.6
1551.5 16865
1551.68 16849.4
1551.39 16820.8
1551.68 16811
1551.78 16808
1551.98 16790
1552 16789.4
1552.73 16775.2
1552.73 16793.9
1552.68 16802.1
1552.69 16818.7
1552.81 16822.3
1552.79 16835.5
1552.84 16850.5
1552.79 16863.2
1553.11 16956.8
1552.94 16933.3
1552.85 16936.7
1553.62 16969.8
1554.01 16982.5
1553.99 17005.9
1553.97 16977.2
1553.93 16991.7
1553.69 16987.1
1553.68 16995.4
1553.71 16997.1
1553.9 17010.9
1553.99 17016.3
1553.83 17018.6
1553.48 17020.6
1553.48 17011
1553.47 17003.1
1553.46 17004.6
1553.51 16998.2
1553.26 17009.3
1553.47 17012.7
1552.94 16953.2
1553.03 16914.9
1553.03 16879.5
1553.37 16862.9
1553.33 16854.7
1553.42 16874.4
1553.45 16884.7
1553.47 16853.6
1553.35 16825.3
1553.31 16829.7
1553.33 16836.1
1553.35 16842.1
1553.34 16849.7
1553.29 16852.3
1553.32 16853.4
1553.66 16872.1
1553.66 16876.2
1553.76 16876.4
1553.63 16859.3
1553.63 16833.2
1553.62 16818.8
1553.59 16817
1553.43 16822.3
1553.5 16838.9
1553.42 16851.8
1553.43 16868.3
1553.99 16887.3
1553.96 16884.6
1553.98 16890.8
1554.18 16850.7
1554.23 16834.9
1554.25 16821.7
1554.26 16817.5
1554.26 16816.8
1554.2 16724.7
1554.22 16700.4
1554.22 16701.8
1554.22 16703.9
1554.34 16747.3
1554.41 16792.4
1554.25 16811.7
1554.21 16819
1554.09 16808.4
1554.25 16849.1
1554.24 16876.6
1554.29 16860.9
1554.29 16869.1
1554.49 16874.5
1554.5 16897.7
1554.32 16890.8
1554.34 16880.9
1554.36 16876.6
1554.38 16871.4
1554.16 16865.6
1554.2 16853.9
1554.54 16852.8
1555.2 16846.4
1557.31 16862.2
1557.55 16869.2
1557.55 16873.4
1557.54 16877.7
1557.63 16877.6
1557.56 16920.9
1557.57 16924.1
1557.6 16928.7
1557.65 16933.9
1557.77 16926.7
1557.14 17073.2
1557.14 17077.6
1557.27 17056.1
1557.28 17040.8
1557.13 17030
1557.24 17045.6
1556.93 17014.2
1558.07 16976.4
1558.07 16965.1
1558.04 16986.9
1558.35 17007.5
1558.63 17056.7
