149.561 1908.99
158.065 1567.84
171.204 1423.62
172.847 1261.13
233.864 1569.63
316.469 1620.66
349.838 1947.45
398.239 2063.71
399.66 1940.39
406.322 2050.42
418.046 2121.88
447.377 2324.58
454.71 2619.78
456.816 2694.53
456.854 2576.75
463.134 2919.14
464.151 2805.36
466.872 2810.13
469.842 2800.17
471.155 2950.8
471.434 2953.82
502.613 3100.51
504.984 3041.57
507.347 3623.06
513.108 3675.11
542.049 4133.84
543.429 4061.72
558.81 3887.27
560.809 3997.3
581.038 5487.9
585.93 5711.11
593.297 5371.92
629.914 5268.99
629.652 5279.52
629.764 5237.72
629.767 5173.55
637.51 6427.44
641.52 6056.42
660.805 6454.75
658.562 7015.99
666.673 6976.87
683.009 6902.84
683.659 6829.09
687.96 6862.05
689.179 6903.8
693.74 7191.11
697.479 7387.48
697.512 7352
716.572 9529.28
725.411 8932.1
728.768 8931.17
735.841 9351.15
735.218 10424.5
735.702 9736.61
770.748 9770.5
779.175 9504.07
783.19 9563.03
780.148 9813.95
779.542 10378.7
793.961 14698.1
793.962 13129.9
794.639 11734.1
809.747 11462.6
806.768 10934.7
809.331 11008.7
816.638 11996.4
820.595 11955.8
833.45 12039
841.037 11897.3
848.868 11794.3
849.603 11457.2
855.612 11481.9
855.793 11013.8
873.744 11603.7
875.247 11095.4
875.426 10840.6
882.908 10766.9
882.8 10683.5
884.11 10601.8
886.093 11158
895.137 11911.4
906.074 11454.6
910.755 11251.6
910.77 11124.6
910.724 10995.2
918.191 11487.3
918.061 11167.8
914.971 11358.4
915.628 11340.7
925.699 11427.5
927.862 11423.2
928.782 11143.2
930.816 11062
933.604 11269
944.026 11100.9
952.221 10928.4
953.157 11279.5
960.919 11314.6
961.184 11466.5
961.971 11478.5
961.074 11504.2
973.871 11325.9
974.81 11162.1
974.74 11123.5
975.108 11082.5
978.92 11051.5
979.012 11000.6
979.132 10988.9
980.153 11130.4
991.132 11104.8
991.61 11024.3
991.583 11059.9
991.59 11023.6
992.553 11002.8
992.587 11085.9
994.203 11093.1
994.505 11086.9
1001.56 10989
1005.79 10998.7
1006.36 10995.3
1006.07 10885.3
1011.08 10880.7
1013.52 10881.3
1013.13 10899.4
1013.12 10945.9
1013.48 10969.1
1016.08 11372.5
1016.05 11349.8
1014.35 11349.9
1015.63 11351.6
1015.76 11626.3
1016.22 11619.7
1021.18 11722
1026.96 11659
1027.15 11659.9
1027.25 11683.4
1027.33 11662
1026.72 11633.8
1026.64 11943.3
1024.57 12018
1025.45 12194.2
1027.89 12513.4
1027.74 12654.9
1032.41 12689.2
1027.53 12816
1027.78 13100.9
1028.89 12850.6
1029.83 12778.7
1031.4 12724.7
1033.8 12735.1
1034.28 12755.5
1035.38 12757
1035.67 12732.8
1036.68 13527.6
1035.53 13686.4
1034.19 13564
1034.61 13425.4
1035.69 13367.7
1040.28 13314
1041.35 13424.9
1042.04 13362.8
1041.1 13320.2
1041.53 13295.8
1040.59 13195.4
1042.42 13156.6
1041.4 13243.5
1041.31 13321.1
1041.55 13636.8
1042.11 13556.6
1043.37 13516.6
1040.76 13553.9
1039.9 13570.6
1039.94 13575.5
1039.98 13488.3
1039.96 13449.5
1037.63 13342.6
1038.27 13404.9
1042.18 13431.3
1042.91 13370.2
1043.42 13330.4
1047.96 13389.1
1049.84 13484.3
1048.67 13423.1
1049.31 13461.4
1064.69 13260.1
1064.7 13320.1
1064.71 13380
1063.97 13400.5
1063.93 13384.8
1066.39 13296.8
1065.95 13353.8
1066.24 13404.1
1073.96 13555.3
1073.65 13568.3
1075.2 13586.7
1074.86 13591.7
1074.76 13597.8
1074.77 13541.2
1075 13482.1
1075.63 13596.4
1076.13 13550.7
1102.53 13654
1102.18 13364.8
1101.26 13386.7
1101.21 13582.2
1101.09 13662.7
1101.45 13582.4
1100.82 13511.3
1101.56 13475
1104.98 13478.2
1104.98 13422.7
1107.37 13414.8
1107.93 13432.8
1108.65 13440.7
1105.16 13395.9
1105.3 13654.5
1105.25 13534.7
1105.36 13536.8
1105.4 13561.4
1105.17 13471.9
1104.05 13418.7
1104.88 13476.7
1104.64 13448.6
1108.98 13542
1112.53 13497.7
1113.4 13503.4
1112.75 13506.1
1112.96 13536.8
1112.12 13573
1111.81 13461.6
1112.05 13452.7
1110.22 13531.3
1110.05 13670.1
1109.75 13672.5
1110.07 13678.4
1112.42 13669
1111.29 13831.4
1112.49 13924.7
1112.99 13968.5
1113.54 14026.5
1114.02 14031.9
1114.46 14079.1
1114.99 14110.2
1114.97 14165.8
1114.96 14139.1
1114.65 14148.3
1115.06 14199.5
1115.07 14232.5
1115.07 14245.8
1115.37 14248.9
1114.86 14266.1
1114.72 14219.1
1114.64 14168.5
1115.32 14211.7
1116.57 14205.5
1117.6 14271.9
1118.08 14352.9
1118.22 14384.6
1118.56 14343.4
1118.02 14331.6
1118.29 14354.9
1118.49 14368.1
1118.76 14360.4
1120.91 14392.5
1120.98 14399.8
1120.82 14520.6
1120.93 14580.8
1121.11 14601.7
1120.78 14678.5
1122.23 14691.2
1121.19 14703
1121.42 14721.8
1121.39 14666.6
1125.52 14680.2
1125.35 14478.2
1125.58 14516.9
1125.57 14520.1
1125.66 14490.6
1125.57 14525.7
1125.21 14512.7
1126.28 14567
1126.4 14674
1126.28 14752.1
1127.25 14808.8
1127.22 14894.2
1127.11 15035.4
1127.02 14963.1
1127.36 15000.2
1127.55 15035.2
1125.74 15168.7
1125.75 15190.6
1126.98 15149.9
1126.97 15142.7
1126.81 15101
1126.75 15115.2
1124.67 15265.8
1124.71 15497.9
1126.08 15465.5
1125.12 15488.4
1125.23 15472
1126.84 15444.4
1126.83 15459.3
1127.06 15476.6
1127.05 15498.4
1127.79 15504.7
1128.03 15537.6
1128.22 15581
1128.73 15594.1
1128.57 15647.6
1128.47 15642.4
1129.05 15534
1128.66 15477.9
1129.18 15459.7
1131.34 15533.9
1131.36 15464.3
1132.48 15472.9
1132.75 15456.5
1132.75 15416.4
1132.94 15357.7
1132.94 15315
1135.04 15312.1
1136.66 15261.1
1138.36 15240.1
1137.96 15213.8
1139.23 15274.9
1139.31 15205.2
1138.83 15156.6
1139.23 15186.8
1139.13 15260.9
1138.92 15319.5
1139.17 15385.2
1139.14 15340
1138.94 15323.4
1139.14 15332.1
1139.39 15380.3
1139.42 15369.3
1139.4 15373.2
1139.01 15342.2
1139.44 15446.9
1139.88 15510.4
1139.98 15461.7
1140.75 15467
1140.64 15476.4
1140.62 15494.7
1140.49 15554.4
1140.57 15565.1
1140.98 15571.9
1140.45 15598.2
1141.47 15588.7
1141.45 15540.2
1143.02 15539.9
1142.98 15525.5
1142.89 15472.7
1143.04 15532
1146.92 15544.8
1146.6 15502.9
1146.6 15480.3
1146.6 15487.7
1146.63 15507.7
1146.41 15443.9
1146.84 15434.1
1146.77 15440
1146.24 15567.7
1147.32 15577.5
1147.01 15560
1147.4 15564.8
1146.55 15599.5
1146.61 15591.2
1146.68 15546.7
1146.47 15635.7
1146.46 15726.7
1146.71 15760.1
1147.54 15746
1148.26 15747.3
1147 15807.2
1147.99 15801
1148 15794.3
1148.02 15781
1147.92 15850.3
1147.75 15837.2
1147.78 15833.4
1147.98 15806.1
1147.92 15789.4
1150.9 15825.9
1151.08 15861.6
1150.74 15926.6
1150.96 15990.5
1151.45 16036.5
1150.74 16027.5
1150.51 16044.2
1150.79 16039.1
1149.34 16095.8
1149.12 16117.6
1149.66 16149.2
1149.34 16127.7
1151.19 16104.4
1150.31 16120.1
1150.23 16115
1150.25 16104.3
1150.27 16082.4
1150.84 16102.6
1150.63 16091.5
1150.54 16107.9
1151.89 16037.4
1153.11 15993.7
1152.97 15989.3
1153.83 15950.9
1154.17 16037.1
1155.46 16226.1
1155.18 16273.7
1155.31 16203.7
1155.41 16168.9
1156.7 16200.2
1156.69 16182.8
1156.82 16178
1157.75 16187.3
1158.07 16192.9
1158.25 16193.6
1159.14 16179.8
1159.45 16170.7
1163.09 16201.5
1163.1 16141.2
1163.04 16195.6
1163.44 16149.8
1162.65 16123.9
1162.64 16100.8
1163.15 16107.8
1163.19 16113.3
1163.37 16104.4
1164.46 16115.8
1164.6 16106.3
1164.14 16105.8
1164 16030.2
1164.01 15996.1
1163.74 16002.9
1163.78 16021.5
1163.86 16020.4
1163.95 16033.8
1163.97 16031.7
1164.11 16037
1164.37 16048.7
1165.34 16147.4
1165.48 16151.5
1166.01 16158
1165.95 16179.1
1165.95 16180
1166.13 16241.2
1166.14 16239.6
1166.26 16249.9
1166.3 16234.4
1166.46 16215.4
1166.42 16210.8
1166.56 16224
1166.38 16196.1
1165.79 16220
1166.98 16281.7
1168 16305.8
1168.05 16231.6
1167.99 16162.8
1168.17 16107
1168.13 16107.1
1168.63 16109.5
1169.59 16148.8
1169.59 16149
1168.96 16160.9
1168.98 16195.4
1169.02 16258.3
1169.13 16308.9
1169.73 16337.3
1169.88 16355.9
1169.73 16379.6
1169.47 16427.3
1169.64 16446.8
1169.9 16476.3
1170.18 16524.5
1169.99 16581
1169.45 16611.8
1169.78 16567.4
1168.87 16674
1169.29 16669.8
1169.27 16675
1170.71 16784.8
1170.74 16833
1170.8 16830.8
1171.32 16820.3
1171.61 16905
1171.61 16874.3
1171.54 16864.6
1171.45 16859.7
1171.72 16827.9
1171.82 16802
1172.21 16806.9
1172.21 16788
1172.42 16743
1172.46 16692.9
1172.8 16714.7
1172.55 16754
1172.16 16728.1
1172.64 16701.7
1173.05 16683.9
1173.3 16675
1173.04 16614.8
1172.95 16583.1
1173.49 16569.5
1172.91 16592.8
1172.89 16599.7
1173.12 16602.9
1173.13 16591.1
1172.14 16603.9
1172.1 16692.3
1172.28 16712.6
1173.68 16916
1173.7 16937.8
1174.08 16977.7
1174.68 17081.1
1174.61 17007.8
1175.04 16961.8
1175.57 17046.9
1175.53 17031.1
1175.51 16978.3
1175.52 16984
1176.09 16998.7
1176.36 17040.4
1178.42 17083
1178.4 17053.9
1178.62 17087.2
1178.84 17070.4
1179.04 17068.9
1179.14 17074.9
1179.01 17073.6
1179.13 17075.8
1179.07 17066.3
1179.26 17076
1179.01 17068.6
1179.49 17058.4
1179.74 17064.5
1179.8 17054.2
1179.65 17044.1
1180 16987.5
1180.69 17061.3
1180.6 17044.3
1181.52 17108.6
1181.5 17120.8
1181.56 17122.5
1181.26 17132.9
1181.68 17201.6
1181.89 17170.9
1183.4 17212.6
1183.9 17211.3
1183.93 17194.6
1183.94 17166.9
1184.44 17139.3
1184.66 17113.3
1184.49 17096.8
1184.66 17140.2
1184.72 17101.8
1185.53 17095.8
1185.63 17078.7
1186.83 17039
1187.64 17061.1
1187.43 17104.2
1188.4 17097.7
1187.78 17069.8
1188.03 17092.3
1188.11 17062.2
1188.29 17021.6
1188.27 17028.1
1188.87 17049
1189.84 17089.8
1189.86 17064.9
1189.9 17054.7
1189.37 17051
1189.41 17071.7
1190.1 17104.4
1188.88 17157.3
1188.85 17190.4
1189.43 17208.7
1189.41 17214.3
1189.39 17224.1
1188.95 17145.7
1188.65 17160.2
1189.35 17208.3
1189.39 17229
1189.33 17211.2
1189.52 17237.8
1190.52 17237.2
1190.51 17255.7
1190.5 17223.8
1192.77 17198.6
1192.83 17238.3
1192.83 17228.4
1192.68 17244.4
1192.43 17264.2
1192.91 17284.5
1192.78 17330
1192.77 17326.3
1192.7 17374.7
1192.67 17412.5
1192.84 17458.6
1192.96 17470.4
1193.34 17522.5
1193.35 17533.3
1193.33 17525.2
1193.31 17550.3
1193.67 17447.4
1194.96 17456.3
1195.7 17474.2
1196.67 17454.6
1196.59 17453.4
1195.43 17427.9
1195.53 17510.7
1195.58 17483.7
1195.36 17486.6
1195.81 17476.9
1195.53 17470.3
1195.8 17467
1191.56 17520.5
1191.7 17632
1191.3 17651.7
1191.6 17653.8
1191.65 17628.8
1191.6 17672.1
1191.6 17698.4
1192.1 17694.3
1192.04 17690.7
1191.91 17689.1
1192.05 17687.2
1192.17 17696.7
1192.23 17691.3
1192.48 17758.6
1192.48 17737.8
1192.32 17746.7
1192.44 17717.1
1192.46 17708.5
1189.71 17857.5
1190.21 17912
1190.1 17906.6
1190.07 17915.3
1190.22 17895.1
1190.2 17798.6
1190.21 17792.7
1193.32 18020.4
1193.4 17966.4
1193.3 18013.3
1193.34 17988.3
1194.14 18001.6
1194.14 18011
1193.85 18036.7
1193.8 18026.3
1193.77 18034
1194 18038.5
1194.17 17972.3
1194.23 18032.5
1194.36 18056.5
1194.36 18063.8
1194.49 18095.9
1194.53 18102.2
1194.42 18120.4
1195.25 18172.1
1195.29 18158.5
1195.59 18170.9
1195.72 18189.7
1196.68 18201.6
1196.91 18212.9
1196.57 18128.4
1196.52 18061.1
1196.39 18080.9
1196.17 18060.9
1195.57 18051.1
1195.63 18055.2
1195.63 18048
1197.47 18122.4
1197.72 18153.6
1197.72 18166.3
1197.59 18148.7
1198.52 18181.4
1198.48 18146.2
1198.94 18163.3
1198.99 18161.2
1200.87 18149.9
1200.61 18193
1200.3 18220.4
1201.46 18231.8
1201.76 18259
1202.02 18237
1201.97 18250.6
1202.01 18243.7
1202.36 18239.1
1204.13 18246.4
1204.57 18275.9
1204.54 18333.8
1204.53 18309.6
1204.65 18306.4
1204.65 18332.5
1204.65 18311.7
1204.63 18307.9
1204.43 18310.6
1204.94 18343.2
1205.2 18348.1
1204.96 18271.6
1204.81 18277.2
1204.76 18300.4
1204.95 18322.2
1205.36 18306.2
1205.36 18266.7
1205.39 18276.4
1204.74 18266.8
1205.19 18294
1205.65 18303.1
1205.65 18294.9
1205.87 18290.7
1205.8 18283.4
1206.3 18298.4
1206.68 18296.4
1206.57 18321.6
1206.53 18305.5
1206.5 18310.1
1206.45 18288.8
1206.38 18299.7
1206.32 18346.1
1206.6 18325.2
1206.46 18332.7
1207.08 18334.6
1207.33 18392.3
1207.36 18367.2
1207.54 18357.2
1207.54 18363.2
1207.52 18374.7
1207.39 18373.1
1207.44 18365.6
1207.46 18234.1
1207.38 18239.1
1206.76 18183.2
1206.7 18185.7
1206.69 18183.7
1206.86 18203.4
1206.67 18236.9
1206.79 18282.9
1206.58 18311.2
1206.58 18349.3
1206.59 18390.6
1206.57 18378
1206.88 18362.9
1206.89 18398.4
1207.03 18421.4
1207.04 18358.1
1207.07 18346.6
1206.78 18338.2
1207.11 18326
1207.11 18319.8
1207.39 18332.1
1207.65 18351.7
1207.78 18356.6
1207.61 18372.7
1207.92 18407.7
1208.73 18426.5
1208.18 18404.7
1208.52 18465
1208.55 18477.6
1208.67 18455.8
1208.67 18441.3
1208.68 18536.1
1209.18 18517
1209.37 18518.4
1209.4 18495.6
1209.53 18485.3
1209.57 18407.1
1209.76 18395.3
1210.22 18385.5
1210.24 18353.9
1210.56 18356.2
1210.53 18346.8
1210.7 18355.2
1210.97 18332.8
1210.99 18338.2
1210.84 18346.8
1210.72 18336.9
1210.71 18344.3
1211.94 18375
1212.1 18410.4
1213.06 18348.9
1215.8 18473.3
1215.83 18272.5
1215.94 18273.9
1215.94 18289
1215.9 18233.3
1216.04 18229.4
1216.05 18231.4
1215.9 18363
1216.02 18382.5
1216.27 18407.8
1215.56 18428.3
1215.59 18415.7
1215.51 18428.9
1216.04 18331.6
1215.33 18346.5
1215.24 18325.9
1215.2 18341.6
1215.93 18416.9
1216 18393.9
1216.02 18381.4
1215.63 18411.6
1215.69 18451.5
1215.74 18477.7
1217.83 18503.6
1217.91 18506.4
1218.1 18536.8
1218.33 18530.6
1218.26 18515.3
1218.33 18518.1
1218.54 18532
1218.54 18527.8
1218.38 18532.4
1218.16 18525.1
1218.18 18540.9
1217.93 18554.4
1217.64 18526.1
1217.69 18491
1217.3 18477.1
1217.37 18457.7
1217.18 18462.2
1217.55 18474.8
1219.34 18621.9
1219.4 18688.3
1219.19 18708.4
1219.24 18689.9
1219.34 18667.7
1219.29 18692.6
1221.37 18811
1221.1 18606.3
1221.51 18670.6
1221.84 18688.8
1221.48 18679.7
1221.96 18720
1221.89 18681.3
1221.74 18702.2
1221.97 18696
1221.93 18685.2
1222.38 18725.6
1222.3 18760.5
1222.34 18838.2
1222.37 18847.1
1222.38 18852.4
1222.35 18849.9
1222.61 18842.3
1223.02 18854.3
1223.04 18854.7
1222.85 18852.8
1222.81 18805.6
1222.8 18844.3
1222.79 18845.5
1222.88 18850.1
1222.93 18884.5
1222.98 18867.4
1223.41 18828.6
1223.41 18813.2
1223.89 18868.9
1223.94 18866.5
1223.94 18873.5
1224.82 18916.1
1224.83 18874.8
1224.89 18875.5
1226.18 18885.6
1226.21 18905.7
1225.67 18913
1227.41 18900.1
1226.4 18921.6
1226.2 18905.9
1226.31 18891.7
1227 18889.6
1227.08 18912.9
1227.24 18929.6
1227.24 18937.9
1227.2 18944
1227.27 18955.5
1228.49 18963.3
1228.76 18880.1
1228.51 18896.3
1228.56 18935.9
1228.28 18932.7
1228.32 18920.9
1228.44 18921.4
1228.47 18928.5
1228.1 18916
1228.09 18943
1228.06 18946
1228.09 18960
1228.08 18954.4
1228.23 18959.3
1228.33 19003.3
1228.47 18992.5
1228.33 18954.5
1228.37 18966.1
1228.37 18953
1232.01 18941.6
1231.99 18954.7
1232 18932.8
1231.99 18919
1233.2 18983.4
1233.22 19005.6
1233.13 18999.3
1232.94 18975.1
1233.23 18970.7
1232.91 18961
1232.67 18968.7
1232.83 18952.8
1232.31 18956
1231.86 18934.1
1231.68 18944.4
1231.66 19012.6
1231.61 19001.1
1231.72 19015.4
1233.44 19087.9
1234.15 19176
1234.35 19141.7
1234.28 19175.3
1234.32 19185.3
1234.77 19239
1234.62 19201.6
1234.41 19154.7
1234.94 19135.7
1235.39 19124.9
1235.37 19090.9
1235.36 19112.7
1235.37 19093.9
1235.56 19060.6
1235.59 19053.9
1235.67 19054.9
1235.71 19068.3
1235.63 19121.6
1235.75 19132.1
1235.68 19378.3
1235.55 19373.9
1237.09 19397
1237.09 19385.9
1237.06 19381.7
1237.14 19396
1237.11 19395.6
1237.08 19400.8
1236.96 19377.3
1236.96 19372.3
1236.92 19373.1
1237.28 19386
1237.31 19384.4
1237.2 19369.2
1241.18 19708.8
1241.27 19209.7
1240.93 19355.4
1240.78 19391
1240.78 19420.7
1240.7 19454.7
1240.73 19452.5
1240.54 19471.1
1240.3 19452.7
1240.3 19453.8
1240.36 19460
1240.42 19453.8
1240.38 19454.2
1240.43 19477.4
1240.62 19490.6
1240.62 19508.1
1240.58 19560.4
1240.23 19575.5
1240.07 19565.1
1239.71 19565.6
1239.62 19539.5
1239.47 19539.5
1239.54 19611.7
1239.53 19603.5
1240.09 19592.7
1240.03 19552.8
1240.1 19566.4
1239.51 19568.3
1239.55 19562.3
1239.53 19560.3
1241.12 19573.1
1241.05 19619.9
1241.06 19611
1241.34 19636.5
1241.29 19637.4
1241.33 19636
1241.66 19635.5
1242.02 19647.3
1242.04 19656.9
1242.07 19671.7
1242.12 19684.6
1242.14 19690
1241.85 19697.1
1242.78 19749.4
1242.8 19716.3
1242.89 19734.9
1242.99 19733
1242.99 19744.7
1241.88 19853.3
1241.89 19950.8
1241.99 19979.4
1241.89 19995.2
1241.84 19996.6
1241.83 20013.1
