60.8766 41.2829
63.0924 38.3509
308.274 3738.15
317.478 2813.17
430.143 2671.44
430.151 2340.52
435.188 2219.14
443.841 2299.68
552.229 2652.31
553.588 2469.84
559.853 2370.75
590.801 2437.37
605.148 2942.46
608.704 2886.43
632.474 3089.07
642.716 3455.97
642.787 3298.54
719.677 3962.12
719.378 4421.54
730.729 6381.17
765.909 9262.73
762.945 8891.27
771.673 8439.62
787.488 8695.67
787.449 7624.29
796.655 7406.98
795.065 7339.32
803.529 9106.09
814.35 11860.5
815.532 10247.4
815.872 9549.6
874.75 10182.6
877.04 9455.88
876.791 8881.86
876.008 8979.88
886.384 8601.39
922.864 8497.27
934.566 8570.73
934.609 8272.76
932.384 8350.37
943.646 9371.13
962.711 8569.08
966.95 8897.8
977.396 8567.94
979.132 8542.18
983.796 8583.63
1034.91 9009.97
1034.96 10141.2
1042.08 10557.5
1050.98 10276
1048.96 9928.04
1060.93 10044.6
1073.02 10039
1071.79 9692.89
1071.64 10058.5
1070.69 10059.5
1074.15 10202.1
1074.27 10291.5
1088.07 10662.1
1091.15 10616.4
1092.65 11042.2
1098.45 10852.6
1106.36 10764
1112.87 11548.4
1126.32 11345.2
1140.17 11614.5
1140.42 11815.6
1142.04 11646.5
1143.83 11535.2
1149.64 12145.8
1148.95 12440.1
1172.44 14986.2
1189.19 14823.9
1190.37 13478.5
1190.51 13361.8
1202.5 14038.6
1206.63 14438.9
1243.78 14268
1244.1 13902.1
1264.27 13320.2
1266.47 13627.4
1265.5 13155.5
1271.84 13148.8
1268.13 13598.5
1269.31 13544.5
1270.51 13622
1269.19 13979.9
1284.3 14505.4
1310.67 14303.8
1312.93 14346.8
1321.81 14380.1
1357.4 14460.2
1380.48 14614.1
1386.4 14147
1402.49 14077.5
1402.68 13604
1403.18 13698.4
1414.92 13798.6
1416.03 13403.5
1419.04 13430.4
1423.41 13875.5
1424.04 14249.1
1423.63 14129.2
1430.91 14296
1430.22 14174.5
1431.42 14066.5
1432.07 14025.7
1431.91 14085.7
1444.68 14541
1444.1 14209.4
1445.1 14100.2
1444.69 14090.2
1444.59 13954.1
1442.23 14224.6
1443.28 14037.5
1443.22 13874.7
1442.64 13819
1445.74 13909.8
1447.14 13697.6
1449.06 13628.5
1450.62 13622.9
1450.88 13471.7
1452.21 13603.7
1451.84 13492.4
1455.63 13626.5
1456.1 13881.7
1456.01 13804.1
1453.24 13932.5
1454.18 14030.8
1464.99 14054.9
1478.6 14028
1478.71 14150.7
1478.62 14197.8
1479.96 14246.4
1486.89 14236.4
1486.59 14436.7
1492.38 14559.5
1493.39 14328.3
1492.06 14642.8
1492.71 14754.5
1492.96 14810.9
1493.2 14839
1493.84 14868.7
1493.8 14810.1
1495.33 14850.9
1499.24 14852.4
1498.13 14832.8
1498.1 14923
1498.87 14890.3
1497.77 14942.9
1497.01 14964.9
1496.75 14943.8
1497.07 14978.4
1498.88 15066
1498.62 15119.9
1501.44 14999.2
1501.53 15029.5
1507.68 15213.6
1507.4 15406.8
1511.99 15390.8
1513.9 15441.9
1513.95 15489.2
1515.05 15440
1512.82 15233.3
1511.95 15624.9
1512.01 15571.9
1513.97 15515.8
1514.63 15499.9
1514.64 15439.1
1519.41 15479.2
1521.12 15308.6
1521.38 15331.7
1523.86 15372.8
1522.7 15771.9
1522.72 15819.9
1527.81 15740.3
1530.04 15790.7
1539.21 15761.1
1539.76 15466.9
1538.46 15439.6
1539.53 15437.4
1539.6 15525.5
1538.66 15510.4
1535.75 15649.3
1535.98 15796.3
1536.73 15878.5
1536.99 15933.8
1540.03 15993.7
1540.57 16089.3
1540.35 16172.8
1554.62 16373.1
1556.53 16650.6
1556.87 16694
1556.79 16746.7
1558.77 16815.8
1558.78 16813.2
1566.42 16921.9
1567.77 16837.1
1567.26 16966.1
1570.56 16997.4
1570.57 17102.3
1572.12 17164.6
1576.58 17239.8
1580.49 17201.4
1580.31 17251.5
1581.1 17309.6
1580.92 17345
1581.2 17364.9
1583.17 17383.9
1583.24 17599.8
1598.05 17710.7
1623.96 17930.5
1625.25 17621.9
1626.14 17369
1628.83 17194.8
1629.28 17199.9
1630.06 17139.7
1633.99 17051.5
1639.12 17178.7
1640.76 17187.4
1643.11 17145
1643.58 17204.7
1644.04 17269.2
1645.35 17346
1646.14 17359.6
1646.31 17299.4
1647.03 17294.7
1647.38 17238.1
1650.16 17217.9
1649.12 17133.6
1649.64 17187.1
1652.46 17256.6
1652.48 17100.8
1652.76 17033.9
1652.84 17023.2
1653.13 17026.1
1652.81 17012.1
1654.8 17046.3
1655.34 17163.6
1655.78 17185.4
1655.57 17160.4
1653.01 17093.9
1652.97 17085.2
1653.08 17074.9
1653.19 17076
1653.35 17071.8
1653.87 17057.3
1653.86 17042.3
1654.76 17047.1
1655.77 17033.4
1655.93 17044.4
1655.9 17043.7
1658.3 17034.4
1658.22 17039.8
1663.53 17016.6
1663.53 16957.6
1664.2 16896.2
1664.84 16856.8
1665.61 16832.5
1665.65 16812.9
1666.39 16790.4
1671.53 16863.1
1675.05 16855.5
1675.25 16795.3
1675.25 16745.7
1675.35 16741.3
1675.24 16798.3
1675.24 16805
1682.99 16966.1
1683 16881.1
1682.94 16906
1683.68 16871.7
1683.83 16927.2
1684.22 18094.4
1699.49 18474.5
1699.48 17989.9
1699.72 17844.9
1702.58 17741.6
1702.58 17608.6
1703.04 17538.7
1703.45 17440.3
1704.21 17471.5
1709.5 17280.2
1709.74 17289.7
1711.14 17233.9
1711.91 17229.1
1711.46 17185.2
1712.2 17146.2
1713.16 17140.5
1715.13 17218.8
1715.6 17171.4
1717 17184.9
1717.42 17144.4
1717.55 17117.1
1717.56 17112
1717.33 17126.9
1717.55 17100.6
1717.55 17173.2
1719.64 17155.9
1721.51 17186.6
1722.4 17206.8
1722.3 17208.2
1725.42 17184.1
1725.05 17191.4
1725.19 17179.5
1725.23 17180.2
1725.18 17120.6
1725.24 17123.2
1725.53 17124.9
1728.56 17145.3
1728.51 17144.6
1728.48 17129.9
1729.23 17144.4
1729.92 17163.8
1731.46 17149.2
1731.53 17126.1
1732.82 17152.9
1732.87 17113.1
1733.84 17077.4
1734.53 17086.6
1734.8 17089.3
1735.21 17097.3
1735.17 17103.8
1735.22 17103.7
1735.48 17118
1735.75 17111
1736.09 17105.3
1736.17 17110.4
1736.94 17134.7
1736.93 17161.8
1736.85 17159.3
1738.12 17147.5
1740.42 17074.2
1740.42 17098.8
1740.43 17116.7
1740.27 17122.9
1740.29 17167.9
1740.6 17159.8
1741 17124.5
1744.69 17092.2
1744.68 17086.8
1745.32 17070.8
1745.12 17055.4
1745.74 17087.4
1745.81 17075.9
1745.85 17064.7
1745.9 17045.6
1747.13 17023.1
1746.92 16986.6
1745.55 17066.5
1745.56 17075.5
1745.7 17096
1747.72 17113.7
1749.02 17187.4
1749.23 17185.7
1749.25 17179.5
1749.41 17201
1749.44 17198
1749.24 17192.9
1749.5 17195
1749.26 17198.5
1749.23 17210.5
1749.17 17230.1
1749.65 17230.7
1753.46 17205.5
1754.31 17211.1
1756.51 17290.3
1756.17 17226.6
1756.44 17244.3
1757.99 17229.7
1757.04 17225.9
1757.18 17277.5
1757.1 17281
1757.57 17287.2
1757.31 17279
1759.19 17278.6
1758.83 17279
1758.85 17258.8
1759.65 17244.2
1759.91 17240
1759.62 17243.1
1759.63 17244.9
1759.48 17240.5
1759.23 17283.8
1760.28 17252.7
1761.15 18133.1
1761.2 18072.1
1760.5 17948.9
1760.5 17716.7
1761.69 17669
1762.3 17702.6
1762.6 17710.7
1762.53 17723.3
1762.36 17739.3
1767.33 17862.5
1767.33 17866.1
1770.6 17776.9
1770.6 17763.4
1772.69 17776.2
1773.51 17790.6
1773.8 17823.9
1773.84 17798.8
1773.79 17810.8
1774.57 17762.8
1774.59 17741.1
1774.64 17748.6
1774.66 17756.3
1774.75 17766.2
1774.81 17770.3
1774.79 17772.1
1775.02 17770.6
1775.02 17797.7
1774.69 17811.5
1774.82 17810.5
1776.2 17909.9
1776.66 17998.7
1776.78 17960.7
1776.73 17963
1776.74 17981.5
1776.88 17938.8
1776.86 17953.8
1776.85 17962.5
1776.86 17961.3
1776.73 17965.3
1776.88 17967.2
1777.48 17999.9
1778.49 17972
1778.33 17998.6
1778.05 18017.6
1777.32 18020.5
1777.95 18041.2
1778.35 17983.9
1778.87 17981.3
1779.22 17996.8
1780.92 17968
1780.82 17975.2
1781.52 17868
1782.04 17852.8
1784.17 17784.4
1784.53 17780.9
1785.55 17752.9
1785.55 17746.6
1785.95 17778.1
1786.34 17764.9
1786.92 17688.4
1786.89 17694.7
1786.84 17735.6
1786.81 17732.5
1787.38 17739
1788.47 17730.2
1790.39 17739.4
1790.48 17731.7
1790.37 17731.4
1790.86 17723.2
1790.17 17709.6
1790.42 17716
1791.23 17655.2
1791.13 17672.6
1791.07 17666.8
1791.12 17644
1791.08 17632.5
1791.25 17630.3
1793.72 17584
1794.18 17558.7
1794.1 17536
1794.16 17517.9
1794.2 17500
1796.37 17464.4
1797.23 17450.6
1797.33 17453.6
1797.32 17468.6
1798 17468.7
1798.52 17479.7
1799.1 17473.3
1799.21 17476
1799.43 17466.7
1799.5 17471.1
1799.4 17487.3
1799.46 17499.3
1799.41 17507.5
1799.42 17498.4
1799.41 17499.4
1799.75 17536.1
1800.12 17562
1799.58 17587.9
1799.63 17588.3
1799.65 17576.4
1800.54 17596.9
1802.7 17592.2
1802.74 17575.1
1802.74 17600.1
1803.86 17588.2
1803.62 17599.8
1803.79 17584.3
1803.8 17590.1
1803.97 17595.6
1804.36 17634.1
1804.35 17636.7
1804.02 17639.5
1804.05 17642.7
1804.03 17645.8
1804.03 17629.2
1803.8 17647.6
1803.89 17641.6
1804.19 17662.2
1804.17 17646.8
1805.19 17629.5
1805.16 17639
1805.3 17647.5
1805.53 17652.8
1807.25 17657.5
1808.12 17643.8
1809.78 17636.1
1809.4 17543.7
1809.37 17596.9
1809.15 17609.8
1809.1 17620.5
1809.13 17617.5
1809.12 17613.9
1809 17618.2
1808.8 17624.1
1808.73 17627.3
1808.72 17636.5
1808.68 17633.3
1808.65 17626.4
1808.59 17640.9
1808.66 17635.4
1809.04 17636.4
1809.01 17629.1
1809.6 17624.6
1809.73 17602.5
1809.6 17600.5
1810.85 17586
1814.03 17481.1
1814.11 17493.4
1814.33 17471.1
1814.31 17466.1
1814.3 17467.4
1814.7 17466.2
1814.76 17476.8
1814.91 17475.6
1816.29 17452.8
1816.85 17457.1
1816.83 17463.7
1816.83 17460.7
1818.02 17477.1
1818.39 17461.2
1818.4 17443.2
1818.42 17434.5
1818.65 17424
1818.63 17425.7
1818.62 17443.2
1818.49 17456.1
1818.42 17492.4
1818.18 17617.3
1818.1 17606
1818.11 17594.5
1818.09 17588.3
1818.09 17608.7
1818.09 17601.6
1818.47 17601.3
1818.44 17603.1
1818.73 17627.4
1818.8 17614.8
1818.54 17625.6
1818.95 17620.9
1820.16 17628.2
1819.84 17657.2
1819.91 17666.8
1819.8 17657.3
1819.83 17658.1
1820.21 17663.3
1820.31 17663.6
1820.28 17670.3
1820.35 17681.7
1822.27 17704
1822.2 17718.7
1823.54 17728
1823.57 17705.5
1823.57 17744.3
1823.72 17748.9
1824.03 17754.7
1824.47 17761.1
1824.88 17766.4
1825.02 17763.7
1825.28 17758.1
1825.29 17752.7
1824.44 18141.1
1824.52 18326.3
1825.74 18226.2
1826.7 18140.3
1826.7 18126.3
1826.94 18132.6
1827.25 18125.8
1827.17 18118.2
1827.19 18116.5
1827.24 18126.6
1827.18 18122.6
1827.16 18127.7
1829.87 18113.6
1829.96 18125.8
1830.03 18118.4
1829.98 18135.9
1830.29 18131.5
1830.17 18150.6
1830.24 18158.8
1830.3 18168.2
1830.29 18135.5
1833.46 18173.1
1833.69 18220.1
1833.92 18165.2
1833.09 18207.7
1832.6 18236
1833.3 18270.4
1833.37 18266.4
1839.07 18345.7
1839.12 18403.5
1839.37 18362.1
1839.92 18414
1840.29 18419.4
1840.32 18422.5
1840.43 18431.7
1840.59 18431.3
1840.59 18441.1
1840.43 18453.2
1839.95 18450.2
1840.23 18461.4
1840.47 18460.1
1840.39 18473.3
1840.49 18472.8
1840.67 18473.3
1840.8 18557.1
1840.78 18521.6
1841.18 18538.3
1841.18 18552.7
1840.77 18539.9
1840.77 18545.5
1840.75 18540.3
1840.77 18564.8
1840.51 18579.1
1844.17 18532.7
1844.38 18582.6
1844.37 18574.9
1844.31 18575.9
1844.26 18579
1844.4 18572.5
1844.99 18573.5
1845.41 18665.3
1847.03 18716.1
1849.69 18676.4
1849.63 18700.1
1849.65 18705.7
1849.7 18690.1
1850.11 18690.9
1849.93 18701.8
1850.47 18683.9
1850.11 18693.2
1850.43 18699.1
1850.43 18688.3
1851.12 18689.5
1851.2 18695.1
1851.27 18701.2
1851.55 18694.5
1851.76 18694.7
1851.92 18769.9
1853.93 18794.2
1854.57 18743.2
1854.57 18752
1854.52 18762.4
1854.55 18757.5
1854.52 18758.2
1857.62 18720.4
1857.62 18771.6
1858.99 18773
1858.99 18760.9
1858.78 18761
1858.8 18752.7
1858.82 18746.8
1859.11 18730.1
1859.38 18710.1
1859.38 18719.1
1859.39 18724.4
1859.74 18726.4
1859.74 18728.5
1859.96 18730.8
1860.02 18735.9
1860.19 18747.8
1860.25 18756.4
1860.39 18761.2
1861.63 18748.6
1861.6 18759.5
1861.91 18748.8
1860.89 18755.5
1862.67 18831.2
1862.61 18818.7
1863.41 18827.4
1864.72 18840.9
1871.4 18747.8
1871.49 18841
1871.46 18858.5
1871.91 18850.2
1873.47 18840.1
1873.48 18874.5
1873.57 18875.2
1874.67 18815.9
1874.38 18851
1874.41 18855.6
1874.75 18867.2
1877.52 18757.8
1878.65 18824.2
1878.7 18814.2
1878.76 18808.6
1879.19 18807.9
1879.05 18819.1
1879.06 18825.9
1879.68 18831.9
1879.76 18832.1
1882.14 18853.7
1881.98 18829.7
1881.99 18836.5
1882.8 18786
1882.71 18727.8
1882.73 18741.6
1882.87 18752.7
1882.89 18728.6
1882.83 18733.7
1885.08 18703.6
1885.37 18796
1885.7 18818.6
1885.82 18807
1885.86 18786.3
1886.25 18794.7
1886.26 18791.6
1887.05 18787.4
1886.87 18750.4
1886.87 18741.3
1887.85 18730.5
1887.82 18732.5
1887.73 18762.6
1888.93 18766.5
1888.87 18770
1888.86 18827.3
1888.83 18840
1889.75 18766.8
1889.19 18796
1889.15 18840.9
1889.22 18811.9
1889.98 18796.8
1889.79 18789.2
1889.97 18787.5
1890.93 18758.1
1891.83 18749.9
1892.12 18766.7
1892.48 18753.6
1892.86 18758.8
1893.73 18768.5
1893.73 18806
1893.81 18827.5
1895.32 18856.4
1895.45 18912.7
1896.12 18899.5
1896.12 18901.7
1896.12 18907.3
1896.13 18913
1896.16 18919.8
1895.87 18931.7
1895.86 18938.5
1895.79 18935.6
1896.08 18934.2
1896.04 18943.8
1896 18955.2
1895.67 18986.3
1895.86 18999.8
1895.91 19031.4
1896.08 19047.5
1896.17 19050
1896.26 19042.1
1896.29 19044.7
1896.19 19032.3
1896.08 19044.5
1895.81 19044.4
1896 19034.9
1896.06 19058.6
1896.17 19071.9
1896.57 19075
1896.48 19088.3
1896.48 19097.4
1896.47 19102.2
1896.36 19106.9
1896.35 19115.8
1896.35 19123.2
1896.31 19129.1
1897.28 19122.1
1900.75 19033.6
1900.75 19086.4
1900.75 19093.3
1900.76 19095.8
1900.81 19083.6
1900.55 19095.8
1900.55 19110
1901.21 19120.8
1901.33 19393.9
1901.12 19491.5
1901.07 19520.4
1901.07 19510.3
1900.98 19501.1
1901.22 19502.1
1901.24 19503.2
1901.18 19506.7
1901.28 19502.4
1901.29 19479.8
1901.17 19480.4
1901.29 19484.1
1901.49 19489.4
1901.76 19486.7
1901.94 19491.8
1901.92 19503.8
1901.76 19499.5
1902 19700.3
1901.94 19757.4
1901.94 19774.6
1902.09 19810.3
1902.06 19809.5
1902.09 19791.2
1902.15 19745
1902.06 19784.7
1902.08 19792.6
1902.12 19796
1902.22 19800.1
1902.28 19816.2
1902.71 19831.9
1902.89 19824.5
1902.89 19820.3
1902.97 19818.2
1902.04 19811.9
1902.18 19852
1902.19 19845
1902.21 19858.8
1902.2 19857.9
1902.15 19863.8
1902.15 19870.4
1902.53 19875.7
1902.12 19880.8
1902.34 20049.9
1902.29 20079
1902.37 20071.8
1903.09 20149.3
1902.98 20160.2
1903.68 20174.8
1903.71 20176.3
1903.68 20189.1
1903.63 20201
1903.76 20197.1
1904.06 20170.1
1904.11 20158.7
1903.96 20127.8
1904.09 20114.9
1904.26 20112.8
1904.33 20123.8
1904.42 20126.1
1904.47 20130.2
1904.45 20124.1
1904.35 20134.6
1904.34 20135.8
1904.38 20280.5
1904.59 20305.2
1904.69 20290.1
1904.94 20287.9
1904.92 20283.3
1904.85 20256.6
1905.34 20254
1906.33 20232
1906.44 20260.1
1906.05 20341.9
1906.03 20335.5
1905.8 20345.2
1905.79 20366.6
1906.44 20363.4
1906.63 20371.4
1909.2 20349.9
1919.48 20188.6
1919.85 20249.9
1919.85 20257.3
1919.87 20185.7
1919.91 20198.8
1919.92 20216.6
1919.88 20226.3
1920.04 20256.7
1927.38 20396
1927.37 20133.2
1931.14 20203.1
1931.14 20127.8
1931.12 20128.8
1931.46 20125.3
1931.27 20152.2
1932.6 20125.5
1932.62 20180.7
1932.05 20230.1
1932.12 20242.6
1932.13 20248.2
1937.24 20294.1
1937.34 20091.2
1937.45 20138.8
1937.45 20167.3
1937.53 20164.8
1937.71 20181.2
1938.64 20198.9
1938.3 20160.1
1938.34 20167.1
1938.29 20182.6
1938.25 20184.5
1938.48 20187.4
1939.9 20206.4
1940.23 20140.5
1940.22 20173.5
1940.22 20196.8
1940.24 20205.6
1940.15 20204.7
1940.03 20209.7
1940.09 20236.5
1940.01 20227.5
1940.42 20223.9
1941 20231.7
1941.59 20208.1
1941.75 20228.8
1941.97 20243.5
1942.06 20248.6
1942.05 20264.2
1942.25 20275.7
1941.98 20278.7
1942.04 20297.6
1942.16 20282.3
1942.17 20241.4
1942.16 20235.4
1942.29 20160
1942.35 20188.5
1942.33 20186.8
1942.44 20189.2
1942.49 20189.1
1942.45 20185.9
1942.49 20174.8
1942.57 20184.1
1942.54 20184.3
1943.67 20201.7
1943.75 20166.7
1943.78 20158.3
1943.9 20166.3
1948.59 20217.7
1948.52 20068.2
1948.51 20099.9
1948.66 20135.7
1948.67 20159.7
1948.4 20180
1947.85 20176.1
1947.04 20189
1947.08 20186.3
1947.42 20191.5
1947.44 20196.6
1948.03 20209.9
1947.95 20204
1947.97 20210.9
1948.08 20213.4
1948.19 20214.2
1948.24 20192.9
1948.25 20196.5
1948.23 20182.8
1948.23 20179
1948.92 20168.2
1948.5 20170
1948.81 20184.5
1949.48 20185.7
1949.84 20140.2
1949.45 20152.6
1949.58 20154.2
1949.71 20143.5
1949.71 20140.6
1949.66 20143.5
1950.79 20161.8
1950.84 20083.2
1950.75 20096.1
1950.75 20103.4
1951.42 20107.4
1951.4 20116.1
1951.45 20122.1
1951.39 20125.7
1951.52 20130.9
1952.01 20131.8
1952.13 20128.6
1952.13 20114.5
1952.15 20115.7
1952.28 20117.7
1952.69 20147.4
1952.75 20129.8
1952.82 20119.1
1952.81 20118.3
1952.82 20115.4
1952.97 20101.7
1953.07 20094.4
1953.09 20113.1
