99.1536 242.529
103.904 409.388
345.149 925.372
460.169 1077
478.985 1281.79
542.187 1496.62
543.153 1461.61
543.247 1412.68
543.743 1407.7
550.313 2373.87
625.984 2359.78
633.522 2693.02
675.567 2942.28
688.082 3045.44
706.759 3394.9
708.12 3478.46
713.712 3642.4
730.59 4132.13
735.038 4135.16
739.488 4068.92
772.797 4878.7
772.498 4619.35
773.911 4546.42
792.824 4517.19
795.393 4433.73
792.447 5567.77
791.925 5168.96
791.856 5116.09
793.509 5226.09
809.948 7079.48
815.01 6642.97
858.023 6956.56
914.837 8425.01
924.554 8396.24
956.495 7897.39
962.794 8167.32
969.391 8463.43
970.38 8252.24
976.819 7911.25
976.556 7854.61
986.273 8955.78
992.408 8888.39
1024.72 9038.44
1031.22 9143.52
1030.06 9626.23
1028.22 9519.6
1028.45 9269.89
1028.23 10052.1
1051.01 10234.2
1056.56 10055.4
1092.09 10673.7
1101.4 10556.5
1101.25 10791.2
1114.06 10666.5
1128.25 10454.7
1144.06 10563.5
1143.34 10537.1
1145.76 10316.6
1156.88 11848.3
1156.88 11345.6
1162.55 11139.9
1174.51 10883.8
1184.29 10768.4
1189.54 10581.8
1189.64 10360.9
1206.16 10065.2
1207.29 10383.1
1207.24 10472.6
1209.8 14340.1
1215.54 12159.2
1218.52 11204.2
1219.44 12068.2
1221.99 11324.7
1229.26 10850
1229.45 10346.9
1240.25 10223.2
1250.14 10920.2
1255.19 10739.6
1268.1 11352.5
1267.22 11477.3
1269.84 11470.9
1299.56 11368
1303.51 11503.2
1303.27 11439.3
1307.33 11427.7
1307.88 11369.2
1308.97 11361.4
1313.81 11254.6
1314.3 11197.4
1316.48 11453.1
1316.88 11343
1317.44 11317.7
1327.82 12820.2
1374.52 13124.8
1376.29 13300.6
1384.65 12677.6
1388.04 12212.7
1386.35 12400.4
1389.93 11999.3
1391 11735.8
1392.35 11619.5
1395.83 11563
1400.37 11479.7
1400.28 11483.4
1402.13 11493.6
1402.2 11492.5
1405.64 11420
1406.6 11412.8
1407.37 11426
1406.62 11297.8
1406.46 11220.8
1406.66 11263.1
1408.72 11235.4
1408.86 11285
1408.19 11458.3
1409.19 11535.4
1408.81 11611.3
1408.76 11679.2
1411.15 11681.6
1411.82 11689
1412.01 11736.5
1413.61 11754.3
1414 11766.7
1413.79 11763
1416.03 11741.3
1416.08 11780.3
1416.02 11763.7
1418.46 11841.4
1421.97 11789.3
1424.64 11866.1
1425.14 11919.4
1425.17 11951.1
1424.86 11995.5
1424.97 12036
1425.83 12020
1425.88 11982.1
1427.09 12308.2
1426.39 12244.4
1427.09 12205.7
1428.37 12152.8
1429.01 12128.7
1429.19 12104.3
1431.88 11986.4
1431.96 12016.5
1431.55 12068.2
1431.92 11995.5
1432.09 12094
1431.79 12207.5
1431.86 12293.3
1433.62 12342.1
1434.94 12366.6
1437.03 12451.8
1436.45 12518.3
1436.51 12593.3
1437.53 12576.6
1438.73 12648.2
1442.41 13274.2
1442.49 13235.1
1443.51 13207.2
1445.83 13209.1
1462.82 12981.4
1462.85 12973.6
1463.83 12894.7
1465.02 12921
1465 12930.3
1465.02 12946.5
1477.06 12829.9
1477.71 12964.2
1477.75 12711.2
1482.14 12712.7
1484.23 12470.3
1484.11 12405
1490.85 12337.9
1491.13 12387.7
1496.46 12555.9
1496.9 12443.2
1497.3 12447.6
1497.22 12459.3
1499.66 12422.4
1501.25 12485.7
1501.26 12507.2
1501.43 12527.2
1503.09 12538.6
1507.11 12658.1
1507.17 12642
1507.18 12595.5
1507.21 12591.4
1507.21 12583.9
1508.44 12570.3
1509.04 12608.1
1508.25 12597.6
1508.38 12610.9
1510.31 12591
1512.58 12755.5
1512.43 12725.3
1512.97 12738.7
1514.61 12655.7
1514.53 12615.2
1515.23 12592.6
1516.38 12584.6
1517.26 12577.7
1518.58 12617.8
1519.22 12566.8
1519.23 12628.7
1519.17 12663.5
1518.96 12664.1
1518.57 12668.4
1517.45 12563.9
1517.49 12535.9
1518.05 12535.4
1522.28 12501.5
1526.44 12396.6
1527.57 12376.2
1527.06 12295.2
1526.79 12530.5
1527.7 12505
1528.58 12470.2
1528.58 12493.7
1528.84 12796.6
1529.01 13003.5
1529.01 13098.1
1528.99 13131.8
1528.88 13149.5
1529.35 13228.3
1529.43 13249.3
1530.05 13294.7
1530.13 13297.4
1538.81 13514.8
1540.12 13620.2
1552.11 13698.4
1552.09 13611.1
1552.15 13613.6
1554.77 13534.8
1561.66 13441.4
1561.67 13468.8
1561.29 13419.8
1563.88 13378.4
1566.91 13104.6
1566.83 13254.2
1566.6 13281.2
1574.5 13027.1
1574.52 13011.3
1574.64 12980.8
1576.52 13024.2
1576.71 13039.8
1582.48 12834.8
1582.36 12779.2
1586.01 12677.1
1586.14 12626.5
1586.53 12610.2
1586.05 12607.1
1586.26 12614.1
1586.77 12629.3
1586.79 12644.2
1586.9 12631.9
1592.29 12657.5
1592.29 12629.5
1592.3 12631.6
1592.2 12644.7
1592.22 12648.8
1591.97 12668.5
1591.97 12676.3
1592.02 12676.5
1594.02 12612.3
1595.1 12604.1
1595.56 12585.2
1596.25 12584.2
1598.04 12522.8
1598.39 12528.4
1598.53 12523.8
1598.18 12520.1
1598.23 12515.3
1598.24 12511.8
1598.87 12513.6
1598.78 12514.3
1599.22 12503.6
1599.25 12521.4
1599.27 12498.3
1599.27 12455.5
1599.29 12475.4
1602.48 12440.3
1602.47 12436.3
1602.22 12383.7
1602.4 12364.7
1602.14 12320.5
1602.12 12313.9
1602.2 12321.1
1604.85 12298.6
1604.99 12329.9
1605.03 12343.5
1605.11 12317.1
1607.68 12285.4
1607.73 12236.6
1607.56 12210.4
1607.56 12208.7
1607.86 12224.6
1607.84 12233.3
1607.82 12203.1
1608.19 12187.8
1608.19 12175.1
1608.02 12123.9
1612.22 12088.4
1613.18 11946.6
1614.24 11985.5
1619.03 11908.5
1622.47 11857
1622.77 11800.1
1622.58 11750.3
1622.92 11721.5
1622.9 11714.5
1622.95 11729.5
1623.19 11731.2
1623.89 11759.3
1623.89 11788.6
1624.21 11799.9
1624.64 11790
1624.49 11805.1
1624.7 11797
1624.79 11795.9
1625.11 11790.2
1625 11751.7
1624.97 11732.8
1624.97 11718.3
1625 11734.2
1625.4 11755.3
1625.49 11798.7
1625.86 11804.9
1625.89 11805.9
1625.88 11737.3
1625.78 11765.2
1625.8 11776.3
1626.15 11772.1
1626 11758.4
1625.92 11755.4
1627.12 11787
1627.39 11746.7
1627.35 11739.5
1627.17 11732
1626.73 11711.1
1627.03 11698.8
1627.2 11704.3
1627.43 11710.8
1627.44 11715.6
1627.53 11715.7
1627.72 11740.6
1627.78 11757.9
1628.61 11749.6
1629.03 11759.1
1629.03 11781.7
1629.75 11775.4
1630.31 11782.2
1630.22 11804.5
1630.41 11811.1
1630.78 11812.7
1632.5 11823.1
1632.68 11832.2
1633.21 11832.8
1633.12 11853.4
1633.24 11861.2
1634.34 11881
1634.33 11868.9
1634.33 11863.7
1634.96 11892
1635.33 11906.1
1635.35 11923.1
1635.53 11941.2
1635.49 11961.3
1634.51 11922.7
1635.22 11959.7
1634.97 11975.4
1635.61 11950.9
1635.58 11969.4
1635.48 11981.4
1636.06 11996.6
1636.45 12015.8
1636.47 12026.2
1636.82 12042.4
1636.81 12103.7
1636.83 12122.1
1636.84 12126.3
1636.84 12097.1
1636.8 12101.3
1638.67 12078.4
1638.65 12000
1638.66 11982.2
1638.7 11985.2
1638.8 12011.2
1638.83 12027.9
1638.64 12047.7
1638.67 12089.9
1638.59 12118.3
1638.61 12115.6
1638.62 12114.7
1638.59 12111.7
1639.89 12095.7
1639.95 12109.9
1640.09 12104.9
1640.95 12084.1
1640.51 12062.4
1640.35 12030.3
1640.34 12007.8
1640.74 11938.8
1640.86 11961.3
1640.88 11981.2
1640.83 11990.9
1640.94 11984.5
1642.25 11979.1
1642.66 11988.8
1642.69 12006.6
1643.04 11999.5
1643.14 12003
1643.16 12009.9
1643.12 12011.4
1643.05 12014.7
1643.26 12101.7
1643.25 12101
1642.87 12229.8
1646.49 12062.6
1647.35 12050.1
1647.2 11989
1647.2 12017.2
1647.19 12044.7
1647 12060.1
1647.1 12081.6
1646.95 12105.4
1646.97 12124.1
1647.76 12198.7
1647.89 12192.7
1648.19 12211.7
1648.3 12206.4
1648.52 12243.1
1648.81 12248.2
1649.12 12247.7
1652.3 12291.3
1652.37 12263.5
1652.26 12278.9
1652.27 12275.6
1652.28 12270.4
1652.33 12251.2
1652.33 12244.9
1652.38 12282.5
1652.45 12347
1652.42 12408.5
1652.42 12428.1
1652.41 12440.6
1652.39 12452.3
1652.62 12461.6
1652.68 12445.9
1652.52 12477.8
1653.31 12486
1653.88 12606.9
1653.9 12566.9
1654.02 12572.2
1654.36 12560.3
1654.49 12539.2
1656.21 12483.6
1656.2 12483.8
1656.23 12430.8
1656.29 12393
1656.42 12378.9
1656.4 12210.7
1656.48 12170.9
1656.84 12163.3
1657.13 12108.3
1657.05 12070.7
1657.03 12088.1
1657.1 12077.5
1657.25 12086.3
1657.82 12064.8
1658.85 12099.4
1659.21 12075.8
1659.28 12080.3
1659.41 12106.6
1659.42 12144.8
1659.55 12161.9
1659.65 12175.7
1659.56 12177.2
1659.53 12183.4
1660.85 12193.2
1660.66 12097.9
1660.53 12064.1
1660.42 12052.5
1660.37 12037
1660.39 12027.5
1660.41 12027.1
1660.43 12000.4
1660.66 11989.7
1660.6 12094.3
1661.32 12115.4
1661.15 12114.9
1661.12 12100.8
1660.71 12129.1
1661.02 12132.2
1661.39 12153.9
1661.63 12169.9
1661.68 12182.7
1662.09 12195.3
1662.18 12201.4
1662.17 12199.6
1662.38 12204.1
1662.35 12194.5
1662.42 12206.6
1662.62 12216.7
1662.69 12233.1
1662.81 12231.3
1662.81 12240.7
1662.71 12250.4
1662.75 12273.4
1662.66 12308.5
1662.7 12298.3
1662.77 12323.2
1663.61 12335.5
1663.88 12326.1
1664.02 12328.8
1664.23 12322.6
1664.22 12313.5
1664.49 12310.1
1664.44 12283.9
1664.33 12288.4
1664.71 12269.9
1664.7 12281.2
1664.65 12286.7
1664.98 12293
1665.19 12296.7
1665.28 12303.7
1665.36 12308.1
1665.7 12288.2
1665.34 12233.1
1665.58 12194.1
1665.61 12212.5
1665.54 12224.3
1665.78 12280.8
1666.09 12225.2
1666.09 12221.7
1666.1 12235.1
1666.14 12237.8
1666.13 12240.3
1666.02 12245.2
1666.18 12247.7
1666.16 12247.1
1666.21 12240.4
1666.17 12169.8
1666.62 12150.2
1666.54 12154.7
1666.65 12164.6
1666.99 12170.3
1667.11 12188.2
1667.24 12200.6
1666.63 12119.6
1666.61 12069.1
1666.56 12059.3
1667.03 12062.5
1667.17 12075.4
1667.29 12104.7
1667.59 12119.1
1667.59 12126.4
1667.27 12083
1667.26 12046.1
1667.27 12068.1
1667.13 12035.8
1667.13 12044.2
1667.13 12032.3
1667.04 12029.3
1667.06 12032.6
1666.82 12002.1
1666.94 11995
1666.74 11939.5
1666.59 11910.4
1667.01 11884.5
1666.99 11870.8
1666.95 11858.7
1667.03 11848.9
1666.93 11845.2
1666.66 11841.2
1666.94 11853.8
1666.9 11872.9
1667.13 11898.6
1667.11 11913.1
1666.98 11910
1666.66 11907.8
1666.58 11899.6
1667.11 11894.8
1667.14 11892.9
1668.42 11869.9
1668.46 11861.1
1668.93 11818.3
1669.32 11800.5
1669.36 11785.9
1669.57 11809.8
1669.68 11812.5
1671.86 11833.7
1672.09 11882.9
1672.28 11894.8
1672.43 11883
1672.65 11838.3
1672.55 11833.2
1672.57 11843.9
1672.54 11844.5
1672.56 11847.9
1672.57 11852.3
1672.57 11856.5
1672.53 11860.1
1672.57 11856.3
1672.73 11858.2
1672.73 11873.2
1672.89 11870.9
1672.87 11862.3
1672.92 11851.1
1673.01 11841.2
1672.85 11829.5
1673.01 11829.6
1672.92 11831.2
1673.01 11833.7
1672.95 11834.6
1672.94 11836.9
1672.98 11833.3
1673.17 11835.6
1673.18 11840.9
1672.64 11849.9
1672.64 11845.1
1672.33 11820.5
1672.09 11784.7
1672.36 11786.7
1672.34 11780.9
1672.5 11775.4
1672.75 11770
1672.77 11763.9
1672.59 11734
1672.51 11719.5
1672.86 11700.8
1673.09 11713.1
1673.07 11719.9
1673.06 11728.4
1672.93 11736.6
1672.96 11741.2
1672.91 11748.8
1672.84 11751.3
1672.74 11761.8
1672.75 11753.6
1672.87 11754.7
1672.93 11759.4
1672.96 11762.4
1672.97 11773.1
1672.99 11771.7
1672.98 11778
1672.92 11790.5
1673.21 11814.6
1673.62 11789.3
1673.44 11804.9
1673.52 11921.8
1673.71 11951
1673.8 11960.4
1673.6 11972.5
1673.6 11966
1673.54 11973
1673.63 11978.4
1673.69 11993
1674.42 11989
1674.64 11973.4
1675.34 11995.7
1675.42 11997
1675.63 11989.3
1675.77 11992.8
1675.63 11994.5
1675.5 11989.9
1675.41 11980.4
1675.81 12007.5
1676.4 12022.2
1676.12 11999.6
1676.11 12001.8
1676.46 11990
1676.4 12000.7
1677.21 11996.6
1677.37 11990.2
1677.38 11986.4
1677.43 11982.7
1677.43 11977.1
1677.44 11973
1677.45 11969.8
1677.35 11964.1
1677.37 11955.9
1677.49 11955.4
1677.49 11954.8
1677.5 11950.4
1677.59 11961.5
1677.52 11960.6
1677.37 11963.8
1678.06 11976.4
1678.09 11964.8
1677.73 11959.6
1677.83 11960.2
1677.83 11970.1
1677.95 11974.2
1678.21 11973.8
1678.21 11973.8
1678.39 11974.7
1678.5 11982.3
1678.49 11979.4
1678.39 11981.9
1678.49 11981.8
1678.25 11924.6
1678.18 11947.1
1678.27 11948.1
1678.43 11957.8
1678.34 11944
1678.49 11913.2
1678.46 11939.8
1678.46 11938.8
1678.61 11946.9
1678.56 11956.5
1678.62 11961.3
1678.68 11965.1
1678.68 11981.1
1678.72 11985.6
1678.88 12034.1
1678.87 12057.2
1678.84 12057.5
1678.88 12070.9
1678.84 12074.5
1678.9 12081.4
1678.92 12082.9
1679.31 12093.8
1679.7 12098.2
1678.98 12117.4
1679.1 12108.6
1679.2 12129.6
1679.22 12146.2
1679.15 12181.1
1679.07 12198.3
1679.03 12190.1
1679.03 12181.1
1679 12169.9
1679.25 12171.5
1679.28 12184.5
1679.29 12188.8
1679.34 12193.4
1679.33 12191.6
1679.35 12201.4
1679.41 12210.2
1679.44 12220
1679.18 12230.3
1679.27 12224.3
1679.33 12205.2
1679.2 12200.9
1679.04 12205.8
1679.05 12212.7
1679.2 12219.7
1679.77 12270.4
1679.66 12252.2
1679.48 12226.5
1680.11 12213
1680.2 12213.4
1680.15 12258.3
1680.07 12241.3
1680.43 12268.7
1680.67 12280.2
1680.79 12280
1680.8 12271.8
1680.73 12278.6
1680.53 12341.4
1680.54 12349.2
1680.57 12344.4
1680.66 12349.8
1680.36 12349.7
1680.63 12359.5
1680.57 12367.4
1680.71 12364
1680.62 12354.4
1680.67 12358.2
1680.67 12380.7
1680.88 12409.9
1681.05 12447.7
1681.18 12456.1
1681.19 12456.5
1681.33 12464
1681.34 12472.9
1681.36 12484.4
1681.47 12458.6
1681.94 12446.7
1681.9 12443.5
1681.95 12498.7
1681.96 12504.7
1682.77 12495.5
1682.76 12498.2
1682.76 12504.7
1682.89 12496.2
1683.44 12500.3
1683.59 12509.3
1683.59 12523.7
1683.65 12532.2
1684.58 12534.7
1684.61 12530.3
1684.64 12534.2
1685.16 12528.9
1685.09 12531.8
1685.38 12554.6
1685.34 12564.9
1685.46 12573.8
1685.38 12572.3
1685.47 12562
1684.98 12578.4
1685.07 12584.4
1684.83 12591.9
1684.48 12541.7
1684.51 12546.1
1684.46 12515.8
1684.55 12558.1
1684.56 12617.6
1684.41 12622.7
1684.4 12622.9
1684.68 12628.9
1684.49 12626.7
1684.53 12659.5
1684.7 12668.9
1684.72 12674.9
1684.95 12673.8
1684.93 12667.9
1684.92 12667.1
1684.87 12672.6
1684.88 12672.8
1684.89 12673.8
1684.81 12680.2
1684.67 12685.5
1684.67 12693.4
1684.73 12692
1684.67 12694.3
1684.67 12700.4
1685.15 12694.2
1685.13 12681.4
1685.26 12676.1
1685.51 12692.2
1685.43 12701.3
1685.74 12731.2
1685.63 12740.7
1685.64 12747.6
1685.69 12742.2
1685.8 12747.4
1685.66 12752.3
1685.66 12783.1
1685.67 12782.8
1685.69 12786.2
1685.69 12787.9
1685.77 12791.8
1685.82 12787.7
1685.73 12786
1685.83 12783.8
1685.74 12778.6
1685.72 12777.3
1685.74 12772.6
1685.62 12737.2
1685.66 12715.9
1685.73 12657.9
1686.67 12684.9
1686.66 12683.3
1686.75 12675
1686.77 12672.3
1686.79 12665.7
1687.11 12673.4
1687.17 12663.6
1687.16 12659.6
1687.2 12659.8
1687.22 12661.6
1687.2 12654.1
1687.16 12653.7
1687.71 12679.5
1687.67 12671.4
1687.71 12695
1687.7 12699.8
1687.69 12702.7
1687.71 12706.8
1686.98 12595.3
1687 12646.7
1687.35 12727.6
1687.34 12706
1688.09 12710.8
1688.03 12724.3
1688.2 12731.6
1688.55 12758.1
1688.5 12779.6
1688.52 12802.9
1688.51 12828.2
1688.51 12838.5
1688.58 12842.9
1688.65 12877.9
1688.56 12863.5
1688.89 12880.4
1689.14 12889.3
1689.24 12906.9
1689.31 12923.6
1689.69 12912.1
1689.73 12929
1689.74 12922.8
1689.42 12904.1
1689.39 12895.5
1689.37 12895.6
1689.46 12898.9
1689.46 12919.3
1689.5 12910.6
1689.51 12897.9
1689.52 12888.2
1689.33 12863.2
1689.12 12796.2
1689.35 12797.8
1689.71 12816
1690.24 12805.4
1690.36 12824.4
1690.29 12801.5
1690.17 12795.5
1690.15 12778
1690.21 12757.5
1690.15 12742.4
1690.13 12727.5
1690.68 12716.1
1690.63 12710.8
1690.65 12704.6
1690.5 12685.7
1690.49 12679.8
1690.6 12708.4
1690.71 12749.4
1690.7 12737.1
1690.68 12735.1
1690.8 12727.7
1691.03 12701.3
1691.02 12812.3
1690.98 12824.2
1691.01 12819.8
1691.02 12815.9
1690.85 12801.1
1690.89 12766.5
1691.08 12758.2
1691.04 12742.1
1691.35 12735.1
1690.67 12728.3
1691.12 12705.9
1691.13 12702.7
1691.68 12704.3
1691.68 12715
1692.11 12751.3
1692.02 12772.7
1692.02 12785.8
1692.03 12789.6
1692.14 12814.5
1692.51 12835.1
1692.43 12837.3
1692.36 12833.8
1692.38 12836
1692.37 12836.7
1692.43 12834.2
1692.43 12827.8
1692.57 12819.8
1692.49 12839.1
1692.43 12837
1692.33 12819
1692.32 12772.1
1692.63 12798.8
1692.62 12809.7
1692.5 12799.7
1692.48 12799.3
1692.45 12817.6
1692.45 12815.7
1692.45 12805
1692.48 12784.4
1692.81 12772
1692.81 12775.5
1692.37 12785.3
1692.36 12785.1
1692.36 12784.4
1692.33 12780.3
1693.22 12787.3
1693.23 12803.9
1693.21 12814.7
1693.32 12819.8
1693.17 12807.2
1693.29 12812.3
1693.33 12837
1693.5 12860.5
1693.49 12851.7
1693.49 12862.8
1693.9 12859
1693.98 12861.4
1693.74 12963.3
1693.74 12967.3
1693.6 12971.6
1693.6 12979
1693.65 12982.5
1693.67 12987.5
1693.73 12987
1694.23 12971.9
1694.25 12971.7
1694.8 12936
1694.65 12909.3
1694.71 12914.7
1694.65 12900.7
1694.66 12886.6
1694.64 12879.7
1694.71 12901.1
1694.72 12903.8
1694.81 12906.9
1694.8 12912.2
