296.226 2735.07
298.636 1213.93
359.308 1247.11
361.602 1380.98
382.111 2735.26
395.584 2442.88
396.63 2236.78
427.527 2584.43
461.766 3294.08
494.234 4318.02
494.238 3858.59
498.818 3714.22
505.51 3644.42
553.212 4805.83
582.329 4932.69
584.438 4589
593.414 4737.14
594.118 4565.2
612.841 5607.53
683.069 8552.39
685.472 7194.3
715.551 7307.81
722.537 6757.21
739.761 7208.09
744.832 7232.78
762.619 6742.18
778.386 7691.88
782.001 7401.29
783.808 7130.02
779.405 8328.06
781.675 8314.8
789.743 8791.51
789.917 9563.72
789.988 8914.33
802.932 10642.7
816.374 10216.8
824.624 9437.78
836.05 10666.4
835.374 10778.1
837.308 10591.5
837.683 10381.5
875.494 11119.1
887.655 10869
928.562 10610.7
934.973 11677.3
963.471 13298.1
963.617 12466
989.726 12683.4
992.104 12520.3
991.041 12348.3
1003.06 13577.3
1009.97 12968.9
1018.52 12993.1
1019.89 12498.4
1029.93 12115.2
1038.32 11802
1064.33 12250.8
1083.2 12092
1084.39 11683.2
1085.05 11543.8
1086.86 11535.4
1085.97 12378.2
1086.14 12333.3
1097.71 11854.3
1096.03 12605.8
1096.04 12826.3
1106.97 12762.1
1128.05 12379.9
1128.01 11816.7
1128.27 11710.8
1145.69 13183.8
1145.57 11907.5
1145.35 11447.9
1156.1 11451.5
1166.71 11558.1
1183.85 11224
1184.9 11267.5
1193.92 11052.7
1198.28 11114.1
1198.08 11069.9
1197.96 11088.1
1201.57 11074.5
1202.71 11325.6
1207.72 11404.4
1218.94 12140.4
1221.72 12195.6
1222.55 13251.5
1222.52 12905.9
1222.42 12904.3
1236.25 12748.1
1235.67 12753.6
1235.45 12675.6
1241.85 12470.7
1242.5 12512.1
1242.52 12464.4
1247.55 13031.9
1247.86 13336.8
1247.5 14224
1247.08 14239.9
1249.46 13968.3
1250.49 13728.5
1261.3 13708.3
1261.38 13375.2
1267.33 13170.7
1271.15 12964.8
1269.94 13450
1271.72 13538
1271.99 13217.8
1281.2 13111.6
1281.12 12974.1
1284.66 12899.3
1287.04 12900.5
1293.45 12849
1309.57 12996.2
1311.46 12893.2
1315.78 12939.2
1314.99 12912.2
1319.94 12906.5
1325.76 12830.4
1326.44 12738
1326.64 12731.1
1325.35 12717
1325.53 12792.5
1325.58 12725.4
1327.01 12653.4
1327.16 12578.8
1327.7 12582.6
1330.78 12700
1331.05 12711.9
1332.62 12683.5
1332.24 12693.8
1333.68 12688.9
1333.77 12650.1
1333.39 12686.4
1333.21 12659.3
1333.27 12640.2
1333.37 12639.5
1333.6 12629.8
1336.81 12838.8
1337.32 12863
1337.53 12906.5
1346.54 13015
1346.54 12928.8
1346.6 12862.6
1346.81 12827.3
1350.01 12789.6
1350.2 12748.1
1350.18 12716.3
1351.05 12733.6
1351.13 12736.4
1351.42 12711.6
1353.22 12708.1
1354.06 12685.1
1353.88 12672.3
1353.62 12694.9
1353.32 12725.5
1354.64 12733.5
1354.52 12797.2
1354.79 12766.4
1354.51 12799.6
1364.99 12816.4
1366.31 12887.4
1368.66 12995.2
1368.86 12963.6
1369.09 12928.2
1370.9 12925.9
1370.93 12937.5
1370.87 13083.2
1370.98 13120.6
1376.32 13213.8
1376.42 13228.8
1377.1 13286.8
1377.17 13292.7
1377.31 13338.8
1376.41 13372.2
1379.77 13330.1
1380.63 13336.7
1381.02 13329.2
1382.47 13314.8
1388.2 13308.1
1389.39 13298.6
1393.86 13116.9
1393.74 13240.7
1393.61 13284.6
1393.78 13283.4
1395.15 13303.3
1395.28 13305.6
1396.8 13371.6
1405.08 13238.4
1407.41 13246.8
1409.42 13228.1
1410.08 13212.8
1412.28 13289.6
1412.9 13429.9
1412.89 13504.5
1412.87 13471.6
1412.99 13436.7
1412.41 13481
1417.02 13376.3
1420.83 13434.5
1421.01 13371.1
1420.93 13363.2
1420.54 13340.9
1421.24 13344
1422.26 13328.9
1421.56 13318.9
1421.88 13297.5
1421.83 13309.6
1421.27 13259.5
1421.42 13247.9
1422.16 13264.8
1422.8 13169
1422.82 13168.5
1422.79 13168.9
1422.01 13127.8
1423.23 13146.5
1423.8 13156.3
1423.57 13171
1424 13228.7
1424.19 13292.1
1424.65 13315
1424.42 13320.9
1424.62 13328.6
1424.32 13481.3
1424.96 13554.9
1424.98 13518.3
1426.71 13516.4
1426.53 13541
1426.21 13539.2
1426.21 13531.7
1426.83 13544.8
1426.83 13576.9
1427.24 13584
1427.52 13598.7
1427.04 13560.7
1427.14 13566.1
1427.8 13590.9
1428.84 13650.5
1429.06 13620.3
1428.87 13608.2
1429.47 13557.9
1429.74 13564.5
1429.88 13554.8
1430.05 13526.4
1431.38 13545.8
1431.3 13555.3
1431.06 13530.8
1431.5 13504.7
1431.52 13474.6
1431.98 13479.7
1431.55 13483.1
1430.72 13489.1
1430.67 13502.6
1431.2 13509.7
1430.95 13492.3
1430.5 13487.3
1431.57 13497.6
1431.53 13498.9
1433.46 13422.5
1433.46 13420.4
1433.85 13405.1
1434.53 13416.7
1434.67 13416.9
1434.89 13404.3
1434.53 13407.3
1434.67 13414.5
1436.53 13364.5
1436.32 13366.7
1435.28 13316
1435.56 13229.6
1435.52 13221.9
1435.4 13263.5
1435.36 13280.9
1435.27 13269.7
1435.3 13242.1
1436.02 13256.5
1436.52 13248.8
1436.29 13209.8
1436.05 13243.3
1436.49 13233.7
1436.28 13238.3
1436.83 13408.5
1439.13 13446.8
1439.1 13430.6
1439.12 13433
1439.15 13430.5
1438.93 13500.6
1438.79 13541.2
1438.49 13546.8
1438.47 13556.5
1438.67 13507.3
1439.07 13497.5
1439.5 13496.3
1439.3 13502.3
1442.73 13543.2
1444.32 13556.5
1444.32 13560.5
1444.53 13555.9
1444.72 13571.3
1444.72 13574.8
1444.51 13726.7
1444.46 13601.8
1444.33 13571.6
1444.22 13545.9
1444.2 13547.4
1444.14 13565.4
1444.92 13583.1
1445.05 13598.3
1444.95 13612.4
1445.24 13629
1445.38 13628
1445.4 13634.7
1445.75 13650.9
1445.69 13627.4
1445.69 13617.7
1445.61 13609
1445.58 13608
1445.89 13605.1
1445.92 13601.2
1445.84 13541.6
1445.9 13532
1445.92 13527.7
1446.43 13646.9
1446.46 13650.9
1446.78 13671.5
1446.82 13683.5
1447.37 13797.5
1447.39 13825.8
1447.65 13839.2
1447.64 13849.5
1447.36 13835.7
1447.42 13821.9
1448.01 13847.4
1448.07 13860.1
1448.1 13870.8
1448.11 13878.9
1448.27 13862.4
1447.91 13785.2
1447.11 13764.4
1447.28 13800.1
1447.07 13815.9
1447.05 13809.9
1447.14 13811
1447.33 13850
1447.37 13875.4
1447.03 13853.6
1446.89 13833.2
1446.95 13802.4
1447.04 13792.8
1447.26 13784.3
1446.96 13793.6
1446.86 13799.2
1446.86 13802.8
1446.87 13796.4
1447.12 13782.7
1447.27 13780.5
1447.62 13796.9
1447.85 13777.6
1447.82 13775.9
1447.87 13775.2
1448.3 13771.6
1447.85 13756
1447.83 13753.6
1447.83 13757.7
1447.86 13740.2
1447.45 13738.5
1447.36 13720.2
1447.38 13705.3
1447.56 13712.1
1447.29 13729.7
1447.15 13710.8
1447.47 13694.5
1447.43 13665.4
1447.52 13648.6
1447.33 13619.3
1447.34 13566.1
1447.29 13475.9
1447.56 13461.6
1447.25 13434.3
1446.55 13433
1446.51 13422
1446.51 13398.6
1446.65 13382.5
1446.65 13372.6
1446.98 13332.4
1447.32 13325.3
1447.78 13286.2
1447.95 13278.5
1449.72 13359.4
1449.75 13358.2
1449.96 13329.6
1449.61 13313.7
1449.4 13320.9
1449.38 13322.3
1449.38 13322.6
1449.4 13334
1449.81 13376.5
1449.64 13415
1449.61 13449.8
1449.62 13477.8
1450.5 13500.5
1450.59 13500.8
1450.42 13494.3
1450.54 13502.7
1450.46 13496.5
1450.3 13504.1
1450.62 13511.6
1450.3 13505.5
1450.28 13473.6
1450.42 13496
1450.53 13493.1
1450.78 13396.4
1450.9 13452.1
1450.95 13454.7
1451.17 13470.6
1451.17 13462.9
1451.11 13502.2
1451.48 13522.2
1451.46 13522.9
1451.2 13538.5
1451.29 13555.2
1451.44 13538.7
1451.68 13505
1451.95 13511.5
1452.08 13544.8
1452.43 13546.8
1453.55 13573.7
1454 13534.3
1453.72 13495
1453.72 13456.9
1453.72 13430
1453.83 13422.4
1454.05 13435.4
1454.06 13428.6
1454.04 13429.1
1454.45 13392
1454.69 13464.8
1457.94 13879
1458.15 13826.1
1458.05 13819.3
1457.59 13798.6
1459.68 13806.9
1465.91 13651.8
1465.81 13558.3
1465.83 13525.1
1465.76 13496.7
1465.9 13524.9
1465.89 13597.4
1465.45 13644.2
1465.34 13684.9
1465.37 13691.6
1478.31 13753.6
1478.27 13590.4
1477.86 13527.8
1477.85 13525.5
1477.91 13503.8
1478.73 13484.4
1479.19 13451.7
1479.19 13424.9
1480.4 13384.3
1480.39 13367.7
1480.53 13369.3
1480.85 13397.6
1480.85 13417.2
1480.75 13405.7
1480.8 13409.2
1480.82 13408.9
1480.83 13465.4
1480.83 13483.3
1480.83 13480.6
1480.96 13480.5
1480.96 13471.9
1481.01 13470
1480.42 13464.9
1480.38 13448.8
1480.32 13481.4
1480.35 13501.1
1480.18 13488.5
1480.18 13478.3
1480.36 13485.5
1480.34 13512.1
1482.9 13575.7
1482.73 13648.2
1482.73 13670.7
1482.66 13699.3
1482.63 13714
1482.88 13741.1
1482.9 13762.1
1482.77 13753.3
1482.68 13731.2
1482.71 13711
1482.89 13698
1483.18 13682.7
1482.98 13651.8
1483.09 13633.7
1483.08 13621.5
1483.12 13612.5
1483.12 13600.3
1483.17 13597.5
1483.17 13588.7
1483.16 13583.7
1483.26 13592.6
1483.45 13611.6
1483.56 13571.7
1483.56 13580.1
1483.9 13555.8
1483.52 13585.3
1484.17 13594.9
1483.94 13586.3
1483.79 13552.2
1484.53 13544.5
1484.53 13553.6
1484.51 13565.6
1484.29 13574.9
1484.33 13575.7
1484.36 13593.4
1484.15 13626.8
1484.13 13641.5
1484.15 13643.7
1483.62 13621.2
1484.29 13615.6
1483.49 13506.7
1483.45 13527.9
1483.73 13556.9
1483.9 13592.1
1483.91 13608.6
1483.95 13624.2
1483.97 13646.7
1483.99 13673.1
1484.41 13689
1484.95 13701.1
1484.89 13768.7
1484.9 13785.2
1484.9 13796.2
1484.83 13781.8
1485.03 13819.2
1484.99 13824.9
1485.27 13837.5
1487.61 13932.9
1487.95 13920
1487.99 13913.8
1488.43 13987.4
1488.27 13943.4
1488.29 13938.3
1487.87 13942.8
1487.6 14007.8
1487.61 14051.8
1487.8 14103.2
1487.79 14111.7
1489.6 14132.2
1489.6 14133.6
1489.57 14138.5
1489.55 14143.9
1489.95 14142.4
1489.88 14135.3
1489.93 14117.2
1489.89 14106
1489.74 14107.2
1488.89 14152.2
1488.93 14204.6
1488.86 14196.9
1488.85 14193.6
1489.58 14196.7
1489.64 14211.7
1490.22 14232.8
1489.57 14238.5
1489.7 14195.1
1489.7 14226.3
1489.7 14232.4
1489.72 14236.7
1489.72 14238.2
1489.77 14243.9
1489.77 14248.9
1489.84 14249.4
1490.05 14261.5
1490.1 14261.8
1490.14 14262.5
1490.15 14232.5
1490.1 14233
1490.12 14233.4
1493.64 14317.9
1493.51 14238.3
1493.62 14204.4
1493.8 14197.1
1493.71 14178.6
1493.71 14173.5
1493.66 14170.9
1493.62 14158.3
1493.91 14137
1493.85 14088.5
1493.73 14108.4
1493.75 14120.2
1493.72 14133.3
1493.72 14138.6
1493.98 14142.5
1493.98 14138.8
1493.95 14135.5
1494.15 14147.3
1494.45 14115.2
1494.32 14198.5
1494.36 14222.2
1494.33 14222.7
1494.23 14206.3
1494.26 14199.3
1494.24 14178
1494.51 14172.1
1494.48 14170.5
1494.52 14174.7
1494.54 14187.6
1494.67 14197.2
1494.73 14204.4
1494.84 14243
1494.83 14255.8
1495.22 14263.5
1495.69 14297.4
1495.65 14285.7
1495.56 14254.7
1495.57 14232.2
1495.59 14223.8
1495.62 14223.3
1495.42 14213.5
1495.55 14219.8
1495.46 14230.5
1495.39 14229.5
1495.41 14236.3
1495.91 14256.3
1496.15 14272.9
1496.11 14299.7
1496.13 14317.1
1496.6 14323.9
1496.58 14321
1496.6 14326.1
1496.59 14346.1
1497.19 14400.4
1497.18 14423.2
1497.18 14449.1
1497.15 14467
1497.2 14478.5
1497.25 14478.4
1497.28 14500.6
1497.4 14507.7
1497.76 14527.8
1497.68 14541.7
1497.82 14546
1497.8 14556.2
1497.7 14562.1
1497.7 14564.8
1497.7 14573.3
1497.75 14566.1
1497.7 14557.2
1497.42 14545.9
1497.36 14521.7
1497.61 14510.5
1497.6 14497
1497.61 14487.5
1497.55 14478.7
1497.88 14479.9
1498.07 14429.9
1498.06 14422.4
1497.98 14448.8
1497.97 14456.6
1497.95 14456.2
1497.94 14439.7
1497.91 14421.5
1497.92 14425.5
1497.84 14443.8
1497.8 14447.4
1498.18 14436.7
1498.2 14426.2
1498.21 14433.2
1498.21 14436.7
1498.23 14439.6
1498.57 14453.5
1498.42 14439.1
1498.36 14433.1
1498.46 14427.6
1498.66 14426.6
1499.19 14355.9
1499.45 14309.4
1499.48 14300.8
1499.61 14294
1499.93 14298.4
1499.96 14305.2
1500.42 14307.8
1500.54 14321.7
1500.37 14328.5
1500.65 14333.7
1500.57 14390.7
1500.57 14386.6
1500.65 14384.9
1500.65 14389.9
1500.56 14391.2
1500.55 14375.6
1500.57 14359.7
1500.88 14366.7
1500.94 14373.9
1500.95 14371.6
1500.9 14359.3
1501.03 14382.2
1501.07 14387.9
1501.07 14381.9
1501 14372.3
1501.4 14382.5
1501.47 14396.3
1502.46 14416.6
1502.46 14443.3
1502.77 14484
1502.76 14510.5
1503.19 14547.2
1503.23 14552.9
1503.18 14559.2
1503.22 14572
1503.17 14472.8
1503.21 14439.6
1503.26 14408
1503.46 14355.2
1503.27 14291.5
1503.39 14234.4
1503.81 14190.5
1503.93 14178.4
1503.65 14117
1503.58 14162.8
1503.75 14171.2
1503.93 14149.2
1504.53 14164.5
1505.78 14140.3
1505.72 14138.3
1505.85 14151
1505.8 14178.2
1506.01 14218
1506 14233.7
1506 14243
1505.72 14244.3
1506.4 14256.1
1506.85 14248
1506.81 14247.7
1506.82 14271.8
1506.8 14303.8
1507.17 14307.4
1507.17 14310.7
1508.01 14321.6
1507.9 14327.5
1508.01 14332
1507.86 14298.6
1507.93 14306.2
1508.02 14313.3
1508.03 14319.7
1508.31 14325.2
1508.34 14330.1
1508.27 14328.1
1508.18 14326.6
1508.19 14354.6
1508.41 14411.3
1508.33 14418
1508.22 14428.6
1508.32 14435.7
1508.98 14450.6
1508.98 14477.4
1511.76 14542.8
1511.79 14531.6
1511.68 14537.7
1511.7 14580.7
1512.19 14627
1512.38 14655.3
1512.46 14669.9
1512.46 14678.4
1512.52 14684.6
1512.55 14674.4
1512.6 14660.2
1512.72 14653.6
1512.47 14668.9
1512.52 14707.3
1512.66 14746.5
1512.66 14772.3
1512.6 14807
1512.68 14834
1512.78 14952
1512.78 14958.6
1512.77 14949.6
1512.51 14946.9
1512.51 14939.4
1512.61 14933.2
1512.66 14950
1512.3 14882.9
1512.31 14892.3
1512.29 14883
1512.35 14873.8
1512.39 14869.8
1512.38 14882.7
1512.41 14885.1
1512.46 14844.4
1512.37 14874.7
1512.35 14899.8
1512.45 14860.7
1512.79 14836.3
1512.74 14816
1512.72 14801.5
1512.86 14792.8
1513 14801.3
1512.63 14819.4
1512.65 14817.2
1512.05 14801
1511.96 14819.7
1514.39 14847.4
1514.26 14828.6
1514.43 14845.5
1514.42 14844.7
1514.38 14860.3
1514.34 14869.9
1514.41 14902.5
1514.59 14939.2
1514.62 14942.2
1514.64 14945.1
1514.55 14888.2
1514.23 14905.7
1514.03 14904
1514.24 14911.3
1514.24 14916.4
1514.2 14920.9
1514.43 14902.9
1514.46 14898.1
1514.32 14908
1514.4 14887.6
1514.41 14891.9
1514.39 14893.7
1514.16 14883
1514.17 14871.3
1514.18 14865
1514.17 14871.8
1514.21 14867.9
1514.17 14901.7
1514.14 14904.3
1514.85 14904.9
1514.77 14889.1
1514.6 14899
1514.76 14888.4
1514.92 14891.1
1514.99 14888.2
1514.99 14882.7
1515.55 14872
1515.55 14852.8
1516.06 14855.2
1516.21 14860.8
1516.13 14847.5
1516.14 14848.8
1516.18 14848.6
1516.19 14848.1
1516.26 14831.9
1516.15 14818.1
1515.86 14749.3
1515.83 14764.1
1515.85 14761.7
1515.8 14758.2
1515.8 14752.8
1515.96 14748.6
1516.12 14736.3
1516.12 14749.9
1516.41 14751.8
1515.62 14810.3
1515.76 14812
1515.74 14824.6
1515.77 14829.8
1515.76 14827.3
1515.75 14828
1515.82 14820.4
1515.71 14788.2
1515.67 14784.7
1516.63 14780.4
1516.28 14753.5
1516.26 14780.3
1516.24 14788.4
1516.22 14791.8
1516.82 14822.7
1516.9 14776.6
1517.3 14755.9
1517.29 14726
1517.37 14699.6
1517.37 14685.5
1517.49 14670.5
1517.69 14663
1518.6 14637.8
1518.57 14637.7
1518.56 14637.3
1518.54 14651.1
1518.49 14671.5
1518.52 14655.9
1518.44 14654.5
1518.54 14673.8
1518.57 14694.5
1518.45 14688
1518.46 14684.5
1518.44 14686.3
1518.53 14694.8
1518.53 14696.2
1518.54 14689.3
1518.3 14685.5
1518.3 14697.5
1518.41 14754.3
1518.89 14857.3
1518.86 14856.4
1518.81 14859
1518.85 14856.7
1518.83 14850.9
1518.66 14826
1519.33 14809.3
1519.25 14838.6
1519.12 14847.1
1519.17 14852.1
1519.32 14851.4
1519.31 14851.8
1519.37 14842
1521.66 14842
1521.66 14982.1
1521.62 14987.6
1521.63 14996.5
1521.62 14987.6
1521.17 15000.3
1521.21 15007.7
1521.18 14989.2
1521.24 14969.8
1521.67 14947.7
1521.97 14962.4
1521.9 15167.1
1521.93 15177.1
1521.92 15164.8
1522.01 15168.1
1522.06 15173
1522.06 15146.8
1522.13 15120.2
1522.17 15124.8
1522.64 15106.7
1523.31 15093.7
1523.4 15093.2
1523.73 15084.2
1524.09 15102.1
1523.49 15061
1523.92 15198.3
1523.76 15206.9
1524.06 15209.3
1524.32 15202.8
1524.36 15202.4
1524.35 15200.9
1524.6 15219.1
1524.54 15186.6
1524.55 15163.8
1524.63 15153.3
1524.71 15159.9
1524.76 15147.7
1525.1 15104.4
1525.21 15098.8
1525.22 15093.9
1525.2 15115.8
1525.2 15120.3
1525.19 15123.6
1525.26 15129.6
1525.26 15137.8
1525.26 15144.5
1525.28 15149.7
1525.37 15155.5
1525.36 15153.3
1525.42 15153.7
1525.73 15272
1525.98 15300.4
1525.95 15304
1525.96 15307.5
1525.99 15295.2
1525.99 15295.6
1527.16 15169.9
1527.13 15198.9
1527.16 15208.8
1527.17 15236.5
1527.2 15245.6
1527.16 15277.9
1527.22 15278.8
1526.98 15245.5
1527.08 15253.9
1527.08 15272.9
1527.13 15254.6
1527.13 15252.6
1527.05 15218.8
1527.02 15222.5
1527.01 15231.3
1527.06 15229.4
1527.08 15238.5
1527.08 15239.3
1527.11 15237.7
1526.93 15191.4
1527.39 15233.9
1527.37 15230.9
1527.34 15216.2
1527.61 15195.9
1527.6 15198.4
1527.59 15180.7
1527.76 15176.5
1527.76 15171.9
1527.99 15177.8
1527.78 15161.3
1527.72 15110.5
1528.04 15138.5
