36.1678 51.5177
246.252 317.02
297.892 2111.12
302.188 1628.77
319.137 1637.11
376.404 1923.42
381.398 1988.39
385.005 2118.72
434.168 2689.47
434.59 2444.05
446.756 2491.4
445.57 2804.91
509.653 4689.63
561.026 4274.12
561.296 3972.42
576.113 4116
579.158 4830.82
586.239 4765.66
600.401 4385.39
605.951 4409.68
606.54 4343.22
617.65 4732.84
650.729 6018.93
647.733 5826.45
675.212 5614.52
680.385 7176.86
682.644 7068.55
681.242 8309.02
689.05 7596.54
687.254 7753.86
697.381 7925.29
699.046 8694.76
705.517 8792.12
705.173 8374.12
705.766 8591.8
704.499 8744.54
697.689 9231.26
701.454 9284.72
701.388 9079.93
703.436 9028.28
703.672 8934.47
705.236 8865.51
711.066 9271.99
736.158 9314.87
736.532 9368.97
740.256 9654.4
790.487 10674.1
800.125 10855.8
830.959 11696
830.798 12138.2
832.019 12119.3
837.524 12193.5
850.504 12269.7
859.204 11780.2
860.02 12016
860.319 11583.2
861.384 11374.3
867.808 11716.4
873.486 12381.5
875.625 11852.5
875.483 11673.8
880.918 11594.6
889.9 11652.7
889.695 11633.2
902.008 11478
904.773 12358.6
905.131 12255.6
899.872 14195.5
915.419 14000.6
928.107 14070.6
980.686 13829.9
987.317 13630.8
994.381 13273.4
995.629 12980.1
994.048 12816.2
1041.1 13877.2
1041.93 14048.7
1040.59 15021.3
1042.12 15712.4
1053.96 16972.7
1053.76 15897.3
1045.75 15680
1045.37 15388.1
1046.56 16320.5
1050.44 15929.6
1049.76 15639.5
1056.22 15457.4
1055.22 16298.9
1069.41 15906.5
1069.44 15593
1083.09 15454.6
1110.68 16027.9
1110.67 15620.8
1120.01 17411
1123.48 17228.9
1139.77 16939.9
1165.24 18593.3
1164.76 17760.6
1168.76 17088.5
1168.86 16999.6
1200.95 17907.5
1201.82 17283.3
1217.53 18259.3
1240.5 18624.8
1240.86 17686.4
1241.04 16716.3
1245.09 16361.9
1251.35 16084.9
1262.43 15963.9
1264.34 15707.7
1271.58 15384.4
1274.41 15314.3
1273.18 15337.4
1272.98 15484.8
1275.05 15493.5
1275.96 15720.2
1288.6 15795.5
1291.89 15722.9
1293.44 15548.6
1293.86 15595.1
1293.04 15540.1
1306.89 15419.6
1306.32 15334.8
1307.49 15401.9
1308.29 15391.3
1309.42 15413
1309.65 15436.9
1319.53 15397.3
1323.02 15294
1325.73 15207.1
1324.59 15215.7
1324.22 15188.5
1325.46 15260.1
1325.73 15306.6
1332.54 15265.6
1332 15188.9
1331.5 15241.1
1332.25 15286.8
1330.62 15323.9
1333.14 15334
1333.49 15479.5
1332.73 15508.9
1335.08 15362.4
1336.1 15390.6
1337.39 15495.8
1341.94 15858.7
1341.96 15988.3
1347.33 16192.5
1347.34 16284
1352.05 16091.6
1349.84 16055.4
1351.64 16466.6
1351.42 16566.5
1353.15 16369
1351.96 16423.3
1356.61 16186.7
1357.4 16283.2
1357.36 16326.2
1357.46 16316.8
1360.25 16432.4
1363.79 16528
1363.61 16646.9
1376.83 16592
1376.64 16756
1377.9 17271.5
1377.83 17165.9
1377.49 17150.3
1377.38 17483.2
1382.29 17494.9
1383.03 17460.3
1383.66 17329
1385.83 17604.1
1385.81 17361.7
1387.81 17116.2
1387.7 17245.4
1388.36 17219.9
1389.19 17241.4
1389.33 17186.3
1389.33 17148.9
1389.88 17515.9
1389.34 17879.1
1381.7 18063.4
1381.7 18036.7
1381.63 18122.1
1382.15 18102.7
1382.46 18044.7
1382.14 17959.2
1382.09 17923.9
1383.24 17926.3
1383.55 17917.2
1385.28 17856.3
1385.3 17873.2
1385.44 17847
1385.3 17840.4
1386.01 17821.2
1387.63 17689.7
1388.68 17660.5
1388.68 17634.8
1389.08 17629.6
1391.08 17692.6
1394.98 17646.3
1395.85 17618.2
1394.96 17628.2
1395.59 17506
1395.54 17624.4
1397.72 17614.7
1399.31 17542.9
1398.86 17467
1398.8 17456.5
1398.89 17434.3
1399.65 17403.3
1399.49 17498.2
1399.15 17502.4
1399.03 17506.7
1398.9 17481.8
1401.28 17574.5
1401.19 17525.9
1402.07 17528.5
1403.19 17507.7
1403.35 17476.1
1403.46 17447.2
1403.83 17405
1405.02 17433.1
1405.81 17515.6
1407.57 17521.9
1407.82 17602.7
1409.15 17602.5
1409.65 17656.1
1419.68 17630.6
1419.52 17935.3
1419.89 17872.1
1420.21 17853.4
1420.47 17871
1420.34 17823.8
1420.36 17844
1421.12 17839.3
1420.72 17889.1
1425.34 17794.7
1427.39 17783.6
1427.08 17769.2
1427.58 17793.2
1427.63 17796.1
1427.62 17882.4
1427.99 17840.4
1428.09 17842.4
1428.62 17869.9
1428.72 17868.5
1428.87 17887.7
1428.67 17914
1429.6 17926.8
1430.21 17986.4
1435.44 18236
1446.84 18086
1447.72 18079.4
1447.65 18114.9
1448.07 18153.3
1447.69 18202.8
1451.98 18329
1454.04 18280
1454.05 18268.4
1455.43 18249.7
1455.18 18253.4
1455.65 18259.1
1456.53 18289.5
1456.91 18318.9
1457.11 18323.4
1457.13 18245.6
1458.39 18266.3
1459.8 18320.9
1459.2 18365.8
1460.09 18399.4
1459.89 18445.1
1460.6 18496.3
1462.14 18475.6
1462.66 18565.7
1462.67 18597.1
1462.79 18597.1
1464.04 18620
1463.69 18511.8
1466.75 18448.1
1466.59 18539.7
1466.01 18581.3
1466.01 18597.7
1466.7 18616.5
1467.24 18627.4
1467.28 18560.7
1467.28 18520.4
1467.22 18510.5
1467.49 18524.6
1464.68 18611.7
1465.31 18551.2
1464.06 18964.2
1464.31 19014.3
1464.35 18999.4
1464.27 18857
1464.61 18910.3
1466.55 18895.8
1466.46 18875.1
1466.74 18834.5
1467 18858.3
1467.06 18849.4
1467.4 18898.9
1467.17 19001.3
1467.17 19063.2
1467.04 19120.8
1468.54 19149.4
1468.51 19159.3
1468.55 19143.3
1467.57 19268.1
1467.99 19270.3
1468.1 19237.8
1468.11 19222.9
1467.89 19259.3
1468.59 19234.2
1468.92 19134.1
1468.11 19192.8
1468.02 19217.7
1468.04 19088.4
1469.63 19126.9
1468.74 19184.3
1471.3 19265.3
1472.01 19293.5
1472.68 19271.3
1472.75 19284.7
1472.66 19279.8
1472.75 19285.3
1473.94 19349.7
1477.7 19420.5
1478.67 19435.1
1475.49 19246.1
1475.29 19315.1
1476.23 19319.7
1476.17 19349.3
1476.9 19356.6
1477.11 19345.3
1477.64 19344
1477.7 19366.3
1478.87 19403
1479.05 19412.9
1479.5 19437.5
1480.28 19432.5
1481.73 19370.4
1481.64 19358.4
1481.9 19377.6
1481.97 19312.3
1481.9 19264.7
1481.84 19274.1
1482.41 19293.7
1483.4 19277.3
1483.54 19264.6
1483.06 19252.7
1483.37 19261.6
1483.29 19290.7
1483.29 19292.9
1482.77 19299.1
1482.97 19353.2
1482.97 19393.5
1483.24 19473.8
1484.25 19670.6
1484.13 19714.8
1486.14 19763.9
1486.34 19769.1
1488.45 19763.3
1488.9 19760.7
1488.92 19773.8
1488.94 19791.9
1488.88 19814.7
1489.15 19831.1
1489.15 19849.8
1489.11 19865.3
1489.13 19873.1
1489.14 19907.5
1489.11 19909.6
1489.47 19894.6
1489.26 19880.8
1489.57 19875.4
1489.82 19869.1
1489.89 19886.3
1490.62 19904.9
1490.8 19916.2
1490.72 19972.4
1491.12 20102.4
1491.11 20136.5
1491.22 20160.5
1490.76 20213.7
1490.61 20212.5
1490.32 20214.4
1490.25 20188.7
1489.81 20208.8
1489.74 20214.6
1489.44 20213.1
1489.78 20232.7
1489.67 20218.8
1489.77 20219.5
1490.22 20211
1490.25 20206.7
1491.02 20191.7
1491.08 20176.1
1490.79 20169.3
1490.79 20173.5
1490.75 20185.1
1491.13 20188.6
1491.58 20140.1
1491.58 20129.6
1491.97 20131.9
1491.96 20125.5
1492.03 20191.7
1491.99 20142.2
1494.69 20133.2
1494.64 20176.4
1494.67 20190.7
1494.98 20252.1
1494.9 20309.7
1494.27 20339.5
1494.49 20368.8
1494.15 20371.5
1494.07 20342.6
1494.52 20339.5
1495.8 20334.6
1495.82 20342.1
1495.68 20372.8
1495.6 20390.4
1495.6 20383
1495.51 20383.7
1495.72 20363.7
1495.93 20427.1
1495.72 20357.2
1496.96 20357.6
1496.85 20346.2
1499.54 20449.8
1499.15 20526.8
1498.44 20711.3
1498.43 20686
1499.5 20673.4
1499.24 20634.7
1499.55 20609.6
1499.24 20533.7
1499.26 20530.7
1500.35 20553
1500.42 20528
1500.43 20634.3
1501.47 20566.5
1501.21 20539.3
1501.18 20543.7
1501.52 20549.3
1501.42 20552
1501.01 20557.2
1501.26 20562.6
1500.93 20564.2
1500.95 20596.6
1501.2 20587.2
1500.23 20400.2
1502.37 20453.2
1502.3 20425
1503.8 20433.9
1503.63 20455.1
1503.59 20428.8
1503.58 20509.8
1503.93 20559.8
1503.94 20582.3
1505.21 20631.4
1505.2 20747.9
1506.05 20729.1
1506.22 20699.7
1506.24 20746.5
1506.23 20758.2
1505.95 20763.8
1505.9 20762.3
1505.88 20769.9
1505.91 20760.8
1506.02 20746.2
1506.05 20737.6
1506.15 20807.1
1506.28 20918.4
1506.23 20959.4
1506.23 20962.9
1506.23 20964.8
1506.72 20957.5
1507.06 20949.7
1509.2 20985.9
1508.51 21072
1508.48 20967.5
1508.51 20922.9
1508.26 20958.3
1507.88 21023.7
1509.35 21116.9
1509.1 21061.4
1509.24 21059.5
1509.24 21063.7
1509.28 21053.5
1509.9 21031.4
1510.34 21043.9
1510.5 21037.3
1510.29 21039.2
1510.23 21053.1
1509.73 21074.8
1510.25 21117.1
1510.24 21119.8
1510.12 21119.3
1510 21155.9
1509.47 21157.3
1509.94 21158.7
1509.82 21167.7
1510.85 21158.8
1510.86 21135.7
1511.17 21044.9
1511.18 21068.8
1511.63 21145.4
1511.51 21214.4
1511.57 21247.4
1511.75 21327.5
1511.01 21353.3
1511.38 21362.7
1511.47 21371.4
1511.25 21384.3
1511.94 21418.3
1511.63 21431.1
1511.78 21431.9
1511.7 21421.2
1511.62 21401
1511.61 21371.5
1511.64 21341.9
1511.55 21323.1
1511.16 21378.2
1511.27 21338.8
1511.48 21330.6
1511.47 21333.1
1511.41 21350.4
1511.6 21350.2
1511.78 21361.1
1512.21 21424.5
1513.92 21432.8
1514.75 21370.9
1515.41 21381.9
1515.4 21378.2
1514.87 21408.9
1515.16 21444.9
1515.38 21465.2
1515.46 21512.9
1515.39 21524.8
1515.61 21526.4
1515.67 21432.4
1515.7 21448.6
1515.83 21449.6
1515.97 21457.5
1515.94 21462.9
1516.19 21464.8
1516.86 21505.7
1516.84 21447.8
1516.97 21471.5
1516.96 21487
1516.98 21473.8
1516.98 21450.6
1517.04 21424.3
1516.87 21417.5
1516.88 21597.8
1516.75 21709.9
1516.82 21792.9
1518.55 21950.9
1518.6 22083.2
1519.56 22164.5
1519.39 22203.7
1519.43 22234.1
1518.85 22257.8
1518.6 22281.7
1518.61 22288.7
1518.7 22281.6
1518.78 22285.7
1519.22 22256.1
1519.15 22292.5
1519.13 22298.4
1519.05 22302.4
1519.41 22306.3
1520.2 22292.4
1520.23 22336
1520.32 22344.1
1520.32 22349.5
1520.94 22364.4
1520.82 22351.8
1520.46 22355
1520.49 22339.7
1520.67 22352.5
1520.38 22353.2
1521.68 22371
1521.56 22404.9
1521.25 22431.7
1521.37 22468.5
1521.31 22434.9
1521.34 22448.5
1521.37 22460.5
1521.06 22485.7
1521.1 22502
1521.06 22516.9
1520.91 22541.4
1523.13 22591
1522.95 22614.7
1522.88 22608.6
1523.09 22616.2
1522.72 22625.8
1524.14 22672.4
1524.04 22667.2
1524.69 22645.5
1525.1 22638.8
1525.55 22663.8
1525.58 22675.2
1525.59 22662.2
1525.37 22635.6
1525.27 22555.4
1525.44 22524
1525.75 22533.2
1525.51 22513
1528.57 22484.8
1528.72 22476.7
1528.75 22489.8
1528.76 22492.3
1528.72 22481.2
1528.81 22480
1528.94 22471.1
1528.84 22442.4
1528.82 22372.4
1529.35 22396.6
1530.25 22363.3
1529.95 22289.8
1530.68 22359.6
1529.99 22339.1
1529.96 22314.4
1530.04 22338.6
1530.85 22314.8
1536.06 22270.6
1536.05 22312
1536.49 22261.1
1537.11 22261.2
1536.48 22234.4
1536.38 22261
1536.57 22267.8
1536.57 22289.7
1538.13 22242.2
1538.18 22276.9
1538.74 22290.5
1539.5 22337.7
1539.51 22316.7
1539.56 22257.7
1539.69 22171.7
1539.5 22124.6
1539.35 22079.6
1539.83 22058.9
1539.83 22043.9
1540.22 22057.3
1540.45 22064
1540.45 22109.1
1540.49 22115.6
1540.49 22109.3
1540.99 22067
1540.9 22082.7
1540.94 22078.5
1540.78 22111.3
1540.93 22109.3
1540.95 22091.7
1540.97 22093.5
1542.57 22198.5
1543.83 22034
1544.04 22054.1
1543.28 22138.6
1543.28 22188.8
1543.38 22153.6
1545.23 22234.1
1544.59 22198.7
1544.32 22170.8
1544.53 22181
1544.85 22188.4
1545.58 22214
1545.79 22137.6
1545.77 22093.8
1545.76 22068
1545.82 22021.1
1545.75 22054.5
1545.73 22038
1545.88 22056.9
1545.89 22043.6
1545.88 22033.5
1545.42 22047.8
1545.39 22059.3
1545.35 22050.4
1546.11 22051.6
1546.74 21925.8
1546.74 21947.7
1546.87 21981.2
1546.78 22008.8
1546.26 22035.4
1546.22 22046.3
1546.05 22049.4
1546.43 22026.8
1546.79 22032.6
1546.69 21987
1546.69 21970.3
1546.56 21961.1
1546.47 21961.4
1546.44 21955.4
1546.84 22003.4
1547.12 21996.8
1547.12 21984.4
1547.25 21972.3
1547.22 21974.3
1547.41 21991.9
1547.45 21999.4
1547.43 21990.4
1547.38 21964.8
1547.36 21951
1547.49 21942.4
1547.52 21925.7
1547.51 21939
1547.35 21920
1547.34 21917
1547.25 21909.1
1547.72 21898
1547.95 21909.4
1548.41 21906.5
1548.17 21920.7
1549.85 21901.1
1549.85 21916.3
1550.43 21931.3
1550.38 21946
1550.52 21948.2
1550.53 21956.2
1550.42 21974.7
1550.75 21983.8
1550.73 22011.8
1550.64 21995.2
1550.27 21984
1550.23 21983.2
1550.7 21990.8
1550.71 21993.4
1550.66 21991.2
1550.83 22019.1
1550.99 22046.7
1551.12 22060.7
1551.24 22021
1551.29 22027.7
1551.32 22038.1
1551.23 22033.6
1551.38 22041.5
1551.36 22028.5
1550.93 22029.1
1551 22039.7
1551.76 22052.4
1551.78 22118.9
1551.73 22113.4
1551.79 22107.8
1551.99 22099.4
1551.85 22113
1552.06 22085.1
1552.25 22078.4
1552.22 22053.7
1552.28 22080.8
1551.57 22106.9
1551.74 22133.9
1551.16 22181.2
1551.16 22191.3
1551.12 22153.4
1551.11 22139.9
1551.39 22220.6
1551.39 22224.9
1551.35 22231.2
1551.44 22233.3
1551.37 22260.3
1551.45 22278.8
1551.48 22310.9
1551.39 22315.7
1551.39 22320.6
1551.3 22325.9
1551.18 22359.4
1550.82 22385.5
1550.85 22392.3
1550.45 22473.3
1550.5 22519.1
1550.28 22534.3
1552.3 22552
1552.29 22592.1
1552.26 22613.8
1552.85 22632.9
1552.87 22560
1553.03 22544.8
1553.43 22547.7
1554.96 22569.6
1554.98 22603.3
1555.25 22641.5
1557.29 22683
1557.01 22681.8
1557.07 22688
1556.9 22652.8
1558.8 22578.4
1558.79 22584.1
1558.89 22623.1
1559.19 22634.1
1558.9 22658.1
1558.9 22660.8
1558.9 22625.1
1559.03 22600.2
1559.5 22604.4
1559.92 22619
1560.23 22625
1560.29 22640.5
1560.29 22646.8
1560.31 22655.3
1560.05 22645.4
1560.19 22666.6
1560.21 22646.4
1559.63 22662.3
1559.78 22709.5
1559.62 22709.3
1559.72 22713.9
1559.82 22703.1
1560.05 22744.6
1560.08 22769.8
1560.1 22787.2
1560 22798.3
1560.2 22807.1
1559.69 22816.6
1560.53 22830.9
1560.59 22843.6
1560.34 22876.7
1560.17 22842
1560.21 22843.3
1560.14 22857.4
1560.19 22860.1
1560 22832.2
1559.85 22844.1
1559.88 22847.1
1559.86 22790.1
1561.34 22751.7
1561.47 22795.3
1561.49 22814.3
1561.49 22823.2
1561.38 22829.1
1562.66 22869
1562.7 22868.6
1562.71 22860.9
1562.67 22878.3
1562.85 22885.3
1562.85 22861
1562.69 22846.4
1562.77 22846.2
1562.68 22847
1562.44 22841.6
1562.57 22833.5
1562.55 22816.3
1562.4 22825.9
1562.73 22846.7
1562.91 22801.1
1562.76 22818.8
1562.89 22839.6
1562.9 22850.2
1562.86 22838.6
1562.96 22833.5
1562.88 22837.7
1562.86 22842.5
1562.95 22846.3
1562.94 22848.9
1562.94 22853.9
1562.79 22861.8
1562.83 22856.5
1563.3 22842.1
1563.28 22838.7
1564.38 22849
1564.88 22867.2
1564.85 22852.9
1564.91 22843.6
1564.49 22852.7
1564.51 22840.1
1564.53 22832.2
1564.37 22840.7
1564.76 22834.2
1564.75 22821.7
1564.98 22825
1564.89 22815.2
1565.14 22813.6
1565.14 22820.1
1565.19 22832.2
1565.21 22835.3
1565.51 22840.5
1565.46 22838.5
1565.59 22831.5
1565.51 22864.2
1565.5 22846.1
1565.87 22800.8
1565.67 22784.2
1565.65 22774.3
1565.73 22789.5
1565.6 22784.1
1565.78 22788.5
1566.82 22862.8
1566.82 22820.5
1566.78 22797
1566.9 22792.4
1566.97 22794.2
1567.05 22788.1
1566.91 22789.1
1567.03 22782
1567.36 22798.1
1567.01 22799.6
1567.15 22806.2
1567.19 22807
1566.98 22812.6
1566.78 22825.6
1566.87 22848.4
1566.96 22800.4
1566.66 22823.4
1566.85 22874.5
1566.85 22879.6
1566.92 22886.8
1566.91 22882.9
1566.91 22883.8
1567.09 22900.3
1567.07 22881.1
1567.22 22913.6
1567.37 22922.8
1567.4 22923.1
1567.37 22944.2
1567.39 22935.7
1567.5 22920
1568.06 23045.2
1568.19 23052.4
1568.29 23043.8
1568.4 23046.5
1568.22 23043.3
1568.3 23033
1568.58 23054
1569.38 23065.2
1569.37 23042.7
1569.46 23028.7
1569.61 23019.9
1569.48 23025.6
1569.32 23034.6
1569.68 23070.4
1570.15 23061.9
1570.15 23047.4
1570.2 23048.7
1570.33 23014
1570.35 23020.5
1573.09 23058.3
1573.09 23071.4
1573.12 23084.5
1573.27 23089.4
1573.25 23087.1
1573.25 23086.4
1573.86 23084.5
1574.13 23081.6
1573.99 23040.5
1573.72 23030.9
1573.31 23004
1573.17 22963.1
1573.13 22945.4
1572.96 22944.8
1572.98 22941.3
1572.99 22937.1
1572.69 22952.3
1572.61 22949.7
1572.61 22959.8
1572.63 22973.9
1572.92 22964.4
1573.66 22977.2
1573.63 22936
1573.63 22959.1
1573.67 22950.1
1573.63 22896.5
1573.61 22904.4
1573.68 22899.8
1573.72 22900.5
1573.71 22901.2
1573.81 22917.9
1573.9 22866.5
1573.99 22859.2
1573.99 22854.1
1574.54 22834
1574.7 22814.5
1574.76 22797.3
1574.81 22813.4
1574.62 22776.4
1574.57 22777.5
1574.31 22803.5
1574.35 22814.6
1574.22 22831.9
1574.22 22833.8
1574.15 22851.7
1574.31 22812.4
1574.22 22831.5
1574.19 22833.2
1575.81 22841.4
1576.73 23024.5
1576.75 23075.2
1576.75 23048.6
1576.63 23036.8
1575.84 23053.2
1575.43 23059.7
1574.91 23066.9
1575.32 23078.1
1575.69 23134.4
1576.1 23133.1
1576.17 23140
