78.208 365.677
226.479 2895.6
229.332 2092.02
301.986 3474.18
314.78 2376.81
315.275 2143.65
429.792 2297.43
433.133 2352.57
477.186 3522.76
520.433 3942.5
521.978 3466.6
522.546 3201.67
539.74 4499.23
568.651 4963.29
567.35 4482.86
571.125 4782.28
584.246 5692.66
596.956 5738.2
599.652 5634.95
615.282 6863.24
634.964 6698.1
672.793 7345.8
689.561 7951.63
702.036 7214.09
706.633 6438.32
721.763 6358.29
736.705 6225.42
805.289 6613.91
806.103 6502.83
823.313 6224.13
826.346 6900.89
841.275 7124.1
841.411 6864.51
856.395 7487.66
862.798 7328.72
877.538 7345.23
877.654 7334.18
888.435 8563.07
889.096 9565.26
937.746 10300.2
942.684 10466.2
942.686 10066.6
944.001 9781.24
948.321 9800.53
949.361 9802.07
952.589 9935.16
964.272 10199
964.524 10113.2
967.244 10250.9
968.06 10306.7
967.334 12716.7
969.639 12282.6
968.819 12301.7
969.504 11745.4
1009 12520.1
1019.26 11766.8
1029.04 11095
1028.62 10642.1
1029.18 10318.9
1029.84 11028
1029.41 10868.3
1038.66 10660.9
1038.71 10583.9
1045.12 10596.9
1043.53 12081.5
1045.13 11374
1051.52 11138.9
1069.53 10901.9
1079.24 11287.5
1085.94 11434.1
1090.93 11615.9
1091.17 11602.6
1115.37 12451.4
1124.75 11910.9
1121.73 12148.6
1136.03 12447.9
1136.66 12494.7
1136.17 12537.1
1138.11 12320.7
1138.46 12179.9
1138.33 12616.7
1138.62 11960.2
1137.5 12212.6
1144.9 12207.5
1143.95 12406.6
1146.75 12275.8
1165.22 12184.4
1171.44 12173.3
1172.16 12326.1
1172.38 12760.3
1172.29 12793.7
1175.2 12757.6
1175.27 12653.9
1180.08 12616.3
1186.15 12446.2
1189.09 12630.3
1191.32 12551.8
1191.81 12512.4
1192.18 12591.2
1190.96 12578.6
1194.66 12638.7
1196.53 12606.1
1201.17 12618.9
1202.23 12748
1205.07 12809
1205.52 12738.7
1209.11 12659.4
1223.06 12608.3
1222.71 12488
1223.04 12446.2
1234.48 12537.3
1234.77 12593.3
1235.5 12536.9
1244.55 12354.1
1248.71 12396.7
1249.53 12337
1250.62 12342.1
1250.63 12380.6
1251.21 12364.4
1252.36 12356.9
1257.54 12192.3
1256.55 12121
1256.47 12089.5
1258.11 12164
1259.43 12219.1
1266.61 12465.6
1267.11 12434.2
1266.92 12479.8
1267.41 12481.2
1268.54 12442.1
1273.41 12565.9
1279.72 12739.3
1279.88 12849
1283.82 12790.3
1284.55 12858.7
1285.79 12965.5
1286.97 13071.8
1289.78 13052.2
1289.03 13316.7
1289.62 13214.8
1296.1 13306.9
1296.58 13611.8
1304.19 13703.8
1306.79 13801.9
1307.06 13724
1306.84 13729.5
1307.96 13764.4
1313.89 13764.2
1317.23 13813.7
1317.16 13796.1
1317.99 13738.2
1318.64 13646.4
1318.59 13630.9
1318.54 13600.4
1318.4 13559.6
1318.78 13539.9
1319.14 13508.2
1320.31 13491
1323.88 13505.6
1324.46 13575.9
1334.06 13499
1333.98 13254.5
1333.58 13080.9
1333.22 13045.1
1334.74 13583.7
1334.45 13474
1333.56 13754.9
1334.01 13732.4
1334.68 13733.9
1339.21 13753.4
1337.52 13902.6
1338.18 13903.2
1338.34 13772.1
1339.83 13651.8
1340.05 13617.3
1340.04 13658.2
1340.02 13694.5
1339.95 13703.8
1339.56 13705.5
1339.97 13695.1
1339.6 13661.8
1339.28 13607.5
1339.68 13588.3
1343.61 13599.8
1343.35 13646.9
1343.09 13669.9
1342.5 13676
1344.19 13639.9
1344.18 13680.7
1344.2 13682.9
1344.51 13693.7
1347.27 13740.7
1347.27 13735.8
1347.1 13849.6
1347.17 13858.3
1348.24 13868.7
1349.76 13936.7
1351.6 13959.4
1354.19 13693.4
1354.39 13737.4
1354.59 13686.5
1354.5 13693.1
1354.35 13688.8
1353.76 13689.8
1353.82 13722.7
1353.9 13729.7
1353.9 13732.9
1353.87 13732.7
1355.04 13737.1
1355.37 13746.6
1355.62 13741.9
1355.91 13740.2
1355.92 13747.7
1355.77 13749.1
1357.79 13848.7
1358.4 13863.1
1358.67 13852.8
1359.55 13854
1359.37 13840.5
1360.14 13818.5
1360.02 13812.5
1359.87 13827.6
1360.61 13820.2
1361.22 13784.5
1361.83 13786.7
1361.84 13786.1
1361.31 13764.6
1362.38 13833.6
1362.48 13850.2
1362.3 13844.3
1362.98 13833.5
1362.74 13820.9
1362.64 13792.1
1368.43 13819.7
1369.38 13842.6
1369.57 13838.2
1369.52 13825.7
1369.57 13825.1
1369.88 13834.4
1369.63 13828.6
1369.7 13822.7
1370.88 13804.1
1371.42 13795.7
1371.56 13797.9
1371.61 13758.6
1372.39 13802.6
1372.28 13862.5
1372.29 13892
1372.35 13920.2
1374.6 14002.8
1374.6 14074.5
1376.86 14059
1377.02 14099.7
1376.76 14164.9
1377.07 14195.5
1377.03 14205
1377.47 14176.3
1377.54 14141.7
1377.14 14162.7
1377.14 14177.7
1377.46 14143.4
1377.58 14199.8
1377.59 14222.2
1376.56 14272.5
1376.99 14262.8
1377.87 14344.6
1377.51 14308.5
1377.6 14314.7
1378.1 14313.5
1378.1 14332.4
1377.93 14365.8
1377.97 14379.4
1377.62 14415.5
1377.53 14516.8
1377.55 14734.7
1377.51 14771.7
1377.79 14795.5
1377.46 14792.5
1377.45 14809.1
1377.28 14745.4
1379.44 14677.4
1379.56 14573.7
1379.64 14606.1
1379.63 14629.9
1379.99 14605.7
1379.9 14626.9
1379.7 14649.9
1379.7 14656.6
1379.61 14687.3
1379.72 14674.7
1380.49 14695.5
1380.49 14688.8
1380.66 14682.6
1380.6 14691.6
1380.81 14708.4
1380.56 14708.2
1382.34 14735.7
1384.09 14803
1384.01 14732.5
1385.71 14781.1
1385.56 14840.5
1385.11 14864.4
1385.08 14843.2
1384.82 14838.9
1384.64 14877.8
1384.84 14889.6
1384.61 14899.4
1383.95 15058.2
1384 15069.4
1384.19 15057.3
1384.42 15029.1
1384.38 15009.5
1385.34 14992.7
1385.33 14962.9
1385.12 14928.1
1384.55 14928.5
1384.92 14949.6
1384.74 15136.4
1384.95 15098.5
1385.41 15123.4
1385.57 15145.2
1387.41 15166.6
1387.5 15157.2
1387.72 15196.4
1387.4 15254.9
1387.15 15275.9
1387.06 15288.1
1387.32 15301
1388.01 15324.5
1388 15335.8
1388.06 15320.3
1387.9 15315.1
1388.1 15308.3
1388.36 15316.7
1388.41 15313.1
1388.36 15424.3
1388.2 15437.2
1388 15438
1388.07 15424.4
1387.71 15431.4
1388.47 15475.8
1387.62 15512.5
1387.63 15557.5
1387.33 15575.6
1387.65 15596.2
1387.77 15598.8
1388.08 15639.1
1387.91 15690.9
1388.16 15729
1388.13 15747.2
1388.12 15771.7
1389.1 15789.1
1389.35 15764
1389.35 15763.7
1389.21 15763.5
1389.16 15744.5
1389.32 15769
1389.16 15774.1
1389.14 15783.1
1389.29 15781.1
1389.22 15767.9
1389.03 15768.6
1388.98 15756.7
1388.96 15756.8
1389.04 15759.9
1388.83 15767.3
1388.84 15633.3
1388.98 15634.4
1388.63 15578.9
1388.56 15446.4
1388.81 15401.4
1390.01 15401.1
1389.8 15416.6
1389.59 15418
1389.79 15427
1389.81 15422.1
1389.86 15437.4
1389.43 15460.3
1389.63 15518.7
1389.59 15535.6
1390.55 15583.3
1393.42 16167.9
1393.46 16036.8
1393.38 15960.9
1393.32 15880.2
1393.54 15786
1393.64 15715.7
1395.03 15637.2
1394.95 15600.4
1394.93 15596.9
1393.64 15619.6
1394.16 15593
1394.31 15597.9
1394.27 15602.6
1393.8 15603.3
1393.53 15630.5
1393.86 15617
1393.7 15604
1393.77 15628.1
1393.91 15615.7
1393.99 15582.3
1393.93 15575.9
1393.93 15573.4
1393.92 15472
1393.56 15541.9
1393.53 15563.1
1393.53 15576.8
1393.68 15475.9
1393.5 15356.6
1393.6 15351.4
1393.85 15343.5
1393.94 15346.1
1393.99 15333.1
1393.25 15323.2
1393.75 15320.1
1394.24 15218.7
1394.23 15151.8
1394.43 15113.3
1394.86 15155.8
1395.41 15179.9
1395.05 15149.5
1395.05 15162
1394.42 15290.9
1394.5 15302.6
1394.77 15295.8
1396.02 15298.9
1396.01 15313.7
1395.7 15302.8
1395.93 15313.5
1396 15341.5
1395.94 15356.1
1397.6 15274.3
1397.57 15214
1397.49 15180.2
1398.14 15173.5
1398.67 15165.9
1397.9 15177.5
1397.56 15191.1
1397.7 15199.5
1397.51 15210.8
1397.76 15215.6
1397.67 15210.4
1397.63 15193.5
1398.4 15205.8
1398.36 15218.1
1398.31 15212.5
1398.57 15205.7
1398.46 15207.6
1398.61 15210.8
1398.88 15202.9
1399.56 15201.1
1399.39 15204.7
1399.14 15182.3
1400.25 15220.2
1400.31 15269.4
1400.29 15281.5
1401.2 15342.6
1401.18 15391.2
1401.21 15409.8
1400.81 15434.5
1400.87 15459.6
1400.47 15437.6
1401.02 15437.9
1401.02 15494.2
1400.7 15510.7
1400.68 15519.9
1402.18 15561.9
1402.17 15581.1
1402.12 15582.2
1402.11 15576.7
1402.72 15570.8
1402.43 15553.8
1403.4 15560.1
1403.72 15593.9
1404.87 15618.5
1404.62 15617.2
1405.02 15626.5
1405.11 15621.6
1405.01 15626.1
1405.21 15626.2
1405.28 15642.2
1405.09 15665
1405.64 15714.3
1405.64 15752.5
1407.01 15739.9
1406.71 15668.4
1407.08 15621.9
1407.04 15606.2
1408.49 15592.4
1408.69 15628.8
1408.63 15656.1
1408.87 15673.1
1409.57 15694.4
1409.56 15668.6
1409.56 15653.1
1409.92 15625.7
1409.97 15603.4
1409.97 15600
1409.9 15601.2
1410.04 15628.7
1410.18 15642.5
1409.86 15660.4
1409.43 15628.5
1409.47 15634.7
1409.56 15615
1409.7 15591.4
1409.9 15571.2
1410.05 15551
1410.5 15533
1412.53 15593.3
1412.42 15584.5
1412.41 15612.1
1412.41 15637.8
1413.01 15672
1413.27 15644.1
1413.65 15640.4
1413.41 15633.9
1413.54 15632.6
1413.39 15621.9
1413.39 15629.2
1413.36 15618.7
1413.36 15603.1
1413.07 15651.2
1412.63 15625
1413.16 15625.1
1413.63 15606.6
1413.59 15595.6
1414.19 15603
1414.61 15612.4
1414.67 15565.5
1414.48 15523.6
1414.54 15534.7
1414.63 15534
1414.64 15509.3
1414.47 15477.6
1414.52 15392.8
1415.35 15375.5
1415.15 15385.1
1415.01 15399.1
1415.36 15416.3
1415.19 15423.1
1415.08 15449.3
1415.1 15463.3
1415.28 15477.5
1415.32 15484.7
1415.32 15488
1415.36 15476.7
1415.35 15476.5
1415.33 15491.2
1415.28 15503.1
1415.41 15492.1
1415.37 15485.6
1415.33 15488.4
1414.85 15474.5
1414.63 15473.2
1414.57 15454.1
1414.54 15506.2
1414.81 15506.2
1414.78 15500.4
1414.57 15509.5
1414.59 15522.9
1414.72 15531.8
1414.71 15534.3
1414.98 15549.2
1414.96 15503.5
1415.01 15563.9
1415.53 15616.7
1416.42 15651.4
1416.29 15690.2
1416.43 15696.7
1416.29 15708.6
1416.05 15742.3
1416.14 15788.6
1415.39 15832.4
1415.39 15886.7
1415.49 15920.4
1415.1 15955
1415.1 16009.3
1415.11 16042.8
1415.14 16029.2
1415.14 16024.8
1415.09 16008.2
1414.95 15982.3
1415.8 15974.8
1415.86 15912.2
1416.6 15901.6
1416.83 15878.4
1417.43 15882.2
1417.54 15897.6
1417.59 15881.5
1418.46 15896.6
1418.14 16037.1
1418.27 16028.5
1420.12 15993.6
1419.84 16045.5
1420.1 16101.8
1420.01 16060.7
1419.67 16044.9
1419.75 16037.9
1419.75 16037
1419.82 16059
1419.87 16085
1419.97 16046.8
1419.68 16036.5
1419.7 16047.3
1420.05 16059
1420.3 16081.3
1420.3 16106
1420.41 16128.2
1420.38 16148.8
1420.22 16143.4
1420.22 16130.6
1420.37 16133
1420.55 16123.7
1420.5 16131
1420.78 16128.5
1421.07 16131.5
1421.82 16136.3
1422.1 16144.7
1422.28 16206.6
1422.31 16219.3
1422.59 16220.6
1422.75 16229.2
1422.8 16224.8
1422.83 16228.3
1422.85 16235.6
1422.82 16229.2
1422.87 16225.1
1422.93 16221.4
1422.91 16226.7
1423.02 16223.8
1422.26 16206.5
1422.15 16191
1422.34 16170.5
1422.25 16160.4
1422.78 16104
1422.69 16229.3
1422.74 16288.3
1422.56 16331
1422.53 16349.7
1422.57 16352.6
1422.57 16364.7
1422.57 16361
1422.56 16365.2
1422.33 16337.7
1422.38 16365.9
1422.53 16406.8
1422.44 16415.3
1422.39 16431.7
1422.4 16438.3
1422.3 16429.2
1422.27 16441.1
1422.79 16444
1422.76 16441.6
1422.98 16489.5
1423.05 16486.9
1422.85 16494.7
1424.28 16500
1424.27 16497.8
1424.52 16444.1
1424.62 16471.5
1424.24 16486.2
1424.21 16507.7
1424.22 16531.6
1424.27 16567.5
1424.44 16575.1
1424.59 16588.2
1424.58 16591.4
1424.39 16570.5
1424.72 16568.1
1424.89 16578.6
1426.53 16659.9
1426.52 16629.8
1426.39 16609.2
1426.62 16645.5
1426.79 16637.4
1426.95 16647.2
1426.81 16700.7
1426.77 16747.5
1426.78 16782.9
1426.67 16779.9
1427.02 16700.7
1426.73 16691.1
1426.67 16699.3
1426.94 16695.1
1426.84 16697.3
1427.36 16730.9
1427.24 16738.5
1427.34 16739.2
1427.32 16733.8
1427.41 16704.8
1427.37 16676.4
1427.37 16664.1
1427.36 16663.8
1427.5 16674.7
1427.33 16698.6
1427.42 16695.8
1427.46 16702.1
1427.44 16713.9
1427.45 16724.7
1427.74 16725.5
1427.93 16736.2
1427.66 16721.6
1427.67 16695.5
1427.57 16696.2
1427.54 16697.8
1427.57 16703
1427.56 16712.8
1427.4 16719.6
1427.2 16701.3
1427.27 16710.3
1427.46 16705.3
1427.72 16705.7
1428.27 16663.1
1428.4 16658.1
1428.17 16657.1
1428.2 16659.4
1428.27 16665.6
1428.23 16639.4
1428.14 16659.3
1427.77 16664.9
1427.79 16655.2
1427.72 16678.3
1427.74 16689.3
1427.42 16708.7
1427.52 16705.3
1427.57 16729.9
1427.72 16728.6
1428.11 16729.2
1428.07 16714.2
1428.25 16699.1
1426.88 16719.7
1426.92 16661.7
1427.09 16620.5
1426.97 16472.6
1427.6 16618
1427.93 16655.9
1427.93 16623.1
1428.1 16601.1
1427.99 16607.3
1428.33 16736.2
1428.39 16781
1428.44 16762.9
1428.4 16754.4
1428.39 16751
1428.4 16811.6
1428.36 16745.1
1428.38 16737.5
1428.22 16721.2
1428.97 16724.6
1429.11 16724.7
1429.29 16726.4
1429.25 16713.8
1428.21 16908.1
1428.43 16880.2
1428.42 16855.6
1428.48 16840.5
1428.46 16829.1
1428.95 16829.9
1429.39 16829.3
1429.41 16833
1429.42 16830.4
1429.43 16828
1429.68 16851.8
1430.14 16854.2
1430.15 16874
1430.14 16882.6
1430.41 16896.1
1430.42 16909.2
1430.29 16933.9
1430.38 17014.3
1430.37 17053.2
1430.38 17064.3
1430.38 17054.8
1430.8 17047.3
1430.4 17015.9
1430.63 17020
1430.72 16954.5
1430.88 16958.6
1430.79 17020.3
1430.85 17093.4
1430.86 17108.6
1430.92 17117.8
1431.05 17122.5
1431.52 17103.2
1431.49 17088.6
1431.45 17081.9
1431.34 17083.7
1431.65 17094.1
1431.4 17095.6
1431.4 17083.1
1431.32 17079.1
1431.14 17085.3
1431.17 17094.7
1431.25 17075.6
1431.24 17065.3
1431.35 17089.2
1431.58 17091.1
1431.75 17086
1431.88 17103.2
1432.13 17108.2
1432.12 17127.8
1432.93 17153.1
1433.14 17142.8
1433.24 17144.8
1433.15 17135.6
1433.53 17119.9
1434.36 17104.1
1434.81 17095.3
1434.81 17085.5
1434.78 17085.9
1434.81 17075.5
1435.02 17070.9
1435.27 17080.6
1434.92 17083
1434.95 17086.2
1435.01 17079.2
1434.98 17088.5
1435.64 17112.8
1435.9 17255.3
1435.91 17263.4
1436.39 17283.7
1436.43 17233.3
1436.54 17246.9
1436.52 17241.3
1436.2 17298.9
1436.09 17371
1436.09 17348.4
1435.99 17330.1
1437.14 17394.1
1436.96 17396.6
1437.41 17327.7
1437.36 17313
1437.45 17312.9
1437.46 17312.9
1437.34 17309.1
1437.22 17310.6
1437.37 17311
1437.32 17295.4
1437.37 17286.2
1437.34 17275.3
1437.23 17245.8
1437.23 17223.3
1437.26 17222.3
1437.38 17225
1437.35 17228.4
1437.3 17220.3
1437.32 17214.6
1437.35 17207.9
1437.41 17213.9
1437.47 17204.7
1437.74 17097.2
1437.64 17073.6
1437.59 17148.4
1437.55 17139.1
1437.73 17129.2
1437.69 17114
1437.36 17117.6
1437.57 17122.6
1437.62 17139
1437.79 17155.8
1437.95 17167.2
1437.94 17172.3
1438.16 17179.2
1438.59 17181.3
1438.51 17197.5
1438.6 17200.1
1438.21 17285.5
1438.37 17307.4
1438.36 17316.9
1439.1 17275.9
1439.07 17257.4
1439.66 17287.4
1439.58 17267.6
1439.51 17252.8
1439.42 17202.8
1439.45 17221
1439.45 17221.4
1439.33 17220.3
1439.27 17217.6
1439.83 17226.7
1439.93 17258.5
1439.94 17295.1
1439.9 17301.3
1440.21 17301
1440.18 17304.3
1440.32 17395
1440.33 17356.5
1440.29 17361.5
1440.33 17356.4
1440.3 17338
1440.18 17321.4
1440.2 17286.6
1440.3 17296.5
1440.29 17306.9
1440.31 17323.7
1440.32 17336.5
1441.04 17348.9
1440.71 17397.9
1441.56 17513.3
1441.42 17482.3
1441.42 17466.8
1441.42 17495.5
1441.41 17503
1441.43 17514.6
1441.35 17512
1441.7 17517.4
1442.2 17512.4
1442.28 17483.4
1442.33 17481
1442.42 17495.3
1442.63 17497.9
1442.96 17492.7
1443.06 17508.7
1443.03 17497.4
1444.15 17503.9
1444.15 17508.1
1444.45 17499.7
1444.2 17502.4
1444.16 17503.4
1444.11 17512.2
1444.22 17511.2
1444.21 17507.3
1444.25 17514.6
1444.19 17534.4
1444.33 17536.8
1444.42 17546.6
1444.42 17550.1
1444.5 17563.2
1444.39 17573.6
1443.95 17662.2
1443.62 17684.7
1444.04 17681.6
1444.14 17672.5
1444.54 17749
1445.07 17801.8
1444.98 17773.7
1445.33 17787.8
1445.28 17788.3
1445.29 17807.6
1445.33 17822.3
1445.3 17818
1445.34 17823.5
1445.29 17829.6
1445.26 17842
1445.3 17847.9
1445.31 17847.9
1445.54 17882.9
1445.52 17887.9
1445.42 17821.9
1445.68 17821
1445.62 17815.7
1445.63 17870.8
1445.58 17902.3
1445.56 17916
1445.6 17918.5
1445.47 17945.9
1445.26 17972.3
1445.47 17993.1
1445.48 17965.7
1445.59 17955
1445.53 17957.4
1445.48 17949.3
1445.49 17950.9
1445.48 17941.7
1445.32 17933.3
1444.85 17949.5
1445.13 17968.2
1445.08 17978.1
1445.07 17966.6
1445.08 17957.3
1445.58 17955
1445.39 17961.2
1445.37 17919.2
1445.41 17782.2
1445.28 17672.9
1445.25 17644.2
1445.28 17642.2
1445.25 17647.7
1445.21 17641.1
1445.42 17707.4
1445.2 17701.8
1445.04 17677.6
1445.01 17663.7
1445.53 17681.4
1445.91 17679.8
1446.04 17695.4
1445.9 17673.9
1445.89 17660.4
1446.11 17784.3
1445.84 17826.9
1445.84 17771.4
1445.82 17710.6
1446.76 17685.1
1446.74 17666.8
1446.86 17722.9
1446.86 17743.2
1446.92 17798.2
1447.18 17828.7
