23.7596 29.664
45.2771 148.712
192.668 673.05
205.924 639.894
236.794 1122.05
422.527 2129.04
434.543 1992.81
440.071 1945.71
448.171 2191.67
448.036 2128.81
487.739 2670.94
490.935 2925.84
496.684 3494.42
520.83 4655.26
520.912 4148.68
705.711 7160.76
705.794 5812.65
718.029 6527.88
818.246 6191.59
828.258 7173.26
901.436 6710.79
904.196 6569.46
971.425 6758.32
998.098 6260.2
1028.01 7157.27
1032.97 6483.11
1032.6 6227.51
1056.02 5962.28
1090.96 8375.43
1097.62 8842.05
1097.55 8574.95
1101.03 8411.1
1109.69 8643.43
1110.93 8459.09
1114.87 8484.21
1116.65 8756.69
1115.86 8856.61
1116.14 8867.98
1118.07 9120.86
1124.92 11037.5
1131.86 11340.3
1131.96 10952.2
1130.26 10817
1133.27 10699.9
1143.85 10366.8
1159.26 10047.1
1159.65 10264.7
1163.75 10391.4
1164.42 10325.4
1164.73 10270
1173.29 10369
1190.73 10365.9
1192.85 10350.6
1196.76 10412.1
1198.5 10378.7
1198.41 10586
1204.44 10555.9
1203.56 10635.9
1210.64 10631.3
1211.84 10604
1211.69 10594.9
1213.34 10654
1214.08 10645.3
1214.17 10609.3
1215.01 10532.6
1211.76 10966.8
1215.03 10757.3
1215.39 10754.3
1238.96 11878.3
1240.17 11495.8
1247.76 11434.3
1250.46 11587.3
1250.15 11530.4
1259.49 11672.9
1259.68 11622.7
1260.08 11633.1
1264.53 11641.7
1270.89 11633.6
1272.56 11597.8
1273.73 11582.8
1279.25 11732.2
1279.22 11711.6
1297.88 11913.8
1300.74 11619.8
1300.3 11574.3
1299.69 11816.9
1300 11576.8
1317.06 11682.9
1317.26 11561.7
1327.98 11323.8
1333.69 11119
1343.22 11205.6
1349.99 10983.9
1357.26 10834.2
1356.26 10857.2
1358.76 10715.8
1357.94 10700.3
1357.94 10663.7
1359.48 10613.5
1359.73 10642.6
1359.93 10673.6
1360.24 10612.6
1365.64 10838.4
1365.65 10843
1366.35 10785.1
1366.28 10743.8
1370.51 10831
1370.89 10697.7
1370.86 10653.6
1370.99 10645
1373.34 10652.1
1385.52 10792.2
1387.68 10752
1387.6 10647.9
1390.54 10703.1
1392.35 10673.2
1394.53 10840.7
1395.79 10935.2
1395.02 11048.8
1395.81 11119.8
1395.96 11150.4
1396.24 11195.9
1396.41 11187
1396.42 11216.7
1398.26 11229.1
1399.08 11412.9
1399.68 11402
1401.41 11773.3
1400.29 11805.3
1400.4 11831.2
1403.11 11872
1406.55 11897.6
1405.31 11712.6
1405.69 11797.1
1405.74 12031.8
1405.72 12050.3
1405.73 12089.3
1405.99 12103.8
1406.02 12103.9
1406.28 12103
1406.87 12101
1406.82 12071.8
1406.48 12096.8
1406.48 12097.9
1406.66 12114.9
1406.49 12116.4
1406.5 12130.2
1406.47 12142.5
1407.14 12220.9
1407.16 12233.1
1407.35 12360.1
1407.26 12406.2
1407.57 12421.4
1409.34 12396.4
1409.14 12390.4
1409.25 12460.8
1409.53 12498.6
1409.41 12594.9
1409.12 12573.1
1409.16 12550.1
1411.32 12506.3
1412.1 12499.4
1412.01 12474.1
1412.75 12483.9
1412.95 12484.6
1413.09 12495.2
1413.3 12502.2
1413.46 12499.7
1413.27 12473.2
1413.34 12525.5
1414.13 12521
1414.01 12509.6
1413.97 12486.6
1414.48 12445.4
1417.85 12851.6
1418.35 12882
1420.17 12774.4
1421.23 12745.4
1421.38 12704.3
1421.71 12778.6
1424.6 12682.8
1424.64 12692.3
1424.66 12691.5
1424.39 12684.7
1424.75 12752.9
1425.05 12792.4
1458.14 12492.4
1458.5 12598.7
1458.6 12615.5
1458.62 12617.2
1468.89 12718
1469.4 12598.5
1469.79 12511.8
1470.14 12475.6
1472.97 12468.1
1473.85 12494
1473.89 12500.6
1474.17 12495.3
1474.17 12528.3
1474.15 12540.4
1474.01 12549.4
1473.98 12550.1
1473.67 12577.9
1473.7 12552.7
1473.62 12546
1473.47 12584.1
1474.84 12550.8
1475.62 12539.6
1475.61 12539.8
1477.19 12503.5
1477.06 12460.7
1478.11 12464.4
1478.26 12441.6
1479.41 12462.6
1479.25 12475.2
1479.04 12467
1479.21 12455.8
1479.21 12435.9
1479.21 12422.1
1479.77 12355.6
1481.58 12317.9
1481.56 12325.5
1483.02 12331
1483.11 12362.7
1483.11 12397.6
1483.47 12424.3
1483.61 12448.7
1483.98 12467.9
1483.98 12485.5
1484.15 12480.1
1484.46 12495.4
1484.53 12511.9
1484.82 12503.9
1484.84 12508.9
1484.68 12514.2
1488.5 12497.7
1489.07 12530.7
1489.13 12519.7
1489.68 12444.8
1489.69 12439.1
1492.27 12500.3
1493.35 12486.5
1493.32 12468.7
1493.57 12489.5
1493.84 12458.9
1495.06 12430.8
1494.99 12430.1
1496.38 12414.1
1496.51 12364.3
1496.71 12336.7
1496.53 12356
1496.6 12342.9
1496.6 12331.1
1497.01 12309.6
1497.09 12311.2
1497.42 12355.2
1497.35 12344.1
1497.36 12407.8
1497.55 12421.6
1497.43 12434.3
1497.76 12458.7
1498.19 12459.2
1498.96 12518.7
1499.1 12531.1
1499.35 12547.8
1499.43 12560.2
1501.02 12538.9
1500.96 12573.8
1500.93 12572.5
1500.92 12574.9
1500.91 12546.1
1500.79 12544.6
1501.06 12527
1501.08 12540.3
1501.85 12718.6
1502.11 12710.4
1502.46 12692.1
1505.47 12677.7
1505.69 12717.1
1505.77 12722.1
1505.81 12727.3
1505.93 12734.9
1506.32 12751.7
1506.14 12768.4
1506.15 12768.5
1505.98 12777.6
1505.8 12793.3
1505.7 12801.1
1505.72 12805.1
1505.86 12812.1
1505.85 12815.6
1505.84 12793.3
1505.88 12781.5
1505.88 12788.6
1506.22 12789.7
1505.98 12808.2
1505.99 12819
1505.99 12810
1506.02 12814.9
1505.85 12820.9
1505.38 12824.6
1505.46 12853.8
1505.53 12874.6
1505.3 13047.4
1505.07 13128.8
1505.1 13195.9
1504.98 13202.7
1504.87 13233.8
1505.29 13269.5
1505.42 13289.3
1505.48 13308
1505.42 13320.4
1505.44 13335.2
1506.05 13336.2
1506.04 13352.9
1505.98 13390.6
1505.98 13399
1505.98 13377.1
1505.87 13388.4
1505.81 13376.8
1506.23 13351.8
1506.28 13309.6
1506.33 13303.4
1506.32 13376.7
1506.08 13381.3
1506.37 13392.6
1506.73 13416.1
1507.28 13422.1
1507.75 13473
1507.89 13442.7
1507.76 13449.4
1508.1 13481.3
1508.14 13476.2
1508.28 13565.1
1508.1 13577
1508.81 13596.1
1509.39 13580.9
1509.42 13586.2
1510.49 13547.5
1510.37 13521.3
1510.28 13520.4
1510.45 13523.4
1510.66 13528.1
1510.7 13527
1511.85 13517.9
1511.93 13513.3
1511.96 13513.2
1512.07 13509.5
1512.16 13522.6
1512.26 13528.2
1512.31 13529.8
1512.3 13530.5
1512.92 13555.1
1513.19 13520.4
1513.16 13496.4
1513.26 13501.1
1513.15 13504.6
1514.1 13507
1514 13502.3
1514.09 13503.3
1514.01 13509.5
1514.13 13506.2
1514.18 13508.8
1514.75 13519.8
1515.09 13533.5
1515.07 13523.8
1515.47 13506.3
1515.47 13514.1
1515.44 13505.2
1515.77 13475.4
1515.64 13453.8
1516.35 13469.1
1516.28 13410.7
1516.26 13414.4
1516.89 13419.9
1517.03 13430
1516.98 13444.3
1517.48 13449.4
1516.92 13469.7
1517.07 13515.3
1517.07 13495.1
1517.07 13503.9
1517.33 13500.2
1517.68 13495.7
1517.73 13519.5
1517.75 13541.3
1517.75 13541.6
1517.75 13539.3
1517.71 13521.4
1517.7 13523.1
1517.68 13536.7
1517.75 13537.7
1517.81 13526.7
1517.82 13520.5
1518.24 13478.9
1518.28 13472.3
1518.2 13464.6
1518.14 13450.3
1518.12 13433.3
1518.35 13426.6
1518.34 13435.9
1518.46 13449.9
1518.8 13449.9
1518.82 13444.2
1519.57 13550.9
1519.63 13566.2
1519.7 13555
1519.65 13545.8
1519.63 13539
1519.65 13538.2
1519.74 13532.9
1519.59 13532.4
1519.56 13555.4
1519.47 13556.7
1519.92 13547.3
1520.14 13568.7
1520.75 13615
1520.95 13645.5
1521.37 13596.2
1521.52 13611.3
1521.18 13686.4
1521.29 13691.8
1520.86 13744.8
1520.43 13783.8
1520.4 13742.7
1520.42 13744.9
1520.42 13762.8
1520.78 13961.8
1521.07 13899.5
1521.08 13862.2
1522.45 13856.4
1522.62 13905.3
1522.55 13898.4
1522.59 13888.2
1523.26 13901.9
1523.88 13904.5
1523.9 13894.2
1523.85 13879.2
1523.89 13876.4
1523.81 13848.9
1523.8 13855.4
1523.78 13846.7
1523.76 13848.2
1523.83 13858.5
1523.86 13859.1
1523.8 13863.7
1524.01 13843.1
1524.54 13846.7
1524.53 13835.2
1524.61 13817
1524.7 13774.7
1524.7 13730.3
1524.78 13704.6
1524.75 13713.8
1524.7 13709.2
1525.2 13695
1525.21 13695.5
1525.05 13678
1525.68 13642
1525.75 13606.3
1525.71 13619.6
1525.68 13619.6
1525.99 13573.9
1526.08 13592.1
1526.23 13599.4
1526.38 13608.5
1526.38 13612.3
1526.42 13609.7
1526.31 13615.4
1526.33 13613.8
1526.51 13613.4
1526.52 13612.7
1526.69 13609.8
1526.47 13616.5
1526.53 13638.7
1526.53 13648.3
1526.56 13641
1526.84 13629.2
1526.84 13658.7
1526.83 13687.3
1526.88 13714.9
1527.04 13703.3
1527.02 13705.5
1527.09 13696.1
1527.11 13700.5
1527.04 13700
1527.5 13753.9
1527.78 13779.7
1527.84 13770.9
1527.75 13783.5
1528.01 13749
1527.92 13734.9
1528.11 13690.6
1528.1 13690.6
1528.32 13655.3
1528.57 13626.6
1528.82 13678.8
1529.13 13718
1529.25 13722.8
1529.26 13736.6
1529.22 13745.6
1529.4 13752.1
1529.41 13764.4
1529.47 13769.6
1529.59 13771.6
1529.63 13770.6
1529.49 13780.3
1529.55 13737.5
1529.6 13736.6
1529.55 13730.5
1529.35 13737.6
1529.56 13718.1
1529.57 13709.3
1529.48 13692.7
1529.47 13674.4
1530 13684.9
1529.85 13688.3
1529.85 13617.4
1529.68 13607.5
1529.69 13638
1529.84 13643.9
1530.08 13678.7
1530.08 13695.7
1530.05 13709.6
1530.27 13727.4
1530.21 13736.8
1530.2 13738.9
1530.55 13739.4
1530.53 13729.2
1530.85 13707.5
1530.86 13705.3
1530.99 13705.8
1531.11 13705
1530.97 13701.2
1530.98 13713.8
1531.02 13724.9
1530.99 13727.8
1531.58 13722.9
1530.8 13761.2
1531.04 13813.4
1530.98 13823.4
1531.34 13825
1531.34 13831.5
1531.34 13835.2
1531.46 13833.7
1531.83 13876.4
1531.95 13865.8
1532.02 13861.5
1532.62 14091.2
1532.82 14076.1
1532.68 14010.4
1533.55 13993.6
1533.55 13968.1
1533.58 13946.6
1533.59 13934.3
1533.57 13917.1
1533.55 13911.8
1533.43 13914.2
1533.43 13910.9
1533.45 13928.3
1533.57 13935
1533.66 13937.5
1533.67 13944.9
1533.67 13948.9
1533.81 13958.6
1533.8 13924.5
1534.34 13902.8
1534.36 13913.1
1534.2 13910.4
1534.33 13911.8
1534.36 13908.7
1534.76 13903.4
1534.73 13907.1
1534.62 13955.5
1534.64 13942.1
1534.38 13936.9
1535.33 14096.7
1535.65 14109.6
1535.71 14117.4
1536.67 14123.8
1536.71 14123.8
1536.74 14112.5
1537.11 14080.2
1537.13 14054.4
1537.04 14042.7
1536.92 14034.9
1537.17 14025.2
1537.16 14026.6
1537.2 14042.8
1537.24 14052.4
1537.21 14054.6
1537.3 14047.6
1537.31 14052.5
1537.3 14063.2
1537.27 14089.7
1537.32 14117.9
1538.02 14099.9
1537.92 14096.3
1537.97 14095.5
1537.93 14074
1537.91 14061.8
1538 14052.7
1538.28 14051.9
1538.12 14040.9
1537.97 14032.5
1538.51 14027
1538.48 14036.6
1538.54 14036.1
1538.55 14035.9
1538.6 14046.2
1538.61 14047.3
1538.94 14005.7
1538.88 14015.5
1539.2 14062.1
1539.22 14098.2
1539.78 14098
1539.74 14094
1539.81 14082.3
1540.01 14033.9
1540 14041.6
1539.97 14042.8
1540.25 14141.6
1540.58 14198.6
1540.7 14164.2
1540.69 14130.1
1541.93 14038.9
1541.94 14002
1541.97 13986.1
1542 13971
1542.05 13977.5
1543.09 14025.3
1543.1 14040.3
1543.09 14049.3
1543.12 14057.4
1543.25 14039.4
1543.2 14035.3
1543.2 14027.6
1543.16 14025.5
1543.34 14018.8
1543.32 14008.9
1543.34 13988.3
1543.5 13983.7
1543.6 13988.7
1543.66 13999.3
1543.57 14003.8
1543.4 13991.7
1543.31 13998.1
1543.18 14002.6
1543.55 14006.8
1543.14 14072.8
1543.17 14072.5
1543.26 14067.3
1543.29 14052.8
1543.5 14062.9
1543.51 14071.9
1543.87 14090.1
1544.09 14090
1544.05 14084.9
1544.06 14089.7
1544.76 14047.3
1544.77 14039.9
1544.8 14045
1544.8 14045
1544.81 14051.1
1545.34 14051.7
1546.58 13974.8
1546.64 13974.1
1546.54 13976.1
1546.76 14024
1546.8 14033.4
1546.91 14056.7
1546.76 14058.6
1546.71 14067.3
1546.73 14012.2
1546.79 14034.4
1547.21 14040.8
1547.19 14083
1547.24 14102.6
1547.29 14115.4
1547.28 14117.6
1556.69 13900.8
1556.88 13971.2
1557.2 13991.8
1557.63 14036.6
1557.4 14014.1
1557.34 13992.1
1557.41 13983.2
1557.42 13968.9
1557.84 13949.2
1557.83 13939.5
1557.88 13931.8
1558.02 13945.5
1558.01 13938.9
1558.01 13940.1
1558.16 13946.4
1558.66 13949
1558.72 13952.3
1558.78 13963.2
1558.79 13963.6
1558.8 13965
1558.84 13966.9
1558.76 13970.3
1558.88 13972
1559 13962.9
1560.14 13952.3
1560.12 13961.9
1560.16 13974.7
1560.23 13989.5
1560.21 13981
1560.32 14009.2
1560.33 14045.7
1560.18 14119.6
1560.37 14139.1
1560.42 14141.4
1560.43 14136.3
1560.56 14138.1
1560.47 14135.5
1560.41 14118.4
1560.4 14119.9
1560.78 14142.2
1560.71 14166.9
1560.75 14179.2
1560.73 14183
1560.76 14184.1
1561.38 14213.7
1561.59 14218.8
1561.6 14272.8
1561.6 14276.7
1561.54 14273.6
1561.47 14255.9
1561.45 14240.5
1561.45 14250.3
1561.59 14463.4
1561.5 14475.5
1561.55 14474.5
1561.54 14479.6
1561.53 14485.4
1565.57 14515.2
1565.54 14578.9
1565.68 14605.5
1565.73 14635.2
1565.73 14641.2
1565.75 14630.6
1565.74 14632.3
1565.74 14638.1
1565.77 14637.2
1565.76 14641.6
1565.77 14644
1565.73 14647.5
1565.74 14648.7
1565.76 14636.8
1565.65 14625.5
1565.46 14633.2
1565.92 14621.4
1566.44 14629.7
1566.46 14628.8
1566.35 14593
1567.56 14614.1
1568.12 14625.4
1568.15 14630.7
1568.16 14627.5
1568.16 14623.9
1568.4 14635.9
1568.49 14634.1
1568.52 14635.9
1568.94 14619.5
1569.24 14616.6
1569.19 14617.9
1569.17 14615.6
1569.2 14617.9
1569.26 14616.3
1569.17 14622.9
1569.24 14620.7
1569.05 14618.6
1569.09 14626.5
1569.12 14627.1
1569.14 14626.1
1569.13 14620
1568.81 14641.7
1568.71 14641.1
1568.71 14633.7
1568.71 14629.8
1568.65 14608.9
1568.66 14639.4
1568.66 14637.5
1570.13 14658.5
1570.05 14642.1
1570.15 14632.2
1571.71 14630.3
1571.72 14616
1571.83 14606.4
1571.8 14602.8
1575.35 14540.5
1575.34 14564.9
1575.36 14577.6
1575.9 14575.9
1578.38 14517.6
1578.18 14520.2
1579.31 14485.3
1579.27 14512.4
1579.19 14517.7
1579.2 14519.1
1579.33 14524.1
1579.33 14552.2
1579.47 14555.8
1579.73 14555.3
1580.4 14537.1
1580.44 14525.3
1580.43 14517.2
1580.38 14528.6
1581.28 14502.7
1581.23 14516.2
1581.29 14509.4
1581.74 14505.5
1581.73 14507.9
1581.7 14465.9
1581.7 14454.1
1581.63 14445.1
1581.68 14426.7
1582.11 14424
1582.38 14413.2
1582.34 14403.7
1582.36 14399.2
1582.37 14397.1
1582.39 14387.9
1582.39 14364.1
1582.4 14354
1582.45 14345.2
1582.42 14336.3
1582.43 14331.2
1582.4 14328.4
1582.4 14331.5
1582.39 14336.2
1582.37 14333.5
1582.42 14329.5
1582.43 14328.6
1582.41 14322.4
1582.41 14321.8
1583.1 14313.3
1583.02 14329.3
1583.05 14330.7
1583.2 14319.1
1583.17 14309.4
1583.2 14302.6
1583.18 14286.1
1583.21 14273.5
1583.2 14263.4
1583.13 14276.9
1583.37 14276.6
1583.37 14274.1
1583.36 14268.7
1583.29 14258.9
1583.31 14253.9
1583.59 14257.3
1583.64 14249
1583.65 14245.1
1583.74 14243.7
1585.66 14249.7
1585.69 14247.1
1586.18 14238.1
1586.18 14236.5
1586.31 14240.6
1586.31 14233.9
1586.24 14210.5
1585.45 14195.9
1585.45 14187.5
1585.45 14167.8
1585.28 14170.5
1585.35 14164.7
1585.33 14160.1
1585.65 14148.7
1585.67 14149.5
1585.81 14151
1585.86 14178.5
1586.31 14186
1586.32 14182.9
1586.34 14180.5
1587.52 14223.8
1587.59 14240.3
1587.81 14259.9
1587.95 14244.1
1588.01 14217.9
1587.99 14217.5
1587.97 14221.3
1588.04 14231.5
1588.2 14265.7
1588.35 14285.9
1588.45 14304.2
1588.48 14314.1
1588.37 14319.7
1588.37 14326.2
1588.53 14319.1
1588.53 14310.7
1588.72 14296
1588.78 14274.9
1588.79 14279
1588.97 14292.1
1588.96 14300.1
1589.2 14309.1
1589.22 14315.9
1589.14 14305.7
1589.17 14307.3
1589.16 14309.2
1589.12 14307.4
1589.33 14314
1589.33 14319.1
1589.21 14307.7
1589.25 14310.6
1589.07 14314.7
1588.96 14319
1589.01 14311.8
1589.02 14309.4
1589.07 14304.2
1589.09 14281
1588.96 14220.5
1589.74 14217.1
1589.76 14212.8
1590.52 14195.8
1590.56 14193.4
1590.52 14186.8
1590.53 14194.3
1590.52 14197
1590.53 14197.6
1591.04 14178.9
1591.06 14182.6
1591.13 14184.6
1591.13 14185.3
1591.14 14185.1
1591.12 14185.2
1591.2 14182.2
1591.27 14187.2
1592.21 14179.7
1592.15 14180.4
1592.09 14184.7
1592.08 14186.7
1592.17 14157
1592.14 14159.4
1592.12 14188.1
1592.21 14186.6
1592.18 14181.5
1592.16 14176.9
1592.14 14177.2
1592.68 14183.6
1592.71 14178.7
1592.71 14177.1
1592.93 14185.4
1592.94 14256.2
1595.01 14281.8
1595.38 14328.1
1595.35 14361.7
1595.42 14377.3
1595.36 14370.4
1595.34 14369.8
1595.32 14372.5
1595.39 14372.2
1595.38 14371.2
1595.9 14370
1596.24 14381
1596.24 14383.1
1596.04 14381.3
1595.98 14390.7
1595.98 14410.3
1595.98 14420
1596.03 14424.6
1596.03 14423.6
1596.04 14398.4
1596.23 14410.5
1596.46 14413.9
1596.48 14432.1
1596.7 14447.2
1596.68 14468.2
1596.86 14473
1596.71 14472.1
1596.71 14484.8
1596.75 14496.7
1596.58 14474.5
1596.57 14473.4
1597.07 14503.3
1597.04 14495.7
1597.06 14511.1
1597.68 14493.4
1598.1 14515.6
1598.2 14507.5
1598.45 14504
1598.37 14492.9
1598.54 14490.1
1598.8 14500.7
1598.81 14500.3
1599.15 14502.6
1599.18 14496.5
1598.9 14503.3
1598.9 14504.1
1598.76 14499.4
1598.9 14485.5
1598.91 14488.7
1598.88 14456.7
1598.89 14454.6
1600.37 14432.6
1600.48 14417.9
