11.441 0
19.3257 1.48252
107.754 333.491
125.451 313.505
125.87 256.248
134.809 640.584
188.178 1017.6
188.222 843.591
294.22 946.574
295.19 924.58
380.558 1828.39
379.598 1685.58
379.32 1798.32
395.407 1830.85
405.619 1675.34
409.202 1750.66
415.388 1811.16
432.704 2331.06
437.766 2429.97
499.088 2824.54
509.572 2899.54
509.666 2678.07
512.731 2594.58
517.847 2526.03
527.514 3139.96
529.037 3055.04
543.17 3093.63
603.581 3584.6
603.362 3472.67
604.877 3082.96
614.085 3204.97
614.861 3117.61
617.901 3217.17
619.616 3150.91
623.379 4211.74
638.599 3777.54
640.404 3660.38
647.93 3691.77
664.15 3597.88
666.768 3609.76
670.559 3656.79
696.575 4025.04
696.591 3894.46
703.828 3735.87
705.779 3801.95
710.521 4470
725.565 4674.62
731.846 4621.14
762.598 5025.69
764.117 4891.72
765.401 4753.32
765.222 4808.57
764.633 4677.78
766.948 5171.53
766.886 5007.24
766.919 4998.42
766.967 4980.05
768.779 5635.13
771.47 5512.92
772.537 7239.6
770.467 6715.55
768.992 6707.14
768.989 6510.89
774.642 6345.59
775.543 6363.7
782.919 6278.89
796.5 6362.45
822.899 6308.18
826.657 6262.65
825.773 6438.65
813.876 6763.28
812.608 6909.99
810.682 6857.67
816.402 7043.95
816.907 7586.58
817.925 7699.38
837.875 7753.62
843.421 7911.28
844.571 7529.66
869.772 7619.99
872.448 7498.6
880.881 8559.94
883.447 11772.4
879.885 12502.7
883.713 12035.5
883.389 11686.5
886.203 11976.8
886.96 11539.7
885.928 11397.6
890.928 11184.8
891.846 10944
894.182 10675.9
894.229 10757.2
890.963 10633.8
894.576 10504.2
892.562 11006.3
891.931 10927.5
894.896 11014.1
892.898 10731.9
892.437 10471
896.489 10440.9
905.701 10206.9
908.894 10178.8
908.722 10161
908.724 10148.6
910.599 10166
912.934 10303.8
913.979 10250
914.819 10228.1
925.824 10283.8
925.763 10199.2
925.194 10200.2
925.021 10369
923.15 10809
918.037 10734.3
918.146 10743.4
919.127 10797.1
923.334 10818.9
923.584 10889.7
926.258 10891.5
926.437 10916.1
929.277 10945.8
932.683 10681
929.358 12018.3
927.492 12481.9
928.071 12221.6
928.318 12006.6
928.705 11804.5
947.625 11877.4
949.892 11675.1
951.926 11699.9
959.775 11484.4
964.449 11383
966.504 11379.8
968.798 11324.5
970.256 11276.6
967.827 11695.8
967.774 11412.3
971.882 11390.2
972.158 11465.9
972.261 11404.3
972.77 11380.4
975.768 11335.7
978.813 11551.6
978.869 11598.8
980.054 11595.7
984.524 11684.7
985.228 11532.8
995.893 11506
1008.02 11630
1009.51 11638.8
1018.06 11832
1018.21 11601.7
1017.85 11615.6
1018.28 11653.2
1017.85 11636.8
1015.24 11794.8
1014.71 11911.1
1015.45 11875.2
1015.53 11875.1
1017.92 11773.4
1017.2 11905.9
1016.69 11863.3
1017.07 11843.8
1017.18 11860.7
1018.59 11868.4
1018.35 12036.2
1018.29 12053.3
1018.23 12050.9
1018.34 12065.1
1018.25 12083.3
1019.11 12192.8
1019.75 12265.8
1018.51 12195.2
1019.23 12400.2
1019.99 12598.9
1019.87 12652
1019.47 12697
1019.41 12805.7
1021.15 12859.7
1021.14 12913
1021.22 13000.6
1022.18 13209.5
1021.29 13219
1020.95 13315.3
1021.16 13400.9
1021.34 13435.2
1018.53 13451.2
1019.07 13461.4
1018.65 13497.5
1019.51 13463.6
1021.51 13517.8
1020.2 13537.6
1021.07 13530.9
1022.59 13511.5
1022.13 13548.8
1021.93 13628.9
1021.94 13686.6
1022.29 13801.5
1023.98 13900.7
1021.72 14079.8
1021.86 14085.4
1022.66 14096.6
1023.82 14146.1
1025.15 14170.1
1025.94 13933.4
1027.01 13954.4
1028.52 13952.6
1028.42 13935.4
1027.17 14004.5
1028 14015.2
1028.55 13985.7
1028.68 13966.4
1031.9 13980.9
1031.87 13955.4
1031.8 13829.1
1031.43 13810.2
1034.34 13802
1034.21 13908.5
1034.73 13898
1036.77 13959.9
1037.4 13963
1038.19 13955.4
1038.16 13956.6
1037.67 14247.3
1039.78 14438.5
1040.24 14286.6
1041.71 14282
1041.52 14259.2
1041.56 14265.3
1042.51 14288.3
1045.41 14324.7
1045.23 14349.5
1047 14320.5
1048.61 14364.7
1050.46 14408.7
1050.91 14423.8
1052.34 14448
1052.76 14463.4
1052.51 14458.9
1054.17 14490.4
1053.72 14506.3
1053.93 14516.5
1055.38 14566.5
1055.55 14759.1
1056.74 14751.7
1057.27 14749.7
1057.25 14740.3
1056.19 14773.8
1056.26 14725.4
1054.76 14856
1056.17 14846.7
1056.17 14766.1
1056.3 14704.8
1056.2 14697.1
1059.81 14738.3
1059.72 14731.8
1059.72 14702.6
1060.4 14613.8
1063.88 14746.4
1066.01 14820.3
1064.81 15001.7
1064.03 14826.1
1064.8 14842.5
1064.98 14880.9
1065.24 14900.2
1065.9 15004.2
1065.91 15027.6
1067.04 15017.9
1066.82 14988.7
1067.22 14939.8
1067.1 14933.4
1067.55 14918.9
1067.56 14923.3
1067.41 14880.6
1068.6 14945.8
1068.42 14970.5
1068.26 15074.6
1068.37 15018.3
1067.92 14973.8
1067.95 14953.6
1067.52 14926.4
1067.66 14851.7
1068.81 14835.8
1071.84 14913.4
1076.04 14910.8
1078.54 14950.1
1078.82 14940.2
1079.07 14949.3
1079.56 14961.3
1080.44 15009.6
1080.64 15008.1
1080.58 15047.1
1081.23 15046
1081.52 15053
1079.48 15133.6
1079.04 15174.8
1077.84 15121.9
1077.86 15061.6
1078.41 15025.6
1079.34 14964
1079.66 14901.2
1079.57 14966
1079.97 14968.7
1082.13 14938.1
1082.3 14923.7
1082.03 14904.7
1081.17 14801.4
1081.88 14793.7
1082.4 14846.7
1082.41 14880.8
1082.28 14893.4
1082.22 14913.6
1082.21 14951.2
1082.26 14964.7
1082.22 14939
1081.23 14955.2
1081.26 14970.5
1081.18 14848.3
1081.12 14804.9
1080.96 14789.5
1083.34 14747.5
1083.51 14735
1083.6 14732.9
1084.46 14776.5
1084.11 14828
1083.96 14835.4
1083.72 14803.6
1084.95 14791.2
1086.45 14943.8
1085.99 14939.6
1086.66 14991.5
1085.41 15016.3
1085.54 15001.4
1085.32 15337.2
1086.23 15362.5
1086.56 15331.7
1086.73 15299.2
1086.29 15296.8
1086.35 15319
1085.18 15383.7
1084.96 15399.1
1084.75 15578.4
1084.03 15661.4
1085.85 15744.5
1085.84 15740.6
1085.61 15716.9
1085.83 15684
1087.23 15660.6
1087.34 15778.5
1087.32 15831.1
1088.24 15810.5
1088 15774.9
1087.35 15725.9
1085.15 15646.6
1085.07 15740.7
1085.16 15737.4
1085.14 15729.7
1085.44 15744.1
1085.46 15736.5
1085.25 15730
1085.52 15735.2
1087.11 15796.4
1087.09 15705.4
1088.52 15699.2
1087.7 15663.6
1087.59 15620.3
1087.73 15640.4
1088.17 15606.6
1088.21 15590.5
1088.34 15602.5
1088.27 15592.7
1089.49 15603.3
1089.22 15610.5
1089.09 15597
1089.25 15606
1089.1 15589.6
1088.89 15571.1
1089.23 15556.3
1088.52 15513
1088.84 15515.8
1089.58 15538.5
1090.52 15614.2
1090.46 15664
1090.45 15645.5
1089.36 15653.4
1088.69 15668.5
1089.27 15766.3
1088.75 15819.6
1088.89 15750.6
1088.73 15621.4
1088.91 15574.6
1088.75 15496.8
1089.5 15428.3
1089.2 15374.7
1089.53 15324.7
1090.29 15247
1092.49 15241.6
1094.83 15305.9
1095.82 15344.7
1098.16 15341.9
1098.09 15187.5
1098.29 15157.8
1098.34 15147.2
1099.3 15147.7
1100.73 15164.7
1099.62 15154.3
1099.18 15175.2
1099.02 15174.7
1099.12 15193.6
1099.21 15157.2
1099.21 15053.3
1099.93 15030.1
1100.25 15045.6
1100.06 15084.3
1100.23 15115.9
1100.63 15129
1100.63 15180.7
1101.08 15183.8
1100.86 15308.4
1099.6 15359.3
1099.46 15456.5
1099.99 15531.9
1100.62 15544.5
1100.11 15546.9
1099.94 15592.1
1099.86 15552.7
1099.77 15528.1
1099.76 15669.7
1100.43 15653
1100.6 15717
1100.43 15691.5
1105.15 15737.6
1104.98 15676.4
1105.52 15637.4
1105.53 15666.8
1105.21 15650.4
1105.59 15630.4
1105.05 15609.4
1105.02 15599.8
1104.87 15569.3
1106.35 15599.2
1106.4 15610.8
1106.96 15668.7
1107.01 15709.1
1107.91 15715.7
1108.1 15691.2
1108.4 15682.1
1108.38 15905.6
1108.3 15783.6
1108.27 15755.4
1107.63 15621.6
1107.68 15625.5
1107.34 15609.3
1107.61 15628
1108.53 15659
1107.71 15753
1107.7 15748
1108.35 15758.5
1109.28 15783
1110.43 15818.8
1110.45 15805.9
1110.45 15797
1110.48 15809.5
1109.81 15877.8
1109.82 15834.8
1109.82 15793.6
1109.86 15767.4
1109.51 15677.3
1109.33 15737.7
1109.62 15761.3
1109.66 15771.6
1109.89 15794.9
1109.92 15811.9
1109.84 15850.4
1109.9 15841
1110.27 15839.9
1110.15 15838.5
1109.9 15826.1
1109.84 15809.3
1112.75 15878.1
1112.64 15828.7
1112.96 15838.5
1112.36 15852.3
1112.44 15827.6
1114.22 15767.5
1114.42 15782.1
1115.55 15788.6
1115.45 15796.8
1115.29 15805
1116.65 15829.1
1116.66 15841
1116.71 15798.3
1116.83 15786.1
1117.06 15734.2
1117.31 15803.4
1116.33 15679.4
1116.43 15641.1
1116.71 15584.3
1122.02 15539.4
1122.19 15537.8
1122.06 15470.8
1121.95 15471
1121.27 15475.8
1121.41 15478.8
1121.36 15498.5
1122.27 15531.1
1122.13 15551.5
1121.59 15610.8
1121.57 15749.6
1121.76 15714.5
1121.79 15703.4
1121.76 15848.9
1121.64 15796
1121.74 15812.8
1121.56 15822
1121.61 15831.3
1121.69 15844.6
1120.98 15973.2
1120.98 16048.2
1121.2 16030.6
1121.23 15937.9
1121.16 15946.1
1124.05 16032.3
1123.81 16089.3
1123.8 16086.1
1123.85 16083.7
1123.85 16091.3
1123.6 16075
1123.86 16091.9
1123.19 16115.4
1124.08 16116.9
1124.35 16094.5
1123.84 16339.8
1123.94 16354.9
1124.73 16381
1124.83 16431.7
1124.68 16379
1124.66 16407.4
1124.7 16421.4
1125.18 16443.9
1125.25 16459
1125.07 16475
1125.07 16431.8
1127.59 16447.6
1127.59 16459.1
1127.66 16424.6
1127.64 16330.4
1127.64 16281.3
1127.62 16319.2
1127.53 16339.7
1127.3 16348.6
1127.41 16219.5
1127.35 16133.1
1126.92 16217.7
1126.93 16204
1126.95 16182.8
1127.19 16188
1127.26 16192.3
1127.28 16225
1127.29 16142.8
1127.19 16094.4
1127.18 16081.3
1128.13 16103
1131.42 16129.5
1134.33 16232.5
1133.94 16206.7
1134.11 16218.8
1134.26 16220.9
1133.98 16222.7
1134.13 16217.1
1134.15 16190.5
1135.29 16165.9
1135.52 16181.6
1140.07 16360
1140.18 16275.4
1140.39 16218.6
1139.87 16219.2
1139.79 16219.5
1139.84 16262.5
1139.87 16274.5
1142.32 16298.6
1142.33 16303.6
1143.04 16292.6
1143.72 16293.3
1144.16 16272.7
1143.63 16471.5
1148.61 16453.1
1148.77 16568.5
1148.46 16388.3
1148.46 16305.8
1150.01 16373
1149.85 16370.6
1149.74 16434.8
1149.73 16463.7
1149.86 16491.2
1150 16528.9
1150.23 16731.5
1150.23 16753.5
1150.56 16779
1150.51 16823.5
1150.29 16860.7
1150.28 16860.4
1152.38 16926.1
1152.44 16946.3
1152.51 16911.5
1152.39 16924.4
1149.95 17005.5
1149.77 16986.4
1149.77 16979
1149.79 16953.1
1150.17 16928.3
1157.61 17152.5
1157.65 17144.5
1157.83 17163.7
1162.15 16883.8
1161.85 17013.8
1161.62 16899.6
1161.63 16824.1
1161.93 16794.7
1161.75 16804.8
1161.8 16790
1160.95 16834.2
1162.42 16811.8
1163.13 16621.7
1163.28 16559.5
1162.14 17009.5
1162.02 17166.5
1162.31 16996.3
1162.23 16895.1
1162.07 17014.2
1161.82 16913.5
1161.92 16878.7
1161.88 16779.7
1161.67 16720.4
1163.64 16742.9
1163.68 16723.9
1163.4 16698.4
1163.41 16667.8
1164.36 16627.9
1164.36 16613.3
1164.71 16615.2
1165.04 16676.6
1167.83 16734.4
1167.78 16749.9
1168.85 16831.6
1173.46 16932.8
1172.97 16747.8
1173.33 16737.7
1178.83 16751.2
1178.79 16723
1178.78 16706.8
1179.64 16679.7
1179.4 16599
1179.39 16586.6
1178.8 16591.5
1183.01 16598.4
1183.06 16635.6
1182.86 16639.3
1182.86 16647.2
1182.87 16655
1182.45 16655.1
1182.31 16670.6
1182.64 16690.5
1183.67 16686.6
1183.59 16699.7
1183.48 16688.6
1183.57 16689.4
1183.54 16694.3
1183.47 16693.1
1184.23 16696.7
1184.18 16664.4
1184.17 16659
1184.01 16638
1184.04 16639.2
1184 16647.2
1183.96 16628.4
1183.91 16589.6
1183.88 16602.4
1183.86 16592.9
1183.31 16576.4
1183.33 16560.9
1183.33 16579.1
1183.26 16601.6
1183.26 16612.4
1183.31 16629.7
1183.19 16635.6
1183.13 16624.4
1182.96 16709.2
1182.93 16697
1182.72 16713.5
1182.85 16692.9
1182.63 16711.9
1182.48 16743.6
1182.27 16760.7
1182.33 16771.2
1182.51 16780.9
1182.19 16900
1182.74 16934.6
1182.77 16927.7
1182.8 16927.2
1182.9 16935.6
1183.28 16946.7
1183.21 16945.2
1183.38 16978.4
1183.06 16972.1
1183.07 16974
1183.1 16995.3
1183.29 17008.9
1183.44 17008.1
1183.55 17033.4
1183.54 17059.1
1183.18 17112.6
1183.16 17111.1
1183.41 17123.4
1183.31 17144.5
1183.86 17193.1
1183.66 17194.9
1183.69 17222
1182.91 17202.8
1182.98 17218.5
1184.64 17268.7
1184.66 17271.1
1185.14 17251.3
1184.78 17215.3
1184.75 17196.8
1184.68 17139.4
1184.65 17123.3
1184.73 17122.1
1184.69 17112.7
1184.72 17122.9
1184.73 17136.7
1184.93 17155.7
1185.16 17122.2
1185.08 17080.4
1184.72 17026.4
1184.73 17095.9
1184.75 17090.2
1184.97 17076.3
1185.01 17057.5
1184.63 17037.7
1184.5 17041.5
1184.36 17029.8
1184.28 16996.7
1184.77 16984.3
1184.77 16970.9
1185.37 16999.7
1185.17 17002.9
1185.07 16974.7
1185.74 16985.6
1185.74 16973.3
1185.93 16971.3
1186.01 16927.1
1185.68 16911.8
1185.73 16930.1
1185.58 16927.5
1185.58 16923.9
1185.6 16965.8
1185.64 16961.6
1184.36 16931.8
1184.46 17133.5
1184.85 17120.7
1184.74 17054.7
1184.75 16993.1
1184.98 16970.6
1184.98 16972.2
1185.16 17002.9
1185.13 16997.4
1185.55 17007.2
1186.65 17058.2
1186.48 17031.9
1186.32 17006.3
1185.63 17071
1186.85 17117.5
1186.79 17052.2
1186.73 17067.6
1186.78 17082.3
1186.69 17061.6
1186.28 17013
1186.32 16998.1
1186.35 16981.5
1186.03 16979.2
1185.98 16952.6
1186.01 16953.5
1185.99 16888.4
1186.57 16913.3
1186.45 16888.3
1186.59 16878.7
1186.61 16850.4
1186.67 16847
1186.43 16794.7
1186.7 16772.6
1187.85 16784
1188.09 16838.6
1188.08 16883.9
1187.38 16909.5
1187.4 16911.6
1187.97 16904.3
1189.92 17041.4
1190.84 17050.7
1190.91 17054.3
1190.85 17027.6
1191 17039.6
1190.84 17021.4
1190.74 17028.9
1190.97 17026.8
1191.84 17050
1191.96 17038.7
1191.9 17094.1
1191.98 17134.4
1191.78 17170.1
1192.05 17195.6
1192.89 17241.5
1192.62 17193.8
1192.89 17218.3
1192.58 17255.9
1192.46 17307.9
1193.5 17344.2
1194.17 17334.1
1194.2 17364.1
1194.23 17354.6
1194.26 17340.6
1193.75 17394.4
1193.68 17420.3
1194.15 17449.9
1194.05 17418.9
1194.01 17437.7
1194.05 17409.1
1194.47 17540.3
1195.37 17521.2
1195.24 17504.5
1195 17487.1
1195.02 17482.4
1195.04 17479.8
1195.06 17474.7
1195.13 17474.2
1195.76 17485
1195.33 17479.1
1195.17 17525.4
1195.16 17524.5
1195.72 17543.2
1196.53 17510.2
1196.6 17507.6
1196.48 17563
1197.89 17785
1197.82 17816.2
1198.57 17812.1
1198.64 17825.6
1198.81 17815.1
1199.08 17827.8
1200.06 17862
1200 17855.9
1200.59 17868.6
1200.52 18094
1202.24 18148
1201.9 18210.1
1202.23 18226.6
1202.25 18243.1
1202.14 18260.1
1202.06 18278
1202.07 18290.7
1201.92 18310.2
1201.9 18319.8
1201.91 18317.9
1201.94 18341.9
1202.01 18352.9
1201.82 18352.6
1201.94 18298.5
1201.88 18313.6
1202.05 18298.5
1201.97 18351.8
1202.32 18388.9
1202.3 18424
1202.48 18427.5
1202.45 18363.2
1203.39 18327.6
1203.45 18318
1204.36 18410.5
1205.05 18442.8
1204.95 18430.2
1213.73 18461.4
1213.27 18392.8
1213.32 18414.3
1213.26 18464.4
1213.35 18473.1
1213.45 18447.9
1213.48 18436.3
1214.76 18404.6
1216.54 18413.8
1216.56 18434
1217.06 18428.7
1217 18417
1216.95 18434.9
1221.33 18421.2
1221.41 18436.7
1221.56 18426.3
1221.69 18352.5
1221.67 18321.4
1221.64 18331
1221.69 18354.1
1221.7 18373.7
1225.87 18406.6
1225.93 18450.5
1225.92 18409.7
1225.66 18417.8
1225.48 18445.1
1225.46 18432.4
1225.59 18420.1
1225.22 18408.2
1225 18439.1
1225.05 18461.2
1223.69 18585.9
1223.76 18588.7
1224.58 18605.6
1224.18 18645.7
1224.25 18665.7
1226.01 18703.1
1225.64 18658.2
1227.44 18711.2
1227.49 18696.7
1227.21 18760
1226.97 18806.3
1226.3 18831.9
1226.23 18817.4
1226.44 18837
1225.8 18823.5
1227.36 18831.4
1227.36 18791
1227.43 18737.6
1229.31 18703.8
1227.79 18826.9
1228.27 18821.5
1228.56 18856.2
1228.55 18852.2
1229.33 18875.8
1229.33 18860.8
1229.34 18860.3
1229.66 18882.6
1232.41 18895.4
1232.39 18894.9
1232.32 18903.9
1232.32 18899.3
1232.27 18914.3
1232.23 18911.3
1236.17 18982.5
1236.75 19030.5
1236.86 19077.8
1235.86 19029.2
1235.16 19031.9
1235.24 19043.2
1235.25 19176.9
1235.48 19146.4
1235.5 19103.1
1235.4 19068.9
1235.37 19031.2
1235.75 19034.4
1232.26 19032.1
1232.29 19039.7
1232.75 19056.9
1232.84 19089.4
1232.78 19109.1
1233.34 19145.4
1233.36 19153.5
1232.83 19142.5
1232.73 19168.4
1232.59 19200.1
1233.74 19244.8
1234.02 19282.6
1233.99 19290.9
1234.04 19309.5
1234.16 19341.6
1234.1 19343.3
1234.27 19363.2
1234.22 19400.2
1234.33 19427.3
1235.3 19465.5
1235.19 19477.8
1234.25 19460.2
1234.2 19460
1234.21 19489.6
1234.24 19496.6
1234.63 19534.6
1235.15 19534.1
1235.54 19510.9
1235.47 19675.6
1235.43 19652.1
1235.41 19637.1
1235.2 19650.6
1235.05 19662.3
1235.08 19684.9
1235.17 19693.6
1235.25 19683.5
1235.18 19678.1
1235.2 19660.1
1235.1 19675.4
1235.02 19686.4
1235.04 19682.5
1235.05 19666.6
1236.51 19655.1
