28.852 18.0971
191.436 977.353
197.04 781.185
198.032 701.538
261.632 1313.11
308.053 1506.06
318.977 1195.1
322.031 1421.55
323.893 1276.2
317.1 2442.62
367.915 2493.19
369.398 2425.5
370.892 2391.34
412.377 3899.16
457.904 4128.32
462.949 3852.88
467.907 3760.62
468.768 3575.35
477.739 3545.94
496.802 3619.1
498.422 3555.29
526.177 4033.88
537.733 4007.93
563.226 4512.57
563.627 4367.67
619.373 4157.62
619.661 4088.31
620.152 4085.36
619.361 4417.71
623.147 4431.85
647.597 5214.4
649.738 4926.67
691.847 6183.35
695.007 5470.88
701.682 5660.75
701.533 5465.07
701.572 5457.15
750.315 5949.69
773.67 6507.13
782.639 6175.2
782.846 6044.06
784.11 6281.23
826.942 6549.25
828.443 6659.5
842.855 6834.4
843.345 7061.67
899.403 7228.03
918.606 7056.77
918.292 7054.29
926.476 6951.29
928.09 7078.84
925.939 8304.41
936.547 10167.3
937.133 10166.3
937.465 9462.65
959.622 9136.74
980.111 9740.09
981.515 9176.74
990.847 12433.2
990.393 10526.2
1007.73 10213.7
1009.28 9499.59
1008.79 9190.53
1021.01 9109.49
1018.88 8744.53
1018.76 8672.03
1028.43 8784.06
1029.38 8785.88
1039.23 8710.77
1041.13 8662.7
1052.94 8556.39
1052.55 8375.03
1054.33 8361.48
1076.63 8897.32
1083.48 9106.89
1082.53 8894.3
1108.1 8848.4
1108.42 8729.53
1113.32 8630.38
1113.8 8534.98
1113.16 8635.21
1115.99 8586.23
1116.67 10501.7
1123.24 10025.8
1124.99 10086.6
1125.01 10046.4
1130.46 10406.3
1152.89 10152.2
1171.55 10451.1
1171.76 10695.9
1178.2 10667.2
1177.53 10423.6
1180.07 10420.9
1191.08 11340.5
1200.95 11178
1201.7 10908
1200.33 10891.8
1199.86 10846.2
1204.83 11078.4
1203.73 11506.1
1213.04 11442.5
1221.57 11164.1
1234.03 11574.6
1239.35 11480
1239.84 11183.1
1240.52 10898.9
1239.94 10802.8
1241.38 10725.2
1243.04 10683
1242.55 10635.6
1241.07 10545.3
1243.08 10557.6
1243.36 10909.3
1242.41 11183.6
1244.77 11306.4
1246.38 11262.1
1246.92 11303.5
1252.95 11072.5
1252.18 11190.4
1252.68 11150.2
1261.68 11492.6
1261.66 11232.3
1264.85 11228.5
1265.02 11229.1
1264.36 11213.2
1264.34 11250.2
1263.66 11221.9
1265.02 11248.8
1264.97 11273.9
1267.16 11183.7
1267.01 11169.8
1266.98 11129.7
1267.23 11109.6
1266.62 11050.6
1267.26 11034.5
1267.54 11043
1269.68 11061.7
1268.92 10818.4
1268.28 10932.8
1268.63 10963.6
1271.54 11034.6
1272.66 11011.9
1273.03 11020.2
1277.52 10856.1
1280.09 10853.3
1280.8 10775.9
1280.84 10716.5
1280.66 10700.3
1280.4 10716
1281.18 10738.2
1281.1 10744.7
1283.96 10716.6
1288.98 10650.3
1293.79 11591.2
1293.76 11206.9
1299.23 10771.2
1301.29 10763
1300.98 10673.6
1302.68 10657.8
1305.59 10813.1
1305.6 10928.4
1307.78 10818.9
1308.23 10833.2
1308.78 10829.8
1311.6 10954.8
1311.67 11069.3
1312.28 11098.8
1314.06 11098.1
1314.19 11106.7
1314.19 11098.2
1314.71 11082.3
1314.73 11074.5
1315.08 11079.6
1314.92 11091.5
1319.57 11105.3
1323.42 10967.2
1323.43 11093.5
1323.35 11135.5
1323.11 11352.3
1323.27 11365.8
1327.17 11544.4
1329.58 11510.3
1331.17 11468.7
1331.21 11454.5
1331.9 11421.3
1331.8 11384.9
1331.8 11380.9
1331.9 11437
1332.14 11393.6
1332.61 11383.4
1333.18 11422.7
1333.27 11449.9
1332.83 11363.4
1334.55 11304.3
1334.34 11291.7
1332.41 11225
1332.39 11150.5
1332.98 11075.7
1336.03 11038.7
1335.91 10906.5
1337.31 11036.7
1337.09 11061.6
1337.81 11058.4
1337.79 11048.2
1339.85 11012.5
1340.08 11035.4
1340.31 10971.4
1340.2 10986.3
1339.82 11005.1
1339.84 11040.4
1339.87 11067
1339.94 11078
1340.68 11084.9
1340.62 11098.8
1341.37 11120.5
1341.91 11133.7
1342.72 11171.2
1344.78 11222.2
1345.78 11238.3
1345.91 11264.7
1345.8 11282.9
1347.52 11321.6
1347 11300.9
1347.33 11343.6
1349.27 11401.5
1350.13 11400.6
1350.09 11408.9
1349.24 11339.3
1348.81 11449.3
1351.61 11543.6
1352.35 11611.9
1352.31 11613.6
1352.35 11603.2
1352.19 11590.5
1351.82 11600.5
1352.61 11605
1353.26 11653.7
1353.64 11682.8
1353.28 11686.7
1353.52 11669.7
1354.71 11670.7
1353.64 11664.9
1353.31 11669
1353.34 11710.8
1354.2 11652.5
1354.21 11711.6
1354.46 11658.1
1354.48 11651.2
1354.88 11642
1354.93 11675.4
1354.96 11693
1357.59 11761.3
1357.44 11765
1359.2 11480.1
1359.19 11723
1359.25 11560.1
1359.43 11523.7
1359.22 11519.2
1359.1 11569.2
1359.11 11560.3
1359.11 11550.9
1359.14 11543.5
1359.58 11567.6
1359.6 11560.3
1359.53 11530.1
1366.59 11539.4
1366.64 11596.5
1366.6 11533
1366.88 11577.6
1367.32 11547
1367.19 11500.2
1367.33 11498.8
1367.31 11474.8
1367.23 11462.8
1368.19 11448.7
1367.84 11443.9
1368.1 11451.8
1368.26 11461.8
1368.11 11412.3
1368.47 11403.6
1368.38 11379.2
1370.43 11390.1
1370.49 11372.5
1370.58 11344.8
1371.08 11335.8
1370.94 11339.1
1371.03 11315.6
1370.93 11330.3
1370.77 11280.5
1371.18 11261
1371.41 11225.7
1371.38 11233.4
1371.02 11218.5
1371.07 11228.1
1371.14 11263.8
1371.1 11272.5
1372.86 11251.1
1372.82 11265.6
1372.72 11242.7
1372.69 11233.9
1372.56 11226.1
1372.53 11213.6
1373.62 11256.1
1373.99 11267
1374 11253.4
1374 11263.9
1375.14 11224.9
1375.14 11241
1375 11248.7
1374.85 11246.1
1375.41 11274.1
1375.34 11281.7
1374.89 11308.4
1375.12 11340.1
1375.2 11342.6
1375.22 11305.9
1375.21 11304.4
1375.52 11312.3
1375.37 11287
1375.76 11254.1
1375.96 11241.6
1375.97 11224.3
1376.43 11224.4
1377.31 11197.8
1378.11 11186.5
1378.5 11168.5
1378.76 11132.6
1378.74 11117
1378.33 11072.6
1380.43 11030.5
1380.49 11068.2
1381.25 11110.7
1381.18 11173.9
1381.48 11166
1382.34 11063.3
1382.33 11057
1382.38 11055.2
1382.24 11033.4
1381.69 11020.2
1381.39 10977.4
1381.29 10970.9
1381.99 10953
1381.78 10873
1381.66 10851.5
1381.19 10823.4
1381.23 10842.6
1380.31 11027.4
1380.46 11032.5
1380.31 11189.7
1380.17 11169
1380.07 11162.8
1380.03 11132.3
1380.29 11118.5
1379.98 11116.8
1380.55 11111.1
1380.53 11116.2
1382.06 11175.7
1381.97 11220.6
1382.26 11262.3
1382.39 11240.7
1382.48 11241.8
1383.59 11241.7
1383.19 11242.1
1383.75 11215.5
1383.76 11241.6
1383.72 11228.5
1383.77 11252
1383.96 11248.9
1383.65 11189.2
1383.43 11215.2
1383.17 11218.5
1382.87 11185.5
1382.84 11240.8
1382.77 11212.7
1382.83 11211.4
1382.47 12317
1382.49 11930.7
1382.6 11909.2
1384.18 11963.2
1384.14 12021.4
1384.42 12037.8
1384.58 12063.4
1385.1 12062.5
1384.95 12067.9
1384.96 12062.9
1385.09 12072.5
1385.26 12030.4
1385.13 11991.8
1385.85 12005.4
1385.73 11943.5
1385.95 11943.9
1385.9 11970.6
1386.03 11987.5
1385.72 12027.5
1385.69 12033.5
1386.26 12059.5
1386.28 12109.6
1386.24 12090.5
1386.27 12073.1
1386.62 12055.5
1386.17 12112.8
1386.37 12149.9
1386.38 12150.6
1386.56 12151.2
1386.56 12166.7
1386.62 12167.8
1386.7 12193.4
1386.73 12193.7
1386.76 12198.6
1387.43 12210.5
1387.9 12207.9
1387.98 12219
1387.98 12216.7
1388.44 12238.3
1388.44 12255
1388.46 12220.9
1388.41 12238.8
1388.49 12244.4
1388.63 12242.9
1388.68 12243.2
1388.9 12237.8
1389.11 12245
1388.91 12249.6
1388.9 12225.3
1388.79 12225.3
1388.42 12236.5
1388.59 12234.5
1388.76 12224.6
1389 12259.2
1389.75 12234.5
1389.52 12232.9
1389.51 12224.1
1389.53 12208.7
1389.54 12201
1389.74 12209.1
1389.65 12223
1389.86 12226.8
1389.84 12240.2
1389.87 12252.8
1389.92 12254.1
1389.91 12227.9
1389.87 12253.2
1389.89 12247.8
1390.78 12385
1390.2 12374.7
1390.27 12285.7
1390.23 12297.6
1390.24 12311.3
1390.35 12321.9
1390.24 12318.7
1390.2 12310.3
1390.24 12304.6
1390.63 12314.3
1390.69 12349.8
1391.36 12371.6
1391.28 12388.7
1391.34 12387.2
1391.65 12386.7
1391.32 12380.2
1391.34 12447.1
1391.34 12420.1
1391.17 12370.5
1391.1 12373.6
1391.18 12371.8
1391.04 12378.8
1391.24 12413
1391.22 12435.5
1391.15 12440.8
1391.49 12423
1392.35 12365.5
1392.38 12380.8
1392.46 12380.3
1392.9 12363.7
1393.71 12406.4
1393.61 12437.3
1393.34 12463.6
1393.34 12473
1393.36 12476.3
1393.47 12490.8
1393.71 12455.9
1393.68 12418.3
1393.89 12426.3
1393.79 12453.7
1394.01 12480.8
1394.52 12482.5
1394.52 12494.5
1394.48 12495.7
1395.12 12531.4
1395.11 12555.9
1395.38 12576
1394.82 12539.8
1394.86 12533.6
1394.68 12519.1
1394.46 12481.4
1394.4 12472.5
1394.46 12483.1
1394.61 12505.4
1394.78 12517.1
1394.67 12508.9
1394.74 12503
1394.75 12493
1394.74 12472.4
1394.66 12463.1
1394.56 12451.5
1394.53 12454.4
1395.01 12461.7
1394.71 12461.8
1394.64 12468.4
1394.64 12472.8
1394.65 12474.7
1394.59 12468
1394.97 12447.8
1394.71 12451.9
1394.55 12517.7
1394.6 12518.2
1394.71 12485.4
1394.76 12475
1394.62 12467.1
1394.64 12465.4
1394.33 12431.3
1395.07 12424.3
1395.09 12451.2
1394.92 12478.3
1394.94 12485.4
1394.9 12476.1
1394.93 12474.6
1394.81 12476
1394.69 12441.7
1394.54 12434.7
1394.68 12455.1
1394.59 12450.1
1394.6 12461.5
1394.63 12459.6
1394.62 12454.6
1395.17 12436.1
1394.92 12422.9
1395.21 12420.2
1395.23 12416.1
1395.28 12422.9
1395.24 12393.1
1395.5 12357.7
1395.51 12346.3
1395.46 12343.3
1395.5 12342.5
1395.34 12344.1
1395.41 12373.3
1395.61 12387
1395.73 12404.6
1395.84 12412.1
1395.64 12353.9
1395.7 12349.8
1396.38 12367.7
1396.41 12389.1
1396.21 12352.1
1396.21 12341.8
1396.63 12272.3
1396.53 12204.7
1396.57 12186.1
1396.54 12202.6
1396.91 12231.9
1397.09 12256.1
1396.87 12264.4
1396.76 12258.8
1396.79 12254.8
1396.9 12251.7
1396.85 12258.1
1396.92 12247.3
1397.34 12225.3
1397.35 12226.5
1398.08 12230.8
1397.75 12234.5
1397.73 12249.1
1397.72 12266
1397.8 12284
1397.84 12303.1
1397.44 12251.2
1397.46 12233
1397.61 12236.2
1397.69 12220.1
1397.6 12173.3
1397.4 12187.9
1397.41 12194.1
1397.4 12215
1397.45 12222.6
1397.39 12217.6
1397.39 12206
1397.1 12194.8
1396.86 12211.9
1396.81 12237.4
1396.83 12270.5
1396.84 12282
1396.79 12283.7
1396.92 12384.4
1397.06 12399.9
1397.2 12383.5
1397.19 12377.5
1397.27 12400.4
1397.71 12486.6
1397.56 12557.4
1397.49 12566.1
1397.48 12521.8
1397.6 12504.8
1397.76 12505.6
1397.79 12526.5
1397.7 12524.8
1397.71 12515.6
1397.85 12502.3
1397.62 12503.4
1397.48 12512.1
1397.68 12543.3
1397.42 12529.4
1397.4 12490.2
1397.44 12487
1397.37 12494.1
1397.55 12499
1398.22 12558.6
1398.58 12607.5
1398.05 12659.5
1398.06 12694.4
1398.28 12694.8
1398.28 12702.4
1398.33 12708.4
1398.55 12715.3
1398.61 12727.6
1398.85 12732.4
1398.96 12739.4
1399.06 12722.6
1398.97 12725.6
1398.98 12734.6
1398.64 12769.8
1398.89 12710
1399.13 12694.2
1399.07 12704.9
1398.95 12666.3
1398.98 12690.4
1398.84 12685
1398.86 12676.8
1398.88 12695.8
1398.73 12730.6
1398.96 12729.5
1399.12 12747.9
1398.91 12725.3
1398.87 12591.1
1399.01 12554.8
1399.1 12517.7
1399.36 12489.9
1399.45 12492.3
1399.54 12489.4
1399.56 12475.1
1399.31 12481.1
1399.23 12473.2
1399.22 12471.1
1399.21 12472.4
1399.14 12462.2
1399.1 12462
1399.17 12461.3
1399.25 12463.2
1399.25 12465.9
1400.52 12535.3
1400.52 12534.7
1400.74 12530.8
1400.8 12512
1400.95 12544.1
1400.99 12521.1
1401.13 12533.6
1401.4 12561.2
1401.28 12550.5
1401.28 12558
1401.26 12569.4
1401.32 12678.9
1401.4 12671.1
1401.33 12827.2
1401.59 12778
1401.27 12743.5
1401.23 12711.8
1401.67 12696.4
1401.94 12718.2
1401.93 12725.8
1402.05 12713.3
1402.15 12724
1402.15 12724.9
1402.54 12751.1
1402.71 12762.6
1402.49 12732.1
1402.58 12725.4
1402.58 12695.4
1402.51 12681
1402.51 12686.7
1402.34 12682.2
1402.59 12690.1
1402.6 12697.8
1402.47 12702.4
1402.56 12704.4
1402.53 12701.6
1402.58 12707.4
1402.52 12717.5
1402.51 12728.9
1402.5 12732.4
1403.02 12734
1403 12732
1403.25 12753.8
1403.19 12768.2
1403.25 12775.8
1403.16 12779.7
1403.03 12790.1
1402.85 12763.5
1403.14 12779
1403.05 12785.9
1403.09 12775.1
1403.79 12772.6
1403.92 12781.2
1403.99 12775.5
1404.39 12775.1
1404.39 12766.9
1404.38 12784.3
1404.86 12783.1
1404.78 12791.2
1404.92 12811.8
1404.98 12808.7
1404.97 12795.4
1404.98 12786.3
1404.91 12766.7
1404.88 12768.3
1405.02 12771.6
1405.04 12743.6
1405 12729.4
1405.09 12714.9
1405.23 12698.8
1405.23 12691
1405.13 12675.3
1405.32 12659
1405.43 12659.5
1405.73 12678.8
1405.74 12686.6
1405.14 12682.4
1405.02 12679.4
1405.13 12674.7
1405.13 12665.9
1405.03 12680
1404.74 12708.1
1404.74 12721.9
1403.89 12672.6
1403.93 12656.5
1404.19 12644.5
1404.6 12634.4
1404.72 12636.1
1404.72 12652.9
1404.6 12674.1
1404.48 12677
1404.49 12680.6
1404.47 12677.8
1404.44 12668.6
1404.72 12696.3
1404.77 12692
1404.78 12690.2
1404.71 12681.4
1404.83 12669.8
1404.72 12661.9
1404.74 12651.7
1404.5 12604.8
1404.38 12600.7
1404.62 12600.2
1404.62 12594.7
1404.72 12588.7
1404.86 12593
1404.88 12608.1
1404.92 12613.5
1405.26 12595.9
1405.23 12599.2
1405.32 12596.4
1405.61 12604.8
1406.1 12631.3
1406.04 12656.9
1406.36 12693.5
1406.64 12709.2
1406.66 12694
1406.57 12678.1
1406.69 12684.3
1406.8 12685.3
1406.69 12704.4
1406.54 12714.1
1406.48 12710.9
1406.51 12702.1
1406.65 12702.9
1406.83 12717.4
1406.87 12739.8
1406.87 12747.3
1406.87 12757.6
1406.84 12752.5
1407.22 12755.2
1407.31 12742
1407.37 12785.5
1407.34 12772.6
1407.35 12773.9
1407.36 12769.4
1407.12 12773.3
1407.11 12732
1407.42 12704.1
1407.37 12696.3
1407.49 12684.2
1407.61 12664.3
1407.53 12649.9
1407.24 12621.7
1407.32 12604.4
1407.01 12584.2
1406.98 12582.1
1406.97 12585.4
1406.91 12577.8
1406.87 12563.4
1406.77 12551.8
1406.95 12536.1
1407.15 12606.8
1407.23 12622.4
1407.21 12619.3
1407.17 12631.1
1407.34 12632.4
1407.66 12643.7
1407.75 12643.9
1407.81 12651.6
1407.81 12649.5
1407.69 12648.6
1407.69 12647.3
1408.16 12614.7
1408.12 12633.3
1408.22 12649.5
1408.12 12676.4
1407.88 12647.1
1407.61 12675.8
1408.19 12663.3
1408.16 12670.3
1409.19 12657.6
1409.15 12670.3
1409.12 12660.2
1409.01 12662.2
1409.11 12657.1
1409.1 12653.2
1409.26 12649.7
1409.74 12667.1
1409.71 12678.1
1409.91 12660.8
1409.94 12644.9
1409.89 12642.5
1409.9 12648.2
1409.95 12642.8
1410.05 12643.4
1410.09 12640.7
1410.1 12670
1410.2 12682.5
1411.83 12713.2
1412.49 12672.4
1412.46 12718.2
1412.62 12742.8
1412.59 12731.6
1412.04 12675.8
1412.22 12670
1412.4 12662.8
1412.22 12635.8
1412.05 12642.6
1411.95 12650.6
1412.17 12694.3
1412.21 12686
1412.45 12678.5
1414.16 12668.9
1414.25 12640.7
1414.35 12631.3
1414.35 12623.5
1414.36 12627.4
1414.24 12627.9
1414.3 12619.3
1413.98 12614.6
1413.97 12630.7
1413.98 12635.6
1414 12655.3
1414.08 12648.4
1414.04 12695.7
1414.06 12685.1
1414.19 12695.2
1414.38 12731.3
1414.5 12745.2
1414.53 12761.8
1414.49 12776.1
1414.45 12784
1414.27 12734.4
1414.26 12736.5
1414.13 12750
1414.31 12764
1414.5 12781.4
1414.38 12789.7
1414.38 12799.3
1414.43 12797.2
1414.42 12790.5
1414.34 12784.2
1414.46 12778.7
1414.6 12770.8
1414.57 12763.6
1414.99 12763.9
1414.95 12749
1414.92 12732.5
1414.92 12722.3
1414.94 12719.3
1415.16 12714.5
1415.16 12710.7
1415.16 12704.9
1415.16 12700
1415.16 12686.9
1415.09 12686
1415.18 12696.8
1415.24 12688.5
1414.79 12678.5
1414.83 12684.4
1414.78 12680.9
1415.2 12668.9
1415.23 12700.9
1415.26 12670.9
1415.17 12653.3
1415.06 12627.3
1415.09 12615.1
1414.74 12624.5
1414.74 12590.7
1414.52 12548.8
1414.44 12550.2
1414.51 12558
1414.4 12557.9
1414.14 12542.6
1414.15 12538.4
1413.97 12497.6
1413.99 12498.5
1413.95 12506.3
1413.91 12496.5
1414.24 12473.3
1414.38 12472
1414.36 12474.7
1414.27 12479.4
1414.77 12480.7
1414.74 12499.2
1415.05 12519.8
1415.19 12517.7
1415.21 12530.1
1415.4 12526
1415.38 12511.1
1415.32 12500
1415.32 12497.1
1415.32 12501.2
1415.32 12490.4
1415.33 12490.6
1415.43 12504.9
1415.53 12514
1415.65 12524.4
1415.66 12522.4
1415.76 12511.8
1416.19 12501.6
1416.34 12505.2
1416.38 12507.8
1416.37 12509.3
1416.38 12510.1
1416.48 12510.2
1416.74 12494.1
1416.71 12481.5
1417.11 12502.4
1416.99 12509.3
1417.23 12495.8
1417.75 12483.9
1418.6 12498.6
1418.43 12501.4
1418.43 12511.6
1418.7 12538.1
1418.75 12554.9
1418.77 12571.9
1418.78 12595.2
1418.71 12599.6
1418.95 12610.5
1418.95 12616
1418.83 12619.8
1419.15 12668.2
1419.17 12686.7
1419.09 12697.3
1419.08 12679.4
1418.78 12673.1
1418.79 12674.8
1418.67 12660.9
1418.34 12607.2
1418.41 12601.7
1418.59 12631.2
1418.53 12637.1
1418.49 12629.6
1418.34 12624.1
1418.43 12637.4
1418 12645.3
1417.93 12635.7
1417.81 12629.1
1417.76 12628.3
1417.75 12618.9
1417.68 12624.4
1417.58 12627.7
1417.6 12624.1
1417.61 12625.7
1417.75 12614.9
1417.7 12602.5
1417.7 12600.7
