220.918 1809.2
316.997 1525.35
320.151 1291.38
354.848 1246.36
385.356 1501.82
410.088 1505.19
434.544 1510.48
456.886 1618.76
457.208 1543.34
453.19 1717.73
456.168 1987.83
455.303 2457.63
465.127 2313.17
465.486 2139.68
466.588 2001.64
497.02 2750.52
497.54 2399.48
502.012 2103.19
515.007 2126.83
516.045 2111.19
534.757 2340.21
536.026 2243.31
537.099 2266.37
536.622 2255.08
574.117 2580.15
577.732 2619.7
584.561 3017.07
584.594 2930.95
583.077 3324.69
581.871 3714.74
581.763 3608.86
583.741 3638.71
583.71 3874.95
584.716 3973.93
597.649 4418.98
597.403 4898.71
597.686 4647.99
600.226 5864.6
600.722 5452.25
603.83 5384.15
609.352 5389.83
615.863 5894.11
616.547 5785.56
620.403 5946.46
647.89 6356.75
644.973 6510.53
651.026 6837.49
653.436 7193.64
653.713 6902.16
688.089 8879.38
699.376 8831.38
703.555 8344.37
704.64 8368.69
705.639 8286.93
707.104 8253.38
709.85 8233.87
707.052 8624.95
712.407 8638.46
713.331 8659.31
713.246 8689.36
726.503 8828.09
723.029 9024.03
722.561 9000.15
728.247 8954.5
740.481 8901.37
741.507 9237.08
744.576 9431.03
760.097 9515.46
769.487 9897.25
786.081 10392.3
796.417 9919.91
807.647 10482.8
811.947 9991.33
811.826 9747.58
814.015 9763.02
814.527 9570.12
809.582 9653.15
812.036 9818.26
824.493 9812.93
823.06 9619.7
827.545 10222.7
827.181 10054.3
827.031 9772.08
826.748 9610.27
828.242 9587.09
832.706 9443.41
832.674 9391.58
843.798 9621.14
841.714 9695.52
842.503 9593.61
844.129 9611.7
843.826 9530.83
846.232 9512.06
847.814 9739.3
848.239 9819.47
850.041 9732.8
849.784 9813.66
852.89 9762.15
855.087 9704.79
854.321 9755.94
857.306 9658.92
865.573 10079.8
873.127 9764.09
876.141 9875.32
876.782 9761.6
877.87 9683.5
877.543 9665.02
879.099 9630.83
887.038 9583.98
895.282 9539.32
894.451 9554.57
895.041 9542.55
896.184 9554.88
896.401 9723.85
894.711 9996.09
897.145 9916.72
900.016 9926.58
902.251 9984.45
903.624 10066.8
905.706 10116.4
904.955 10045
906.361 10280.3
907.433 10462.3
912.418 10517.1
912.173 10604.4
918.872 10611.9
918.722 10648.4
920.967 10787.8
920.853 10900.9
920.936 10937.7
920.39 10927.7
919.32 10917.2
919.269 10886.5
918.23 10907.9
917.999 10920.2
917.57 10977.6
918.74 11033.9
912.213 11504.8
911.469 11739
914.685 11501.1
916.657 11432.3
917.583 11502.9
920.091 11520.1
919.388 11494.8
923.39 11452.8
923.373 11496
924.029 11478.9
922.438 11628.1
920.446 11779.3
920.655 11749.1
920.199 11928
920.165 11951.2
920.277 12005
923.575 12017
923.596 12086.4
923.5 12173.1
923.841 12218.7
923.804 12165.1
924.818 12173.2
924.918 12170.9
923.853 12182.2
924.276 12178.2
930.577 12281.6
930.377 12293.9
931.376 12297.7
929.813 12183.2
930.049 12139.8
930.096 12147.9
930.131 12150.2
932.175 12190.4
934.662 12806.7
939.12 12737.2
938.082 12650.7
936.394 12684
936.552 12644.4
937.636 12674.1
937.525 12673.8
937.623 12711.2
937.686 12686.6
937.644 12648.9
938.026 12643.5
938.437 12592.4
936.104 12649.2
937.158 12629.8
935.985 12620.4
938.077 12702
938.536 12722.7
938.39 12704.7
939.818 12708
939.907 12732.5
939.516 12756.5
939.202 12757.6
939.689 12707.5
940.339 12847.9
947.618 12815.3
950.154 12872
951.178 12963.4
951.124 13000.4
951.413 13021.7
953.101 12963.6
952.822 12883.9
953.669 12863.6
953.352 12702
957.314 12541.5
958.885 12403.7
961.087 12398.2
960.847 12163.3
959.79 12081.8
959.94 12067.3
960.068 12050.9
960.365 12090.6
958.711 12133.2
959.966 12122.2
960.354 12103.7
966.627 12041.3
966.69 12062.1
966.562 12061.8
968.53 12065.2
969.483 12231.1
969.143 12307.8
969.035 12344.9
969.246 12360
969.382 12378
969.413 12401.4
969.256 12440.7
969.452 12429.4
970.809 12472.9
971.625 12460.1
970.963 12408.2
971.289 12370.5
970.182 12368
970.117 12346.6
970.08 12326.6
971.37 12351.2
972.068 12361.2
971.836 12357.4
975.347 12356.3
976.481 12438.5
979.006 12518.6
979.194 12684.4
979.483 12683.5
979.248 12705.9
979.248 12733.8
979.126 12650.6
980.612 12579.4
980.491 12559.3
980.066 12544.8
980.081 12532.5
980.629 12529.2
980.723 12557.2
985.685 12647
985.517 12634.3
986.012 12628.4
987.231 12661
986.358 12636.6
986.284 12650
986.506 12698.7
986.478 12631.9
986.863 12657.4
985.665 12538.9
985.652 12551.1
985.755 12573.9
986.332 12603.1
987.132 12588.5
987.089 12634.8
989.6 12741.1
989.946 12732.5
990.432 12770
990.202 12788.8
990.107 12787.3
991.61 12825.3
995.753 12871.4
994.987 12943.7
995.938 12964.6
996.246 12999.7
997.229 13016.4
997.087 13055.7
997.084 13065.5
997.178 13076.4
996.95 12982.8
996.874 12953.8
996.809 12925.9
997.833 12899.7
997.97 12866.2
998.045 12851.3
998.64 12783.6
998.392 12763.8
998.446 12716.2
999.277 12685
1001.11 12625.8
1000.86 12659.9
999.722 12652.6
1006.04 12758.7
1008.21 12765.9
1009.64 12852.2
1008.83 12906.2
1008.79 12875.5
1008.63 12855.8
1009.06 12822.5
1008.59 12820.7
1008.76 12842.7
1009.01 12888.5
1008.45 12841.6
1009.27 12836.2
1010.25 12889.2
1011.2 12883.3
1010.39 12872
1009.39 12855
1009.42 12892.2
1008.72 12943.6
1008.52 12948.4
1008.2 12963.8
1008.06 12964.2
1008.15 12965.1
1008.77 12961.1
1008.78 12947.8
1008.61 12950.9
1009.12 12913
1009.37 12929.8
1009.26 12918.6
1009.23 12917.7
1009.14 12916.2
1008.96 12925.5
1008.53 12923.9
1008.37 12938.6
1008.29 12936.2
1008.48 12938.9
1008.4 12948.3
1008.96 12896.6
1009.18 12880.7
1009.22 12879.1
1009.27 12881.6
1009.27 12907.9
1009.43 12856.6
1009.48 12890.2
1011.27 12898.5
1011.68 12918.3
1010.59 12965.2
1010.52 12995.3
1010.56 13041.7
1014.44 13075.2
1014.94 13123.4
1014.96 13114.3
1015.9 13136.6
1017.06 13161.8
1016.92 13204.5
1017.03 13221.7
1017.36 13228.3
1017.29 13213.7
1017.13 13214.2
1017.27 13213.2
1021.15 13242.5
1021.2 13262.4
1021.56 13286.5
1020.67 13264.2
1020.74 13277.1
1019.87 13306.7
1020.37 13337.8
1020.73 13318.6
1020.72 13289.8
1020.72 13279.2
1020.94 13260.9
1021.88 13259
1021.74 13322.5
1021.64 13253.7
1022.22 13233.5
1022.09 13276.6
1022.24 13304.5
1021.75 13371.7
1021.57 13382
1021.67 13398.1
1021.67 13469.1
1022.05 13528.6
1022.86 13568.3
1022.84 13551.1
1023.86 13238.4
1023.58 13040.6
1023.53 13099.7
1024.07 13074.9
1024.39 13085.5
1024 13070.1
1024.98 13126.3
1024.95 13102.7
1025.04 13095.7
1023.79 13064.7
1024.11 13080
1024.52 13050.4
1024.91 13105.3
1025.07 13125.4
1025.07 13132.9
1025.23 13088.1
1025.26 13069.1
1023.24 13127.6
1023.8 13142.4
1023.43 13162.4
1023.53 13165.6
1023.41 13133
1023.41 13097.8
1024.02 13088
1023.65 13050
1024.19 13117
1024.37 13096.1
1024.11 13089.4
1024.09 13082.5
1025.39 13080.9
1026.38 13146.6
1026.72 13143.4
1026.34 13148.9
1026.4 13146
1026.13 13139.4
1025.17 13140.1
1025.16 13172.9
1025.28 13142
1025.36 13117.6
1025.37 13103.6
1025.38 13066.8
1024.93 13017.3
1025.6 13040.5
1025.63 13028.2
1025.64 13020
1025.98 13025.9
1025.33 13013.1
1025.58 13024.9
1025.59 13042.1
1024.93 13152.6
1025.92 13141.8
1026.04 13164.5
1025.97 13181.1
1026.23 13150.5
1027.8 13173.7
1027.86 13158
1027.86 13142.4
1028.13 13144.8
1028.13 13151.2
1028.18 13165.5
1028.56 13164
1029.14 13181.6
1029.09 13200.6
1029.21 13278.6
1028.89 13248.2
1028.79 13192.2
1029.18 13241.1
1029.85 13206
1030.45 13254.4
1030.03 13278.4
1030.11 13314.3
1030.13 13358.1
1031.22 13392.9
1031.23 13468.7
1031.65 13497.6
1031.44 13528.5
1032.35 13516.5
1031.24 13579.5
1030.54 13587
1031.86 13576
1031.76 13626
1031.73 13632.6
1032.15 13625.9
1032 13630
1031.1 13627
1028.91 13641.2
1029.12 13653.1
1028.99 13648.6
1028.32 13677.8
1028.32 13688.1
1027.83 13682.6
1027.8 13725.1
1027.57 13754.4
1027.61 13785.9
1027.84 13801
1028.06 13847.1
1028.59 13843.5
1028.58 13804.9
1027.46 13800.4
1029.46 13863
1029.49 13915.8
1029.29 13922.2
1029.37 13921.3
1029.37 13874.3
1029.31 13860.6
1029.13 13658.5
1028.94 13629.7
1030.42 13657.1
1030.66 13682.1
1030.67 13662
1030.74 13642
1030.53 13593.3
1030.59 13558.5
1030.62 13556.7
1031.35 13587.6
1031.5 13596
1031.83 13618.9
1032 13626
1032.14 13647.9
1031.96 13678.4
1031.97 13687.4
1034.38 13669.6
1033.79 13574.1
1033.77 13524.5
1033.51 13555.3
1033.7 13606.3
1034.09 13655
1033.83 13695.1
1034.05 13730.7
1037.85 13665.1
1037.53 13577.1
1038.21 13577
1038.19 13627.6
1038.22 13650.6
1040.09 13757.1
1041.85 13743
1041.96 13661.7
1042.14 13644.8
1042.21 13663.4
1042.03 13614.3
1042.16 13575.3
1042.19 13525.6
1042.18 13519.2
1042.32 13529
1042.28 13549.2
1041.83 13547.6
1041.7 13561.2
1041.56 13555.1
1042.11 13593.2
1042.16 13608.1
1042.48 13613
1043.3 13630.7
1043.43 13602.6
1043.43 13611.8
1043.19 13632.1
1042.85 13636.4
1041.91 13668.9
1041.88 13672.6
1041.3 13685.8
1041.48 13686.8
1041.39 13658.9
1042.24 13671.4
1042.16 13695.3
1043.06 13691.3
1043.32 13682.7
1043.27 13645.6
1044.19 13661.2
1044.79 13681.3
1044.85 13666.1
1043.78 13685
1043.5 13733.9
1043.52 13650.2
1043.68 13642.3
1043.48 13607.3
1043.26 13591.5
1043.61 13594.4
1043.54 13607.2
1043.57 13623.8
1043.48 13606.3
1043.52 13663.2
1043.58 13681.4
1043.54 13708.6
1044.03 13743.5
1044.28 13771.3
1044.26 13784
1044.24 13792.7
1044.07 13803.2
1044.06 13816
1043.94 13850.1
1044.17 13872.4
1044.27 13897.1
1044.26 13910.4
1043.91 13851.3
1043.83 13875.3
1044.48 13899.3
1044.61 13912
1044.51 13936.9
1045.12 13936.8
1045.24 13936.9
1045.97 13927.6
1045.83 13959.8
1046.55 13963.8
1046.77 13979.2
1047.59 14028.1
1048.3 14050.4
1048.3 14064.6
1048.53 14084.6
1048.43 14119.4
1049.35 14190.5
1049.43 14209.3
1048.8 14246.2
1048.55 14223.3
1048.55 14209.6
1048.48 14211.2
1048.48 14191.2
1048.14 14182.5
1048.06 14154.5
1048.08 14132.8
1047.53 14141.1
1047.64 14157.5
1047.42 14165.9
1047.75 14135.8
1047.67 14105.2
1048.21 14116.1
1048.51 14125.6
1048.43 14045.3
1048.37 14056.7
1048.73 14067.4
1048.95 14064.8
1048.95 14073
1049.68 14158.5
1049.68 14190.3
1049.68 14187.9
1049.43 14159.3
1050.49 14202.7
1050.57 14221.7
1050.68 14227.8
1050.83 14267.1
1050.73 14277.2
1050.42 14331.7
1050.37 14310
1050.12 14265.1
1050.41 14198.2
1051.06 14209.9
1051.11 14189.6
1051.11 14184.7
1051.14 14183.1
1051.14 14189.4
1051.47 14202.2
1051.47 14219
1051.21 14234.6
1052.53 14261.6
1052.63 14285.8
1052.75 14313.3
1052.93 14336.4
1053.47 14353.7
1053.62 14385.1
1055.8 14355.7
1055.83 14477.4
1055.64 14714.2
1055.68 14611.9
1055.5 14601.8
1056.26 14606.5
1056.32 14612.1
1056.27 14620.4
1056.34 14591.5
1058.66 14615.1
1059.3 14647.7
1058.75 14644.6
1058.5 14640.2
1058.21 14619.5
1058.25 14620.7
1058.22 14606.5
1057.78 14606.6
1058.05 14620.4
1057.98 14608.3
1057.87 14536.2
1057.69 14539.5
1057.76 14512.5
1058.39 14533.2
1058.42 14481
1058.62 14475.5
1058.51 14385.5
1058.49 14377.4
1058.55 14361.4
1058.6 14328.1
1058.7 14305.4
1058.66 14316.7
1059.95 14371.3
1059.92 14350.6
1060.08 14365.7
1060.13 14406.9
1060.65 14431.7
1060.84 14473.9
1061.05 14494.9
1061.19 14526.4
1062.21 14697.2
1063.24 14725.3
1063.2 14694.5
1062.75 14655.3
1062.89 14696.7
1062.9 14742.9
1063.84 14827.9
1063.64 14790
1063.61 14781.1
1063.61 14789.8
1063.6 14792.2
1063.54 14825.7
1063.31 14840.1
1063.64 14807
1063.62 14849.4
1063.91 14851
1063.86 14843.1
1063.82 14832.9
1064.03 14802.6
1064.33 14792.5
1064.34 14765.9
1064.33 14765.2
1064.32 14818.3
1064.31 14794.3
1064.68 14807
1064.17 14835.2
1064.11 14787.4
1064.68 14742.8
1064.36 14711.2
1064.3 14711
1064.26 14583.6
1064.4 14667.3
1064.42 14611.6
1064.58 14625.5
1064.53 14635.3
1064.32 14635.5
1064.19 14638.2
1063.44 14646.4
1063.41 14644.9
1063.84 14629.1
1063.86 14629.8
1063.5 14631.6
1063.46 14634.8
1063.34 14652.8
1063.22 14708
1063.41 14714.8
1063.73 14698.3
1063.69 14718.3
1064.07 14711.9
1064.54 14704.3
1064.71 14693.2
1066.46 14696.4
1066.44 14666
1066.6 14608.4
1066.63 14655.4
1066.39 14685
1066.33 14704.5
1066.55 14714.4
1066.47 14712.5
1066.56 14745.1
1067.44 14852.9
1067.77 14924.9
1067.71 14980.3
1067.39 14954.5
1067.42 14981.1
1067.4 14995.3
1067.37 14992.2
1067.48 14987
1067.79 14952.1
1067.79 14948.9
1067.51 14925.1
1067.42 14911.8
1067.42 14923.1
1067.56 14921.8
1067.48 14925
1067.52 14933.8
1067.74 14951.3
1067.84 14966.9
1067.89 14975.1
1067.98 14940.5
1068.31 14951
1068.3 14921.4
1068.51 14927.1
1068.51 14907.4
1068.56 14906.8
1068.45 14898
1068.7 14894.6
1068.72 14915
1068.74 14924.6
1068.59 14941.6
1068.57 14942.9
1068.7 14949.6
1068.48 14956.1
1069.02 14971.3
1069.08 14961.7
1069.21 14928
1069.73 14909.1
1070.07 14862.1
1069.92 14832.5
1070.23 14811.9
1070.33 14803.6
1069.8 14848.5
1069.62 14860.6
1070.13 14869.6
1070.08 14870.4
1069.99 14872.8
1069.98 14890.3
1069.86 14889.2
1069.86 14850.7
1069.27 14808
1069.31 14825.4
1069.29 14846
1069.37 14845.4
1069.51 14838.5
1069.7 14842
1069.4 14821.1
1069.35 14807.7
1069.47 14807.7
1069.45 14830.9
1069.44 14843.2
1069.48 14828.9
1069.84 14805.8
1069.82 14803.5
1069.99 14833.3
1070.2 14823.8
1070.12 14834.9
1070.21 14853.5
1070.01 14862.5
1069.92 14881.7
1070.04 14878.5
1070.01 14869.8
1069.75 14957.6
1070.27 14998.7
1070.19 15056.2
1070.44 15069.6
1071.09 15098.9
1071.09 15105.9
1071.13 15110
1071.17 15123.6
1072.22 15126.9
1072.23 15131.8
1072.26 15116.3
1072.8 15124.8
1075.34 15253
1074.88 15217.1
1075.2 15234.2
1075.97 15237.9
1077.63 15233.3
1077.63 15242.4
1077.68 15225.8
1077.35 15229.6
1077.24 15217
1077.47 15261.2
1077.35 15270.8
1077.36 15245.9
1077.89 15273
1077.91 15271.9
1078.09 15261.5
1078.75 15260.7
1078.86 15265.8
1078.96 15267.1
1078.96 15291
1079.2 15349.7
1079.49 15380
1079.51 15399.7
1079.8 15418.8
1079.85 15437.4
1079.86 15448.6
1079.85 15491.1
1079.85 15490.4
1080.18 15511.8
1080.97 15526.7
1080.99 15515.1
1080.91 15509
1081.09 15521.1
1081.3 15562.5
1081.54 15572.2
1081.36 15620.5
1081.1 15641
1081.22 15642
1081.03 15620.1
1081.65 15622.3
1081.71 15615.8
1081.55 15626.5
1081.61 15526.1
1081.89 15500.9
1081.72 15513.7
1081.78 15519
1081.83 15532.5
1081.83 15504.4
1082.16 15504.9
1082.2 15506
1083.89 15509.7
1084.12 15567
1084.24 15569.8
1084.24 15588.7
1084.22 15600.9
1084.26 15641.6
1084.32 15684.2
1084.28 15592.7
1084.23 15663.8
1084.4 15718
1084.58 15712.8
1085.61 15732
1085.6 15763.3
1085.49 16050.5
1085.52 15911
1085.49 15904.4
1085.62 15894.4
1085.91 15883.1
1086.06 15871.4
1085.96 15868.1
1085.43 15860.8
1085.38 15846
1085.45 15867.6
1085.43 15857.9
1085.41 15855.8
1085.4 15838.2
1085.58 15967
1085.58 15976.6
1085.62 15962.6
1085.6 15939
1085.83 15940.5
1085.81 15947.6
1086 15968.2
1086.05 15997.2
1086.41 16078.1
1086.3 16102.7
1086.32 16108.7
1086.33 16099.1
1086.18 16075.2
1086.12 16073.1
1085.93 16065.1
1085.9 16030.6
1086.03 16023.3
1086.05 15996.6
1086.3 15991.7
1086.25 15951.5
1086.28 15910.6
1085.78 15907.7
1085.79 15910.6
1085.69 15914.5
1085.63 15929.1
1085.64 15975.7
1085.69 15978.7
1085.4 15885.8
1084.58 15903.2
1084.43 15906.9
1084.44 15877.1
1084.36 15860.5
1084.41 15852.4
1084.46 15850.3
1084.61 15847.3
1084.09 15843.1
1084.01 15836.6
1083.96 15842.2
1083.88 15817.4
1083.44 15799.4
1083.51 15762.1
1083.53 15749.4
1083.55 15762.3
1083.5 15774.3
1083.37 15769.4
1083.35 15740.9
1083.5 15769.1
1083.99 15770.1
1083.95 15756.5
1084.05 15751.4
1084.14 15767
1084.11 15778.9
1084.52 15847.5
1084.56 15839.8
1084.82 15850.6
1084.8 15859.3
1084.98 15849.8
1085.61 15833
1085.61 15825.3
1086.04 15813.3
1086.05 15802.9
1086.11 15825.7
1086.21 15828.6
1086.68 15791
1086.66 15795.3
1086.71 15794.4
1086.49 15791
1086.89 15782.5
1087.28 15797.8
1087.52 15788.3
1088.14 15793.4
1088.13 15809.7
1088.14 15768.7
1088.27 15772
1088.58 15789.3
1088.18 15789.9
1089.48 15808.8
1089.53 15826.3
1089.57 15812.8
1090.51 15828
1090.54 15761.4
1090.56 15773.2
1090.36 15779.8
1090.62 15775.6
1090.74 15803.5
1090.77 15779.5
1090.95 15775.7
1090.67 15727
1090.93 15742.5
1090.93 15761
1090.06 15767.8
1090.35 15845.7
1090.24 15881.1
1090.29 15894.5
1090.07 15882
1090.07 15872.8
1090.5 15878.5
1090.91 15955.4
1090.82 16007.6
1089.76 16043.9
1089.67 16048.3
1089.73 16093.5
1090.45 16067.3
1090.52 16065
1090 16041.4
1090.21 16008
1089.74 15957.6
1089.74 16402.4
1089.73 16399.4
1089.63 16440.1
