19.461 12.3021
128.378 847.905
130.13 603.325
243.484 2647.56
295.923 2486.1
384.49 4026.49
423.778 3790.34
445.641 4897.13
538.496 4294.01
546.878 4245.51
546.896 3951.61
559.429 3881.52
584.575 4124.61
641.093 4574.55
658.755 4896.19
718.545 6964.04
727.379 6459.35
739.649 6013.99
753.08 5994.68
777.401 5859.18
797.871 5976.88
798.255 6808.65
800.007 7049.99
833.925 6929.72
836.775 6947.29
865.012 7453.5
864.755 7163.42
864.789 7368.92
865.034 7565.58
872.934 7566.3
881.389 7443.06
886.665 7469.66
884.419 8364.21
892.003 8039.56
893.29 7861.91
894.514 7768.46
895.144 7882.71
897.607 8134.09
896.966 8794.25
915.925 9138.01
915.925 8888.61
918.185 8784.3
918.067 8798.42
921.453 8906.16
911.406 9659.68
911.068 10060.5
912.712 9893.25
925.069 10278.8
949.724 11048.5
946.941 11523.6
961.74 11522.6
965.245 10948.2
996.386 11559.7
996.648 11451.3
1001.93 11167.7
1012.46 12127.8
1020.07 12900.3
1037.78 12764.7
1032.48 13163.9
1039.2 13011.7
1035.7 15657.7
1033.94 15154.1
1036.73 15529.8
1036.17 15401
1039.05 15193.3
1034.38 15669.1
1034.49 15730.8
1033.3 15398.3
1028.48 15091.6
1033.08 15092.4
1032.98 14923.3
1040.31 14756.2
1043.4 14755
1043.39 14683.7
1046.29 14632.2
1052.46 14551.3
1064.3 14664.9
1063.19 14786.4
1063.39 14923.1
1064.75 14895.5
1091.35 15996.5
1088.66 15978.8
1095.06 16039.2
1106.22 16141.5
1195.14 20536.6
1195.52 18473.2
1196.6 17568.5
1189.78 17397.2
1188.23 16987.3
1188.69 16527.6
1187.66 16639.9
1194.45 16414.7
1174.99 16305.3
1175.27 16211.9
1175.18 16215.7
1175 16135.3
1172.07 16145.4
1171.98 16162.8
1168.16 15934.5
1168.89 15882.1
1167.63 15968.5
1169.14 15904.2
1174.11 15997.8
1175.88 16186.8
1176.67 16259.7
1178.73 16302.2
1172.14 16437.7
1174.98 16685.8
1176.41 16719.4
1178.42 16696.5
1168.55 16901.9
1168.06 16894.3
1167.15 16744.2
1165.89 17209.8
1173.36 17342.4
1164.18 17793.5
1171.42 19211
1171.18 18101.7
1171.47 17296.4
1171.68 16875.1
1172.68 16949.8
1174.38 17063.6
1175.39 17042.2
1190.64 17046
1191.89 16957.9
1192.85 16667.3
1190.75 16552.1
1196.42 16532.2
1195.11 16646.6
1209.33 17469
1213.6 17576.3
1213.14 17738
1211.86 18129.8
1212.3 18345.7
1211.42 18428
1211.6 18527.5
1211.91 18625.8
1211.87 18704.4
1215.42 18789.9
1220.51 18821.7
1220.37 19049.5
1214.81 19225
1217.14 19276.3
1215.87 19166.8
1215.98 19052.2
1217.53 19170.7
1248.09 18887.6
1248.05 18989.4
1252.62 19450.7
1252.71 19465.3
1252.71 19384.6
1253.74 19306.2
1253.94 19278.4
1254.01 19352
1255.17 19391.6
1252.89 19239.2
1250.8 19210
1251.55 19208.1
1252.58 19279.9
1257.24 19152.7
1257.14 19278.1
1261.68 19201.3
1257.53 19336
1253.23 20166.5
1265.95 20566.1
1266.93 20486.3
1269.66 20385.3
1271.08 20430.7
1269.03 20599.8
1268.71 20664.7
1268.92 20633
1268.05 20278.4
1268.96 20197.3
1268.96 20128.6
1268.66 20095.5
1267.33 20578.7
1267.34 20082.7
1265.72 20557.2
1266.92 20894.7
1267.35 21035.8
1267.13 20998.2
1267.28 21001.2
1267.75 20929.6
1268.64 20962.9
1268.9 20941.3
1273.35 21125.9
1273.26 21083.1
1272.13 21129.3
1272.34 21038.8
1271.51 21186.8
1272.05 20964.4
1272.49 20926.7
1284.67 21137.6
1285.03 21041.7
1285.38 21119.8
1285.47 21103.2
1285.35 21082.9
1285.49 21168.6
1285.15 21168.4
1290.86 21238.6
1291.74 21224.7
1292.12 21201
1295.88 21280.7
1297.57 21397.6
1297.61 21315.7
1298.52 21347.4
1304.03 21457
1304.16 21505.7
1306.12 21479.5
1306.07 21451.1
1306.72 21417.6
1307.61 21417.6
1307.17 21478.8
1308.07 21405.8
1309.55 21496.9
1310.97 21556.6
1313.26 21610.3
1313.35 21629.5
1313.41 21818.6
1313.21 21561.3
1317.41 21793.4
1317.48 21938.3
1318.73 21985
1321.83 22447
1324.33 22151.4
1324.72 21853.2
1325.9 21912.3
1330.03 21915.9
1328.69 21799.5
1328.69 21795.1
1328.92 21813.1
1329.26 21793.8
1329.71 21789.4
1332.21 21828.4
1330.72 21745.1
1331.37 21662.8
1334.44 21595.5
1336.52 21828.4
1341.45 21686.7
1343.37 21694.3
1346.71 21833.3
1344.75 21807.8
1348.53 21950.1
1348.06 21908.6
1348.13 21928.9
1354.01 21941.6
1354.58 22299.7
1353.77 22361
1356.16 22492.6
1356.14 22365.6
1356.42 22349.5
1356.83 22249.2
1357 22195.3
1357.19 22185.4
1357.35 22143.9
1356.79 22409.3
1357.3 22434.9
1356.99 22426.1
1357.13 22437.3
1357 22457.3
1357.63 22479.2
1358.26 22485.8
1358.32 22485.8
1357.94 22511.6
1358.06 22400.8
1357.55 22425
1357.54 22473
1357.44 22507.2
1356.66 22534.9
1356.35 22536.5
1363.4 22449
1364.51 22417.3
1366.92 22348
1367.07 22409.8
1367.2 22682.6
1367.16 22747.2
1368.19 22779.2
1368.21 22784.6
1370.65 22738.7
1371.22 22849.9
1372.41 22801.9
1372.2 22853.6
1372.12 22783
1372.4 22923.1
1372.87 23097.7
1374.03 23190.7
1376.88 23042.2
1377.5 23146.1
1377.63 23612.4
1377.71 23495.7
1377.85 23491.7
1377.9 23548.5
1377.95 23575.2
1380.09 23550.9
1381.21 23459.9
1383.57 23642.7
1384.52 23528.5
1388.75 23450.7
1389.01 23416.9
1389.02 23394.5
1389.17 23406
1389.16 23387.2
1390.49 23335.7
1396.01 23274.4
1396.24 23370.5
1395.27 23381.2
1395.3 23352.5
1394.99 23356.3
1395.08 23358.7
1399.42 23340.7
1399.48 23357.3
1398.98 23079.4
1400.27 22790.7
1401.13 22786.7
1401.25 22954.2
1401.09 22943.8
1401.36 22912.1
1401.52 22986.4
1400.61 22998.5
1400.92 22972.7
1400.66 22960
1400.99 22934.1
1401 22944.7
1400.98 22944.3
1401.58 22846
1401.4 22891.9
1401.17 22879.7
1403.22 22796.1
1402.77 22911
1403.04 22906.8
1401.48 22964.7
1401.72 22940.7
1401.58 23008.5
1402.31 23070
1402.05 23020
1402.7 22995.3
1403.04 22991.7
1404.06 22932.7
1406.13 22927.3
1405.91 22926.9
1407.98 22928.2
1408.07 22933.6
1409.04 22983.8
1408.63 23004.7
1409.65 22996.1
1409.44 22988.6
1411.83 22941.6
1411.77 22923.3
1411.42 22949.4
1411.9 22985.5
1412.58 23000.6
1412.26 22965.1
1412.26 22939.8
1412.37 22911.5
1413.13 22924.7
1413.34 22861.5
1413.57 22860.2
1414.06 22858.5
1414.67 23010.7
1414.83 22991.7
1414.74 22923.3
1415.42 22931
1412.37 23660.7
1412.46 23191
1412.42 22739
1413.74 22850.7
1413.1 22908
1414.16 22944.4
1414.38 22883
1414.48 22870.6
1414.38 22909
1415.95 22797.9
1415.89 22750.1
1415.8 22748.2
1415.28 22723
1415.66 22703.6
1416.85 22681
1419.54 22739.5
1419.75 22679.9
1419.89 22686.9
1419.91 22568.9
1419.81 22571
1425.47 22527.2
1425.59 22498.1
1425.72 22476
1426.4 22505.5
1426.42 22529.5
1425.71 22521.9
1425.48 22551
1425.28 22576.5
1425.28 22581.2
1425.79 22591.9
1425.66 22540.1
1428.6 22494.3
1428.85 22492
1428.88 22475.5
1434.71 22259.9
1435.36 22250.3
1435.07 22257.8
1434.95 22261.9
1434.56 22250.2
1434.88 22252.2
1434.89 22409.9
1435.09 22434
1434.91 22458.8
1433.82 22496.3
1433.81 22520.8
1433.9 22531.5
1432.41 22421.9
1432.52 22408.4
1432.73 22386.5
1433.2 22325.9
1433.25 22314.1
1433.47 22280.2
1433.81 22252.3
1434.01 22244.3
1434.26 22215.9
1434.22 22206.4
1434.22 22132.4
1434.87 22095.3
1434.93 22078.1
1434.57 22079.3
1434.48 22090.3
1434.39 22120
1433.14 22104
1433.03 22103.8
1433.3 22108.4
1433.34 22123.6
1433.33 22139.3
1433.35 22156
1433.49 22168.4
1433.48 22204.3
1434.03 22204.2
1434.04 22223
1434 22227.6
1433.9 22244.3
1434.24 22283.5
1431.38 22427.9
1431.39 22464.1
1431.88 22549.1
1431.62 22565.8
1431.56 22568.6
1431.37 22529.6
1431.03 22550.2
1431 22561.9
1431.01 22579.9
1431.74 22551.9
1431.83 22540.7
1431.92 22585.3
1428.92 22673.5
1429.97 22606.8
1429.87 22564.8
1429.4 22610.9
1429.83 22623.2
1429.83 22669.8
1429.88 22708
1429.7 22750.3
1430.54 22718.8
1430.78 22742.4
1430.77 22723.6
1430.52 22735.1
1430.48 22733.3
1431.1 22723
1431.02 22699.5
1430.57 22740.6
1430.46 22755.6
1430.4 22739.2
1430.44 22777.7
1430.75 22819.3
1430.7 22850.3
1431.33 22846.9
1431.28 22861.8
1431.64 22814.7
1434 22835.3
1433.63 22866.4
1433.86 22876.3
1433.91 22868.4
1433.84 22870.9
1433.04 22879.2
1431.89 22886.5
1432.02 22881.8
1432.19 22887.2
1431.98 22894.5
1431.37 22890
1432.27 22880.2
1432.35 22931.8
1432.24 22932.2
1433.61 22842.6
1433.63 22710.9
1436.4 22688.3
1436.44 22732.9
1437.56 22817.7
1436.84 22816.3
1436.77 22796.6
1436.83 22794.9
1435.56 22781.1
1435.66 22762.5
1435.91 22765.4
1436.88 22778.8
1436.85 22792.7
1437.17 22789.2
1437.12 22774.1
1437.77 22783.5
1438.59 22789.4
1439.22 22809.7
1439.2 22807.8
1438.65 22852.8
1438.87 22858.6
1439.8 22809.8
1439.74 22859.2
1439.87 22854.4
1440.4 22835
1439.81 22787.5
1439.33 22761
1438.23 22809.8
1438.33 22786.5
1438.16 22837.8
1438.23 22848.9
1438.08 22853.1
1438.41 22902.7
1438.05 22952.2
1438.23 22966.4
1438.26 22997.9
1440.93 23061.4
1440.74 23104.4
1442.83 23101.3
1440.61 23124.5
1440.6 23135.3
1440.61 23144
1440.62 23167
1440.61 23188.3
1440.89 23169.4
1440.94 23165.5
1441.19 23155.5
1441.22 23125.1
1441.28 23115.3
1441.35 23063.4
1441.35 23055.2
1439.54 23149.9
1439.51 23100.9
1439.72 23153.3
1439.74 23198.6
1439.97 23396
1440.01 23420.6
1439.7 23463
1439.93 23485.4
1440.06 23512.6
1440.1 23534.4
1440.15 23543
1441.5 23562.8
1442.43 23537.6
1443.25 23543.8
1445.09 23676.9
1445.4 23867.3
1445.06 23859.6
1445.4 23922.7
1445.43 23925.9
1445.7 23839.8
1445.54 23857.9
1445.55 23833.8
1445.53 23831.8
1444.86 23845.9
1444.84 23843.6
1447.09 23865.4
1447.53 23847.8
1447.62 23833.4
1447.73 23838.7
1447.63 23837.6
1447.62 23849.5
1449.9 23878.9
1449.65 23948.6
1449.72 23969.1
1449.06 23984.8
1449.65 24011.8
1450.93 24029.7
1450.72 23970.4
1450.71 24030.3
1450.93 24091.7
1451.32 24131.9
1450.91 24200.8
1451.08 24167.1
1453.97 24088.5
1453.16 24119.1
1452.5 24060.2
1452.51 24039
1451.71 24054.6
1451.54 24039.2
1451.53 24013.8
1451.64 24023.5
1452.5 24013.1
1452.58 23984.3
1452.73 23970.3
1452.87 23961.4
1452.68 24329.4
1452.77 24286.4
1452.74 24306.9
1452.65 24322.9
1452.58 24330.4
1452.43 24360.9
1452.81 24366.7
1452.82 24383.8
1453.12 24419.1
1453.32 24451
1454.81 24529.4
1454.81 24608.6
1455.15 24647.6
1456.03 24646.1
1455.94 24683.4
1457.34 24712.8
1457.48 24760
1458.09 24734.7
1459.39 24690.1
1459.03 24722.1
1459.01 24726.8
1459.47 24934.8
1459.53 25126.4
1459.72 25137.1
1459.83 25132.7
1459.53 25107.8
1459.59 25140.5
1459.66 25153.3
1458.64 25157.3
1458.7 25130.6
1459.31 25135
1459.29 25019.7
1459.48 25010.9
1459.25 24963.1
1459.25 25024.6
1459.14 25019.9
1460.6 25031.5
1460.61 25064.3
1460.61 25083.7
1460.27 25086.8
1461.5 25126.2
1462.75 25179.5
1464.26 25195.4
1465.34 25237.4
1465.44 25341.3
1465.52 25320.3
1464.97 25259.2
1466.59 25199.6
1466.85 25225.4
1466.75 25212.4
1467.21 25187.7
1467.11 25162.4
1467.95 25167.6
1467.84 25143.7
1467.95 25141.6
1467.46 25115.7
1469.79 25022.2
1468.74 25335.3
1468.65 25405.1
1469.04 25396.6
1469.05 25402.1
1469.1 25408
1469.16 25414.9
1469 25433.6
1469.01 25441.4
1469.33 25437.3
1469.31 25449.1
1469.51 25440.3
1469.59 25428.8
1469.58 25406.8
1469.4 25391.9
1469.46 25399.4
1468.56 25436.3
1468.52 25432.4
1468.48 25427.1
1468.28 25435.2
1468.12 25439.7
1467.87 25432.7
1467.9 25434.4
1467.92 25437.5
1468.06 25459
1468.07 25455.5
1468.19 25489.3
1470.24 25554.5
1470.3 25589.2
1470.83 25571.4
1471.28 25602.8
1471.4 25618.9
1471.01 25667.7
1471.47 25662.7
1472.88 25695.4
1472.61 25730.6
1472.4 25746.6
1472.13 25717.8
1472.49 25742.8
1472.49 25769
1472.98 25754.8
1473.23 25792.8
1472.7 25796.6
1472.45 25811.2
1471.58 25845
1471.98 25821.5
1472.01 25806.3
1472.42 25757.9
1473.22 25733.5
1473.22 25725.8
1473.39 25727.4
1473.37 25719.4
1474.61 25706.1
1477.19 25775.8
1477.55 25705.1
1477.89 25649.2
1477.85 25659.4
1478.76 25913.2
1479.62 25801.8
1479.64 25764.2
1480.11 25724.5
1478.82 25747.3
1478.76 25744.5
1479.17 25741.8
1480.01 25746.2
1480.41 25733.6
1479.5 25756.3
1478.91 25763.8
1479.27 25755.8
1478.92 25743.9
1478.92 25741.4
1479.26 25712.2
1479.26 25702.7
1479.33 25665.8
1479.34 25632
1479.52 25629
1480.41 25619.6
1480.56 25624.9
1480.63 25648.4
1480.6 25665.4
1480.59 25672.7
1481.78 25659.5
1481.97 25692.5
1481.95 25742.8
1481.65 25735.8
1484.05 25725.3
1484.05 25742.7
1485.67 25699.3
1485.64 25692.2
1486.79 25693
1487.31 25696.7
1487.34 25696.6
1487.6 25650.9
1486.89 25614.5
1486.89 25610.7
1487.01 25610.5
1487.39 25601.5
1487.5 25642.1
1488.43 25690.4
1488.93 25693.3
1488.78 25711.3
1488.81 25714.3
1489.99 25773
1490.81 25853.5
1491.01 25822.9
1491.77 25836.3
1492.9 25895
1492.67 25866.7
1492.32 25847
1492.41 25866.3
1490.87 25937.1
1491.1 25991.6
1491.12 26006.2
1491.27 26003.1
1491.61 26026
1490.35 26095.1
1490.34 26082.8
1490.31 26073.9
1489.7 26049.5
1489.92 26025.1
1490.17 25992.2
1490.15 26006
1490.68 26010.5
1490.72 26011.4
1491.05 25938.8
1491.22 25945.2
1490.38 25955.4
1491.15 25948.7
1491.39 25948.4
1491.5 25978.6
1491.54 25967.9
1491.67 25976
1492.34 26003.5
1492.63 26035.2
1492.76 26069.2
1492.63 26057.3
1493.49 26327.9
1494.21 26386.9
1494.71 26372.5
1495.38 26389.3
1495.21 26364.4
1495.2 26358.9
1495.81 26356
1495.87 26348.9
1495.9 26328.2
1495.79 26330.7
1495.73 26321.6
1495.59 26332.8
1495.57 26329.1
1495.81 26321
1496.27 26287
1496.27 26280.2
1496.62 26258
1497.55 26277.2
1497.54 26317.3
1497.52 26328.1
1498.15 26342.2
1497.99 26380.3
1499.52 26382.1
1499.51 26415.7
1500.8 26409.4
1501.42 26432.1
1501.84 26456
1501.88 26409.1
1502.28 26416.3
1502.43 26423.7
1503.05 26419.9
1503.3 26414.2
1503.05 26411.2
1503.06 26416.5
1502.56 26440.9
1502.5 26420
1501.83 26430.5
1501.83 26444.2
1501.77 26419.5
1501.74 26409.7
1501.48 26264.1
1502.04 26228.6
1502.77 26177.4
1502.38 26183.6
1502.39 26177.4
1502.47 26191.4
1502.55 26075.1
1503.2 26022.1
1503.21 26003.1
1503.22 25997.7
1503.23 26009.8
1503.08 26023.1
1503.07 26047.8
1503.01 26072.2
1502.43 26085.4
1502.73 26084
1502.62 26071.4
1503.31 25969.3
1503.37 25962.6
1503.37 25972
1503.81 25958.2
1503.82 25971.6
1503.9 25971.2
1503.97 25990.2
1506.98 26039.2
1506.66 26025.5
1506.13 26023.1
1505.55 26039.7
1506.18 26078
1505.91 26070
1506.48 26045.3
1507.54 26049.2
1507.02 26048.3
1508.8 26007.4
1509.05 25984.4
1509.38 25914.4
1509.53 25925.7
1510.31 25943.8
1510.29 25944.4
1510.55 25968.5
1511.47 26056.6
1511.6 26053.9
1511.85 26051.6
1511.9 26034.9
1511.92 26036.2
1511.9 26031.1
1511.17 26035.9
1511.28 26037.4
1511.34 26050.7
1510.12 26105.5
1510.91 26040.8
1510.92 26058.5
1511.17 26064.9
1511.16 26064.8
1511.13 26036.5
1511.42 26063.9
1511.63 26066.3
1511.62 26088
1511.51 26088.5
1511.99 26093.6
1511.91 26113.2
1511.76 26125.3
1511.78 26116.4
1511.68 26112.3
1513.05 26117
1512.92 26186.1
1512.83 26223.4
1512.97 26245.9
1513.6 26235.7
1513.6 26236.4
1511.75 26276.7
1511.95 26260.7
1512.55 26252
1513.32 26259.5
1511.81 26262.2
1511.94 26247.3
1511.95 26234.1
1512.03 26329.3
1511.82 26334.8
1512.36 26311.2
1512.36 26268.7
1512.85 26273.4
1512.99 26264
1513.04 26282.2
1513.07 26275.2
1513.15 26291.8
1513.14 26291.5
1513.07 26316.2
1513.13 26304.4
1514.07 26290.7
1514.63 26280.4
1514.68 26274.5
1514.68 26230.1
1514.68 26243.4
1515.2 26226.6
1515.21 26259.1
1515.41 26280.8
1516.96 26234.7
1516.84 26241.9
1516.27 26248.8
1516.25 26284
1516.48 26279
1516.39 26285
1516.53 26267.8
1516.66 26275.6
1516.43 26256.4
1517.28 26274.8
1517.35 26288.3
1518.12 26278.7
1518.08 26284.2
1518.07 26287.5
1517.99 26274.2
1517.57 26294.5
1517.62 26281.2
1517.65 26281.5
1517.77 26311.2
1517.91 26279.7
1517.79 26291.2
1517.75 26302.1
1517.48 26344.4
1517.43 26395.7
1520.35 26394.7
1520.46 26345.7
1521.1 26313.5
1521.12 26303.2
1521.18 26296.1
1521.09 26299.6
1521.11 26290.5
1521.61 26282.1
1521.62 26287.6
1521.53 26298.6
1523.36 26310
1523.36 26299.1
1523.28 26306.5
1523.27 26306.5
1523.73 26296.8
1523.38 26325.3
1523.51 26335.1
1524.05 26285.1
1525.85 26223
1525.89 26224
1526.25 26188.6
1526.36 26187.8
1526.34 26165.7
1526.51 26177.2
1526.54 26175
1526.56 26171.7
1526.52 26173
1528.12 26200.3
1527.96 26197.2
1527.89 26201.4
1527.94 26187.4
1527.9 26178.5
1528.09 26175.1
1528.8 26176.5
1528.99 26183.5
1528.49 26192.8
1528.4 26196.4
1528.5 26192.8
1528.16 26221.1
1528.33 26115.9
1528.56 26102.7
1528.46 26104.5
1528.5 26104.1
1528.32 26104.2
1528.37 26091.4
1528.45 26071.8
1528.42 26084.2
1528.34 26093.4
1528.16 26108.4
1528.16 26114.8
1528.17 26080
1528.16 26090.3
1528.09 26088.9
