33.559 19.5363
50.5225 45.3896
84.3183 117.174
250.992 505.267
251.537 479.083
254.716 554.519
258.498 739.545
262.261 678.52
265.486 771.312
266.15 834.79
293.278 1198.18
293.521 1161.15
296.257 1228.02
299.233 1236.42
321.413 1691.88
333.95 2108.59
419.73 2170.55
428.574 2350.11
428.576 2358.89
428.731 2364.65
437.275 2384.25
492.303 2411.46
492.281 2427.56
498.198 2534.76
510.784 3537.09
511.018 3393.57
508.261 3832.06
508.721 3599.93
512.318 3649.04
532.35 3768.7
537.656 3723.36
563.443 3997.75
568.866 4046.33
570.705 4029.6
572.721 4073.15
572.736 4030.24
579.929 4170.2
581.348 4041.85
583.201 4478.99
594.379 4562.17
594.735 4453.32
594.735 4378.28
601.478 4153.03
620.733 4402.16
626.487 4414.05
641.713 4724.2
643.358 4784.77
652.136 4840.65
652.063 4817.36
657.492 5374.7
666.383 5033.89
670.305 5025.62
668.582 5595.26
667.961 5193.76
667.545 5105.24
671.135 5132.03
671.173 5710.82
670.852 5556.67
668.73 5496.19
701.71 5516.42
700.97 5584.81
701.194 5804.92
716.099 6564.3
717.318 6421.11
720.883 6440.62
720.985 6287.36
721.043 6241.89
750.628 7498
750.73 7201.31
768.134 7014.81
770.472 7212.36
779.035 6646.59
778.88 6508.07
778.952 6411.49
785.354 6628.63
791.592 6757.5
799.382 6937.32
797.012 7045.71
802.204 7154.6
802.445 7185.24
808.58 7003.21
805.233 7208.3
805.51 7355.51
806.185 7358.5
808.465 7361.08
808.438 7378.48
808.35 7420.63
816.153 8009.89
825.778 8236.92
839.414 7843.72
841.746 7622.38
845.65 7560.41
845.645 7587.59
851.707 7401.17
854.565 7506.84
853.74 8793.31
854.541 8546.63
856.461 8358.21
855.26 8375.49
857.836 8658.81
859.265 8589.73
865.407 8534.45
865.128 8453.12
864.794 8389.43
866.301 8503.13
864.118 8847.43
880.721 8686.46
880.839 8757.41
885.053 9156.89
894.835 8963.85
898.495 8893.61
903.845 8918.92
902.924 8968.93
915.87 9248.07
929.459 9402.45
929.073 9318.58
953.206 9309.15
952.953 9104.37
954.44 9028.14
966.344 9050.1
968.174 8862.72
968.345 8796.32
971.352 8849.16
969.926 8919.49
973.298 8922.57
973.578 8971.11
972.553 8977.11
980.565 9024.89
980.849 9100.66
981.223 9222.79
983.684 9264.79
988.944 9255.66
988.424 9259.69
987.698 9100.9
989.499 8911.94
991.048 9113.4
991.04 9198.38
990.042 9200.53
990.981 9211.93
991.312 9217.77
991.839 9228.69
990.399 9289.14
991.247 9396.39
991.411 9472.04
994.056 9770.02
993.839 9819.09
1007.91 9947.75
1007.79 10023.8
1008.08 10031.6
1008.1 10026.2
1008.49 9997.92
1008.48 9986.17
1008.73 10021.7
1012.8 10023
1014.01 10216.7
1013.83 10325.1
1016.06 10357.3
1016.05 10369.6
1016.1 10380.6
1011.58 10463.6
1012.3 10615
1021.68 10704.2
1026.12 10796
1042.45 11607
1043.61 10963.8
1040.29 11010.2
1040.26 10850.5
1045.8 10991.4
1045.86 10699.5
1046.72 10607.8
1046.82 10588.2
1048.23 10619.3
1048.27 10624.3
1046.9 10599.2
1046.8 10726.1
1046.95 10730.9
1050 10731.5
1049.56 10876.4
1049.76 10833.3
1049.57 10817
1050.48 10802.2
1051.1 10854.9
1048.58 10492.5
1048.15 10604.8
1047.88 10726.9
1048.06 10856.8
1048.06 10923.6
1049.71 11097.5
1048.94 10980
1046.64 11007.8
1047 11012.7
1047.99 11305.1
1048.77 11128.8
1048.61 11200.4
1051.18 11258.8
1050.31 11285.9
1049.83 11603.9
1049.73 11721.9
1048.81 11817.4
1048.57 12010.8
1052.54 12145.3
1052.22 12334.3
1051.87 12482.7
1053.07 12584.4
1054.2 12561.8
1054.68 12525.3
1058 12581.3
1059.58 12514.1
1059.01 13116.2
1059.84 12856.5
1060.26 12747.5
1059.97 12654.8
1059.99 12663.3
1061.81 12756.6
1061.77 12716.8
1061.66 12720.5
1060.9 12725.2
1063.21 12638.1
1063.72 12500.7
1064.28 12531
1065 12607.7
1065.8 12657.1
1065.79 12646.6
1067.04 12738.6
1067.75 12741.7
1064.89 12974.7
1064.94 13120.5
1065.63 13116
1065.53 13091.5
1066.64 13052.1
1066.18 13055.5
1068.02 12953.8
1069.33 13031.3
1068.68 13012.3
1068.64 12963.6
1068.24 12959.4
1069.2 12942.2
1073.69 13019.4
1073.88 12961
1073.24 12915.9
1073.06 12902.8
1073.65 12920.2
1074.55 12965.3
1073.56 13003.6
1073.68 13039.1
1075.15 13079.4
1075.25 13082.1
1074.68 12961.4
1074.09 12887.1
1075 12905.1
1074.99 12873.5
1074.02 13017.8
1073.18 13188.9
1073.03 13078.1
1072.54 13063.2
1073.7 12976.9
1073.79 12966.5
1075.9 13550.1
1076.26 13478.4
1081.68 13350.2
1081.57 13422.2
1085.12 13476.9
1085.12 13331.6
1085.86 13347.3
1085.83 13377.1
1085.83 13404.7
1086.25 13442.4
1086.18 13452.2
1086.69 13557.4
1086.65 13605.9
1086.67 13640
1089.4 13821
1089.34 13789.3
1089.46 13723.3
1090.62 13697.6
1090.38 13722.3
1090.34 13740.6
1090.63 13768.4
1090.94 13779.1
1090.92 13790.9
1091.36 13813.2
1089.85 13947.8
1089.96 14036.4
1090.54 14116.2
1090.56 14130.7
1090.34 14116.4
1090.29 14140.3
1091.96 14013.8
1092.02 13915
1096.41 13912.9
1096.81 14003.2
1101.55 13992.6
1105.76 14174.7
1108.44 14370.4
1109.05 14437.9
1108.98 14545.3
1109.49 14563.6
1109.68 14630.5
1109.76 14673.3
1109.95 14774.6
1110.16 14778.7
1112.14 14744.2
1112.96 14756.8
1113.07 14714
1114.35 14636.5
1114.62 14628.2
1114.25 14733.3
1114.31 14745
1113.82 14746.2
1115.22 14795.3
1115.88 14817.2
1116.21 14849.4
1116.68 14878.2
1117.54 14919.2
1119.05 14890.8
1119.23 14877.9
1121.1 14970.9
1121.07 14970.5
1120.94 14967.3
1120.91 14988.6
1121.33 14980.4
1121.08 14998.3
1121.15 14947.9
1122.87 14961
1126.58 15066.9
1127.98 15181.1
1127.75 15135.7
1127.69 15092.5
1127.8 15088.1
1127.83 15063.8
1127.69 15059.5
1127.71 15030.2
1127.67 15043.4
1127.86 15019
1127.6 14984.6
1127.63 14959.9
1127.63 14946.1
1127.9 15025.8
1129.32 15118
1129.07 15063.2
1129.05 15021.4
1129.17 15002.7
1129.73 14979.5
1130.98 14989.7
1131.31 14941.4
1131.21 14874.6
1131.22 14824.4
1129.88 14855.3
1130.69 14846.2
1131.69 14880.9
1131.58 14896
1131.53 14879.1
1131.41 14807.8
1131.18 14701.3
1131.22 14711.4
1131.97 14692.9
1131.94 14670.1
1130.85 14717
1131.09 14624.2
1131.09 14650.9
1129.42 14559.9
1129.33 14580.6
1129.13 14606.6
1130.03 14608.9
1130.33 14600.1
1130.25 14595.2
1131.15 14573.3
1131.27 14534.7
1131.14 14486.2
1131.84 14400.3
1131.8 14351.6
1131.9 14307
1131.86 14272.8
1133.47 14293.9
1133.54 14431.4
1133.17 14418.4
1133.03 14410.7
1133.65 14432.6
1133.86 14425.8
1134.17 14397.7
1134.3 14399
1134.26 14420.4
1134.38 14465.3
1135.29 14539.1
1135.31 14564.5
1135.21 14593.1
1136.32 14574.9
1136.31 14517.7
1136.37 14462.5
1136.84 14394.2
1136.51 14367.3
1136.5 14349.9
1136.64 14323.8
1137.38 14309.2
1138.41 14281.3
1139.3 14303.3
1141.23 14341.2
1141.17 14228.1
1141.87 14209.9
1142.11 14272.8
1141.68 14297.7
1141.24 14281.9
1145.06 14347.9
1144.83 14343.4
1145 14316.7
1145.09 14296.5
1145.23 14298.8
1145.09 14307.4
1145.82 14320
1146.04 14311.5
1145.76 14297.3
1145.96 14304.9
1146.23 14302.8
1145.89 14309.6
1145.64 14325.7
1145.64 14322.8
1146.66 14352.2
1146.58 14341.9
1146.9 14372.2
1146.23 14371.4
1146.25 14319.8
1146.91 14357.8
1147.3 14355.1
1147.39 14367.2
1147.27 14390.7
1147.96 14389.6
1148.06 14412.9
1148.01 14363.8
1147.84 14339.3
1147.98 14322.4
1148.14 14329.7
1148.75 14342.1
1148.71 14345.6
1148.66 14301.7
1149.29 14256.6
1149.68 14236.2
1151.71 14238.2
1151.66 14198.4
1151.56 14100
1151.5 14097.5
1151.64 14019.4
1152.13 14013
1152.57 14009.2
1152.63 14010.9
1152.63 14017.1
1152.66 14018.1
1152.77 14030.1
1152.77 14010.6
1152.98 13963.6
1153.46 13953.7
1153.41 13890.6
1153.3 13899.1
1152.31 13957.6
1152.2 13965.7
1151.94 13954.2
1152.33 13993.1
1152.99 14005.3
1153.02 14035.6
1153.16 14067.5
1153.65 14093.8
1154.06 14129.3
1154.89 14150
1154.86 14200.6
1154.79 14357.3
1154.68 14382.1
1155.01 14389.6
1155.1 14405
1155.78 14427
1155.88 14424.6
1155.56 14566.5
1156.36 14586.1
1156 14534.5
1156.01 14512
1155.77 14491.5
1156.2 14477.8
1156.12 14472.7
1156.03 14472.6
1156.03 14471.2
1156.13 14443.8
1156.21 14438.4
1156.41 14448
1156.31 14454.4
1156.7 14442.1
1156.7 14427.3
1156.94 14414.4
1156.92 14408.8
1156.91 14403.8
1156 14410.1
1156.28 14480.8
1156.35 14406
1157.05 14336.5
1158.91 14300.4
1158.97 14261.6
1163.43 14328.7
1163.04 14277.1
1163.04 14268.8
1162.99 14259
1162.98 14248
1162.98 14233.6
1163.41 14225.8
1163.19 14216.6
1163.03 14164.6
1163.27 14141.3
1163.27 14150.3
1163.31 14118.3
1163.31 14100.4
1162.85 14120.9
1162.92 14128.2
1164.14 14162.5
1164.12 14164.1
1164.04 14189.5
1164.05 14193.2
1164.27 14216.1
1164.38 14235.5
1164.42 14227.8
1164.97 14258.9
1165.27 14289.7
1167.41 14360.6
1167.27 14626.2
1166.93 14809.4
1168.53 14891.1
1168.83 14885.1
1168.78 14824.5
1168.77 14818.4
1168.78 14820.2
1168.77 14804.9
1168.69 14793.6
1168.81 14803.8
1168.64 14806
1168.61 14821
1168.13 14835.1
1168.35 14877.5
1168.65 14842.6
1168.1 14797.9
1168.03 14719
1168.73 14764.2
1168.97 14797.1
1169.64 14864.5
1169.36 14833.8
1169.2 14873.9
1168.92 14909.4
1168.7 14876
1168.7 14878.1
1168.54 14930
1168.62 14994.5
1168.73 15047.6
1168.75 15122.9
1168.82 15174.6
1169.22 15205.9
1169.67 15249.5
1169.77 15256
1169.73 15233.8
1169.72 15248.5
1169.55 15226.9
1169.75 15244.8
1169.98 15281
1169.89 15286
1169.76 15232.3
1169.79 15273.2
1169.79 15307.4
1169.79 15317.2
1170.33 15313.6
1170.34 15315.1
1170.58 15330.2
1170.59 15328.5
1170.58 15349.2
1170.57 15372.1
1170.87 15377.5
1169.83 15354.8
1169.31 15342.3
1169.28 15352
1169.28 15385.8
1169.13 15417
1169.4 15407.2
1169.3 15412.2
1169.11 15419.9
1169.14 15412.4
1169.2 15421
1169.56 15432.9
1169.04 15378.1
1170.08 15321.3
1170.08 15305.2
1170.54 15326.1
1170.63 15355.1
1170.62 15366.1
1170.73 15374.8
1170.71 15392.5
1170.77 15449.6
1170.63 15456.1
1170.61 15485.5
1170.6 15479.6
1170.6 15470.5
1170.38 15548.9
1170.42 15605.6
1170.55 15605.5
1170.48 15605.3
1170.72 15615.8
1170.7 15608.5
1170.97 15603.9
1171.32 15612.7
1171.42 15565.1
1171.5 15535
1171.49 15515.4
1171.41 15523.7
1172.25 15567.4
1172.25 15573.1
1172.26 15607.7
1172.59 15640.3
1172.68 15547.2
1172.74 15533.3
1172.9 15526.5
1173.32 15472.7
1173.5 15453
1173.78 15349.9
1173.71 15259.9
1173.72 15226.4
1173.72 15207.4
1174.27 15193.8
1174.92 15251.8
1174.84 15191.9
1174.73 15134
1174.53 15086.6
1174.47 15037.4
1174.46 15022
1174.55 14998.7
1174.73 15005.7
1174.32 15051.5
1174.22 15047
1174.23 15009.2
1174.4 15094.6
1174.56 15082.5
1174.59 15094
1174.23 15074.1
1173.86 15101
1173.85 15106.1
1173.93 15087.9
1173.9 15069.1
1173.71 15104.7
1173.69 15116.5
1173.69 15082
1175.83 15091.2
1175.82 15055.2
1176.07 15062.7
1176.03 15041.6
1175.93 15042.1
1175.92 15024
1175.52 15007.7
1175.73 15041.5
1176.82 15080.4
1176.65 15106.7
1176.72 15099.2
1176.79 15079.8
1176.68 15085.3
1177 15136.6
1177.16 15173.1
1177.26 15170.3
1177.54 15162
1178.07 15269.5
1177.54 15332
1177.54 15345.8
1177.57 15354.2
1177.69 15365.2
1177.62 15357.3
1177.62 15339.1
1179.13 15360.9
1178.93 15352.4
1179.19 15346.2
1179.17 15326.6
1179.3 15371.1
1179.57 15399
1179.57 15412.3
1179.57 15425
1179.56 15435.7
1179.89 15455
1182.01 15610.2
1182.58 15650.9
1183.01 15710.7
1182.93 15650.3
1182.88 15598.4
1184.92 15592.4
1184.95 15560.7
1184.97 15545.2
1185.79 15585.6
1187.5 15603.6
1187.55 15553.1
1187.55 15556.3
1187.61 15556.5
1187.62 15530.8
1187.72 15502.3
1188.18 15501.9
1189.52 15481.1
1189.34 15456.2
1189.31 15439.7
1199.65 15534.9
1199.41 15495.1
1199.84 15640.6
1200.23 15630.9
1200.55 15570.7
1200.62 15555.7
1200.57 15569.6
1202.45 15647.7
1202.54 15630.2
1203.93 15658.5
1203.74 15644.4
1203.76 15685.2
1203.81 15733.6
1205.99 15863.1
1206.2 15755.1
1206.77 15818.9
1208.44 15922.8
1209.48 15913.2
1210.06 15926.1
1210.06 15912.6
1210.06 15910.3
1210.98 15925.6
1210.84 15935.1
1210.96 15918.3
1211.28 15915.2
1211.48 15918
1211.5 15913.5
1211.53 15892.8
1211.68 15869.2
1212.32 15884.3
1212.45 15899.9
1212.4 15914.9
1213.4 15907
1213.25 15906.8
1214.02 15889
1213.91 15894.2
1214.01 15984.5
1214 16113.8
1213.48 16158.8
1213.48 16157.9
1213.2 16136
1213.42 16146.3
1215.1 16207.3
1215.06 16254.7
1215.01 16249.7
1215.46 16239.3
1215.83 16232
1215.72 16178.6
1215.8 16127.2
1215.88 16081.6
1217.39 16073.5
1217.56 16105.2
1218.07 16109.1
1219.79 16122.8
1220.34 16102.7
1220.33 16094.2
1220.41 16098.9
1220.41 16102.8
1220.03 16132.1
1220.47 16068.1
1221.03 16123.5
1220.8 16054.7
1220.77 16050.9
1220.75 16050.4
1220.92 16073.9
1220.85 16077
1220.77 16086.2
1220.82 16086.5
1220.88 16057.8
1220.88 16057.2
1220.33 16081
1220.38 16120.8
1221.13 16150.1
1221.35 16125.1
1221.3 16145
1221.77 16224.5
1221.74 16246.3
1221.89 16302.1
1221.65 16340.4
1223.74 16440.6
1224.09 16414.2
1224.09 16395.4
1223.95 16390.5
1224 16419.2
1224.25 16464.7
1224.9 16511.1
1228.22 16489.5
1228.29 16474.3
1229.6 16533.3
1229.5 16563.9
1229.61 16583.1
1232.98 16612.4
1233.01 16607.2
1233.15 16644.6
1233.43 16660.7
1234.7 16683.9
1234.67 16653.8
1234.54 16647
1234.61 16654.2
1234.63 16625.9
1234.78 16617.1
1235.23 16629.6
1234.8 16903.9
1235.72 16937.8
1235.78 16905.3
1235.74 16900.3
1236 16881.6
1236.15 16882.3
1236.12 16912.7
1235.29 16979.4
1235.42 17005.9
1235.57 17021
1235.59 17064.1
1236.25 17088.4
1236.26 17101.9
1236.22 17107.2
1236.31 17115.7
1236.48 17120.7
1236.46 17121.1
1236.47 17111.4
1237.02 17106.9
1236.99 17118
1237.1 17104.7
1238.54 17141.9
1238.54 17133.2
1238.51 17111.5
1238.62 17105.1
1238.67 17155.2
1238.7 17169.5
1238.63 17179.3
1238.77 17189.8
1238.94 17195
1238.63 17196.5
1238.67 17210.6
1240.22 17228.9
1240.23 17220.3
1240.29 17198.2
1240.58 17211.1
1240.38 17121.4
1240.8 17079
1241.12 17115.5
1241.07 17124.3
1240.11 17070.3
1240.21 16964.3
1240.01 17008.1
1240.41 16959.8
1241.85 16981.7
1241.84 16970.6
1243.5 16990.3
1243.98 16995.2
1243.88 16980
1243.9 16966.6
1243.95 16966.5
1244.18 16950.2
1244.49 16796.9
1244.39 16757.4
1244.6 16737.6
1244.55 16765.6
1244.77 16783.9
1244.77 16774.1
1245.36 16794.5
1245.07 16756.9
1245.31 16734.2
1245.3 16762.3
1245.3 16772.6
1245.62 16772.1
1246.44 16781.2
1246.66 16779.6
1246.42 16782.9
1246.28 16763.4
1246.29 16764.6
1246.28 16760.5
1246.26 16753.9
1246.31 16755.9
1246.29 16769.5
1246.38 16795.2
1246.44 16794.9
1246.31 16793.8
1246.4 16814.8
1246.43 16820.2
1246.51 16811.7
1246.58 16809.5
1246.76 16807.2
1247.25 16833.8
1247.71 16816.5
1247.63 16859.2
1247.51 16862.2
1247.45 16864.9
1247.33 16857.3
1247.56 16872.7
1247.54 16865.1
1248.1 16895.1
1247.75 16890.9
1247.72 16886.8
1247.68 16883.4
1247.49 16860.6
1247.5 16836.6
1247.54 16827
1247.73 16825.6
1248.07 16816.8
1247.88 16802.7
1247.84 16825.1
1247.99 16853
1247.99 16859
1248.03 16859.8
1248.73 16894.9
1248.82 16893.3
1248.86 16889.8
1248.85 16914.1
1248.86 16920.1
1248.47 16875.5
1248.43 16822.6
1248.52 16815.3
1248.59 16844.9
1248.38 16932.1
1248.56 16912.2
1249.1 16922.7
1249.07 16916.2
1249.19 16913.8
1249.21 16914.5
1249.57 16928
1252 16937.7
1251.98 16908.6
1254.78 16955.9
1254.78 16937.3
1254.8 16970.6
1254.97 16962.9
1254.85 16952.9
1255.49 16979.6
1255.63 16953.3
1255.64 16930.6
1255.66 16913.2
1255.76 16944.5
1255.92 16969.6
1255.24 16916.5
1254.55 16908.2
1254.69 16848.5
1254.68 16873.9
1254.66 16875.9
1254.9 16889.8
1254.89 16877.6
1254.99 16871.2
1255.19 16851.5
1255.23 16826.9
1255.19 16814.4
1255.24 16771
1255.39 16702.7
1255.71 16669.3
1257.05 16702.4
1256.61 16697.8
1256.64 16706.2
1256.65 16712.3
1256.9 16731.1
1257.06 16750.2
1257.08 16753.5
1257.94 16810.7
1258.39 16821.9
1256.68 16967.1
1256.69 16979.6
1256.67 17037.5
1256.47 17043.2
1256.58 17050.5
1256.95 17095.7
1257.15 17140.6
1257.26 17181.9
1257.1 17185.6
1257.37 17215.9
1257.56 17223.3
1257.43 17215.9
1257.54 17190.1
1257.78 17196.3
1257.64 17219.7
1257.51 17230.8
1257.61 17261.5
1257.72 17249.5
1258.28 17246
1258.86 17233.1
1258.84 17177.2
1258.77 17140.5
1258.89 17125.3
1258.71 17129.9
1258.79 17155.2
1259.14 17176.1
1259.21 17157.8
1259.19 17139.7
1259.32 17091
1259.44 17106.6
1259.45 17111.6
1259.53 17121
1259.53 17177.9
1259.5 17163
1259.85 17157.5
1260.37 17173.3
1260.98 17145.8
1261.05 17178.7
1261.53 17219.1
1261.63 17230.3
1261.5 17239
1261.21 17266.7
1260.69 17288.9
1260.65 17289.4
1260.61 17315.4
1260.59 17333.3
1262.48 17387.9
1262.59 17382.1
1262.62 17404.3
