232.329 551.864
237.654 456.964
315.227 857.383
416.355 1199.92
421.196 1383.05
481.107 1546.48
481.653 1574.42
524.004 1974.08
527.735 2205.01
531.139 2141.92
541.653 2877.87
609.441 4031.64
609.551 3653.61
610.182 3502.22
698.536 5243.92
751.976 5068.51
759.275 4835.32
780.675 6729.86
894.843 6420.34
910.351 7607.38
911.585 6645.56
978.399 6623.15
999.773 6623.14
1057.85 6492.18
1057.52 6805.82
1059.33 7071.79
1076.99 7331.25
1091.41 7328.79
1091.71 7119.12
1092.01 7028.44
1109.67 6900.38
1109.93 6953.24
1106.31 7424.33
1114.87 7191.17
1115.28 7082.38
1114.72 8006.44
1122.01 8947.1
1144.64 8784.13
1156.99 8482.35
1164.88 8467.98
1165.23 8390.11
1164.62 8398.83
1166.19 8943.06
1166.43 8750.58
1178.04 10312
1181.46 10063.9
1181.68 9944.66
1186.76 10107.5
1186.76 9975.23
1195.14 10345
1195.09 10005.6
1198.61 9803.31
1208.09 9782.69
1223.88 9549.82
1236.62 10568.3
1233.83 10635.9
1247.28 10476.3
1247.46 10360.8
1248.49 10287.4
1248.66 10421.4
1300.98 10360.3
1306.74 9899.45
1307.71 9941.12
1306.75 9905.82
1307.35 9967.86
1310.63 9885.95
1318.11 10945
1325.87 12253.8
1330.02 12462.1
1337.68 12319.3
1338.03 12155.8
1349.2 12090.1
1353.49 11499.2
1358.09 12511.5
1359.59 12186.1
1362.69 11910
1362.58 11739.9
1362.63 11638.1
1364.98 11564.5
1381.83 11583
1383.49 11711.1
1383.25 11446.8
1386.47 11372.3
1389.63 11326.1
1388.72 11386.2
1388.47 11503
1399.15 11261.9
1403.37 11299.4
1408.33 11650.3
1415.48 11775.4
1418.73 11567.8
1420.36 12382.8
1420.36 12044.9
1421.46 12005.2
1422.72 12020.4
1422.69 12061.9
1422.78 12022.5
1429.8 12002.8
1431.41 12802.5
1431.4 12764.8
1432.38 12527.4
1431.52 12799.7
1432.83 12651.1
1433.3 12725.3
1433.6 12697.3
1433.6 12664.7
1436.44 13059
1437.45 12989.7
1437.55 12989.1
1439.74 12936.2
1439.72 12888.6
1439.68 12847.9
1450.65 12816.6
1451.06 12674.5
1452.99 12558.8
1455.43 12513.6
1459.38 12476.1
1459.87 12540.4
1459.75 12597.3
1464.07 12668.4
1466.32 12544.1
1466.95 12486.3
1466.81 12467.8
1466.5 12445.7
1470 12412.2
1472.54 12411.8
1475.02 12472.7
1479.29 12393.9
1479.72 12408.6
1479.75 12444.9
1484.88 12473.3
1484.87 12418.9
1484.89 12397.6
1486.13 12400.8
1486.15 12404.3
1487.63 12417
1487.66 12405.6
1488.31 12390.4
1492.96 12384.1
1493.26 12286.9
1493.29 12249.4
1493.16 12242.1
1497.45 12679.5
1497.31 12514.9
1497.4 12596.6
1497.67 12483.7
1498.02 12542.7
1500.92 12313.1
1501.97 12391.8
1503.52 12385.9
1504.98 12352
1506.04 12382.4
1507.66 12337.9
1510.42 12332.9
1510.73 12359
1514.47 12471.7
1514.46 12436.3
1514.8 12387.9
1514.12 12362
1517.6 12337.9
1518.51 12391.3
1518.61 12413.3
1518.79 12386.9
1519.55 12364.5
1520.26 12385.7
1520.27 12480.2
1521.21 12545.1
1521.15 12576
1521.13 12594.5
1521.25 12603.4
1521.48 12596.7
1521.46 12600.9
1526.79 12494.4
1527.9 12399.5
1528.47 12421.7
1528.65 12432.4
1528.72 12437.2
1529.4 12441.9
1529.31 12454.9
1529.35 12476.1
1529.29 12498.5
1529.3 12501.5
1529.55 12489.7
1530.05 12466.7
1531.41 12448.5
1531.6 12461.1
1532.71 12440.8
1532.07 12527.7
1532.28 12576.4
1532.71 12616.4
1535.97 12809.4
1538.02 12709.9
1542.27 12565.2
1542.65 12615
1542.45 13028.9
1542.73 13046.8
1543.46 13115.4
1544.65 13091.2
1546.28 13131.3
1547.08 13061.7
1548.14 13050.2
1548.37 13029
1548.39 13031.3
1554.8 12990.9
1554.82 12883.2
1554.71 12938.1
1555.32 12953
1555.15 12875.5
1556.04 12889.9
1555.75 12904.7
1556.75 12995.2
1556.47 13001
1556.49 13015
1556.7 13102.4
1558.62 13103.4
1563.99 13007.5
1564.14 13023.9
1564.72 12966.8
1564.52 12929.8
1564.48 12904
1564.51 12899.5
1564.08 12912.3
1564.98 12864.4
1565.01 12732.8
1565.21 12752.2
1565.22 12750.5
1567.54 12778.3
1569.12 12758.3
1571.24 12706
1571.19 12660.4
1571.12 12698.2
1571.38 12702.6
1571.54 12710.3
1572.3 12705.3
1572.89 12720.4
1574.65 12754.2
1575.09 12744.3
1574.98 12723.2
1575.51 12728.1
1575.27 12676.4
1575.24 12790.4
1575.26 12788.7
1575.12 12748.8
1576.9 12801.4
1576.91 12849.6
1577.23 12899.5
1577.63 12917.1
1578.5 12896
1579.18 12910.9
1579.18 12920.6
1579.75 12993.2
1580.07 12976.6
1580.71 12936.7
1581.07 12997.5
1581.26 13027.8
1581.23 13050.6
1582.03 13078.3
1584.7 13199.1
1585.62 13193.5
1585.72 13336.4
1585.87 13388
1586.15 13438.2
1585.95 13452.1
1586.29 13424.9
1586.3 13423.1
1586.29 13436.2
1586.86 13453
1587.11 13475.2
1587.76 13504.8
1590.07 13556.2
1590.54 13570.2
1590.49 13574.4
1590.72 13571.4
1590.58 13564.2
1591.22 13559.5
1591.58 13576.9
1591.57 13578.7
1591.21 13567.4
1591.1 13509.8
1591.26 13537.7
1592.88 13547
1592.79 13518.2
1593.41 13488.7
1594.73 13503
1594.72 13458.8
1594.73 13445.6
1594.7 13454.7
1594.83 13468.2
1594.71 13466.3
1594.64 13467.3
1595.32 13483.7
1595.86 13536.3
1595.89 13526.2
1595.79 13508.8
1596.24 13486.7
1596.24 13487.9
1597.27 13520.6
1597.13 13522
1599.3 13550.4
1599.17 13485.6
1600.49 13533.8
1600.56 13493.4
1600.94 13482.2
1600.84 13510
1600.88 13525.1
1601.21 13542.9
1601.24 13571.6
1601.27 13581.3
1601.5 13605.9
1602.02 13615.5
1602.02 13626.7
1602.19 13632.7
1603.54 13679.1
1603.63 13675.8
1603.69 13667
1603.86 13644
1604.69 13604.2
1604.67 13598.7
1605.73 13571.9
1605.9 13582.8
1606.32 13569.1
1606.19 13570.4
1606.21 13590.4
1606.6 13587
1606.61 13566.5
1608.86 13587.5
1608.96 13551.7
1608.97 13533
1609.38 13606.6
1609.35 13658.2
1610.07 13650
1609.96 13634.8
1610.18 13638.9
1610.74 13633.7
1611.01 13642.3
1611 13653.9
1610.92 13674
1610.91 13683.2
1611.33 13702
1611.33 13712.4
1610.93 13712.2
1611.11 13733.4
1611.16 13704.7
1611.29 13699.8
1611.49 13689.6
1611.68 13686
1612.44 13662.6
1612.38 13650
1612.87 13654.6
1614.12 13684.2
1614.43 13678.2
1614.8 13674.6
1615.46 13811.3
1615.44 13827.2
1615.87 13765.8
1615.84 13703.7
1615.73 13639.3
1616.23 13640
1617.4 13639.1
1617.37 13631.1
1617.37 13642.5
1617.58 13710.1
1618.49 13757.4
1618.39 13785.7
1618.37 13788.6
1617.97 13732.6
1618.12 13771.7
1618.77 13772.9
1618.77 13785.9
1618.79 13809.2
1618.93 13795
1618.68 13815.2
1618.5 13791.4
1618.58 13769.4
1619.6 13742.3
1619.32 13790.7
1619.47 13788.1
1619.55 13790.1
1619.55 13795.8
1619.55 13757.1
1619.57 13734
1619.22 13716.6
1619.48 13695
1619.51 13704
1619.39 13704
1619.1 13718.5
1619.82 13723.7
1619.59 13723.4
1620.05 13753.5
1620.12 13766.5
1620.04 13752.9
1620 13714.3
1620.06 13734.3
1619.98 13747.6
1620 13754.2
1620.04 13747.1
1619.98 13756.1
1620.56 13789.9
1620.94 13783.9
1621.11 13786.6
1621.07 13789.1
1620.62 13779.4
1620.56 13788
1620.71 13782.9
1621.43 13785.6
1621.87 13790
1621.91 13809.4
1622.18 13817.4
1623.31 13864.5
1623.6 13883.6
1624.3 13887.5
1623.8 13858.6
1623.61 13861.1
1624.58 13816.4
1624.57 13809.9
1624.88 13807.4
1624.91 13794.9
1625.66 13794.8
1625.65 13767.8
1625.81 13747.4
1625.91 13770.2
1625.96 13782.9
1625.87 13742.5
1626.49 13742.1
1626.48 13737
1626.88 13750.9
1627.09 13759.4
1627.1 13712.5
1627.21 13808.6
1627.13 13816.8
1627.15 13766.4
1627.16 13759
1627.1 13772.8
1627.08 13774.1
1626.79 13758.1
1626.78 13718.8
1626.79 13644.7
1626.87 13623.3
1627.04 13617.7
1626.93 13716.3
1626.9 13721.7
1626.87 13737.8
1626.99 13737.6
1626.89 13731.6
1627.11 13745.6
1627.18 13746.7
1627.09 13561.6
1626.98 13633.5
1626.92 13679.7
1627.22 13697.2
1627.2 13711.8
1628.07 13779.5
1628.54 13753.3
1629.18 13734.5
1629.04 13732.1
1629.02 13728.2
1629.55 13732.7
1629.55 13728.1
1629.54 13705.1
1629.92 13708.6
1629.93 13714.1
1629.79 13715.1
1629.77 13699.7
1630.71 13713.2
1631.55 13738.5
1631.66 13741.7
1631.65 13752.6
1631.7 13783.8
1631.61 13800.3
1631.61 13928.1
1631.76 13929.6
1631.72 13917.2
1631.73 13922
1631.72 13922.5
1631.82 13883.6
1631.85 13857.7
1631.81 13842.2
1632.02 13825.7
1632.02 13818.7
1632.22 13836.2
1632.21 13862.2
1632.31 13851.9
1632.61 13841.3
1632.57 13825.8
1632.58 13820.3
1632.49 13807.7
1632.81 13804.6
1632.69 13789.8
1632.67 13752.7
1632.86 13722.3
1632.91 13715.2
1632.96 13711.1
1632.98 13710.4
1633.13 13706.5
1633.16 13702.7
1633.25 13701.7
1633.7 13693.3
1633.64 13624.8
1633.39 13634.2
1633.51 13639.2
1634.14 13632.2
1633.94 13665
1634.18 13706.9
1634.79 13795.7
1634.75 13820.1
1634.47 13819.7
1634.43 13812.3
1634.42 13791.1
1634.4 13789.6
1634.55 13748.8
1634.67 13752.3
1633.91 13681.1
1633.73 13732.7
1633.95 13762.1
1633.99 13767
1633.93 13786.4
1633.91 13793.7
1633.89 13788.9
1636.5 13748.1
1636.51 13712.9
1636.62 13677.2
1636.63 13655.8
1636.49 13634.9
1636.57 13618.7
1636.69 13614.8
1636.63 13620.7
1636.81 13619
1636.78 13578.2
1637.63 13535.3
1637.66 13503.5
1637.88 13515
1638.23 13544.9
1638.23 13548.2
1638.4 13549.8
1638.4 13530.7
1638.39 13516.4
1638.49 13512.9
1638.51 13508.1
1638.67 13509.9
1638.67 13499.2
1638.73 13486.6
1638.8 13532.7
1638.69 13508
1638.24 13497.7
1638.35 13499.2
1638.58 13513.7
1638.61 13495.5
1638.3 13518.6
1638.31 13508.3
1638.3 13514.7
1638.38 13516.4
1638.28 13521.4
1638.1 13506.2
1638.11 13507.5
1638.67 13516
1639.07 13519.2
1639.15 13516.7
1639.08 13520.3
1638.8 13511
1638.61 13513.3
1638.91 13490.1
1639.08 13496.4
1639.06 13478.8
1639.61 13482.3
1639.54 13427.4
1639.93 13430.5
1639.79 13446.6
1639.79 13423
1639.83 13407.6
1639.83 13407.4
1639.83 13413.2
1639.81 13417.1
1639.86 13419.9
1639.98 13439.9
1639.97 13441.6
1640.02 13427.2
1640.22 13427.6
1640.22 13419.3
1640.24 13420.9
1640.25 13403.5
1640.4 13399.6
1640.33 13416
1640.29 13440.2
1640.29 13445.6
1640.43 13461.1
1640.31 13459.3
1640.33 13449.5
1640.37 13424
1640.36 13402.9
1640.57 13394.4
1640.61 13387.7
1640.61 13374.3
1640.74 13338.3
1640.73 13311.6
1640.72 13299.5
1640.69 13288.9
1640.72 13272.3
1640.77 13261.4
1640.83 13252.5
1640.82 13252
1640.78 13248.8
1640.76 13271.9
1640.72 13275.1
1640.72 13281.7
1640.91 13278.6
1641.14 13268
1641 13259.4
1641.14 13271.9
1641.12 13291.6
1641.21 13293.2
1641.23 13289.9
1641.25 13274.6
1641.27 13253.5
1641.04 13203.5
1640.98 13200.6
1641.01 13203.5
1641.04 13188.4
1641.4 13156.9
1641.39 13113.2
1641.41 13070.3
1641.5 13066.8
1641.46 13062.3
1641.37 13024.8
1641.35 13010
1641.09 13034.9
1641.08 13056.7
1641.1 13061.1
1640.92 13048.6
1640.9 13031.4
1641.35 13045.4
1641.44 13050.4
1641.44 13049.5
1641.32 13044.7
1641.29 13037.2
1641.19 13017.5
1641.21 12999.4
1641.24 12994
1641.14 12995.1
1641.1 12984.3
1640.92 12977.9
1640.96 12984
1640.96 12993
1641.35 12999.6
1641.34 12997.7
1641.26 13002.7
1641.48 13043.4
1641.65 13028.8
1641.66 13029.1
1641.66 13046.6
1641.77 13077.5
1641.95 13091.4
1642.01 13092.7
1641.99 13099.5
1641.98 13118.3
1641.95 13132.5
1642.14 13122.7
1642.17 13133.1
1642.23 13145.9
1642.37 13142.4
1642.73 13179
1642.79 13231
1642.79 13269
1642.86 13287.6
1642.86 13295.1
1642.78 13302
1642.67 13300.4
1642.71 13307.6
1642.69 13293.8
1642.73 13304.6
1642.75 13305.2
1642.75 13322.5
1643.05 13331.5
1643.06 13332.9
1642.92 13328.1
1642.9 13321.9
1643.04 13323.3
1643.03 13307.8
1642.98 13306.5
1642.93 13297.1
1642.94 13295.8
1643.33 13295.3
1643.37 13297.2
1643.34 13296
1643.37 13301.1
1643.29 13302.3
1643.74 13289
1643.67 13284.7
1643.68 13278.1
1643.79 13270.9
1643.89 13266.5
1643.93 13277.8
1643.93 13290.2
1644.25 13312.1
1644.24 13327.3
1644.33 13330.6
1644.31 13341.4
1644.25 13331.4
1644.26 13323.3
1644.09 13318.9
1644.24 13322.7
1644.26 13332.8
1644.21 13343.1
1644.56 13348
1645.06 13333.9
1645.07 13336.4
1645.09 13335
1645.01 13369.2
1645.02 13437.6
1645.15 13458.2
1645.34 13473.5
1645.46 13510.1
1645.5 13529.5
1645.58 13528.6
1645.69 13519.5
1645.86 13526
1645.99 13506.4
1646.53 13493.1
1646.65 13448.3
1646.64 13438.4
1646.8 13434.1
1647.02 13427.5
1646.97 13425
1647.48 13410.1
1647.35 13408.5
1647.35 13412.7
1647.19 13428.9
1647.36 13437.3
1647.36 13407.8
1647.37 13386.7
1647.38 13373.3
1647.4 13360.4
1647.45 13353.3
1647.4 13356.5
1647.42 13358.6
1647.5 13344.8
1647.82 13337.8
1648.32 13357.8
1648.13 13335.2
1648.61 13338.5
1648.66 13342.9
1648.75 13349.9
1648.73 13355.6
1648.71 13353.1
1648.71 13362.5
1648.86 13365.5
1649.15 13370.4
1649.15 13391.1
1649.1 13396.4
1649.05 13420.4
1648.95 13355.6
1649.3 13367.8
1649.34 13368.8
1649.41 13371
1649.52 13370
1649.54 13359.9
1649.57 13360.4
1650.65 13477
1650.74 13480.9
1650.74 13480.7
1650.75 13479
1650.73 13484.6
1650.73 13489.3
1650.73 13477.5
1650.78 13478.5
1650.73 13473.5
1650.65 13477.9
1651.12 13490.7
1652.03 13543.6
1652.18 13621.3
1652.05 13570.2
1652.17 13529.8
1652.2 13506.1
1652.32 13491.3
1653.21 13459.5
1653.01 13507.8
1654.43 13487.2
1654.46 13494.6
1654.34 13483.6
1654.57 13489
1654.48 13498.4
1654.47 13491.9
1654.51 13498.4
1654.52 13506
1654.45 13519.4
1654.45 13445.3
1654.3 13379.1
1654.71 13375.8
1654.85 13368.1
1654.85 13385.4
1654.79 13385.4
1654.79 13385.9
1654.74 13381.3
1654.69 13373
1654.86 13402.4
1654.82 13396.1
1654.92 13397.2
1655.14 13390.9
1655.18 13396
1654.7 13389.4
1654.69 13405.3
1654.61 13416.9
1654.63 13427.2
1654.42 13418.6
1654.41 13439.3
1654.4 13439.6
1654.4 13441
1654.32 13446.9
1654.3 13457.2
1654.36 13462.8
1654.27 13457.1
1654.28 13453.2
1654.24 13454.1
1654.26 13449.6
1654.21 13438.3
1654.16 13423.4
1654.18 13415.1
1654.26 13389.4
1654.26 13378.6
1654.27 13367.5
1654.11 13390.9
1654.19 13409.2
1653.84 13375.3
1653.62 13396.3
1653.75 13465.6
1653.75 13408.5
1653.75 13346.8
1653.66 13315.6
1653.69 13299.6
1653.71 13285.6
1653.66 13275.3
1653.67 13261.9
1653.74 13266
1653.77 13273.7
1653.78 13277.1
1653.89 13282
1653.69 13299.6
1653.65 13302.3
1653.37 13298.8
1653.36 13302
1653.36 13308.5
1653.37 13312
1653.33 13303.1
1653.32 13300.3
1653.34 13315.5
1653.31 13318.5
1653.3 13317.5
1653.36 13327.7
1653.33 13317.3
1653.32 13323.8
1653.35 13315.7
1653.32 13308.2
1653.43 13322.7
1653.45 13334.1
1653.55 13351.3
1653.53 13390.4
1653.48 13352.8
1653.41 13375.7
1653.51 13384.8
1653.51 13375.2
1653.51 13371.1
1653.94 13386.9
1653.93 13391.3
1653.92 13390.2
1653.87 13389.6
1654.04 13398.7
1654.1 13401.2
1654.25 13412.4
1654.25 13413.4
1654.25 13410.2
1654.36 13415.6
1654.41 13408.7
1654.45 13409.8
1654.34 13413.8
1654.35 13417.8
1654.37 13414.1
1654.37 13413.6
1654.41 13407.4
1655.45 13436.2
1655.47 13433.5
1655.56 13446.6
1655.53 13456.9
1655.53 13467.1
1655.51 13471.7
1655.48 13475.6
1655.44 13512.6
1655.43 13533.2
1655.35 13545
1655.74 13593.5
1655.78 13668
1655.72 13687.5
1655.68 13698.1
1655.59 13692.4
1655.59 13690.2
1655.5 13686.3
1655.35 13679.7
1655.45 13675.6
1655.47 13668
1655.46 13675.6
1655.56 13677
1656.07 13666
1656.4 13681.4
1656.41 13673
1656.04 13660.3
1656.14 13650.7
1656.15 13644.8
1656.53 13621
1656.79 13609.3
1656.84 13612.4
1656.84 13613.7
1656.83 13612.5
1657.01 13616.3
1657.03 13611.7
1657 13600.1
1657.01 13590.1
1656.98 13581.5
1656.98 13593.1
1656.94 13602.7
1656.97 13608.8
1656.99 13600.7
1657.04 13596.5
1657.54 13608.5
1657.92 13723.6
1657.84 13771.6
1658 13788
1657.97 13790.7
1657.79 13787.5
1657.57 13757.1
1657.57 13746.9
1657.65 13742.5
1657.75 13750.3
1657.45 13687.7
1657.3 13667.2
1657.31 13658.3
1657.86 13655
1657.87 13659.4
1657.9 13656.7
1658.01 13662.4
1658 13661
1658.02 13667.6
1658.03 13645.8
1657.69 13681.8
1657.76 13677.6
1657.92 13655
1657.93 13642.1
1657.93 13640.9
1657.88 13638.6
1657.95 13666.1
1658.09 13683.5
1658.25 13686.5
1658.19 13683.8
1659.41 13668.9
1659.55 13655.1
1659.53 13642.3
1659.56 13610.1
1659.47 13620
1659.51 13621.7
1659.58 13619.7
1659.78 13605.5
1659.81 13601.9
1659.95 13595.3
1660.08 13597.9
1660.08 13605.2
1660.09 13604
1660.29 13587.9
1660.24 13593.8
1659.81 13593.8
1659.82 13600
1659.81 13573.3
1659.73 13563.7
1659.73 13573.1
1659.71 13569.8
1659.8 13566.7
1659.93 13574.7
1659.88 13582.7
1659.73 13602.1
1659.72 13615.3
1659.67 13634.7
1659.94 13651.5
1659.82 13662.8
1659.72 13701.5
1660.12 13721.7
1660.18 13740.3
1660 13811.5
1660.09 13841.3
1660.14 13840.1
1659.95 13813.7
1660.13 13850.4
1660.13 13873.2
1660.25 13891.2
1660.03 13906.6
1660.23 13927.1
1660.59 13925.9
1660.59 13939.4
1660.42 13963.7
1660.72 13990.4
1661.1 14027.1
1660.82 14038.1
1661.96 14040.6
1661.92 14074.3
