196.982 1804.48
200.01 1311.9
224.978 1332.44
283.334 1867.9
370.928 2159.49
371.6 1925.99
394.897 2170.08
519.027 2301.61
525.831 2400.21
543.529 2498.88
556.613 2574.9
556.78 2460.37
592.207 3032.28
625.637 2675.56
630.316 2655.55
630.437 2598.78
650.344 3055.81
669.249 2989.65
669.195 2875.38
694.981 3017.18
706.438 3951.93
711.765 3706.61
713.32 3741.51
782.364 4671.21
793.522 5386.02
792.9 5174.06
819.512 4968.06
826.346 5051.66
827.076 5080.53
833.599 6679.66
837.185 7116.42
843.76 6902.88
839.667 6551.33
843.891 6775.49
865.544 6873.36
891.44 7023.35
912.837 7572.57
916.312 7289.56
938.071 7506.61
955.09 8105.96
954.731 8093.3
968.541 8199.01
985.713 8508.1
987.401 8691.29
987.681 8435.16
988.389 8298.56
987.042 8262.61
1028.18 8364.59
1027.67 8350.66
1027.02 8452.7
1030.33 8446.33
1043.45 8308.37
1055.61 8000.5
1056.28 8007
1058.49 7999.61
1062.76 7988.67
1080.14 7977.45
1080.22 7887.96
1079.41 7829.85
1087.53 7908.02
1104.19 7804.32
1117.92 7717.25
1126.49 7495.19
1128.75 7559.16
1127.78 7554.54
1147.84 8526.69
1145.63 9744.32
1149.1 10129.4
1148.05 9644.04
1148.08 9399.22
1156.13 9215.17
1163.18 9098.83
1164.21 8970.32
1166.67 9354.3
1168.94 9141.61
1169.13 9036.82
1168.65 9021.49
1192.25 9072.18
1197.41 8966.84
1203.85 8846.46
1208.49 8695.61
1212.98 8519.64
1212.48 8509.84
1211.69 8492.18
1212.29 8797.46
1216.21 8946.68
1231.85 8961.69
1232.33 8912.4
1234.65 9163.53
1237.49 9049.95
1237.13 9000.19
1239.28 8929.96
1248.73 9563.17
1248.94 9396.95
1248.97 9347.93
1249.01 9328.68
1248.41 9655.09
1250.14 9613.62
1254.91 9861.48
1260.3 10014
1261.09 10065.8
1261.65 10069.7
1264.04 10074.3
1263.99 10071.8
1265.97 10057
1266.55 10004.5
1266.84 9981.88
1266.94 9945.97
1266.17 9865.94
1272.17 10016.6
1271.64 9871.21
1273.69 9784.53
1275.06 9710.74
1275.04 9679.26
1275.42 9648.05
1278.48 9539.93
1278.9 9512.84
1280.51 9474.47
1280.49 9517.05
1279.75 9570.51
1285.28 9438.98
1286.17 9358.48
1291.98 9253.93
1291.93 9599.78
1292.05 9690.2
1291.63 9766.47
1291.23 9790.79
1291.97 9814.17
1291.78 9798.78
1294.35 9812.79
1296.69 9782.95
1300.26 9794.2
1300.71 9794.93
1300.83 9793.49
1299.45 9788.87
1300.33 9820.55
1300.19 9850.93
1301.42 9908.78
1301.91 9918.93
1303.02 9975.42
1305.45 10087.9
1306.95 10592.3
1307.49 10626.1
1308.16 10576.5
1308.15 10532.8
1309.21 10539
1316.09 10639.5
1315.73 10645.6
1316.96 10614.6
1317.39 10603.1
1317.63 10583.2
1317.75 10585.3
1317.67 10621.8
1317.73 10652
1317.75 10671.8
1320.78 11312.8
1320.8 11230.7
1320.81 11153.3
1324.11 11055.7
1323.54 10865.6
1324.27 10822.8
1324.15 10871.2
1324.08 10898.4
1327.08 10975.7
1326.04 11019.1
1327.03 10999.4
1326.87 10976.5
1327.49 10965.2
1327.89 10879.1
1326.58 10747.1
1333.15 10591.3
1334.5 10585.3
1334.73 10502.8
1334.73 10542.6
1333.88 10601
1333.26 10799.4
1333.33 10831.5
1333.42 10853.8
1332.21 10864.7
1332.28 10787.5
1332.39 10747.6
1334.12 10710.1
1334.58 10713.5
1338.69 10695.2
1337.74 11226.9
1339.66 11176.9
1341.49 11204.6
1346.37 11014
1346.13 11044.3
1347.3 11123.7
1347.3 11089.6
1348.5 11071.8
1350.24 11054.9
1351.1 11007.1
1352.85 10958.3
1352.87 10962.1
1350.84 10889.6
1350.8 10846.1
1357.98 10849.7
1358.3 10839.1
1358.51 10855.1
1361.05 10826.7
1361.1 10835.2
1362.33 10838.5
1361.69 10814.7
1366.39 10676.6
1370.71 10732.5
1372.07 10557.4
1372.26 10522.9
1371.88 10509.4
1374.41 10543.3
1374.92 10569.7
1375.1 10536.5
1374.85 10533
1380.66 10568.6
1381.33 10643.5
1381.83 10652.5
1381.77 10630.1
1381.82 10606.1
1380.87 10603.6
1381.23 10642.7
1381.36 10681.5
1382.72 10694.2
1382.49 10695.7
1382.39 10680.2
1384.92 10687.4
1388.32 10689.1
1388.95 10738.6
1389.88 10524.8
1390.93 10410.2
1394.28 10454.9
1393.79 10404
1393.93 10384.3
1394.11 10370.1
1394.87 10383
1394.94 10397.3
1395.21 10383.7
1395.63 10363.9
1395.71 10366.2
1396.19 10364.3
1396.12 10352
1401.73 10276.5
1402.28 10316.2
1402.26 10295.9
1402.28 10292.7
1402.77 10268.3
1403.49 10243.1
1404.44 10229.6
1405.2 10247.7
1406.83 10171.5
1406.81 10222.2
1406.59 10205.7
1410.93 10245.7
1411.14 10254.1
1411.01 10272.1
1411.01 10291.5
1410.75 10334.7
1410.69 10342.1
1410.69 10342.7
1411.03 10363
1411.16 10379
1411.08 10319.9
1410.68 10312.2
1410.55 10304
1410.61 10278.4
1410.5 10226.4
1416.46 10145.1
1416.52 10188.6
1416.55 10194.3
1416.48 10183.5
1416.75 10188.9
1416.8 10179.4
1416.81 10174.7
1417.17 10169.9
1417.92 10184.5
1417.95 10188.4
1418.28 10200.4
1418.69 10222.1
1418.14 10212.8
1418.16 10196.8
1418.45 10202.1
1418.16 10209.2
1418.02 10198.2
1417.67 10194.9
1416.91 10174.8
1417.29 10310
1417.96 10242.2
1417.43 10236.7
1421.02 10214.9
1420.87 10221.9
1424.11 10250.8
1423.99 10277.5
1425.14 10178.9
1425.21 10189.5
1425.22 10172.1
1426.73 10210.9
1426.52 10209.9
1427.22 10207.2
1428.1 10195.2
1428.81 10213.6
1427.68 10190.6
1427.65 10161.1
1428.13 10167.1
1427.31 10282.3
1426.97 10282.3
1426.96 10280.9
1427.03 10261.9
1426.52 10200.2
1426.2 10164
1426.4 10200.6
1426.74 10168.5
1426.61 10190.2
1426.63 10178.5
1426.7 10231.4
1426.79 10242.5
1426.56 10193
1428.96 10286.6
1430.08 10292
1430.58 10311.7
1431.66 10353.7
1431.61 10356.6
1431.55 10365.9
1431.51 10386.1
1431.93 10416.4
1431.94 10429
1431.89 10451.6
1436.9 10662.6
1437.09 10629
1436.82 10700.6
1436.86 10728
1437.52 10784.6
1437.85 10753.5
1440.2 10755.2
1440.76 10735.4
1440.79 10715.6
1440.96 10735.4
1441.01 10740
1441.16 10742.6
1441.48 10746.8
1441.17 10727.4
1441.03 10739.7
1441.19 10724.6
1441.22 10681.6
1441.23 10664.4
1441.19 10692.1
1441.65 10671.2
1441.68 10681.4
1441.51 10749.4
1441.71 10795.1
1441.67 10795.2
1442.18 10787.9
1442.91 10809.1
1442.84 10779.1
1442.87 10886.3
1443.06 10872.1
1442.56 10865.7
1442.58 10940.3
1442.59 10945.8
1443.02 10984.2
1443.13 11012.4
1443.37 11015.7
1444.17 11051.4
1443.97 10968
1443.86 10993.2
1443.91 10988.8
1443.91 10988.8
1444.11 10984.1
1443.78 11049.7
1444.65 11076.8
1444.99 11046.6
1445.19 11046.8
1445.17 11040.9
1444.65 11092.2
1444.28 11139.2
1444.34 11098.3
1444.25 11101.4
1444.27 11137.6
1443.93 11135.4
1444.14 11115.5
1444.29 11113.1
1444.25 11108.5
1444.49 11109.3
1444.43 11062.4
1444.16 11079.7
1444.58 11031.7
1444.58 11005.2
1445.03 10933.9
1445.05 10917.1
1445.49 10942.7
1445.79 10930
1445.39 10911.3
1445.12 11030.4
1445.88 11094.9
1445.73 11128
1446.19 11145.8
1446.08 11138.6
1446.08 11188.5
1445.81 11174
1445.74 11208
1446.83 11237.4
1447.05 11265.3
1447.19 11276.9
1447.21 11306.4
1447.56 11319.4
1447.77 11328.8
1447.86 11347.7
1447.67 11347.7
1448.36 11334.9
1447.99 11307.4
1447.28 11339.4
1447.41 11399.8
1447.43 11401.6
1447.38 11330
1447.38 11353.1
1447.29 11361.7
1447.33 11348.1
1447.55 11347.8
1447.43 11349.9
1447.15 11346.5
1447.35 11362.2
1447.78 11453.2
1448.08 11484.7
1447.13 11480
1447.14 11477.1
1447.2 11492.3
1447.25 11507.5
1447.73 11517.5
1447.82 11596.3
1447.84 11621.7
1447.9 11618.1
1448.81 11608.9
1448.82 11622.4
1448.73 11663
1449.04 11660.9
1448.85 11597
1448.92 11584.9
1448.99 11589.7
1448.49 11612.3
1448.63 11648.4
1449.75 11673.8
1449.96 11634
1449.84 11824.5
1450.06 11887.7
1450.15 11926
1449.87 11918.4
1449.86 11947.8
1450.01 11968.3
1450.5 11985.7
1450.5 12005.8
1450.41 12003.6
1450.44 12003.7
1450.43 12004.5
1450.53 11996.6
1449.98 11986.4
1450.24 12035.3
1450.91 11881.1
1451.06 11882.8
1451.02 11891.4
1451.05 11869.6
1451.36 11859.2
1451.44 11867
1451.41 11871.1
1451.5 11888.6
1451.45 11876.3
1451.47 11870.6
1451.43 11878
1451.43 11871.4
1451.48 11856.8
1451.57 11844.9
1451.62 11844.6
1451.64 11845.1
1451.65 11845.9
1451.77 11843.7
1451.87 11801.9
1451.92 11785.2
1452.08 11828.8
1451.95 11794.5
1452.66 12069.4
1452.57 12106
1452.54 12075.4
1452.56 12120.3
1452.41 12021.5
1452.31 12001.4
1452.58 12071.4
1452.65 12075.4
1452.79 12082.3
1453.46 12101.4
1453.38 12102.1
1453.9 12099.5
1454.33 12101
1454.33 12117.3
1454.43 12130.2
1455.04 12143.9
1454.76 12160.5
1454.76 12175
1454.52 12146.5
1454.62 12142.9
1454.3 12142
1454.18 12590.5
1454.32 12567.6
1453.93 12657.5
1453.75 12657.2
1453.82 12700.1
1453.79 12726.6
1454.07 12795.9
1454.07 12829.2
1454.21 12843
1454.21 12827.4
1454.41 12845
1454.43 12836.7
1454.64 12862.8
1454.93 12873.1
1455.26 12883.3
1454.92 12909.4
1455 12928.7
1455.92 12896.2
1455.82 12896.5
1455.95 12921.3
1455.78 12952
1456.16 13000.5
1456.14 13076.7
1456.11 13097.9
1455.86 13145.4
1456.01 13159.3
1456.06 13168.3
1456.32 13178.9
1456.31 13185.9
1456.3 13171.7
1456.33 13173.7
1456.29 13200.7
1456.3 13114.3
1456.16 13110.8
1456.28 13114
1456.7 13163.3
1456.03 13212.4
1456.08 13196
1456.29 13207.6
1456.31 13186
1456.05 13180.2
1456.04 13182.1
1456.1 13177.4
1456.07 13154.6
1456.43 13226.2
1456.44 13246.4
1456.46 13254.2
1456.58 13267.8
1457.11 13376.4
1457.1 13372.8
1456.8 13407.9
1457.02 13370
1457.24 13457.8
1456.87 13474.1
1456.73 13464.3
1456.56 13464.4
1458.11 13460.1
1458.19 13480.5
1458.2 13473.3
1458.27 13438.7
1458.52 13190.9
1458.53 13198.5
1458.74 13254.5
1460.87 13075.3
1461.09 13140.4
1461.4 13221
1462.72 13202.4
1462.4 13370.6
1462.6 13366.9
1462.79 13302.7
1462.91 13274
1462.82 13254.1
1463.05 13235.2
1464.55 13190.5
1464.49 13183.8
1464.8 13196.5
1464.42 13181.4
1464.65 13181.6
1464.65 13145.6
1464.58 12961.8
1464.41 12917.8
1465.56 12928
1465.62 12954.7
1465.65 12930
1466.04 13053.2
1465.95 13071.6
1466.44 13086.8
1466.44 13098.3
1466.45 13088.4
1466.45 13075.3
1466.45 13075.1
1466.52 13064.9
1466.53 13058.3
1467.93 13133.9
1468.06 13146.2
1468.28 13154.2
1468.17 13192.6
1468.18 13235
1469.24 13301.7
1469.26 13336.5
1469.44 13302
1469.85 13223.6
1469.85 13227.2
1469.84 13222.5
1470.04 13212.8
1471.96 13186.3
1472.04 13235.2
1471.74 13212.3
1471.84 13193.8
1472.79 13188.8
1472.03 13168
1472.04 13153
1472.06 13129.6
1472.2 13146.2
1472.57 13125.6
1473.14 13094.3
1473.15 13073.9
1473.18 13100.1
1473.28 13144.1
1473.51 13136.3
1474.03 13205
1474.02 13132.2
1474.13 13116.6
1473.96 13099.5
1474.23 13098.1
1474.67 13091.2
1474.61 13111.4
1475.32 13065.5
1474.87 13006.8
1474.91 13000.4
1474.94 13025.5
1474.8 13124.8
1474.83 13134.8
1474.71 13130
1474.86 13145
1474.86 13123.1
1474.41 13177
1474.34 13227.7
1474.45 13241.5
1474.46 13209.3
1474.46 13204.3
1474.37 13197.7
1474.35 13195.8
1474.32 13198.1
1473.69 13273.1
1473.67 13353
1474.49 13437.1
1474.49 13458.8
1474.42 13499.2
1475.1 13551.4
1475.09 13578.2
1475.07 13612.6
1475.07 13628.6
1475.22 13638.4
1475.54 13642.5
1475.67 13649.9
1475.55 13658.1
1475.54 13658.4
1475.62 13667.2
1475.87 13853.6
1476.25 13765.9
1475.99 13695.4
1476.26 13690.8
1476.2 13669
1476.46 13682.5
1476.64 13720.3
1476.4 13710.3
1476.4 13697.7
1476.31 13706.4
1476.73 13753.6
1476.71 13764.4
1477.34 13790.4
1477.21 13784.3
1477.21 13796.1
1477.22 13803.5
1478.3 13807.1
1477.99 13850.1
1478.24 13884.2
1478.74 13891.7
1479.04 13892.4
1479.07 13761.9
1479.11 13765.3
1478.86 13729.5
1478.81 13756.7
1478.82 13782.6
1478.68 13790.7
1478.73 13770.8
1478.56 13761.5
1478.48 13742.1
1478.44 13720.8
1478.5 13705.5
1478.42 13669.6
1478.71 13707
1478.72 13729.2
1478.78 13688.3
1478.38 13679.2
1478.95 13725.5
1479.07 13704.5
1478.97 13698.2
1478.79 13696.7
1478.76 13705.6
1478.76 13706.5
1478.71 13691.3
1478.73 13685.9
1478.67 13678.3
1478.74 13661.3
1478.73 13657.6
1478.67 13637.7
1479.88 13574
1480.12 13612.5
1480.25 13619.3
1480.11 13606.7
1480.03 13602.1
1480.12 13599
1480.11 13585.7
1480.2 13589.7
1479.2 13538.6
1479.1 13541.4
1478.07 13587.7
1478.07 13488.6
1477.99 13471.3
1478.01 13467.3
1478.18 13502.6
1478.56 13341.8
1478.59 13148.1
1478.18 13139.1
1478.17 13137.7
1478.18 13147
1478.21 13169.4
1478.27 13168.9
1478.29 13144.2
1478.36 13129
1478.47 13131.6
1478.38 13141.7
1478.63 13154.4
1478.53 13147.8
1478.68 13161.6
1478.66 13196.2
1479.01 13211
1479.25 13214.8
1479.24 13221.4
1479.29 13221.1
1479.53 13243.1
1478.84 13285.9
1478.66 13274.4
1478.67 13275.2
1478.4 13279.3
1478.55 13285.5
1478.36 13290.8
1478.28 13229.9
1478.42 13245.2
1478.39 13248.3
1478.45 13248.4
1478.14 13338.1
1478.11 13329.4
1478.29 13331.6
1478.41 13337
1478.38 13336.7
1478.4 13340.3
1478.39 13342.3
1478.37 13331.3
1478.35 13327.9
1478.37 13338.5
1478.86 13359.1
1478.89 13373
1478.58 13344.5
1478.61 13361.7
1479.56 13363.2
1479.45 13382.2
1479.54 13388.2
1479.53 13395.9
1479.55 13404.8
1479.54 13406.5
1479.46 13417.4
1479.39 13408.2
1479.47 13411.7
1479.47 13426.3
1480.09 13443.2
1480.15 13446.9
1480.06 13443.2
1480.06 13444.5
1480.06 13445.2
1480.02 13392
1479.99 13385.1
1479.92 13336.6
1479.72 13292.5
1479.93 13273.7
1479.99 13269.4
1480.17 13273.4
1480.17 13284.2
1480.16 13270.9
1480.12 13302.8
1480.42 13339.5
1480.45 13346.7
1480.4 13329.9
1480.26 13280.1
1480.19 13266
1480.19 13264.8
1480.66 13262.2
1481.37 13250.7
1481.29 13270.5
1481.27 13283.9
1481.28 13289.7
1481.26 13296.9
1481.25 13309.8
1481.22 13328.2
1481.23 13348.6
1481.42 13369.7
1481.35 13382.4
1481.34 13407.7
1481.35 13439.2
1481.32 13459.6
1480.99 13461.9
1481.01 13503.7
1480.86 13519.7
1482.03 13539.4
1482.07 13580
1482.24 13592.5
1482.15 13402.1
1482.15 13442.9
1482.13 13465.6
1482.12 13486.5
1482.06 13496.8
1481.96 13488.6
1482.09 13494.5
1481.91 13497
1481.44 13572.7
1481.27 13509.7
1481.27 13495.7
1481.25 13490.5
1481.36 13507.8
1481.36 13502
1481.28 13507.2
1481.42 13512.7
1481.37 13533.3
1481.42 13551.1
1481.6 13556.8
1481.37 13550.9
1481.65 13593.6
1481.29 13606.5
1481.54 13667.7
1481.77 13702
1481.82 13722.4
1481.8 13724.8
1481.8 13723.3
1482.04 13793
1482.1 13788.5
1481.92 13799.3
1482.01 13791
1482.14 13780.4
1482.11 13830.7
1482.09 13824
1481.46 13804.5
1480.46 13771.4
1481.4 13795.9
1481.39 13744.8
1481.38 13730.3
1481.17 13712.1
1481.76 13695.3
1481.81 13691.5
1481.81 13702.2
1481.89 13718.8
1482.18 13743.4
1482.38 13732.7
1482.69 13757.4
1482.65 13732.3
1482.95 13732.9
1482.95 13717.9
1483.25 13709.6
1483.26 13697
1483.21 13673.4
1483.17 13680.6
1483.15 13671.5
1483.15 13669.7
1483.17 13656.3
1483.18 13664.3
1483.31 13668
1483.34 13657.5
1482.76 13670.1
1482.69 13661.9
1482.68 13640.7
1482.52 13598.5
1482.58 13597.8
1482.41 13593.6
1482.41 13582.5
1482.38 13581.2
1482.53 13582.7
1482.52 13556.4
1482.44 13547.4
1482.42 13546.7
1482.24 13515.8
1484.36 13478.2
1484.48 13517.1
1484.63 13499.2
1484.6 13493.7
1484.71 13486.8
1484.69 13481.5
1484.69 13469.9
1484.82 13471
1484.79 13466.1
1484.74 13473.1
1484.68 13468.2
1484.59 13444.2
1484.55 13452.6
1484.96 13448.2
1484.97 13436.7
1484.95 13446.8
1485.3 13477.5
1485.26 13491
1485.1 13508.6
1485.15 13559.6
1485.4 13598.5
1485.51 13598.4
1485.62 13638.2
1485.45 13656.5
1485.57 13670.5
1485.58 13669
1485.6 13663.2
1485.78 13657.3
1485.43 13649.7
1485.64 13652.1
1485.77 13663.3
1485.62 13631
1485.74 13619
1485.8 13606.4
1485.77 13583.9
1485.58 13545.8
1485.58 13531
1485.56 13500.7
1485.58 13484.2
1485.59 13468.4
1485.57 13455.6
1486.1 13443.6
1486.08 13420
1486.15 13379.7
1486.08 13363.7
1486.07 13352.6
1485.88 13324.5
1485.91 13321.5
1485.87 13303.7
1485.74 13277.7
1485.64 13268.1
1485.36 13227.5
1485.37 13215.3
1485.34 13222
1485.34 13221.1
1485.34 13247.4
1485.24 13253.1
1485.19 13255.5
1485.29 13249.6
1485.32 13243.5
1485.25 13279.1
1485.19 13311
1485.18 13311.6
1484.52 13368.5
1484.69 13373.9
1484.84 13373.7
1485.16 13422.9
1485.35 13424.2
1485.35 13415.2
1485.39 13411
1485.38 13349.3
1485.4 13336.7
1485.76 13334
1485.77 13336.3
1485.95 13335.2
1486.04 13336.2
1486.13 13337.6
1486.23 13362.5
1486.22 13361.9
1486.18 13422.7
1486.5 13424.7
1486.47 13424.5
1486.13 13448.9
1486.14 13467
1486.15 13474.9
1486.27 13475.6
1486.09 13475.5
1486.02 13422.9
1486.24 13415.4
1486.16 13509.7
1486.05 13460.8
1486.06 13471.4
1486.27 13485.6
1486.11 13505.5
1486.02 13552.8
1486.11 13585.2
1486.04 13579.9
1486.25 13587.5
1486.18 13587.2
1486.28 13579.8
1486.28 13571.1
1486.25 13561.5
1486.22 13548.6
1486.1 13546.1
1485.93 13531.5
1485.76 13512.8
1486.01 13459.6
1486.04 13440.7
1486.43 13424.6
1486.47 13430.2
