205.017 568.203
220.001 550.468
234.903 1772.71
267.228 2238.42
268.454 1988.93
300.491 2008.98
343.753 2591.04
407.557 3541.4
466.857 9760.06
479.945 8179.99
507.577 6680.45
525.04 6220.37
536.302 6052.78
549.395 6415.82
589.004 8073.24
660.21 8046.06
660.388 7285.83
660.816 6884.16
660.711 6657.51
665.034 7230.47
681.801 7389.4
689.763 8897.57
691.323 8264.27
696.876 8896.22
728.433 8416.67
727.438 8362.46
732.923 8227.82
747.321 8359.12
750.642 8719.07
786.888 9195.53
788.921 9051.14
803.745 10553.8
803.836 9982.19
787.521 12876.6
830.621 12251.5
829.166 12109.3
830.502 11125.3
831.951 10682.5
836.893 10555.4
837.596 10329.6
845.278 10068.5
860.545 9937.34
861.663 9938.29
860.267 10209.3
864.624 9850.45
856.877 11594.5
859.27 11801.5
860.487 12010.2
871.236 11854.7
871.226 11936.4
870.782 13151.7
870.968 15695
872.717 14799.3
877.37 15617.5
886.561 17805.2
887.115 36515
885.152 32126.7
884.946 28121
887.995 24986.2
889.302 31997.7
889.527 31400.7
890.927 30977.9
893.995 28303.2
896.427 29194.7
896.953 36516.9
896.904 36706.4
897.056 34526
897.439 32805.6
908.821 30322.6
909.708 29255.2
936.622 28805.9
944.116 28127.7
944.307 27365.1
944.075 26805.2
946.817 26026.3
951.215 25271.4
975.723 25629.2
976.517 24841.2
977.997 24840.9
985.566 24508.2
1004.63 24151
1005.1 23627.7
1005.07 22845.3
1036.48 24112.4
1040.4 21989.2
1040.56 20603.5
1041.06 19432.9
1047.02 19510.7
1044.41 18939.2
1044.68 18601
1045.97 18069
1046.5 17844.3
1047.99 17530.2
1052.37 18042.7
1048.96 17920.2
1055.73 17877.1
1060.84 17484.9
1062.38 17483.7
1064.78 17394
1064.78 17300.1
1061.29 17568.4
1062.3 17344.4
1064.45 17323.1
1065.55 17191.8
1067.57 17177.6
1065.67 17342
1071.16 17270.3
1073.31 17222.3
1070.81 17414
1069.38 17490.9
1069.29 17720.8
1075.08 18050.7
1075.32 17611.7
1075.83 17424.2
1079.12 17285.3
1078.96 17180.7
1082.24 17029.9
1085.11 16845.3
1089.01 16795.2
1087.54 16878.8
1092.41 16956.2
1111.44 16948.7
1112.56 16956.3
1116.07 16995.2
1124.85 16951.6
1123.78 17460.6
1127.25 17481
1127.26 17400.3
1126.07 17456.5
1125.77 17694.7
1129.37 17678
1132.13 17731.2
1132.17 17549.8
1134.56 19183
1135.12 19215.7
1134.9 18900.9
1136.43 18785.7
1140.22 18874.5
1145.52 18939.7
1147.13 18833.8
1149.88 18851.1
1152.1 18666.5
1154.24 18705.9
1156.26 18570.5
1156.48 18584.4
1154.94 18539.6
1154.94 18589.9
1155.06 18735.3
1154.94 18684.1
1155.02 18703.1
1154.36 18692.9
1154.39 18745
1154.21 18735
1153.06 18719.3
1153.31 18720.8
1152.99 18807.1
1152.99 18874.6
1153.53 18918.2
1152.91 18829.9
1154.34 18837.4
1154.35 18782.8
1154.35 18869.3
1154.05 18853.1
1155.4 18929.6
1154.74 18996.9
1154.39 19091.5
1154.72 19165.3
1156.3 19176.3
1157.24 19302.5
1160.98 19450.5
1159.22 19524.4
1158.88 19569.4
1161.17 19439
1160.31 19466.3
1160.69 19507.3
1161.5 19547.8
1161.93 19628.6
1161.17 19696.5
1161.73 19644.4
1161.78 19655.1
1161.12 19705.9
1161.12 19772.9
1162.65 19752
1162.96 19463.7
1159.91 19604.9
1160.17 19712.4
1159.79 19734.4
1158.59 19689
1158.57 19673.1
1162.18 19693.7
1163.43 19757.5
1163.78 19693.3
1163.53 19638.6
1163.28 19728.7
1164.45 19690.9
1168.11 19569.3
1167.71 19613.6
1167.63 19638.4
1167.53 19613.2
1168.34 19847.8
1168.65 20006.6
1168.67 20140.2
1171.25 20236
1171.27 20131.5
1170.91 20040.1
1171.3 20036.6
1176.25 20041.7
1177.11 20120.4
1176.97 20127.2
1174.13 20361.3
1175.35 20516.4
1176.39 20504.7
1176.45 20500.4
1177.36 20450.6
1178.22 20356.1
1180.4 20599.8
1185.71 20816.1
1185.63 20653.4
1186.78 20580.7
1187.2 20573.2
1187.1 20568.8
1187.51 20598.8
1187.46 20611.1
1188.11 20120.5
1188.08 20030.6
1188.33 19982.4
1188.36 19957.6
1188.4 19940.6
1187.3 19867.5
1187.32 19778.9
1186.64 19690.1
1186.35 19803.2
1188.77 19790.7
1188.49 19757.5
1188.48 19777.2
1189.09 19676.3
1193.18 19692
1198.09 19842.7
1199.22 20587
1204.12 20673.8
1204.3 20838
1205.09 20805.1
1205.49 20832
1205.57 20889.8
1205.71 20970
1205.89 20966.8
1205.74 20972.1
1205.6 20999.8
1214.91 21238.9
1215.12 21091.5
1215.46 21099.7
1215.98 21087
1215.59 21051.7
1215.22 21054.2
1215.22 21053.6
1216.32 21043.9
1216.89 21063.8
1218.33 21039.5
1217.94 21038.6
1218.94 21053.1
1219.13 21078.8
1219.2 21074
1222.7 20958.5
1222.58 20920.4
1223.91 20905.2
1225.08 20866.7
1224.65 20654.9
1225.84 20622.4
1227.44 20635.9
1227.61 20653.1
1227.54 20688.4
1227.49 20734.3
1228.19 20767.2
1227.5 20784
1228.26 20816.5
1228.2 20899
1230.5 20931.9
1241.03 20832.4
1241.29 20873.9
1251.97 20800.8
1258.99 20872.2
1261.49 20941.9
1261.68 20987.4
1261.39 21041.2
1264.73 21187.3
1265.65 21021.8
1265.66 21070
1267.2 21128.3
1270.24 20995.6
1270.18 20903.6
1271.67 20849.7
1273.51 20848.3
1278.87 20840.3
1278.75 20818.2
1279.1 20819.2
1279.09 20828.4
1280.28 20816.6
1283.28 20824.3
1284.43 20823.5
1284.31 20741
1285.37 20776.6
1287.02 20783
1288.12 20680.8
1290.71 20709.4
1290.4 20724.5
1290.65 20664.9
1290.76 20624.5
1290.8 20611.3
1291.45 20595.5
1291.48 20645.2
1293.28 20755.8
1293.67 20811.9
1293.53 20847.4
1297.46 20823.5
1294.12 20740.2
1294.08 20622.9
1294.57 20480.1
1294.53 20455.9
1295.62 20437.4
1296.09 20467.4
1298.23 20577.1
1298.72 20524.5
1298.78 20482.5
1299.6 20510.6
1301.45 20588.4
1301.94 20582.2
1301.94 20593.7
1304.93 20604.5
1304.96 20575.6
1307.05 20782.8
1304.95 20830.9
1304.71 20813.7
1307.52 20705.5
1308.68 20653.5
1308.99 20550.1
1308.63 20518.2
1308.76 20475.4
1308.9 20414.5
1308.6 20386.7
1308.52 20441
1308.3 20413.5
1308.09 20313.3
1308.14 20274.6
1308.39 20224.2
1308.65 20234.6
1308.8 20259.1
1311.79 20270.5
1312.41 20330.1
1312.67 20357.9
1312.51 20390
1312.82 20428.9
1312.83 20481.4
1312.65 20468.7
1312.42 20590.2
1313.04 20604.6
1314.43 20709.5
1315.35 20803
1318.81 20833.1
1319.47 20805.2
1320.82 20787.5
1324.93 20693.8
1334.24 20683.1
1333.96 20692.3
1334.56 20741.2
1334.51 20711.9
1332.58 20771.7
1332.33 20785
1332.53 20773.8
1333.48 20721
1333.53 20637.7
1336.41 20580.6
1339.08 20542.1
1339.04 20563.8
1340.97 20918.3
1344.02 21002
1344.66 21138.9
1344.59 21072.5
1344.1 21097.5
1343.94 21173.8
1344.88 21167.2
1345.02 21178.5
1346.17 21208.2
1349.38 21127
1349.28 21137.3
1351.72 21265.2
1351.64 21213.6
1353.66 21356.9
1354.52 21335.5
1356 21268.3
1356.52 21227.6
1356.87 21254.4
1357.29 21274
1356.32 21301.2
1358.58 21218.6
1360.58 21244.1
1360.96 21229.2
1361.09 21225.1
1360.39 21234.3
1360.26 21276.7
1360.3 21283
1360.24 21464.9
1360.54 21442.9
1360.82 21447.7
1360.81 21428.5
1364.58 21312.2
1365.97 21159.5
1366.23 21092.2
1366.94 20986.3
1366.63 20999.8
1367.83 20962.8
1367.5 20955.6
1369.17 20967.5
1369.31 20997.3
1369.4 21009.6
1369.47 20978.4
1369.67 20943.9
1370.48 20918.1
1370.66 20886.3
1370.36 20880.5
1370.68 20887.4
1370.17 20979.5
1370.28 20856.9
1370.68 20849.6
1372.41 20846.1
1373.84 20837.8
1375.43 20838.4
1376.99 20895
1376.99 20884
1376.81 20890.2
1376.82 20887.6
1376.79 20882.6
1378.42 20901.7
1379.47 20910.1
1379.36 20932.9
1379.61 20919.9
1379.86 20927.2
1379.95 20913.4
1380.18 20893.4
1379.68 20913
1380.6 20925.8
1380.88 20921.3
1380.71 20943.4
1380.67 20967.3
1380.19 20980.1
1380.32 20978.4
1380.61 21000.2
1380.78 21072.1
1380.67 21155.7
1380.06 21237.8
1380.02 21328.4
1380.41 21329.1
1380.37 21301.3
1380.67 21291.8
1381.54 21271.8
1382.07 21312.9
1383.02 21267
1383.05 21269.7
1383.2 21295.8
1384.51 21263.1
1384.5 21206.2
1384.48 21195.9
1386.56 21267
1386.56 21263
1386.57 21242.3
1386.51 21253.8
1386.63 21235.3
1385.96 21241.5
1385.8 21245
1385.85 21236
1385.89 21235.8
1386.56 21252.6
1386.42 21271.1
1386.22 21292.5
1386.94 21349.9
1388.62 21353.3
1388.57 21404.6
1388.43 21403.5
1388.55 21410.7
1388.53 21377.8
1388.77 21386.1
1389.16 21349
1390.27 21385.6
1390.58 21399.7
1391.1 21422.1
1391.38 21446.3
1391.38 21464.2
1392.7 21472.3
1392.7 21507.4
1395.75 21534.4
1395.95 21502.3
1396.03 21508
1396.07 21497.3
1396.56 21497.6
1396.74 21451.6
1397.35 21472.1
1397.75 21536.8
1397.63 21587.2
1397.55 21574.2
1397.31 21609.5
1397.28 21619.3
1397.49 21616
1397.4 21615.4
1398.3 21668.9
1398.9 21610.7
1398.81 21646.1
1398.82 21708.8
1398.6 21710.6
1398.4 21692.2
1399.08 21658.6
1400.91 21665.9
1400.42 21675.2
1400.38 21664.5
1399.82 21736.4
1399.66 21736.9
1399.71 21725.9
1400.49 21753.7
1401.27 21811.9
1401.28 21815.3
1401.29 21796.7
1403.06 21910.5
1403.54 21791.7
1403.59 21744.7
1403.58 21722.3
1402.66 21742.5
1402.26 21756.2
1402.24 21770
1402.37 21638
1402.34 21599.4
1402.96 21570.6
1403.56 21587.3
1404.76 21589.8
1406.01 21615.3
1405.9 21665.6
1406 21704.6
1405.89 21731.8
1406.46 21738.7
1406.46 21718.8
1406.57 21668.4
1406.36 21647.3
1405.87 21622.3
1405.93 21649.4
1408.22 21663.3
1408.55 21618.7
1408.57 21575.7
1409.03 21559.2
1409 21562.4
1409.11 21559.2
1408.99 21560.6
1410.48 21617.3
1410.94 21584.3
1410.69 21615.7
1410.72 21629.7
1410.48 21637
1410.56 21625.5
1410.7 21649.7
1410.75 21667.8
1410.75 21681
1411.01 21700.7
1413.09 21724
1413.18 21730.1
1412.79 21760.8
1413.03 21789.1
1413.05 21790.1
1412.74 21784.8
1412.4 21788.4
1412.72 21802.5
1412.73 21798.1
1412.73 21782.7
1412.7 21768
1414.32 21720.4
1414.09 21649
1413.82 21660.4
1414.17 21690.9
1414.76 21724.3
1415.58 21749.1
1415.57 21758.8
1415.22 21778.6
1415.87 21762.1
1416.04 21741.3
1415.63 21771.1
1415.68 21794.3
1415.47 21798.4
1415.49 21765.3
1415.48 21741.8
1416.6 21756.6
1416.53 21653.8
1416.45 21653.3
1418.23 21705.2
1418.05 21703.4
1418.1 21700.8
1418.05 21702.7
1419.18 21717.9
1419.19 21728.9
1419.99 21751.3
1419.99 21733.6
1420.16 21735.6
1420.06 21735.2
1420.28 21722.6
1420.44 21725.3
1420.27 21728
1420.27 21715.1
1420.35 21719.3
1420.4 21717.2
1419.97 21658.6
1420.14 21633.3
1421.22 21618
1421.75 21606.4
1422.32 21605.1
1422.24 21604.2
1422.41 21617.6
1422.04 21603.2
1422.02 21606.5
1422.18 21613.5
1422.75 21624.7
1423.13 21620.7
1423.13 21606.6
1423.3 21601.9
1423.72 21620.2
1423.68 21625.1
1423.46 21627.8
1423.39 21632.2
1422.11 21630.7
1422.03 21688.6
1422.01 21677.3
1423.43 21703.2
1423.43 21664.5
1423.34 21648.4
1423.37 21656.8
1424.86 21652.1
1424.88 21644.9
1424.7 21648.7
1424.86 21622.7
1424.52 21583.7
1424.51 21854
1425.11 21851.1
1425.32 21807.3
1425.22 21787.3
1425.27 21790.4
1425.37 21807.8
1425.03 21799.2
1424.88 21799.3
1425.75 21814.5
1424.59 21871.5
1424.04 21950.1
1423.86 22008.8
1423.87 22023.8
1423.79 22082.1
1423.76 22097
1423.75 22062.4
1423.78 22063.4
1423.67 22057.9
1423.14 22047.9
1423.15 22050.7
1424.15 22026.2
1424.15 22031.1
1423.99 22031
1423 22010.8
1422.97 22006.1
1423.09 21996.4
1424.55 22039.9
1424.34 22026
1424.3 22017.1
1424.43 22034.6
1424.39 22040.5
1424.46 22049.6
1424.11 22027.7
1424.1 22032
1424.12 22049.9
1424.21 22092.9
1423.8 22123.2
1423.8 22158.6
1423.66 22154.2
1423.69 22151.7
1423.55 22100.3
1423.73 22062.7
1423.74 22043.2
1423.33 22053.5
1423.54 22071.2
1423.39 22051.9
1423.41 22031.5
1422.78 22022.5
1423.2 22006.3
1423.31 21969.9
1423.33 21958.6
1423.7 21956
1424.17 21892.8
1423.93 21806
1423.95 21805.6
1423.95 21818
1423.92 21825.7
1425.16 21852.4
1425.01 21834.1
1426.69 21847.1
1426.86 21839.9
1426.94 21830.9
1427 21819.5
1427.69 21842.6
1427.56 21866.3
1427.8 21875.1
1427.53 21886.6
1427.56 21904
1427.6 21917.1
1427.74 21939.9
1427.83 21937.2
1428.71 21959.9
1428.64 21956.3
1428.57 21975.7
1428.67 21995.5
1428.66 21990.6
1427.76 22016.8
1427.87 22050.3
1427.86 22065.3
1428.18 22071.1
1427.37 22102.9
1427.32 22103.9
1427.27 22109.8
1427.43 22078.3
1427.29 22093.4
1427.17 22058.3
1427.25 22072.4
1427.3 22080.7
1427.47 22087.5
1427.71 22129.1
1427.85 22123.7
1427.75 22108.3
1427.81 22101.4
1427.88 22090.5
1427.88 22109.8
1427.84 22140.3
1428.02 22141.6
1429.12 22154.5
1429.1 22156.3
1429.15 22146.4
1429.21 22155.4
1429.25 22164.5
1429.17 22166.5
1429.09 22165.5
1428.59 22119.1
1428.57 22129.1
1428.18 22188.9
1428.22 22220.6
1428.21 22241.5
1428.32 22248.7
1428.33 22252
1428.32 22250.7
1428.34 22244.5
1428.46 22241.5
1428.6 22211.8
1428.55 22223.4
1428.56 22213.3
1428.95 22242
1428.92 22243.4
1429 22211.9
1429.01 22184.3
1429.17 22174.7
1429.43 22176
1429 22183.4
1429.53 22056.7
1429.39 22021.6
1429.98 22016
1430.06 22004.7
1430.02 21994.6
1430.04 21997.1
1430.12 22012.9
1430.37 21957.1
1430.34 21958.8
1430.71 21950.8
1431.39 21928.1
1432.21 21991.9
1432.1 21991.8
1432.15 21962.3
1432.17 21948.7
1432.28 21950.7
1432.65 21956.2
1432.85 21939.6
1433.39 21955.8
1434.77 21997.3
1434.64 22015.9
1435.03 22037.7
1435.08 22032.8
1434.91 22056.2
1434.94 22063
1434.41 22045.2
1434.35 22050
1434.35 22014.4
1434.09 22023.7
1434.08 22030.5
1434.61 21926.7
1434.62 21935.9
1434.73 21919.9
1434.7 21923.2
1434.49 21913
1434.49 21918.4
1434.81 21909.9
1435.98 21928.3
1435.96 21878.5
1435.95 21855.1
1435.8 21860.5
1434.95 21870.2
1435.11 21875.7
1435.19 21857.5
1435.29 21859.2
1435.29 21856.2
1434.95 21860.8
1435.44 21888.9
1435.39 21907.6
1435.31 21910.3
1435.36 21889.9
1435.81 21879.3
1435.91 21878
1435.9 21848.7
1435.82 21830.9
1435.89 21822.3
1435.72 21813.1
1435.66 21809.4
1435.54 21815.8
1435.54 21807
1435.31 21825.6
1435.33 21829.4
1435.25 21832.7
1435.24 21821.4
1435.24 21809.5
1434.83 21856.2
1435.03 21879.2
1435.06 21869.5
1434.9 21876.2
1434.9 21882.2
1434.78 21878.6
1434.81 21861.4
1435.09 21847.6
1435.15 21835.5
1436.21 21844.9
1435.99 21877.5
1435.97 21873.4
1436.07 21911.4
1436.09 21873.8
1436.06 21859.9
1435.83 21853.9
1435.87 22019.7
1435.38 22026
1435.88 22029.6
1435.8 22033.1
1435.63 22044.8
1435.69 22055.5
1435.51 22067.4
1435.33 22070.3
1435.05 22061.9
1435.12 22065.4
1435.11 22073
1435.13 22086.6
1434.22 22055.4
1434.95 22041.5
1434.96 22029.8
1435.74 22010.7
1434.99 22115.2
1435.3 22056.6
1435.27 22058.2
1435.37 22081.1
1435.33 22107
1435.06 22134.8
1434.98 22140.7
1435.07 22144.2
1435.04 22143.5
1434.91 22172.6
1435.39 22242.2
1435.95 22066.9
1436.11 21991.2
1436.24 21934
1436.15 21894.1
1435.54 21830.9
1435.55 21833.9
1435.54 21806.5
1435.69 21798.5
1435.67 21819.7
1435.62 21818.1
1435.59 21818.6
1435.83 21820.3
1434.91 21824.9
1434.89 21824.9
1434.93 21816
1434.89 21805.8
1434.99 21825
1435.02 21814
1435.04 21831
1435.08 21892.6
1434.5 21873.1
1434.85 21860.9
1434.99 21850.8
1435.31 21847.4
1435.28 21840.3
1435.17 21849.3
1435.18 21852.8
1434.94 21848.4
1434.94 21842.7
1435.08 21846.3
1434.95 21788.2
1434.95 21762.5
1435 21758.9
1435.27 21737.1
1434.98 21742
1434.95 21733
1435.28 21746.5
1434.97 21786.1
1434.95 21807
1435.93 21829.1
1436.01 21836.1
1435.72 21855
1435.68 21876.4
1435.63 21893.5
1435.67 21904.3
1435.62 21909.4
1435.76 21921
1435.72 21919
1435.7 21920.9
1435.3 21911.7
1435.7 21922.4
1435.83 21898.1
1436.02 21891.1
1436.08 21886.7
1436.06 21902.8
1436.12 21872.5
1436.16 21877
1435.94 21880
1435.99 21871.7
1436.01 21812.8
1436.79 21816.4
1436.4 21755.1
1436.5 21731.8
1436.32 21728.1
1436.16 21727.8
1436.07 21653.4
1436.04 21594.2
1436.02 21580.7
1436.02 21572.3
1436.18 21577.5
1435.96 21572.3
1436.01 21574.3
1435.16 21587.1
1435.32 21604.9
1435.16 21605.7
1435.49 21589.4
1435.42 21573
1435.75 21591.7
1435.77 21601.7
1435.71 21796.5
1435.48 21828.3
1435.33 21762.3
1435.4 21708
1435.64 21725.9
1434.98 21653.4
1435.06 21673.1
1435.49 21665
1436.27 21678.2
1436.44 21726.3
1436.41 21751.6
1436.26 21759.9
1436.25 21758.4
1436.25 21764
1436.54 21780.8
1436.54 21788.6
1436.45 21785.3
1436.45 21799.4
1436.44 21807.9
1436.35 21799.4
1435.67 21836.6
1436.78 21846.7
1436.84 21854
1437.07 21856.4
1437.82 21857.6
1437.75 21833.8
1438.36 21828.5
1438.25 21827.4
1438.84 21840.8
1439.48 21880.3
1439.33 21876.7
1439.32 21865.7
1439.37 21867.6
1439.45 21856.2
1439.83 21899.6
1439.77 21912.4
1439.92 21909.9
1439.87 21916.2
1439.73 21916.5
1439.59 21923.3
1439.64 21946
1439.6 21969.5
1439.47 21997.1
1439.29 22006.3
1439.54 22005.6
1439.54 22026.3
1439.59 22030.5
1439.34 22034
1438.6 22069.8
1438.81 22070.2
1438.76 22033.1
1438.87 22041.6
1438.87 22041.5
1438.87 22040.9
1439.41 22049.8
