264.103 305.116
264.893 287.787
274.985 331.848
275.658 336.286
276.725 356.576
307.981 545.763
341.875 923.855
353.687 999.003
392.628 1304.17
394.869 1229.74
399.819 1326.56
407.211 1750.02
418.827 1615.9
429.908 1684.88
429.917 1775.19
431.307 1822.09
432.323 1812.22
433.527 1743.54
451.962 1847.65
452.099 1870.77
470.611 2204.58
471.788 2100.43
475.065 2148.87
484.116 2195.33
485.432 2587.43
495.896 3590.86
495.917 3339.16
496.279 3281.08
498.033 3246.33
498.666 3238.82
506.034 4187.81
527.152 4390.8
548.149 4315.9
564.061 4497.98
564.536 4392.69
571.447 5273.5
575.554 4986.01
578.311 5935.79
585.646 6483.17
591.309 6107.54
594.921 6294.68
595.215 6101.33
593.928 6120.37
594.896 6222.79
601.313 6344.01
631.376 5893.84
636.473 6056
637.703 5975.42
645.157 5973.22
666.461 6028.4
669.87 5947.98
685.47 5935.78
685.551 5810.65
694.078 6828.82
708.955 7809.59
712.075 7924.32
717.876 7520.06
736.92 8507.77
736.951 8064.52
736.969 7637.07
737.606 7361.79
737.661 7225.52
739.554 7114.2
738.847 7352.43
739.806 7290.51
747.03 7196.31
748.804 7254.71
750.681 7272.69
751.598 7434.33
749.783 8625.32
750.871 8353.25
750.799 8218.21
757.643 8132.3
759.261 8127.88
763.06 8143.01
761.551 8886.21
763.641 8773.24
762.488 8698.19
763.199 8740.72
762.863 8694.74
762.887 8652.16
768.201 8662.19
770.162 8793.92
770.001 8771.37
797.442 8761.12
797.89 8889
798.717 8924.5
795.354 9545.45
802.448 9678.39
801.225 9831.9
804.831 9827.54
806.104 9689.39
810.55 9723.74
817.052 9904.63
821.773 10458.2
820.814 10299.5
821.784 10132.5
821.873 10113.3
836.961 10257.4
836.989 10160.7
837.353 10108.1
835.937 10128
833.527 10510
841.393 10430.1
842.582 10123.2
851.896 10089.6
849.823 10596.1
863.625 10897.3
864.109 11043
863.601 11137.7
865.331 11182.9
869.721 11301.5
874.86 11321.8
876.093 11326.1
879.94 11281.1
879.67 11306.6
879.391 11313.6
877.969 11440.3
878.319 11509.6
876.658 11695.2
876.869 12339.8
876.853 12241.6
890.668 12294.6
895.128 12495.9
900.735 12036.7
901.068 12216.5
916.598 12674.1
914.812 12732.7
914.209 12576.9
914.884 12531.8
914.664 12500.4
922.493 12363.8
926.142 12295.7
926.754 12290.7
926.704 12249.3
928.456 12253.4
928.832 12231
939.598 12147.5
936.018 12068.8
935.575 12069
940.139 12181.6
939.654 12189.2
939.569 12223.1
939.916 12291.5
940.083 12337.9
941.53 12371
942.855 12269.1
945.045 12452.4
949.651 12590.1
949.866 12563.4
951.981 12495.7
952.645 12388
954.13 12138.9
955.602 12082.4
959.037 12095
958.815 12061.3
966.025 11973.6
964.56 12019.8
966.098 12063.3
965.842 12100.4
971.085 12999.8
970.819 12819.1
970.821 12879
971.688 13004
971.629 13192.8
976.907 13384.5
976.854 13491.7
978.304 13476.5
980.75 13601.1
980.966 13661.5
980.92 13777.5
980.783 13869.5
984.936 13820.2
984.984 13883.1
991.152 14131.8
991.019 14249.9
990.892 14139.9
993.975 14323.1
993.979 14262.7
995.685 14374.1
995.563 14503.1
995.518 14424.8
998.035 14683.1
998.092 14749.9
998.457 14796.7
999.823 14894.7
1000.33 15015.4
1000.25 15060.4
998.339 15120.8
998.844 15157.6
999.175 15130.5
999.246 15134.8
999.201 15097.8
998.007 15058.6
997.713 15146.7
1002.13 15149.8
1001.71 15185.1
1003.43 15015.7
1004.47 14832.1
1004.45 14797.7
1005.11 14814
1004.92 14789.3
1006.97 14755.3
1005.11 14789.8
1005.38 14851.7
1012.07 14813.3
1011.99 14760.6
1012.37 14756
1013.46 14598.2
1013.77 14416.1
1011.96 14117.9
1011.67 14383.4
1011.95 14367
1012.01 14338.5
1012.02 14382.3
1011.19 14411.4
1016.33 14501.4
1017.11 14465.6
1017.71 14460
1018.13 14470.8
1019.49 14464.2
1018.81 14475
1017.74 14412.9
1019.23 14385.1
1019.34 14313.4
1018.71 14256.3
1021.74 14371.8
1022.43 14302.9
1027.11 14384.4
1027.07 14342.1
1027.26 14368.3
1027.96 14339.5
1027.71 14351.1
1027.22 14344.5
1025.68 14334.2
1025.78 14431
1025.87 14471.9
1026.72 14500.6
1027.35 14469.4
1032.05 14593.1
1032.47 14618.5
1032.65 14634.1
1032.65 14655.8
1032.64 14675.9
1032.8 14661.5
1032.86 14571.3
1034.03 14388.3
1033.46 14381.8
1032.91 14391.9
1032.87 14468
1034.27 14556
1035.9 14666.5
1037.09 14652.1
1035.31 14534.1
1038.05 14533.4
1038.15 14438.1
1038.12 14329.2
1038.1 14234.1
1040.39 14176.3
1041.41 14200
1041.88 14225.7
1041.52 14274.6
1042.17 14347.4
1042.6 14380.2
1042.87 14420.6
1042.93 14432.4
1042.21 14531.5
1042.27 14575.8
1047.71 14683.5
1048.17 14668.8
1048.49 14696.9
1052.63 14747.6
1053.84 14706.4
1053.55 14615.4
1053.38 14584.6
1053.61 14598.3
1052.42 14599.8
1052.55 14634.8
1052.59 14634.6
1058.64 14558.9
1058.23 14538.9
1058.19 14569.6
1056.1 14737.2
1056.62 14812.6
1056.6 14854.9
1056.65 14901
1057.09 14914.7
1057.13 14936.5
1057.9 14936.2
1057.88 14933.3
1058.71 15005.5
1058.02 15107.4
1058.91 15155.3
1058.72 15168
1059.23 15111
1059.02 15058.1
1059.04 14999
1059.8 14969
1060.42 14969.5
1060.75 15088.1
1060.99 15105.5
1060.92 15097.9
1061.12 15087
1061.16 15119
1061.72 15095.9
1062.8 15098.8
1065.1 15101.6
1066.25 15114.7
1067 15109
1067.15 15067.8
1068.21 15035.6
1068.79 15051.1
1069.29 15164.1
1069.5 15149.9
1069.94 15181.1
1070.04 15208.3
1069.56 15262.7
1068.35 15349.5
1068.35 15355.8
1068.16 15358.5
1067.16 15597.8
1067.73 15585
1070.61 15437.3
1070.65 15405.2
1069.93 15382.1
1069.69 15364
1069.37 15354.1
1069.05 15392.3
1069.81 15420.6
1069.1 15388.8
1068.84 15423.2
1069.2 15395.9
1069.19 15399
1069.49 15420.9
1069.52 15436.6
1069.59 15444.9
1069.65 15429.2
1071.94 15371.4
1073.12 15548.5
1073.78 15623.8
1073.28 15660.7
1073.03 15669
1072.39 15558.4
1072.87 15531.8
1075.48 15567
1075.48 15460.6
1075.68 15477.3
1074.75 15493.5
1075.66 15479.6
1076.16 15567.6
1074.71 15608.4
1075.33 15634.3
1075.06 15656.5
1074.97 15671.4
1074.81 15646.3
1074.84 15611.8
1075.49 15604.8
1075.67 15610.9
1076.93 15690.9
1077.56 15672.5
1077.72 15664.7
1080.13 15660.7
1080.29 15641.5
1080.29 15627.9
1080.42 15619.4
1078.84 15675.4
1078.88 15807.4
1079.05 15905.1
1078.48 15983.3
1078.32 16043.2
1078.32 16096.9
1078.66 16137.9
1078.44 16155.6
1082.96 16120.7
1082.78 16107.9
1082.83 16061.6
1082.86 15998.9
1084.34 15982.2
1084.36 15902.3
1084.1 15830.5
1086.06 15830.8
1086.17 15877.8
1086.16 15840.4
1085.8 15774.7
1087.38 15768.6
1087.37 15758.8
1087.35 15762.3
1087.47 15831.4
1087.48 15855.6
1087.3 15757.8
1087.06 15749.7
1087.52 15725.9
1087.58 15696.5
1087.34 15658.3
1086.92 15730.5
1088.4 15764.2
1088.42 15776.3
1090.11 15812.4
1090.11 15839.9
1090.17 15834.2
1090.61 15847.7
1091.77 16180.1
1092.02 16192.2
1093.04 16214.1
1096.49 16294.9
1096.83 16288.8
1098.3 16320.4
1098.55 16316.5
1099.88 16406.9
1099.99 16399.8
1100.84 16410.5
1100.82 16413.3
1100.81 16399.2
1100.56 16383.8
1100.68 16359.8
1103.02 16448.4
1102.52 16414.3
1102.27 16397.8
1102.12 16394.7
1102.46 16383.5
1102.61 16367.6
1102.53 16343.4
1102.34 16322.1
1102.39 16304.2
1102.28 16289.8
1102.28 16272.9
1102.32 16286.6
1102.94 16267.2
1102.88 16255.4
1102.85 16257.8
1106.39 16449
1106.44 16435.1
1106.03 16418.8
1106.2 16371.6
1106.03 16321.7
1106.13 16332.9
1107.06 16358.6
1106.85 16385
1106.85 16378.4
1106.54 16377.8
1106.58 16384.2
1106.61 16501.2
1106.36 16522.2
1106.22 16481.3
1106.32 16462.9
1105.99 16427.1
1106.04 16432.1
1106.04 16421.5
1104.26 16457
1104 16405.7
1103.88 16460.6
1103.95 16456.4
1104.07 16420.2
1104.07 16478.7
1104.1 16520.1
1104.27 16558.6
1108.06 16598.9
1107.54 16579.8
1107.53 16580.7
1107.57 16612.5
1107.37 16700.4
1107.69 16760.7
1108.57 16851.2
1108.54 16892.2
1109.13 16958.8
1109.36 17017.4
1109.1 17071.5
1109.09 17120.7
1109.41 17148.9
1108.85 17237.1
1108.92 17239.9
1109.43 17220.1
1109.96 17194.6
1110.36 17193.1
1110.34 17186.6
1110.38 17173.7
1110.39 17138.8
1110.39 17077.1
1110.15 17082.2
1110.11 17086.9
1110.11 17079.6
1110.62 17081.7
1110.66 17111.4
1110.12 17152.7
1109.85 17265.1
1110.01 17182.5
1108.72 17177.2
1108.99 17175
1109.07 17219.1
1109.04 17182.5
1108.88 17133.2
1108.85 17062.4
1110.22 17068
1110.42 17126.7
1110.44 17146.9
1110.44 17158.8
1111.12 17156.4
1112.07 17158.9
1112.07 17161.4
1112.11 17193.4
1112.47 17255.4
1111.85 17330.6
1111.58 17391
1111.62 17435
1110.96 17488.9
1112.82 17545
1112.68 17561.2
1112.77 17562.4
1112.82 17630
1113.14 17648
1113.14 17684.4
1113.49 17701
1113.29 17723.6
1114.27 17732.3
1113.76 17806.1
1113.88 17779.1
1112.88 17809.1
1112.71 17837.7
1113.02 17846.7
1114.27 17826.5
1114.65 17846.7
1113.26 17809.6
1113.77 17660.2
1114.45 17635.1
1114.72 17743.1
1114.68 17777.5
1114.66 17803.2
1117.82 17829.2
1117.81 17861.2
1117.45 17967.5
1117.47 18033.6
1118.76 18060.5
1119.19 18081.7
1119.02 18096.7
1118.77 18121.9
1119.04 18131.3
1119.74 18103.4
1119.5 18106.9
1119.86 18110.8
1120.43 18061.4
1120.15 18080.3
1120.3 18106.4
1120.37 18126.3
1120.17 18137.1
1121 18198.6
1121.44 18235.4
1122.56 18238.4
1123 18249.4
1122.9 18247.9
1123.52 18155.9
1124.09 18182.4
1124.58 18208.6
1124.4 18213.3
1124.48 18238.9
1124.53 18261.9
1124.56 18197.4
1124.47 18180.2
1125.17 18245.8
1125.31 18258.6
1125.66 18258.3
1126.03 18312.1
1126.54 18331.2
1127.67 18218.8
1128.3 18194.5
1128.27 18240
1128.26 18299.1
1128.75 18363.7
1128.12 18311.1
1127.45 18345.6
1127.42 18209.8
1128.39 18346.5
1128.54 18432.1
1128.27 18436.6
1126.57 18517.5
1126.86 18530.5
1126.33 18526.3
1126.51 18486.2
1126.7 18496.4
1126.94 18508.9
1127.16 18574.4
1126.47 18551.4
1126.11 18511.9
1126.57 18490.6
1126.46 18481.8
1126.39 18517.9
1126.66 18530.8
1126.91 18491.2
1126.86 18485.3
1126.84 18498.8
1126.88 18504.7
1126.86 18530.8
1126.94 18550.7
1126.92 18547.9
1126.28 18583.4
1126.21 18603
1125.36 18635.4
1125.43 18661.2
1125.43 18668.5
1125.52 18641.8
1125.7 18609.3
1125.17 18646.8
1125.6 18661.2
1125.2 18950
1125.25 18890.3
1124.9 18937.1
1124.9 18798.9
1124.9 18815
1124.88 18800.5
1125.71 18845.2
1125.39 18916.1
1125.61 18927.7
1126.23 18990.5
1126.36 19097.1
1126.26 19110.2
1126.78 19150.3
1126.77 19152.9
1126.77 19149.2
1126.4 19153.7
1125.54 19158
1125.78 19157.2
1125.97 19141.7
1125.93 19047.1
1124.12 19143
1124.08 19169.6
1124.22 19148.1
1124.23 19130.6
1124.15 19104.1
1124.12 19114.1
1125 19111.5
1125.22 19121.8
1125.29 19111.6
1125.37 19098.4
1125.36 19150.7
1126.62 19252.3
1126.78 19251.1
1126.81 19234.2
1126.93 19190.5
1127.13 19198
1127.15 19210.3
1127.83 19284.5
1126.77 19296.8
1126.84 19275.8
1126.41 19294.3
1126.03 19462
1125.78 19497.5
1125.74 19515.1
1125.47 19536.9
1126.33 19531.3
1126.09 19495.4
1126.01 19511.1
1126.38 19554
1126.17 19545.7
1126.09 19559.8
1126.11 19547.1
1125.92 19537.1
1126.15 19542.6
1125.85 19513.2
1125.72 19489.4
1125.61 19483
1125.22 19443.6
1124.5 19496.7
1124.5 19512.2
1125.06 19529
1124.93 19555.9
1124.98 19607.6
1125.89 19627.5
1125.92 19613.5
1126.03 19570.2
1125.97 19540.4
1126.01 19488.6
1125.82 19443
1124.19 19549.9
1123.87 19538.4
1123.63 19528.6
1122.81 19577
1121.76 19659.4
1121.79 19687.4
1121.3 19760.9
1121.56 19813.5
1121.29 19803.5
1121.32 19811
1121.94 19832.5
1122.03 19704.3
1122 19640.3
1122.03 19616.9
1122.03 19617.6
1121.71 19650.5
1121.9 19660.4
1123.34 19658.8
1123.32 19706.2
1123.08 19768.8
1122.87 19798.2
1122.99 19785.1
1122.79 19785.2
1123.63 19777.1
1124.39 19775.3
1124.59 19744.6
1124.61 19725.4
1125.63 19782.8
1125.67 19784.3
1125.75 19705.6
1123.83 19801.4
1123.73 19752.1
1123.68 19717.9
1124.25 19662.8
1124.78 19640.6
1125.19 19651
1125.2 19635
1124.2 19823
1123.66 19976.8
1123.96 19856.6
1123.81 19790.6
1124.02 19794.2
1123.94 19730.6
1123.63 19749.4
1123.98 19733.4
1124.5 19695.1
1124.13 19673.9
1124.51 19694.7
1124.51 19703.6
1124.28 19708.2
1124.4 19707.2
1124.42 19701
1124.05 19711.8
1123.92 19722.9
1123.94 19708.5
1124.36 19737.1
1125.16 19752.5
1125.54 19739.3
1125.41 19766.6
1125.8 19783.2
1126.16 19807.5
1126.06 19803.6
1125.98 19850.1
1125.58 19854.1
1125.64 19853.7
1126.11 19877.9
1126.32 19885.7
1126.37 19889.1
1126.64 19906.3
1126.15 19894.7
1125.96 19847.4
1126.15 19838.8
1126.3 19854.1
1126.08 19855.4
1126.13 19820.1
1126.13 19794.5
1126.13 19790.5
1124.44 19971
1124.24 19877.2
1126.26 19834.4
1126.16 19857.6
1125.04 20088.3
1124.86 19975.7
1125.02 19871.5
1125.01 19815.3
1124.52 19844
1124.51 19890.2
1124.78 19910.8
1125.5 19897.1
1125.55 19925.9
1125.56 19932.5
1125.55 19942.2
1125.43 19943.8
1125.23 19948.5
1125.2 19946
1125.4 19925
1125.58 19898.2
1125.86 19897.4
1125.79 19807.1
1125.59 19795.8
1125.45 19801.5
1124.59 19838
1124.57 19847.6
1123.88 19906.2
1123.72 19926.2
1123.49 19941.6
1123.2 19947.3
1123.35 19951.3
1123.55 19984.6
1123.61 20039.8
1123.96 20049.8
1124.48 20087.2
1124.45 20112.3
1124.45 20199.7
1124.89 20238.9
1124.9 20187.5
1124.14 20243.2
1124.18 20233.8
1124.11 20222.7
1124.08 20223.3
1124.4 20255.5
1125.26 20271
1125.49 20324.6
1125.7 20339.8
1125.82 20345.6
1126.28 20323.9
1126.46 20335.8
1126.76 20347.6
1126.68 20363.3
1126.75 20357.9
1126.7 20389.9
1126.61 20423.8
1126.88 20406.5
1126.81 20417.2
1126.78 20392.4
1126.77 20386.9
1126.8 20506.4
1127.97 20607.2
1128.14 20531.3
1128.15 20492.3
1127.53 20475.9
1128 20435.8
1128.1 20404.6
1128.28 20398.6
1128.29 20419.5
1128.77 20433.1
1128.78 20452.2
1129.04 20468
1129.09 20448.5
1129.07 20444.5
1129.04 20466.8
1129.28 20479.4
1129.44 20513
1129.2 20486.1
1128.73 20482.6
1128.79 20461.4
1128.8 20447.6
1130.08 20457.4
1130.56 20435.7
1130.39 20436.9
1129.94 20446.1
1129.72 20432.4
1129.87 20446.1
1130 20448.5
1130.18 20527.4
1130.16 20597.1
1130.26 20622.8
1129.91 20651.4
1130 20666.6
1130.18 20668.6
1130.04 20690.6
1130.65 20734.5
1130.75 20775.2
1130.67 20769.7
1130.67 20770.3
1130.68 20776.1
1130.64 20838.7
1130.63 20815.5
1130.36 20719.4
1131.16 20612.4
1131.39 20580.7
1131.5 20549.2
1131.44 20535
1131.93 20547.5
1131.82 20537.6
1131.77 20517.6
1131.91 20593.3
1132.25 20655
1132.09 20647.8
1132.09 20648.8
1132.49 20640.9
1132.57 20639.8
1133.06 20614
1133.35 20609.7
1134.04 20574.6
1134.05 20527.4
1134.72 20537
1134.65 20537.1
1135.49 20512.6
1135.47 20662.1
1135.4 20654.2
1135.52 20617.4
1135.51 20595.8
1136.14 20593.8
1136.18 20573.7
1136.16 20573.2
1136.12 20567.4
1136.07 20569.3
1136.06 20576.2
1136.32 20587.2
1136.58 20592.8
1136.73 20632.8
1137.33 20657.4
1137.42 20631.1
1137.43 20617.6
1137.28 20602.9
1137.22 20592.3
1137.36 20591.9
1137.23 20572
1137.18 20579.9
1138.67 20634.3
1138.62 20660.8
1138.7 20585.9
1138.76 20574.7
1138.74 20574.8
1138.79 20496.7
1139.05 20438.6
1139.1 20403.5
1139.25 20386.6
1139.46 20385.9
1139.04 20335.2
1138.61 20348.6
1140.69 20366.5
1140.53 20398.9
1140.74 20407.1
1141.77 20419.5
1141.02 20433.5
1141.83 20520
1143.12 20605.6
1143.38 20535.4
1143.34 20531.6
1143.71 20519.9
1144.73 20558.5
1144.81 20587.3
1144.44 20569.6
1143.98 20554.3
1143.6 20559
1144.91 20582.3
1145.88 20675.5
1145.8 20645
1145.74 20555.3
1145.86 20405.1
1146.33 20417.5
1147.28 20431.7
1147.8 20433.1
1147.81 20406.7
1147.64 20397.3
1147.53 20404.3
1146.85 20405.2
1146.91 20422.1
1147.14 20405
1146.87 20440.1
1146.85 20437.9
1146.89 20408.5
1147.09 20367
1147.11 20319.8
1147.11 20297.1
1147.39 20297.3
1147.43 20290.4
1147.42 20310.4
1147.45 20312.2
1148.07 20312.1
1148.17 20303.1
1148.56 20305.6
1148.41 20297.1
1148.52 20304
1148.57 20308.3
1148.74 20312.2
1148.99 20381.7
1149.6 20464.9
1149.77 20521
1149.29 20560.6
1149.41 20541
1149.61 20539
1149.71 20534.5
1149.68 20541.7
1149.68 20576.3
1149.63 20534.9
1149.56 20489.3
1149.6 20480
1149.65 20467.5
1149.98 20481
1149.98 20489.1
1150.29 20616.9
1150.33 20717
1150.31 20742.8
1150.11 20848.9
1150.32 20859.6
1150.43 20828.9
1150.44 20846.7
1150.72 20875.7
1150.52 20963.7
1150.52 20939.2
1150.53 20923.6
1150.44 20921.3
1150.39 20906.7
1150.65 20904.1
1150.88 21003.3
1151.03 21089
1150.95 21080.7
1150.92 21112.1
1151.07 21122.8
1151.05 21146.1
1151.05 21123.7
1150.81 21099.9
1151.19 21107.3
1150.9 21037.9
1150.89 21038.3
1150.97 21051.3
1150.93 21035.8
1151.01 21019.4
1150.99 21004.2
1152 21009.4
1152 20973.2
1152.04 20933.8
1151.98 20917.7
1152.17 20945.8
1152.62 20979.5
