161.37 623.253
371.709 2644.8
412.317 2563.71
412.696 1864.68
429.414 2075.33
488.099 4777.6
560.455 4358.12
560.618 4081.11
559.877 3951.13
556.437 5716.01
556.437 5114.16
576.068 5458.89
621.992 5476.33
624.024 5417.84
624.128 5397.7
636.324 6337.55
705.168 6776.47
727.992 6633.3
727.957 6513.6
735.884 7213.12
749.101 7202.31
769.138 7379.68
773.199 7438.64
789.253 7684.33
803.254 7268.77
809.31 6907.4
809.554 7116.72
815.635 8094.26
829.044 9041.58
837.87 13005.2
836.824 9177.96
845.585 8807.18
846.676 8535.29
846.658 8359.95
860.512 8325.96
859.904 8302.51
860.298 8237.22
860.081 8239.47
865.85 8427.76
875.481 8695.14
884.263 8430.42
888.128 8498.9
888.208 8418.77
889.046 8479.28
890.006 8517.68
890.032 8487.25
891.75 8796.13
896.971 9061.45
942.626 9512.33
955.999 9287.09
964.971 9613.79
964.943 9610.73
986.499 9206.24
1008.94 9124.41
1014.92 8989.76
1016.27 9038.81
1027.35 8911.26
1031.97 9097.12
1036.64 9035.29
1044.45 8895.34
1046.65 8603.81
1046.81 8603.55
1049.42 8874.23
1060.4 8815.82
1060.03 8804.6
1062 8920.39
1063.2 8825.05
1066.63 8590.22
1064.72 9395.22
1098.78 9218.09
1101.59 9472.03
1102.43 9740.33
1107.42 9643.51
1113.4 9755.18
1125.61 9993.27
1134.92 10009.3
1163.24 9990.15
1167.98 9955.07
1166.95 10252.3
1183.35 10467.8
1187.41 10775.4
1187.29 10739.8
1187.28 10747
1187.54 10981.7
1188.54 11183.5
1208.51 10971.7
1214.33 11023.8
1228.62 10970.7
1228.24 11005.1
1229.95 10938.2
1232.46 10863.8
1234.05 10822.8
1239.06 10810.6
1239.79 10780.3
1254.16 10553.8
1257.22 10457.3
1263.1 10315.7
1261.96 10163.7
1272.62 10068.2
1278.92 9907.34
1278.57 9960.56
1279.31 9983.86
1279.64 9972.21
1278.01 10838.1
1283.19 10847.5
1283.88 10795.8
1284.31 10659.2
1284.92 10553.9
1287.2 10607.9
1291.09 10381.8
1291.48 10345.8
1291.58 10229.6
1290.56 10227.6
1291.7 10261.2
1291.8 10262
1292.08 10215.1
1297.13 10276.2
1297.12 10149.1
1298.18 10111.2
1297.88 10117.6
1297.39 10363.6
1298.89 10464.4
1299.46 10442.7
1301.57 10460.4
1303.22 10564.9
1303.52 10651.6
1306.06 10686.2
1305.42 10735.6
1313.23 10550.1
1312.09 10584.8
1311.94 10727.3
1312.11 10570.5
1312.29 10519.4
1312.92 10551
1320.98 10532.8
1322.69 10528.5
1323.02 10524.9
1324.08 10557
1323.9 10591.7
1324.52 10595.8
1324.33 10681.9
1323.61 10712.5
1323.93 10643.3
1324.2 10652.7
1325.45 10652.1
1329.86 10804
1329.94 10738.4
1329.67 10704.7
1331.31 10687.9
1331.42 10697.1
1331.98 10731.4
1332.38 10751.8
1334.01 10860.3
1337.98 10892.4
1338.15 10842.8
1338.01 10813.8
1338.67 10777.8
1338.42 10745.1
1338.44 10758.7
1339.51 10743.8
1339.51 10713.8
1340.3 10680.8
1340.46 10658.5
1340.69 10648.3
1340.81 11147.8
1341.96 10996.5
1342.09 10897.8
1341.93 10858.2
1343.36 10870.6
1343.21 10855.4
1343.47 10852.1
1344.37 10836.6
1344.44 11041.5
1344.49 10963.6
1344.42 10919.2
1344.77 10902.4
1344.64 10877.5
1344.82 10841.5
1344.77 10801.7
1345.72 10769.8
1345.47 10725.8
1345.81 10741.9
1345.83 10758.4
1344.92 10764
1344.55 10816.5
1345.17 10889.1
1348.64 11004.5
1351.22 11078.3
1351.21 11111.8
1351.85 11142.6
1351.86 11169.4
1352.31 11194.7
1352.16 11184.8
1352.15 11110.4
1351.94 11023.6
1352.47 11008.7
1352.47 11017.3
1352.63 11047.8
1352.79 11046.8
1353.58 11041
1353.26 11077.7
1353.21 11042.8
1353.96 11018.8
1354.76 11026
1353.67 11078.9
1353.68 11043.8
1354.41 11051.6
1353.75 11317.9
1353.18 11606.8
1353.33 11509.1
1353.09 11425.8
1354.78 11435.4
1355 11459.9
1358.07 11416.3
1358.23 11364.7
1358.14 11271.6
1357.84 11204.6
1357.51 11194.5
1357.14 11565
1357.3 11613.4
1357.24 11664.8
1357.24 11703.6
1356.09 11697.9
1358.17 11797.4
1359.79 11763.4
1361.76 11774.3
1361.29 11737.9
1360.87 11751.4
1361.09 11704.3
1361.23 11654.3
1361.43 11629.5
1360.77 11667.8
1360.87 11720.7
1361.58 11761.4
1361.91 11685.3
1362.29 11731.1
1361.67 11601.3
1362.01 11643.1
1362.14 11659.7
1362.57 11678.7
1363.32 11708.7
1362.9 11724
1363.51 11768.3
1363.4 11886.6
1363.49 11912.1
1363.34 11889.6
1363.33 11863.2
1362.86 11815.9
1363.83 11804.9
1363.3 11799.7
1363.4 11802.5
1363.61 11801.3
1363.51 11788.7
1363.38 11744.4
1363.79 11708.4
1363.72 11687.9
1363.36 11625.2
1363.81 11594
1364.38 11622.9
1364.24 11608.3
1364.51 11598
1364.54 11598.3
1364.35 11602.5
1365.09 11569.6
1365.24 11625.9
1365.34 11637.8
1364.97 11622.3
1364.92 11553
1365.02 11506.6
1365.39 11489.1
1365.26 11452.7
1365.14 11438
1365 11426.2
1365.02 11440.2
1365.34 11432.6
1365.5 11430.6
1368.47 11414.6
1368.17 11452.7
1368.5 11487.5
1368.46 11492.1
1368.46 11475.2
1368.47 11465.9
1368.11 11479.2
1368.04 11493.4
1367.75 11494.6
1367.76 11497.7
1367.19 11471.8
1367.44 11442.3
1367.24 11413.5
1367.06 11403.4
1368.48 11444.9
1368.25 11460.6
1368.57 11480.9
1369.01 11478
1369.71 11545.3
1369.84 11546
1370.32 11690.4
1370.19 11809.2
1370.12 11868.6
1370.25 11932.1
1370.47 11988.4
1370.14 12013.6
1371.32 12036.1
1371.35 12051.4
1371.61 12091.1
1371.48 12110.6
1371.88 12280.4
1372.18 12315.6
1371.96 12308.1
1371.9 12309.2
1371.87 12324.8
1371.55 12357.1
1371.71 12356.5
1371.76 12349.6
1371.29 12274.6
1371.3 12115.5
1371.4 12126.9
1371.16 12061.7
1371.77 12134.4
1371.91 12206.1
1371.9 12232.2
1372.4 12250.3
1372.5 12290.6
1373.22 12340.8
1373 12360
1372.99 12393.4
1373.63 12317.3
1373.75 12310.5
1373.77 12301.7
1373.69 12252.6
1374.11 12269.5
1374.11 12280.1
1374.44 12313.9
1374.46 12319.1
1374.53 12320.6
1374.52 12311.2
1375.06 12364.5
1374.75 12383.9
1376.04 12408.6
1376.09 12437.6
1376.15 12446.9
1376.12 12444.2
1375.86 12329.6
1375.36 12326.9
1375.25 12376.2
1375.46 12400.8
1375.39 12392
1375.43 12398.2
1375.45 12495.9
1375.17 12570.3
1376.93 12602.4
1378.23 12706.2
1378.19 12748
1377.89 12667.9
1377.9 12603.5
1378.24 12603
1378.19 12579.4
1377.73 12543.3
1377.14 12516.1
1377.15 12504
1377.27 12513.8
1377.27 12520.1
1377.4 12530
1378.95 12537.9
1378.94 12531.4
1379.02 12518
1379.37 12510.9
1379.39 12503.2
1380.64 12527.9
1380.61 12523.8
1381.71 12493.3
1382.06 12468.7
1382.26 12479
1382.56 12532.8
1382.48 12550.5
1382.47 12550.7
1382.6 12574.5
1382.61 12599.5
1382.85 12605
1382.87 12610.8
1382.39 12558.6
1382.25 12565.6
1382.7 12559.3
1382.82 12554
1382.94 12546.9
1383.24 12576
1383.59 12671
1383.57 12710.7
1383.45 12655
1383.46 12633.2
1383.58 12608.5
1383.62 12595.7
1383.46 12586.6
1383.8 12579.9
1383.76 12534.1
1383.92 12520.7
1384.09 12524.2
1384.32 12587.3
1384.61 12658.6
1384.95 12665.2
1384.11 12663.9
1384.08 12662.3
1384.08 12651.4
1384.71 12647.6
1385.01 12645.3
1385 12631.5
1385.04 12656.7
1385.24 12667.8
1385.7 12662.1
1385.51 12699
1385.03 12655.7
1384.95 12665.8
1384.95 12604.4
1385.69 12558.8
1385.82 12543.4
1385.92 12556.8
1385.77 12541.1
1386.12 12596.6
1386.11 12604.7
1385.99 12619.8
1386.16 12642
1386.12 12657
1386.73 12680.4
1387.17 12705.5
1386.98 12742.4
1387.01 12763.9
1387.23 12712.6
1387.51 12680.3
1387.88 12689.7
1387.85 12715.6
1387.87 12731.7
1388.09 12574.4
1387.71 12477.6
1387.88 12408.2
1387.94 12379.6
1387.96 12354.1
1388.27 12369.5
1388.26 12387
1388.28 12424.2
1388.18 12439
1387.98 12442.7
1388.02 12474.9
1388.11 12478.8
1388.1 12492.6
1388.61 12540.3
1388.61 12538.9
1388.46 12539.2
1388.36 12548.3
1388.4 12541.3
1388.76 12534
1389 12508.9
1389.06 12509.2
1389.24 12550.8
1389.27 12559.1
1388.75 12554.5
1388.75 12539.7
1388.82 12495.2
1388.84 12478.1
1389.23 12476.3
1389.09 12454
1389.07 12433.5
1389.65 12418.6
1389.52 12429.2
1389.9 12455.3
1389.57 12446.5
1389.45 12447.9
1389.46 12444.2
1389.6 12423.3
1390.41 12425.6
1389.67 12412.2
1389.46 12422.6
1390.02 12454.2
1390.25 12510.9
1389.69 12532
1389.7 12513.8
1389.7 12539
1390.68 12486
1390.78 12434.5
1391.17 12382.8
1391.13 12415
1391.09 12399.8
1391.29 12397.7
1391.78 12396.4
1391.91 12379.8
1392.13 12375.7
1393.07 12351.4
1393.07 12342
1393.13 12326.1
1393.16 12322.5
1393.31 12339.7
1393.26 12371.1
1393.29 12385.6
1393.97 12418.3
1393.9 12438
1393.84 12420.6
1394.03 12439.4
1393.87 12484.6
1394.03 12435.8
1394.17 12414.8
1394.25 12423.5
1394.39 12395.9
1395.15 12409.5
1395.27 12330.5
1395.19 12332.1
1395.75 12350.8
1395.74 12367.6
1395.76 12417.4
1396.06 12424.3
1396.47 12755.6
1396.47 12741.8
1396.46 12702.9
1397.63 12659.6
1397.33 12647.8
1397.63 12650.7
1397.59 12642.6
1397.51 12624.2
1398.42 12648.6
1398.3 12666.3
1399.29 12667.2
1399.33 12674.7
1399.45 12612.6
1399.38 12610.6
1399.84 12608.7
1400.07 12658.4
1400.04 12624.1
1400.38 12671.1
1400.13 12686.5
1399.65 12729.9
1399.55 12729
1400.05 12714.9
1400.1 12703.7
1400.17 12690.5
1400.22 12686.5
1400.15 12674.5
1400.47 12668.4
1400.53 12673
1400.64 12696.2
1400.83 12712.6
1401.49 12728.4
1401.5 12750.9
1401.53 12771.1
1401.53 12784.2
1401.54 12795.3
1401.58 12803.4
1402.39 12800
1402.51 12842.6
1402.41 12840
1402.37 12825
1402.39 12815.5
1402.41 12825.2
1402.27 12813.5
1402.28 12806.7
1402.66 12797.3
1402.6 12779.7
1403.57 12821
1403.62 12822
1403.56 12824.4
1403.47 12801
1403.47 12806.5
1404.17 12876.1
1404.35 12923
1404.36 12937.4
1404.36 12945.5
1405.13 12944.9
1405.12 12962.4
1405.03 13135.6
1405.21 13132.8
1405.23 13148.8
1404.82 13077.1
1405.22 13017.4
1404.94 13046.8
1404.95 13059
1405.11 13055.3
1405.05 13041.8
1405.93 13025.9
1406.14 13035.6
1406.51 13043.8
1406.88 13036.5
1406.26 13009.3
1406.26 12947.6
1406.34 12946.1
1406.31 12908.1
1406.27 12896.1
1406.78 12884
1406.72 12931
1406.67 12923.5
1406.45 12915.2
1406.5 12902.1
1406.45 12898.6
1407.97 12954.9
1407.92 12970.2
1408.92 12989.4
1408.63 12982
1408.89 12998
1410.25 12966
1410.24 12948.8
1410.24 12969.7
1410.07 12978.3
1409.96 12978.4
1410.27 13004.3
1410.3 13017
1410.37 12989.3
1410.34 12977.8
1411.4 12987.9
1411.43 13003.7
1411.2 12993.3
1411.15 12974.4
1411.18 12971.7
1411.88 12997
1411.91 13002.8
1411.2 12969.9
1411.18 12981.3
1411.21 12981.2
1411.35 12990
1411.38 12987.4
1411.35 13005.6
1412.1 13009.2
1412.21 13023.8
1412.94 13036.3
1412.92 13016.7
1413.02 13030.5
1413.04 13023.2
1413.06 13016.3
1413.07 13021.9
1413.54 13024.2
1413.64 13022.5
1413.62 13011.3
1413.7 12988.9
1414.47 12978.4
1414.47 12950
1414.53 12978.3
1414.62 13003.2
1414.62 13032.7
1414.67 13059
1414.72 13056.4
1414.87 13074
1415.18 13008.2
1415.49 12971.6
1415.56 12973.5
1415.46 12958.9
1415.81 12987.8
1415.78 13009.6
1415.78 13023.6
1415.78 13034.9
1415.87 13040.5
1416.04 13049.6
1416.39 13105.4
1416.4 13114.4
1416.45 13090.3
1416.84 13094.5
1417 13113
1417.04 13128.8
1417.55 13138
1417.13 13147.3
1417.89 13187.7
1418.27 13225.6
1418.33 13221.9
1418.66 13226.8
1419.29 13240
1419.87 13232.6
1419.87 13206.8
1419.93 13206.5
1419.94 13199.2
1419.94 13193.4
1419.94 13204.5
1420.14 13282.7
1420.1 13291.4
1419.98 13308.7
1419.89 13308.3
1419.68 13326
1419.71 13322.7
1419.9 13327.6
1419.88 13347.5
1419.9 13340
1419.68 13321.3
1420.05 13315.8
1420.34 13295
1420.48 13325.5
1420.4 13315.8
1420.45 13280.6
1420.43 13259.2
1420.13 13250.3
1419.98 13258.7
1419.88 13292.1
1420.24 13272.6
1420.23 13267.7
1420.12 13265.1
1420.63 13288.1
1420.78 13272.4
1420.43 13246.6
1420.69 13242.8
1420.57 13274.4
1421.26 13329.5
1421.62 13360.9
1421.3 13433
1421.33 13475.1
1421.42 13493.1
1421.41 13489.6
1421.51 13498
1421.37 13486.6
1421.53 13501.9
1421.59 13502.8
1421.64 13501.4
1421.68 13498.6
1421.58 13499.3
1421.59 13519.4
1422.37 13497.4
1422.34 13500.9
1422.43 13506.6
1422.42 13513.4
1422.48 13529.3
1422.47 13545.3
1422.47 13556
1421.86 13556.4
1421.86 13522.9
1421.87 13514.5
1421.81 13558.5
1421.64 13531.9
1421.16 13513.5
1421.12 13488.9
1421.35 13497.4
1421.46 13503.9
1421.59 13549.8
1421.57 13566.7
1421.6 13543.9
1421.59 13538.2
1421.98 13531
1422.47 13591.2
1422.63 13645.8
1422.6 13657.7
1422.73 13664.5
1422.73 13662.5
1422.67 13628
1422.57 13597.6
1422.7 13649.3
1422.61 13608
1422.64 13605.6
1422.53 13606.1
1422.53 13597.2
1422.77 13602.2
1423.53 13612.1
1423.32 13596.1
1423.17 13599
1423.17 13596.6
1423.17 13605
1422.93 13599.4
1422.93 13582.1
1423.03 13595.2
1423.03 13611.1
1422.96 13622.9
1423.18 13602.4
1423.23 13633.5
1423.29 13639.1
1424.31 13661.4
1424.47 13650.1
1424.52 13659.8
1424.61 13654.9
1424.45 13675.7
1424.2 13644.2
1424.21 13621.2
1424.13 13635.9
1424.33 13646.8
1424.68 13622
1424.76 13653.2
1425.39 13684.3
1425.29 13713.5
1425.33 13726.4
1425.34 13723.9
1425.33 13700.8
1425.3 13700.4
1425.28 13720.4
1425.21 13727.7
1425.49 13859.8
1425.82 13921.6
1425.76 13949.7
1431.12 13975.8
1431.06 13955.7
1431.06 13950
1431 13932.7
1431.03 13922.1
1430.88 13906.1
1430.84 13909.8
1430.92 13903.6
1430.86 13900
1430.8 13889.8
1430.78 13877.7
1430.82 13848.7
1430.79 13833.5
1430.86 13840.1
1430.86 13820.9
1430.86 13823
1430.86 13865.5
1430.88 13865.5
1430.96 13878.3
1431.02 13833.9
1431.17 13824.3
1431.15 13823.6
1431.34 13845.7
1431.61 13842.6
1431.6 13871.9
1431.75 13889.8
1431.62 13917
1431.52 13893.7
1431.73 13885.3
1431.69 13867.7
1431.79 13844.3
1431.73 13851.9
1431.73 13846.2
1431.84 13831.5
1431.8 13840.6
1431.77 13843.9
1432.09 13798
1432.03 13804.1
1431.96 13814.6
1432.1 13835.1
1431.95 13834.3
1432.18 13821.2
1432.25 13825.2
1432.46 13811.4
1432.69 13819.6
1432.69 13802.1
1432.69 13782.9
1432.71 13774.1
1432.65 13771.5
1432.46 13783.4
1432.81 13817.4
1433.25 13800.3
1433.26 13833.5
1433.18 13860.5
1433.19 13877.6
1433.2 13888.3
1433.19 13890.7
1433.18 13917.7
1433.16 13920.9
1433.49 13922.9
1433.51 13919.9
1433.49 13921.3
1433.59 13922.3
1433.59 13923.8
1433.42 13911.8
1433.69 13919
1433.7 13923.4
1433.3 13920.2
1433.25 13927
1433.2 13940.5
1433.2 13954.4
1432.57 13967.2
1432.61 13989
1432.67 13968
1432.62 13958.8
1432.41 13950.8
1432.44 13949.2
1432.55 13956.5
1432.92 13967.6
1432.84 13966.9
1432.6 13935.5
1432.66 13939.9
1432.73 13940.6
1432.63 13942.4
1432.57 13906.9
1432.59 13930.8
1432.66 13925.2
1432.59 13927.6
1432.6 13931.9
1432.81 13934.2
1432.82 13940.3
1432.8 13977.5
1432.85 13970.3
1432.83 13969.4
1432.85 13964.5
1432.95 13944.7
1432.8 13926.3
1432.92 13909.2
1432.91 13916.5
1432.66 13906.4
1432.8 13903.2
1432.78 13884.8
1432.76 13883.8
1432.72 13866.6
1432.73 13859.8
1432.71 13843.8
1432.71 13815.7
1432.68 13802.3
1432.6 13790.2
1432.51 13792.5
1432.51 13781
1432.53 13787.1
1432.39 13783.1
1432.36 13807.1
1432.51 13812.7
1432.61 13816.2
1433 13813.7
1432.9 13786.8
1432.59 13790.5
1432.65 13787.1
1432.65 13772.3
1432.7 13773.4
1432.77 13761.7
1432.64 13751.7
1432.6 13727.8
1432.64 13711.8
1432.81 13707
1432.81 13713.2
1432.91 13716.6
1432.58 13720.7
1432.62 13748.9
1432.3 13779.5
1432.28 13794.2
1432.11 13817.2
1432.1 13815.2
1432.08 13849.1
1432.44 13836
1432.35 13816.9
1432.34 13764.4
1432.31 13790.7
1432.56 13780.7
1432.55 13757
1432.88 13780.7
1433.34 13776.4
1433.24 13757.3
1433.26 13740.2
1433.27 13761.6
1433.29 13764.6
1433.39 13778.1
1433.4 13787.4
1433.36 13775.5
1434.36 13833.2
1435.09 13925.6
1435.09 13879.4
1435.22 13884
1435.21 13914.3
1435.31 13923.8
1435.31 13932.3
1435.3 13937.7
1435.43 13939.9
1435.38 13944.3
1435.39 13930.2
1435.48 13927
1435.44 13909.7
1435.11 13895
1434.96 13908.1
1435.21 13921.6
1435.37 13917.4
1434.92 13878.7
1435.06 13889.1
1434.96 13821.4
1435.21 13778.9
1435.26 13788.8
1435.27 13811.9
1435.14 13816.1
1435.24 13827.2
1435.23 13900.2
1435.18 13924.4
1435.55 13927.5
1435.75 13952.1
1435.84 13948.1
1436 13951.4
1436.14 13950.9
1436.16 13957.9
1437.04 13984.4
1437.05 13965.3
1437.5 13970.8
1437.51 13969.2
1437.51 13969.8
1437.62 13979.5
1437.62 13983.7
1437.94 14007.2
1438.08 14047
1438.08 14059.9
1438.11 14066.7
1438.14 14065.1
1438.2 14064.9
1438.26 14072.9
1438.28 14064.5
1438.27 14059.7
1438.19 14057.9
1438.2 14047.9
1438.16 14047.6
1438.24 14053.2
1438.12 14059.1
1438.04 14067.7
1438.14 14089.9
1438.44 14094.4
1438.46 14090
1438.54 14065.3
1438.51 14048.4
1438.45 14035.8
1438.7 14034.3
1438.71 14027.3
1438.65 14001.6
1438 13981.1
1438.02 13977.6
1438.06 13981.6
1438.16 13972.2
1437.87 13960.4
1437.87 13988.8
1437.66 13985.7
1437.59 13970.3
1437.2 13955.1
