154.626 148.078
168.006 462.205
168.876 392.873
171.309 385.091
169.232 443.612
202.073 189.843
205.977 252.439
212.126 414.891
255.582 519.34
260.813 566.258
286.978 673.717
342.588 1119
343.917 987.225
346.937 980.028
356.263 1339.03
363.506 1314.53
385.257 1583.68
394.953 1632.42
397.47 1599.35
396.171 1558
396.834 1528.88
390.569 1918.49
425.267 2492.7
426.95 2444.97
428.554 2321.56
426.513 2420.2
428.639 2450.33
441.581 2430.53
441.681 2436.93
440.532 2459.36
440.671 2513.33
439.822 2727.34
440.541 2793.78
446.791 2845.66
461.356 2687.27
466.095 2812.43
467.365 2872.27
464.452 3052.36
464.656 3105.72
464.642 3016.97
469.722 3334.37
475.739 3118.11
482.965 3010.25
486.194 3142.27
492.582 3169.1
492.498 3223.59
492.749 3292.12
493.153 3312.11
492.4 3358.08
516.897 3587.1
526.914 4117.65
529.894 4016.41
537.109 4017.01
538.646 3956.25
537.649 3955.81
550.983 3803.84
550.888 3840.59
552.543 3872.84
552.146 3727.44
571.959 4965.62
573.311 4694.55
574.957 4573.04
575.2 4457.47
580.729 4555.14
582.182 4466.88
582.229 4422.74
594.45 4607.69
596.615 4778.9
600.61 4679.52
602.287 4730.48
603.112 5103.68
606.836 5044.95
607.291 5008.63
609.009 4928.44
609.152 4910.64
608.918 4886.39
605.149 5259.68
606.508 5428.49
607.426 5310.23
607.983 5129.07
634.853 5306.43
634.818 5258.21
634.488 5230.43
634.33 5281.8
639.654 5293.6
643.777 5299.26
662.548 5266.93
662.466 5420.06
661.928 5391.42
664.369 5447.76
668.309 5413.89
665.348 5350
669.705 5521.14
670.039 5684.59
673.698 5709.55
673.253 5700.26
674.863 5778.21
676.012 5857.06
704.579 6618.46
708.25 6796.47
711.409 7156.63
711.837 7260.74
710.927 7217.28
710.057 7222.28
717.957 7180.68
717.953 7141.72
724.758 7198.59
724.545 7191.68
735.981 6790.71
744.539 6770.63
750.434 6817.8
747.751 6819.54
744.129 6864.5
750.493 7338.75
751.086 7216.76
750.074 7188.31
750.151 7174.2
752.424 7141.68
758.319 7092.69
758.452 7263.88
786.909 8065.73
786.897 7711.96
788.136 7657.72
788.8 7600.54
798.443 7433.87
797.874 7406.82
798.885 7669.55
802.321 7629.98
802.728 7645.45
805.072 7611.26
805.091 7618.13
807.432 7568.58
809.806 7552.87
812.685 7557.67
812.966 7310.6
814.017 7227.06
814.302 7151.58
816.61 7198.96
824.971 7545.21
824.813 7441.8
824.717 7378.6
827.084 7353.47
826.686 7423.56
827.609 7407.36
838.263 7390
838.597 7402.56
842.458 7415.8
843.416 7329.23
844.851 7298.84
847.39 7347.43
848.445 7442.71
849.613 7459.11
849.642 7458.72
852.444 7462.41
862.798 7416.03
866.007 7345.35
867.659 7316.53
867.387 7305.97
866.192 7344.91
865.508 7304
866.357 7222.18
870.736 7158.79
872.375 7176.25
872.702 7139.45
874.42 7130.11
877.461 7166.4
879.006 7356.77
877.345 7541.46
878.483 7490.11
879.227 7509.12
879.085 7487.29
878.011 7700.25
875.101 7789.87
878.587 8017.72
882.005 8186.1
882.324 8186.78
896.176 8487.89
895.934 8421.49
901.376 8326.44
902.056 8229.79
906.538 8141.48
906.399 8099.89
906.484 8057.86
908.626 8011.69
909.042 7985.32
909.161 7970.08
909.414 8038.02
912.952 8264.97
914.187 8274.67
914.685 8273.98
913.846 8959.94
914.05 8912.26
914.02 9075.05
913.823 9066.57
912.871 9539.3
912.903 9357.23
917.291 9387.35
917.156 9367.42
916.939 9277.72
921.378 9228.25
923.277 9140.86
923.194 9034.56
923.19 9007.49
924.117 9015.04
935.258 9630.22
936.58 9650.01
935.78 9596.78
937.417 9534.4
939.442 9503.79
940.934 9477.01
941.05 9451.7
941.766 10578.8
940.771 9849.19
940.92 9898.23
940.891 9883.09
943.565 9937.87
943.832 9971.13
944.531 10025.8
948.171 10753.1
948.411 10513
948.6 10481.4
949.952 10485.5
949.869 10510.7
951.384 10509.8
952.271 10492.1
951.842 10498.6
952.858 10495.9
952.794 10528.7
952.871 10521.2
953.838 10495.8
955.402 10526.9
957.285 10509.8
957.875 10513.3
957.5 10512.9
957.858 10502.9
957.872 10516.5
958.553 10526
957.745 10530.4
957.889 10534.4
957.314 10558
957.114 10477.2
960.079 10754.7
960.522 10342.2
961.804 10207.1
961.848 10122.6
963.441 10067.6
962.797 10065.3
961.684 10111.3
961.675 10126.1
961.817 10111.9
962.919 10058
965.012 10087.5
964.554 10084.5
964.633 10062.1
965.067 10031.1
965.097 10011.1
963.826 9995.66
965.145 10000.6
966.302 10029
965.567 10030.2
965.95 9995.96
965.825 9970.69
966.533 9973.53
966.416 9975.86
967.583 10008.6
969.012 10029.7
968.22 10004.6
969.775 10046.4
968.956 10009.3
967.865 10302.9
967.337 10476.8
968.633 10384.3
968.695 10288.7
968.437 10203.9
966.902 10107.3
966.191 10000.6
966.434 10036.9
966.489 10034.8
966.584 10020.2
966.823 10009.9
967.371 10010.5
967.627 10004.4
966.084 9959.09
966.865 9982.49
966.397 10001.5
965.981 10126.4
965.613 10330.2
965.491 10308.5
964.798 10366.3
964.803 10313.2
964.733 10309.1
964.974 10367.6
963.911 10381
964.069 10397
964.111 10382.6
964.191 10382.2
964.016 10397.7
964.384 10422.5
964.629 10471.7
964.693 10508.3
964.574 10542.7
966.2 10557.4
967.74 10607
967.645 10537.5
967.632 10458.3
967.496 10413.7
967.723 10392.3
967.473 10366
967.857 10379.7
968.534 10377.5
968.348 10361.6
972.925 10579.8
972.896 10595.2
972.736 10578.9
972.976 10590.1
973.584 10583.9
973.975 10610.9
974.907 10663.1
974.948 10679.1
974.054 10657.7
974.49 10660.9
974.363 10673.1
975.033 10711.3
974.902 10746.1
975.065 10759.2
975.299 10744.9
976.627 10799.1
976.903 10795.6
976.245 10843.9
976.349 10873.5
976.204 10917.9
976.375 10923.3
976.696 10894.8
977.044 10894.6
977.15 10879.3
977.157 10854.7
977.367 10871.7
978.209 10922.3
979.239 11116.6
977.826 11283.7
977.526 11347
977.529 11361.1
977.492 11373.6
977.512 11360.5
977.354 11367.1
977.257 11354.2
976.548 11346.3
976.617 11350.5
976.687 11347.2
976.604 11344.3
976.461 11317.2
976.513 11283.9
976.703 11277.9
977.833 11232.8
977.75 11253
977.683 11267.4
977.708 11279.8
977.44 11313.1
977.594 11295.6
977.258 11285.3
978.006 11284.5
980.456 11292.4
980.403 11302
981.454 11317.2
981.998 11313.9
982.017 11321.7
982.291 11329.1
982.63 11309.4
982.481 11294.1
982.569 11288.6
982.438 11291.8
982.713 11294.4
982.451 11283.2
982.469 11261.9
983.54 11296
984.268 11292.8
983.67 11312.3
983.155 11236
983.116 11277.3
982.845 11288.4
983.51 11303.7
983.213 11291.9
983.174 11298.3
983.098 11315.3
982.63 11320.1
984.32 11365.6
984.431 11354
985.404 11354.5
985.392 11362.5
985.366 11372.4
986.117 11351.2
987.227 11359.5
987.705 11340.2
987.501 11356.7
988.027 11452.7
987.786 11510.3
988.54 11536.8
988.647 11552.1
990.201 11575.2
989.948 11563.6
989.739 11562.6
989.395 11557.6
990.437 11547.5
991.061 11558
991.013 11572.4
991.008 11590
991.263 11634.6
991.024 11639.8
991.001 11655.6
990.999 11678.7
991.151 11664.4
991.232 11666
990.774 11648.4
991.547 11599.7
993.508 11550.8
995.551 11600.2
995.767 11621.9
995.58 11628.6
998.058 11595.6
998.79 11455.2
999.715 11440
999.899 11455.4
999.55 11451.5
1000.04 11482.3
999.691 11543.1
1000.92 11568.8
1000.87 11608.4
1000.8 11634.5
1001.13 11613
1000.96 11603.6
1001.52 11601.2
1001.66 11622.2
1001.67 11624.7
1005.13 11795.7
1005.29 11773.2
1005.33 11773.9
1005.93 11784.2
1006.23 11780.5
1007 11815.6
1006.61 11770.1
1007.21 11804.8
1007.26 11839.3
1007.73 11860
1008.11 11881.9
1008.2 11942.3
1008.32 11955.5
1008.3 11963.2
1008.47 11982
1008.26 12002.5
1008.5 11930.9
1008.63 11963.8
1008.71 11999.9
1008.62 12004.2
1008.61 11995.4
1008.97 11971.7
1008.65 11981.9
1009.05 11990.1
1008.64 11968.6
1009.61 12020.4
1009.6 12027.2
1009.48 12051
1010.4 12059.2
1009.7 12115.8
1009.77 12135.7
1010.91 12166.9
1010.95 12193.4
1011.03 12210.2
1011.69 12254.2
1011.45 12226.1
1011.59 12222.1
1011.86 12217
1011.96 12214.1
1011.73 12179.7
1011.77 12148.7
1012.42 12146.2
1012.49 12136.6
1012.23 12146.8
1012.4 12181.5
1012.44 12178.5
1012.56 12174.6
1012.46 12175.7
1012.48 12178.7
1013.76 12228.7
1014.07 12308.1
1016.42 12420.6
1016.35 12245.4
1016.34 12191.6
1016.25 12137.9
1017.03 12101.7
1016.81 12057.7
1016.79 12034.3
1017.22 12034.6
1018.95 12109.2
1018.88 12105.5
1018.97 12135.8
1019.06 12162.8
1018.67 12169.9
1018.05 12147.5
1018.07 12140.8
1018.09 12131.5
1017.43 12135
1017.34 12132.6
1017.86 12142.1
1017.8 12143.4
1017.84 12251.8
1017.65 12204.5
1017.79 12201.4
1017.61 12240.7
1017.21 12229.7
1017.71 12222.7
1017.79 12258.4
1017.87 12284.8
1017.99 12277.5
1019.22 12328.4
1018.03 12520
1018.91 12522.8
1019.05 12527.7
1019.16 12507.7
1019.22 12500.4
1019.3 12462.7
1018.24 12444.8
1018.51 12451.2
1019.23 12473.6
1019.22 12469.7
1019.52 12496.1
1019.94 12535.8
1019.72 12530.7
1020.11 12547.5
1020.35 12527.9
1019.82 12558.1
1019.86 12615.6
1019.76 12620
1019 12563.5
1019.05 12563.1
1018.71 12510.9
1018.69 12474.3
1018.7 12451.6
1018.65 12456.8
1018.52 12470.3
1018.52 12483.9
1018.57 12505.2
1018.48 12518.9
1018.6 12533.8
1019.76 13093.5
1019.81 12588.3
1019.71 12488.3
1020.05 12400.7
1021.71 12262.7
1021.69 12209.9
1023.49 12188.3
1023.35 12166.5
1023.35 12158.3
1022.96 12183.7
1022.95 12162.2
1022.75 12161.6
1023.16 12164
1023.16 12180
1023.19 12166.1
1023.19 12151.8
1023.37 12134.4
1023.24 12110.2
1023.57 12111.5
1024.01 12124.8
1025.72 12165.1
1025.72 12176.1
1026.26 12164.8
1025.6 12124.2
1025.61 12111
1025.46 12088.2
1025.69 12080.6
1025.66 12104.8
1025.64 12098.4
1025.74 12089.2
1026.52 12077.8
1026.66 12070.7
1026.81 12041.6
1026.62 12027.1
1026.99 12029
1027.54 12090.3
1027.43 12073
1027.45 12084.2
1027.52 12086.2
1027.59 12102.3
1027.49 12113.8
1026.86 12065.2
1026.87 12040
1026.96 12043.7
1026.96 12038.1
1027.25 12044
1027.23 12010.4
1027.22 12013.3
1028.09 12001.1
1027.6 12013.7
1027.79 11993.1
1027.93 11960.1
1028.03 11955.8
1029.42 11962.7
1028.82 11972
1028.62 11967.4
1027.98 11953.1
1027.39 11949
1027.24 11930.8
1026.94 11968.2
1026.93 11923.7
1027.41 11917.5
1027.46 11937.6
1027.19 11910.3
1028.11 11921
1028.16 11958.2
1027.99 11972.8
1027.8 11976.2
1027.4 11962.6
1027.29 11950.9
1027.29 11939.5
1028.23 11932.6
1028.44 11943.7
1028.41 11940.7
1028.27 11974.4
1028.29 11967.4
1028.28 11976.7
1028.41 11987.5
1028.33 11993.9
1028.42 11993.6
1028.33 11980
1028.51 11977.6
1028.95 11976.6
1029.19 11979.3
1029.03 11996.7
1028 12065.7
1028.31 12020.6
1028.17 11999.8
1028.21 12008.7
1027.88 12027.1
1028.91 12056.4
1028.98 12053.7
1029.14 12051.7
1029.29 12052.3
1029.34 12045.6
1029.69 12046.3
1029.72 12043.8
1029.44 12022.7
1029.47 12013.6
1029.52 12013.9
1029.95 12022.8
1029.94 12021.6
1029.83 11945
1030.11 11920.8
1030.96 11911.6
1030.95 11871.9
1030.92 11834.3
1030.83 11806.5
1031.49 11790.6
1031.49 11804.5
1031.48 11787.6
1031.56 11765.9
1031.55 11759.6
1031.94 11751.3
1031.93 11837.5
1031.73 11835.5
1031.44 11777.4
1031.44 11725.6
1031.39 11695
1031.43 11665.4
1030.96 11630.3
1030.81 11608.5
1030.92 11585.3
1030.91 11559.5
1030.59 11531
1030.61 11479.6
1031.68 11467.8
1031.82 11457.9
1031.74 11451.4
1031.77 11430.4
1031.8 11420.9
1031.93 11424.4
1031.62 11428.3
1031.46 11438
1030.91 11462
1031.02 11486.6
1030.75 11494
1030.59 11477.2
1030.59 11475.3
1030.59 11463.7
1030.29 11458.8
1030.05 11502.9
1030.48 11478.5
1030.46 11489.1
1030.42 11482.2
1030.33 11457.1
1030.96 11458.1
1030.65 11447.8
1030.46 11451.6
1030.43 11449.9
1030.31 11449.3
1030.06 11445.4
1030.48 11469.1
1030.62 11501.3
1030.64 11512.9
1036.42 11472.4
1036.3 11442.9
1036.27 11467.9
1036.63 11452
1036.38 11456.4
1036.67 11465.5
1037.7 11501.4
1037.6 11481.7
1037.48 11469.7
1036.38 11402.1
1036.08 11392.5
1035.85 11401.7
1035.73 11433.2
1035.92 11433.7
1035.9 11440.5
1035.91 11444.8
1036.79 11429.5
1036.57 11403.7
1036.47 11416.2
1036.46 11428.3
1036.63 11458.8
1036.79 11466
1037.81 11478.2
1037.75 11493.1
1038.15 11504.4
1038.36 11542.9
1038.52 11531.5
1039.32 11479.1
1040.48 11493.8
1040.69 11500.8
1040.87 11530.5
1040.85 11545.8
1040.96 11560.6
1041.41 11571
1040.2 11602.6
1040.14 11639.3
1040.46 11657.1
1040.42 11655
1041.19 11636
1040.55 11629
1040.7 11618.2
1040.74 11618.8
1040.52 11684
1040.59 11749.1
1040.46 11695.6
1040.9 11677.7
1040.78 11671.4
1040.7 11644.6
1040.73 11635.2
1040.58 11634.3
1040.89 11637.1
1040.96 11598.7
1040.92 11595.8
1040.85 11594.2
1040.91 11608.6
1040.92 11596
1040.14 11598.1
1040.53 11613.4
1041.4 11626.8
1041.39 11624.5
1041.17 11603.8
1040.44 11654.6
1040.63 11726.4
1040.65 11763.8
1040.65 11783.1
1041.3 11814.9
1042.09 11869.1
1041.94 11861
1041.85 11887.2
1041.28 11887.7
1041.2 11894.1
1042.28 11905.7
1042.43 11920.1
1042.26 11910.4
1042.25 11928.3
1042.26 11939.9
1042.32 11937.2
1042.04 11959.5
1042.32 11981.6
1042.24 11995.9
1042.06 12030.5
1041.88 12081.9
1041.66 12042.5
1041.67 12020.2
1041.83 12009
1042.01 12019.3
1042.23 12032.9
1042.1 12052.9
1042.06 12062.5
1042.27 12072.1
1042.41 12076.6
1043.29 12097.2
1043.28 12118.6
1043.18 12120.8
1042.83 12119.6
1042.67 12115.5
1042.77 12108.1
1042.77 12098.6
1042.83 12099
1042.88 12094.7
1042.9 12080.3
1043.16 12099.1
1043.18 12108.5
1044.22 12394.5
1044.77 12427
1044.81 12446
1045.22 12484.4
1045.25 12498.3
1045.24 12519.3
1045.47 12532.6
1045.44 12531.8
1045.72 12548.7
1046.05 12600.4
1046.73 12698.2
1046.72 12661.5
1046.76 12674.4
1046.79 12680.6
1046.77 12679.4
1046.75 12674.5
1046.65 12678
1046.33 12715.6
1046.07 12724.8
1046.22 12747.8
1046.36 12749.6
1046.52 12703.4
1046.71 12689.4
1047.18 12660
1047.99 12682
1048.15 12685.3
1048.32 12691.3
1048.35 12696.7
1048.62 12705.6
1048.4 12754
1048.94 12780.3
1048.89 12798.2
1048.85 12810.3
1048.85 12810.9
1048.88 12809.2
1048.9 12763.3
1048.67 12762.6
1048.84 12693.1
1048.87 12674.8
1049.3 12657.5
1049.32 12635.8
1049.37 12619.5
1048.97 12555.8
1048.87 12541.4
1048.78 12535
1048.49 12580.9
1048.18 12573.3
1048.71 12577.5
1048.79 12648.1
1048.78 12705.6
1048.82 12743.9
1048.82 12763.2
1048.84 12767.1
1049.34 12780.7
1049.38 12795.7
1049.02 12813.2
1049.04 12817
1049.06 12817.8
1049.09 12821.2
1049.12 12822
1049.15 12808.2
1049.45 12811
1049.39 12882.2
1049.22 12881.4
1049.49 12865.5
1048.96 12853.1
1049.43 12833.3
1048.89 12892.7
1048.84 12916.4
1048.56 12904.9
1048.52 12873.9
1048.42 12852.7
1048.38 12831.9
1048.56 12825.5
1048.83 12825
1048.68 12793.8
1048.58 12806.3
1047.73 12784.4
1047.88 12777.8
1047.95 12792.4
1048.04 12803
1047.12 12979.8
1047.55 12981.4
1047.26 13034.4
1047.73 13152.9
1047.93 13184.1
1047.9 13193.8
1047.17 13188.3
1047.39 13179.4
1047.36 13181.3
1047.5 13175.1
1047.65 13191.7
1047.51 13184.5
1047.65 13176.4
1047.55 13172.4
1047.68 13186.2
1047.91 13189.7
1047.6 13203.8
1048.01 13195.3
1048.17 13186.3
1048.47 13192.3
1048.46 13166.3
1048.71 13152.3
1048.72 13153.8
1048.87 13149.7
1048.92 13147
1048.9 13134.2
1048.33 13165.8
1048.25 13226.9
1048.29 13249.2
1048.63 13245.2
1048.73 13206.6
1048.71 13185.2
1049.59 13195.8
1049.61 13214.6
1049.4 13208.9
1049.55 13199.4
1050.27 13237.8
1050.5 13234.7
1050.05 13124.6
1050.11 13037.4
1050.08 12976.7
1049.88 12902.3
1049.9 12898.9
1051.17 12952.3
1052.83 13010.7
1053.08 13017.2
1053.09 13004.1
1053.09 13006.2
1053.3 12988.9
1053.32 13001.6
1055.31 13045.8
1055.55 13002.2
1055.63 13000.2
1056.64 12973.1
1056.37 13005.4
1056.47 13021
1056.37 13019.4
1056.31 13020
1056.49 13062.1
1056.72 13057.8
1056.69 13066.6
1056.46 13067.6
1056.41 13021.4
1056.6 13043.2
1056.89 13033.9
1056.74 13048.6
1056.74 13047.3
1056.73 13033.3
1056.72 13039.8
1056.48 13054.5
1056.63 13047
1056.71 13096.9
1056.9 13100.1
1057 13095.2
1057.89 13097.2
1057.92 13109
1058.3 13126.5
1058.28 13144.1
1058.06 13157.6
1058.45 13161.2
1058.47 13170.4
1058.7 13178.5
1058.51 13200.5
1058.6 13219.6
1059 13229.1
1059.49 13225.1
1060.12 13229.4
1060.1 13234.1
1060.59 13231.8
1060.47 13241.7
1060.52 13236.2
1060.43 13222.7
1060.39 13206.8
1060.42 13155.5
1060.5 13148
1060.08 13120.9
1059.96 13133.4
1060 13140.2
1060.62 13137.3
1060.91 13139.9
1060.92 13133.9
1061.31 13132.3
1061.51 13115
1061.5 13111.6
1061.51 13116.9
1061.78 13046.5
1061.4 12999.5
1061.82 12939.2
1061.71 12905.3
1062.59 12940.1
1062.53 12930.5
1062.52 12919.7
1062.53 12921.5
1062.4 12917.9
1061.89 12928.9
1061.92 12958.3
1062.22 12973.8
