70.402 103.911
70.8406 89.2668
223.856 1263.98
345.557 1557.97
382.932 3002.35
385.964 2453.84
391.543 2422.25
391.857 2211.37
462.151 3317.98
455.464 3558.02
467.648 4168.24
492.756 5604.81
503.625 5420.63
516.034 4672.99
537.523 4217.77
538.328 3965.88
538.409 3729.89
534.142 3666.81
586.229 3557.01
587.278 3536.28
603.618 3318.29
614.619 4185.51
615.004 3738.19
638.961 6404.42
666.534 5583.92
664.902 5825.08
670.551 5659.14
671.517 5486.72
671.67 5390.58
696.612 8711.74
705.31 7552.1
705.418 6900.72
708.233 6807.63
710.172 6809.97
745.326 6907.44
764.28 6503.64
795.125 7062.4
796.915 6905.27
800.473 6811.98
801.009 6974.29
818.761 7133.31
828.446 7287.99
847.446 7691.41
839.71 8133.98
840.627 8118.14
839.989 8052.58
848.426 7925.74
850.066 7853.58
850.216 7759.36
848.332 7702.94
873.041 7622.48
870.35 7578.11
870.253 7712.88
869.486 9012.55
871.435 8236.33
868.743 8204.53
892.255 8578.1
902.577 8548.69
905.484 8555.51
905.172 8645.2
901.358 10028.8
900.715 10109.5
901.725 9925.12
910.377 10642.7
911.872 10987.5
959.471 10754.9
971.078 10757.4
969.71 10690.7
969.819 10657.8
974.908 10719.5
975.541 10714.4
991.379 10554
995.208 10422.5
995.109 11576.5
994.634 11017.5
997.363 11026.3
999.416 11064.9
998.384 11349.8
1007.59 11489.2
1007.52 11682.6
1019.97 11812.4
1019.94 12117.1
1017.79 12723.6
1021.04 12501.5
1019.8 12478.6
1025.89 12553
1025.51 12327
1047.01 12384.9
1045.17 12464.1
1048.97 13071.4
1067.55 13152.5
1067.91 13376.9
1080.57 13455.1
1084.4 13296.3
1081.94 13220.5
1082.02 13365
1082.19 13881.3
1081.9 13895.8
1081.85 13879.2
1096.87 14469.1
1105.87 14112.5
1108.09 13903.2
1109.01 13883.7
1121.79 13782.6
1122.56 13676.1
1132.96 15739.8
1132.95 15323.9
1136.74 14893.4
1142.15 14784.6
1147.08 14919.2
1155.38 14921.1
1154.46 14937.3
1150.58 16144.6
1153.1 15911.1
1156.51 15853.7
1156.52 15863.4
1165.93 17056.2
1179.58 16632.1
1182.76 16089.6
1182.92 15871
1183.21 16082.1
1187.4 16021.5
1196.31 16193.1
1195.41 16091.4
1196.01 16052.1
1195.23 16090.3
1195.62 16023.3
1196.32 16016.5
1198.04 16025
1198.14 16128.3
1199.49 16112.2
1204.56 16333.4
1201.42 16341.1
1200.58 17519.8
1200.56 17134.7
1215.54 16983.3
1216.78 17111.7
1217.27 17529.4
1216.46 17922.9
1218.72 17725
1222.53 17761.1
1225.56 17359.3
1228.21 17346
1229.12 17218
1234.35 17215.3
1242.21 16951.2
1240.68 16974.1
1242.02 16978.4
1242.89 16886.7
1242.71 16776.8
1242.5 16746
1242.45 17178.3
1247.52 17257.7
1243.83 17448
1244.32 17459.6
1244.24 17819.6
1244.23 17893.5
1255.43 17479.2
1255.71 17554.8
1258.9 17523.4
1259.76 17597.6
1260.86 17661
1262.19 17690.5
1262.16 17728.6
1262.64 17718.2
1262.52 17732.3
1262.62 17736.9
1262.55 17721.6
1262.55 17833.3
1259.45 17822.1
1259.34 17879.8
1260.19 17983.6
1264.53 19085.3
1261.29 26448.3
1264.57 26476.2
1264.89 24861.1
1265.31 23307.5
1267.82 22299
1269.04 21871.1
1268.83 21472.9
1268.76 21092.4
1269.78 20958
1274.68 21039.8
1279.37 20880.3
1278.06 20763.8
1278.55 20571.6
1278.44 20433.9
1278.38 20330.6
1278.16 20232.2
1281.88 20107.2
1281.48 19980.7
1281.47 19927.7
1282.28 19917.7
1284.45 20191.7
1283.99 20118.9
1285.14 20014.3
1286.19 19847.3
1285.2 19647.9
1284.58 19705.9
1284.58 19654.7
1286.26 19635.3
1286.24 19948.8
1286.82 19811.7
1286.8 19604.5
1287.2 19492.4
1287.91 19379
1289.32 19358.2
1295.81 19372.1
1296.01 19416.9
1298.05 19486.5
1299.04 19406.1
1298.67 19404.7
1299.43 19403.8
1299.64 19392.3
1298.68 19886
1297.08 19867.3
1299.38 19708.1
1299.87 19774.3
1300.25 19833.6
1301.61 19668.6
1301.63 19532.1
1303.71 19581.1
1303.51 19770.9
1303.77 19908
1302.24 20096.3
1302.53 20237.3
1303.25 20192.1
1304.44 20201.8
1304.93 20201.7
1304.9 20198.5
1304.63 20192.3
1306.16 20234.6
1307.05 20181.4
1307 20163
1308.09 20239.6
1307.84 20312.8
1307.78 20346.5
1308.54 20372.3
1309.12 20492.1
1309.29 20570.3
1309.9 20546.9
1310.26 20521.5
1309.48 20562
1309.63 20708.9
1309.69 20710.7
1311.75 20651.3
1311.75 20745
1312.02 20883.3
1313.75 20934
1313.85 20950.7
1313.27 20946.2
1313.28 21005.4
1317.79 20964.8
1317.92 21102.3
1318.58 21147.6
1318.56 21138.2
1320.11 21176
1320.62 21227
1321.77 21332.9
1322.17 21397.2
1322.56 21403.4
1322.65 21390.6
1322.32 21459.5
1321.75 21492.6
1319.91 21601.9
1319.95 21552.9
1321.11 21562.1
1321.78 21571.3
1321.84 21586.7
1321.79 21581.5
1322.99 21582.8
1322.3 21604.4
1322.14 21608.6
1322.08 21592.6
1323.11 21579.6
1323.11 21576.2
1322.34 21469.6
1321.56 21460.1
1322.23 21502.6
1322.54 21598.4
1324.85 21605
1324.87 21632.9
1325.22 21814.8
1325.57 21785.3
1325.53 21784.9
1325.42 21842.9
1325.61 21848.1
1327.07 21845.4
1327.98 21802.3
1328.12 21859.9
1327.57 21897.9
1327.66 21941.4
1328.66 22118.1
1328.62 22073.7
1328.69 22076.5
1329.96 22117.4
1332.95 22032
1333.12 22140.4
1333.04 22221.4
1332.81 22281.8
1332.96 22348.5
1335.14 22370.6
1334.45 22449.6
1334.35 22493.2
1334.4 22514.6
1334.29 22534.6
1334.33 22545.1
1334.23 22573.9
1334.3 22585.2
1334.19 22618.5
1334.97 22668.9
1334.95 22692.8
1335.49 22721.4
1335.75 22742.2
1336.42 22781.2
1342.26 22780.4
1342.88 22838.8
1342.75 22812.4
1343.18 22799
1343.23 22797.5
1345.33 22794.9
1345.31 22690.8
1347.52 22572.5
1347.75 22637.9
1349.71 22751.2
1351.94 22800.9
1352.84 22810.8
1353.56 22817.4
1353.55 22803.1
1354.79 22978.3
1354.89 22911.9
1354.48 22934.3
1354.49 22964.9
1357.95 22986.1
1356.49 23177.1
1356.4 23397.8
1357.72 23328.9
1362.11 23311.9
1362.13 23321.8
1361.99 23329.9
1361.99 23322.8
1361.97 23348.4
1362.11 23399.4
1362.79 23437.7
1362.58 23453.1
1362.42 23471.6
1366.32 23587.6
1366.13 23556.6
1367.36 23651.8
1367.21 23677.8
1366.75 23786.1
1367.1 23856.2
1367.77 23907.9
1367.81 23970.8
1368.46 24016.6
1370.23 24098
1370.18 24120.6
1370.33 24130.7
1370.39 24113.3
1370.34 24111
1370.09 24029.1
1370.14 24054.3
1369.91 24085.1
1369.9 24099.3
1370.53 24138.3
1370.78 24135
1375.15 24198
1376.44 24086.5
1376.97 24089.2
1377.05 24140.3
1376.92 24168.8
1376.59 24216
1376.55 24200.9
1376.57 24141.3
1376.83 24135.1
1377.61 24211.3
1377.63 24121.5
1378.37 24100.8
1378.04 24059.8
1378.94 24080.7
1381.35 24059.8
1381.33 24087.1
1381.32 24099.5
1382.25 24113.5
1383.45 24048.5
1384.19 24125.6
1383.57 24229.1
1383.62 24266.4
1384.96 24262.2
1385.49 24362.6
1387.98 24454.5
1389.13 24442.2
1390.75 24317.4
1390.77 24356.3
1390.52 24432.1
1390.32 24548.5
1390.25 24507.6
1390.47 24452.3
1390.49 24371.5
1390.53 24348.8
1390.34 24351.3
1390.39 24367.9
1391.03 24340.8
1390.99 24296
1391.08 24203.3
1392.87 24191.5
1393.57 24084
1393.57 24197.4
1393.52 24236.4
1393.51 24241.3
1396.74 24277.2
1396.79 24299.2
1396.81 24296.3
1396.42 24293.6
1396.1 24304.2
1397.16 24333.1
1396.79 24352
1401.4 24532.5
1401.36 24498.1
1401.49 24471.8
1401.75 24463.6
1404.37 24504.7
1405.66 24387.9
1406.66 24387.6
1406.7 24402.5
1406.58 24408.6
1406.57 24380.1
1408.71 24403.6
1409.04 24452.2
1410.21 24395.6
1410.45 24355
1410.37 24329.2
1410.37 24302.5
1410.79 24270.5
1411.22 24241.9
1411.27 24227.8
1411.63 24241
1411.61 24218.3
1414.87 24241
1414.9 24181.7
1415.4 24177.5
1418.29 24136.7
1421.21 24119.7
1420.99 24158.8
1421.75 24158.6
1424.49 24232.4
1424.7 24233.9
1427.19 24258.5
1426.96 24230.4
1426.91 24237.7
1427.75 24244.8
1427.64 24319.1
1428.4 24319.6
1428.35 24287.2
1428.19 24239.1
1428.11 24222.5
1427.74 24230.1
1428.48 24209
1428.49 24184.5
1428.53 24177.4
1427.11 24312.2
1427.03 24318.7
1427.15 24313.9
1426.44 24272.9
1431.92 24276.6
1431.97 24235.5
1431.96 24266.2
1433.11 24300.9
1434.5 24155.5
1435.33 24147.6
1438.86 24130.8
1439.23 24046.9
1439.56 24064.2
1439.58 24051.9
1439.48 24022
1439.45 24017.5
1440.17 23993.2
1440.25 24042.4
1440.51 24050.7
1440.52 24040.9
1440.27 24051
1442.2 24042.4
1442.6 24010.3
1442.69 24012.8
1442.67 24006.2
1441.25 23999.3
1442.23 23927.1
1442.71 23855.3
1442.73 23894
1442.66 23894.6
1442.91 24133.3
1442.94 24031.9
1449.42 24184.7
1449.35 24131
1450.8 24155.5
1450.81 24121.2
1450.95 24113.9
1450.89 24096.6
1450.98 24094.8
1451.18 24048.5
1453.51 24215.7
1453.55 24085.2
1455.59 24162.5
1455.48 24115.2
1455.28 24128.1
1454.97 24159.3
1454.98 24159.8
1453.91 24149.3
1453.91 24194.5
1453.93 24199.3
1453.88 24215.9
1460.05 24292.5
1460.24 24275.2
1460.25 24293.5
1470.1 24307.3
1470.07 24331.6
1470.04 24403.4
1470.06 24425.7
1471 24466.2
1471.16 24470.6
1470.65 24490.3
1470.39 24507.6
1470.86 24527.7
1471.6 24530
1471.82 24538.1
1471.82 24551.9
1471.8 24560.3
1473.56 24566.2
1474.03 24531.3
1474.63 24565.6
1474.66 24544.2
1476.78 24569
1477.8 24593.9
1478.39 24567.7
1478.23 24528.4
1480.53 24494.6
1480.64 24521.8
1481.01 24536.8
1480.89 24749
1482.43 24737.5
1482.41 24781.2
1482.29 24812.9
1482.25 24814.9
1483.18 24809
1483.17 24843.8
1482.81 24849.9
1482.8 24857.1
1482.18 24850.2
1483.06 24892.5
1482.95 24918.4
1483.44 24942.7
1482.87 24934.4
1483.04 24885.2
1484.08 24915.8
1483.97 24916.7
1483.97 24927
1483.97 24927.6
1484.36 25143.2
1484.45 25234.8
1484.55 25219.5
1485.33 25123.3
1485.39 25113.8
1485.85 25118.6
1485.84 25149.2
1492.68 25174.4
1492.89 25108.3
1493.15 25082.7
1493.16 25063.4
1492.66 25072.1
1493.13 25078.5
1493.49 25060.7
1493.48 25064.5
1493.86 25070.2
1494.59 25136
1494.59 25096
1494.42 25147.4
1494.45 25186.6
1494.43 25174.3
1494.31 25158
1494.38 25181.6
1494.89 25128.1
1494.93 25117.5
1494.92 25131.6
1494.94 25149.9
1495.15 25116
1495.25 25112.7
1496 25106.8
1495.66 25168.4
1495.8 25272.6
1495.78 25243.4
1495.76 25245.5
1496.48 25237
1496.47 25196
1496.36 25157.8
1496.2 25155.6
1496.22 25109
1496.14 25106.8
1496.35 25132.1
1495.12 25109.7
1495.83 25140.4
1495.82 25168
1496.21 25227.5
1496.24 25260.3
1496.25 25263.2
1496.33 25260.4
1496.52 25279
1498.63 25266.3
1498.01 25273.4
1498.18 25317.2
1499.45 25388.9
1499.9 25368.3
1499.94 25361.6
1499.94 25363.9
1499.96 25450.9
1499.89 25466.2
1499.72 25477.9
1500.65 25456.8
1500.9 25461.6
1500.96 25443.8
1500.52 25494.8
1501.39 25490.1
1501.44 25491.5
1501.8 25500.1
1501.93 25477
1502.35 25492.4
1502.26 25492.4
1502.53 25521.3
1503.22 25519.6
1504.17 25533.6
1504.15 25547.8
1512.17 25608.3
1512.15 25574.3
1512.04 25537.7
1512.2 25508.3
1512.21 25491.2
1512.67 25457.3
1512.59 25461.8
1512.56 25459.1
1512.94 25463
1512.74 25842.1
1513.2 25807.5
1513.92 25767.8
1513.02 25734.3
1513.77 25798.1
1514.85 25814.9
1514.75 25845.5
1514.79 25856.3
1514.54 25875
1514.54 25903.2
1514.92 25990.3
1514.92 25978.8
1514.65 25992.9
1514.63 26020.5
1514.53 26032.6
1517.26 26127.5
1516.89 26095.9
1517.07 26103.6
1517.43 26074.9
1517.42 26077.1
1517.27 26054.3
1517.35 26054.2
1517.69 26061.6
1517.76 26091.8
1517.48 26103.5
1517.49 26100.7
1517.19 26105.3
1516.98 26086.7
1517.15 26063.8
1517.14 26075.8
1517.22 26060.5
1517.21 26068.7
1517.53 26123.9
1517.8 26079
1517.48 26105
1517.85 26073.9
1517.65 26086.4
1517.35 26081.2
1517.61 26030.2
1518.77 26045.3
1518.94 26094.8
1519.22 26088.6
1520.65 26064.7
1520.58 26095.7
1520.55 26104.1
1520.67 26108.9
1520.46 26113.8
1519.67 26140.3
1520.26 26122
1520.38 26075.3
1520.44 26134.8
1520.3 26110.5
1519.6 26105.5
1519.73 26168.2
1519.76 26223.7
1519.98 26248.1
1520.25 26267.7
1520.07 26295.3
1520.12 26235.6
1519.93 26254.4
1519.81 26275.1
1519.97 26289
1519.41 26285.7
1519.31 26315.7
1518.47 26357.2
1518.78 26372
1519.04 26412.4
1519.77 26446.8
1519.9 26462.5
1521.68 26487.4
1521.66 26416.7
1522.16 26495.7
1522.36 26473.8
1522.4 26490.1
1522.4 26494.5
1522.39 26516.4
1522.57 26518.9
1522.56 26500.7
1522.47 26484.2
1522.74 26515
1523.31 26499.7
1523.19 26524.4
1523.1 26528.9
1523 26537.7
1522.96 26545.6
1523.04 26544.2
1523.31 26541.6
1523.33 26540.7
1523.19 26551.6
1523.28 26572
1523.28 26590.6
1523.29 26588.2
1523.29 26542.5
1523.33 26558
1523.6 26569.1
1526.55 26629.5
1526.54 26636.7
1526.47 26633.4
1526.5 26587.7
1527.21 26625.3
1527.05 26628.5
1527.08 26699.9
1527.04 26720.1
1526.75 26727.5
1528.4 26769.3
1528.37 26768.6
1528.43 26755.1
1528.36 26730.9
1528.38 26731.9
1528.76 26729
1528.42 26731.2
1529.11 26728.3
1529.35 26775.5
1529.71 26794.3
1528.88 26785.5
1529.09 26895.6
1529.09 27017.7
1529 27029.1
1528.57 27079.7
1528.57 27078.3
1529.08 27067.4
1529.03 27063.8
1528.99 27042
1528.77 27097.1
1528.38 27100.8
1528.24 27092.1
1528.67 27085
1528.67 27097.7
1528.43 27163.3
1528.93 27167.7
1528.72 27129.3
1528.65 27091.4
1528.72 27053.6
1528.74 27061.9
1528.6 27049.2
1528.7 27047.2
1532.82 27225.1
1533.1 27085.2
1533.19 27097.2
1533.17 27077.5
1533.88 27118.9
1533.86 27164.7
1533.86 27179.3
1533.9 27194.3
1533.78 27216
1533.61 27107.4
1533.64 27146.7
1534.14 27114.4
1534.13 27134.8
1534.1 27164.7
1534.32 27175
1535.29 27157.1
1535.25 27162.4
1535.45 27193.3
1535.43 27195
1535.55 27169.7
1535.62 27187.7
1536.05 27210.7
1536.72 27252.4
1536.15 27298.7
1535.93 27286.3
1535.93 27337.5
1535.89 27328.7
1536.08 27348.5
1536.02 27356.9
1536.08 27351.2
1536.76 27359
1537.32 27395.2
1537.38 27409.6
1537.19 27403.9
1537.64 27426.3
1538.15 27358.7
1538.16 27384.5
1538.6 27429.4
1540.92 27484.9
1540.81 27477.3
1541.52 27462.7
1541.33 27446.2
1541.16 27501.9
1541.18 27492.2
1540.95 27520.5
1541.82 27531.9
1541.58 27491.6
1541.53 27509.2
1541.7 27527.6
1541.67 27490.4
1542.2 27478.6
1542.94 27466.5
1543.03 27438.3
1542.98 27444.1
1542.99 27451.1
1543.4 27462.8
1543.31 27461
1543.39 27465.7
1543.5 27475.1
1543.48 27454.3
1543.5 27496.2
1543.28 27466.2
1543.37 27452.6
1543.43 27439
1543.32 27420.7
1544.05 27428.7
1543.97 27377.2
1544.03 27362.5
1543.93 27344.8
1543.71 27335.7
1543.58 27372.2
1543.96 27397
1546.48 27438.2
1546.39 27452
1547.17 27460.6
1547.16 27465.3
1547.3 27500.2
1548 27510.1
1548.04 27514
1548.12 27494.4
1548.23 27487.7
1548.21 27503.2
1547.89 27510.6
1547.9 27499.2
1547.79 27527.7
1547.77 27538.3
1547.75 27490.5
1547.77 27467.1
1547.77 27460.4
1548.02 27449.5
1548.05 27455.2
1548.06 27448
1551.07 27469.7
1551.05 27435.4
1551.03 27427.2
1550.67 27398.1
1552.13 27395.8
1552.28 27414.1
1552.26 27416.5
1552.42 27383.1
1552.38 27371.7
1551.66 27352.8
1551.62 27347.3
1551.78 27383.3
1552.1 27364.7
1553.65 27274
1553.94 27123
1553.1 27070.6
1554.45 27054.9
1554.51 27030.1
1554.23 27012.1
1554.29 27012.8
1554.25 27009.4
1554.27 27009.7
1553.78 26957.8
1553.89 26940.8
1557.7 26985.1
1558.23 26988.8
1558.15 26985.2
1557.93 26988.2
1559.88 27058.8
1560.18 27032.9
1560 27040.8
1560.66 27001.7
1560.71 26984.5
1561.03 26979.8
1560.99 26981
1562.86 27000.4
1562.88 26988.2
1562.93 26987.7
1563.49 26988.9
1563.31 26984.4
1565.12 26979.1
1565.38 27002.1
1565.42 27002.6
1565.11 26986.3
1565.25 26988.3
1565.4 26985.3
1565.42 26977.5
1566.17 26944.3
1566.2 26953.6
1566.2 26910
1566.25 26897.3
1565.68 26909.2
1565.2 26907.1
1565.21 26889.3
1565.21 26882.8
1565.14 26937.6
1566.57 26883.8
1566.26 26900.4
1566.48 26916.4
1566.54 26932.5
1568.56 26976.6
1568.5 26958.3
1569.15 26937
1568.95 26952.7
1569.01 26964.1
1569.87 26957.8
1569.9 26942.9
1570.52 26980
1570.3 27051.4
1570.62 27065.8
1570.76 27121.7
1570.79 27160.5
1570.68 27513.1
1569.95 27448.8
1569.97 27437.3
1570.13 27436
1570 27423.3
1570.39 27421.5
1570.43 27436.2
1570.49 27438.4
1570.9 27461.7
1571.81 27510.7
1571.76 27488.3
1571.78 27467.7
1571.79 27451.3
1571.79 27459.6
1571.58 27481.3
1571.52 27539.4
1571.52 27604.6
1571.8 27600.6
1572.16 27609.2
1572.17 27592.4
1571.98 27585.6
1572.14 27580
1572.14 27585.5
1571.87 27593.5
1572.14 27586.6
1572.06 27581.8
1572.07 27558.7
1572.08 27565.9
1572.05 27581.6
1573.24 27607.4
1573.13 27617.3
1573.7 27566.2
1573.09 27560.9
1573.54 27540.5
1573.15 27510.1
1573.38 27495.8
1573.43 27456.8
1573.44 27437.8
1573.66 27423.4
1573.31 27403.7
1573.25 27480.7
1573.1 27497.7
1573.08 27498.5
1573.33 27498.2
1572.89 27535.9
1572.88 27532.5
1572.82 27543.7
1573.63 27480.6
1575.03 27549.4
1575.7 27556.4
1575.79 27522.8
1575.38 27503.3
1575.32 27522.6
1574.75 27608.3
1574.57 27658.9
1574.83 27657.6
1575.06 27635.9
1575.07 27627.3
1575.06 27674.4
1575.3 27671.5
