107.874 133.862
226.625 1271.48
254.301 1955.26
273.395 1836.17
276.785 1615.9
285.928 1603.71
342.409 2031.26
438.258 2273.47
440.263 2143.16
440.316 2085.24
442.415 2197.83
447.61 2319.55
458.448 2045.76
468.858 2151.71
468.441 2402.48
499.772 3364
505.734 3270.57
506.087 3088.62
507.395 3118.15
508.149 3163
520.118 3392.52
521.902 3711.7
523.789 3673.95
545.311 5445.68
555.127 4238.53
583.785 4008.94
584.934 3736.66
587.684 4017.97
593.334 4028.94
605.19 4284.07
635.714 4643.48
635.6 4759.44
651.98 4760.77
681.48 5121.1
682.48 5472.97
701.698 6077.5
739.344 5844.8
748.202 5446.27
761.25 5419.57
762.981 5435.73
762.216 5662.12
767.507 5829.98
772.877 6061.91
773.436 6200.5
773.865 6228.59
778.544 6248.5
792.036 6319.5
809.471 6324.65
812.196 6168.34
812.45 6117.52
813.383 5975.7
818.969 6114.46
829.953 6230.9
832.029 6597.8
833.743 6572.48
841.436 7013.7
849.023 6799.04
882.639 7113.84
888.036 7005.03
886.13 7045.14
894.991 7076.36
901.718 6945.51
909.621 8149.14
916.971 7954.38
918.593 7976.09
919.491 7909.54
919.047 8997.29
919.526 8508.23
917.203 8396.27
915.214 8579.56
919.727 8654.42
930.411 8760.93
926.522 8855.05
929.94 8988.19
918.117 9598.65
930.784 11263.4
935.152 11034.4
935.716 10688.6
940.209 10394.5
937.693 10589.6
936.122 10222.7
955.14 10088.8
960.865 10072.8
961.602 10027
961.221 10018.3
961.216 10011.6
966.328 10092.9
966.415 9961.38
968.878 9964.04
968.424 9992.46
971.653 10199.8
990.365 10557
989.814 10447
990.756 10656.3
993.823 10823.4
994.348 10901.4
1002.03 11163.9
1002.13 11008.8
1002.7 11030.1
1003.22 11184.1
1004.64 11181.1
1000.5 13092.8
1006.83 13303.1
1004.73 13452.6
1012.45 13515.5
1012.42 13140.1
1010.91 12948.2
1011.25 12741.1
1010.64 12446.9
1013 12077.6
1014.2 11962.1
1011.4 12397
1012.24 12589.8
1029.93 12750.7
1029.86 12744.9
1029.7 12778
1031.97 12735.6
1055.55 12899.9
1057.15 12864.6
1058.57 12893
1062.93 12961.5
1064.84 12855.1
1055.08 14246.1
1052.42 13973
1050.54 13857
1050.5 13845.4
1052.84 13956.5
1061.68 13950.3
1060.55 13742.4
1062.83 13522.6
1061.74 13533
1062.18 13626.4
1063.65 13724.6
1065.06 13761
1065.12 13769.3
1071.64 13751.9
1071.82 13812.9
1071.68 13737
1072.28 13679.4
1072.7 13753.1
1076.91 13770
1076.82 13712.1
1077.39 13699.5
1078.39 13653
1078.69 13566.4
1086.92 13858.3
1089.23 13877
1088.08 13955.2
1089.28 13900.3
1093.86 13902
1094.51 13901.3
1094.62 13894.4
1095.87 13955.8
1098.19 14183.1
1104.27 14408.1
1105.74 14274.3
1106.11 14250.8
1105.14 14279.5
1105.16 14318.7
1106.18 14309.9
1105.32 14289.9
1109.05 14337.2
1109.21 14245.2
1115.34 14413.2
1115.92 14319.5
1115.22 14230.8
1116.32 14189.3
1116.07 14258.4
1118.28 14284.2
1118.38 14315
1118.3 14354.6
1119.81 14538.2
1119.78 14501.4
1119.65 14474.2
1121.06 14468.8
1119.04 14299.2
1119.04 14329.4
1119.2 14321.9
1119.1 14269
1121.18 14075.7
1121.21 13975.3
1121.3 13969.1
1123.37 13871.6
1123.5 13896.9
1123.77 13914
1124.16 13865.5
1123.22 13959.5
1124.55 14062.7
1123.62 14182.1
1125.59 14160
1127.11 14163.7
1126.58 14206.2
1126.51 14191.2
1126.76 14239.4
1127.18 14667.8
1127.49 14904.8
1128.76 14792.9
1128.92 14704.6
1130.06 14621.6
1131.52 14546.7
1133.6 14431.2
1132.6 14431.7
1131.96 14466.1
1130.7 14619.9
1132.97 14836.5
1135.2 14798
1135.21 14844
1135.52 14838.3
1133.73 14737.4
1134.2 14727.1
1138.99 14789.5
1141.36 14765.6
1140.33 14894.3
1141.55 14902.7
1146.38 14961
1146.43 15055.4
1146.62 15138.4
1146.86 15131.8
1146.84 15114.3
1147.96 15094.4
1148.39 15074.7
1148.75 14917.2
1148.83 14910.1
1150.44 14929.8
1150.64 14850.6
1151.33 14777.4
1151.12 14804.6
1151.54 14913.6
1151.66 14908.7
1153.6 14895.9
1154.51 15021.4
1155.41 15034
1155.95 15117.9
1155.99 15125
1157.84 15113.5
1157.99 15120.5
1157.41 15207.8
1156.89 15339
1156.66 15344.6
1156.54 15252.3
1157.53 15250.3
1157.73 15288.1
1157.52 15286.1
1157.29 15302.6
1157.39 15396.2
1157.35 15454.4
1157.69 15450.9
1157.75 15456.2
1158.21 15445.7
1157.84 15448.2
1157.6 15475
1157.87 15461.7
1159.13 15446.5
1157.46 15513.4
1158.41 15506.2
1158.53 15527.3
1152.66 15612
1153.9 15882.1
1153.75 15978.9
1153.75 15984.4
1153.41 15984
1154.12 15993.7
1154.36 15964.6
1154.25 15976.6
1157.36 15914.1
1157.6 15906
1157.63 15897.6
1162.86 16096.3
1167.04 16183.5
1167.04 16224.3
1163.04 16359.4
1165.68 16654.3
1165.65 16769.4
1167.65 16715.1
1167.56 16774.9
1168.24 16775.8
1168.27 16775.3
1168.25 16877.4
1168.69 16756.3
1167.79 16607.6
1168.2 16647.9
1168.24 16642.5
1169.72 16705.8
1167.86 16794.8
1168.36 16871
1168.74 16926.7
1168.52 16877.6
1168.51 16831.1
1168.68 16785.7
1169.96 16705
1170.47 16769.8
1170.16 16690.2
1169.92 16689
1169.95 16782.9
1169.9 16768.2
1171.58 16767.5
1172.88 16791.9
1172.63 16845.1
1173.11 16836.4
1173.22 16840.4
1173.35 16851.3
1174.83 16844.1
1176.38 16887.9
1176.74 16928
1176.66 16950.1
1176.73 16975.4
1176.19 17189.5
1178.36 17206.7
1179.87 17619.7
1180.12 17468.5
1180.01 17482.1
1178.37 17505.2
1178.4 17501.2
1178.41 17472.8
1179.02 17458.7
1179.04 17474.2
1179.11 17488.4
1179.96 17560.5
1181.4 17546.2
1181.44 17480.1
1181.95 17506.4
1181.89 17486.2
1182.17 17498.5
1182.2 17508.9
1183.08 17319
1183.43 17308.3
1184.71 17274.2
1184.35 17339.1
1184.54 17390.4
1184.74 17412.3
1184.43 17384.9
1184.23 17270.2
1184.41 17278.6
1184.5 17310.6
1184.97 17286.7
1185.57 17217
1185.67 17230
1185.27 17329.3
1186.13 17309.4
1186.59 17295.6
1187.03 17261.1
1186.71 17147.1
1186.68 17120.5
1186.4 17063.2
1186.97 17094.8
1188.88 17095.9
1188.83 17055.1
1188.91 17062.7
1189.47 17154.4
1189.3 17047.8
1191.36 17195.6
1191.2 17108.4
1193.2 17187.1
1193.25 17120.3
1193.57 17089.5
1193.74 17082.3
1197.78 17092.6
1197.71 17083.6
1198.36 17066.6
1199.27 17017.9
1199.31 16946
1198.89 16914.8
1198.82 16895.8
1199 16881.4
1199.21 16881
1199.39 16877.7
1199.21 16854.2
1199.4 16855.7
1199.4 16807.6
1199.73 16729.6
1199.77 16711.4
1199.67 16719.3
1199.19 16709.9
1199.17 16685.6
1200.72 16681.8
1200.88 16702.8
1200.93 16694.5
1200.96 16693.3
1200.55 16707.7
1200.78 16654.8
1200.68 16659.1
1203.4 16586.1
1203.38 16589.9
1203.45 16591.8
1203.36 16548.5
1204.2 16539
1204.31 16526
1204.46 16526
1204.48 16443.6
1208.57 16378.1
1208.44 16399.3
1208.73 16388.3
1211.26 16358.4
1212.48 16390.5
1212.6 16346.6
1212.44 16327.4
1213.09 16358.2
1212.8 16400.3
1213.3 16418
1213.43 16444.4
1213.3 16461.9
1213.28 16477.5
1213.24 16435.8
1212.93 16373.1
1212.27 16352.5
1212.73 16355.4
1212.68 16354.5
1212.94 16345.3
1212.92 16316.5
1212.09 16310.5
1212.15 16363.4
1212.3 16424.9
1210.38 16608.1
1210.52 16666.6
1210.68 16675.3
1211.07 16684
1211.15 16667
1210.81 16674.1
1210.7 16728.9
1210.72 16754.3
1210.46 16758.4
1210.67 16748.1
1210.84 16743.8
1210.85 16745.9
1211.2 16751.8
1211.3 16753
1211.47 16861.9
1211.5 16930.3
1211.39 16904.3
1211.41 16906.4
1211.71 16909.3
1211.83 16944.1
1211.86 16954.6
1213.21 16968.4
1213.48 16941.6
1214.2 16925
1215.23 16940.8
1210.18 16967.3
1210.5 17030
1210.57 17016
1210.72 17022.2
1210.85 17005.8
1211.61 17004.9
1211.96 17001.9
1212 17004.6
1213.13 17229.8
1214.45 17205.3
1214.47 17246.4
1213.62 17305.7
1213.52 17315.7
1215.09 17327.7
1215.13 17351.5
1216.08 17374.2
1216.08 17335.1
1215.63 17347.2
1215.28 17327.2
1215.4 17326.5
1215.01 17383.1
1213.92 17359.4
1213.9 17389.6
1213.9 17363.4
1213.88 17367.3
1214.07 17374
1213.91 17327.6
1213.89 17355.5
1213.89 17373.5
1210.23 17494.4
1210.01 17446.5
1210.03 17418.4
1209.99 17410.2
1210.16 17392.3
1210.1 17411.8
1211.55 17395.4
1211.77 17385.5
1211.99 17402.6
1213.63 17466.1
1211.66 17492.4
1211.7 17485.6
1211.76 17460.3
1211.64 17431.1
1211.03 17570.4
1211.06 17485.5
1213.78 17588.3
1213.79 17704.3
1214.02 17698.6
1215.1 17745.6
1215.43 17758.7
1215.87 17727.9
1216.17 17760.4
1216.14 17789.2
1216.33 17812.8
1216.42 17831.2
1216.29 17877.1
1216.28 17925
1217.84 18003.2
1218.33 18023.8
1218.49 18085.3
1218.55 18147.9
1219.76 18210.5
1219.17 18223.3
1220.19 18280.3
1221.72 18312
1222.55 18365.6
1222.36 18249.2
1222.31 18231
1222.28 18221.4
1222.26 18223.6
1223.42 18263.4
1222.5 18282.8
1221.43 18399
1221.33 18413.4
1221.76 18420.7
1221.55 18407.2
1221.25 18417.7
1222.06 18457
1222.21 18549.2
1222.23 18625.9
1222.23 18622.6
1222.87 18716.1
1223.5 18755.2
1223.8 18543.9
1223.68 18459.1
1224.44 18426.8
1224.55 18352.8
1224.67 18339.5
1223.99 18500
1223.97 18570.5
1223.99 18715.7
1224.02 18693.9
1223.93 18711.7
1223.99 18715.6
1223.74 18751
1224.52 18746.7
1225.17 18736.4
1225.39 18720.4
1225.54 18711.7
1225.39 18710.4
1225.05 18707.9
1225.18 18709.4
1224.26 18779.9
1225.03 18854.3
1224.93 18840.6
1225.59 18838.6
1225.51 18839.5
1224.86 18892.6
1224.78 18896.3
1226.98 18962.7
1227.15 19012.4
1227.17 18979.6
1226.66 18974
1226.54 18958.9
1227.01 18994.5
1227.03 18987
1227.24 18884.5
1227.37 18891.7
1227.79 18932.7
1227.97 18979.1
1227.94 18973.9
1227.84 18964.2
1228.53 18984.6
1228.69 19046.7
1229.03 19073.4
1229.01 19084
1229.17 19060.1
1229.28 19059.9
1229.27 19059.1
1229.26 19051.4
1229.52 19053.9
1229.57 19044.8
1229.58 19077.1
1230.3 19043
1230.6 19024.1
1230.9 19004.3
1230.91 19004.2
1231.34 19033.6
1231.36 19039
1231.47 19030.6
1232.56 19016.5
1232.54 19030.7
1232.84 19019.4
1232.84 19031.2
1232.69 19023.6
1232.29 19044.7
1232.59 19030.8
1233.47 18999
1233.4 18942.5
1234.5 18929.6
1234.58 18941.4
1233.55 18923.4
1233.55 18937.8
1233.78 18943.1
1234.11 18943.6
1234.29 19157.7
1234.97 19184.8
1235.82 19197
1235.83 19209.6
1236.72 19208.3
1236.14 19471
1235.23 19181.3
1235.42 19221.5
1235.92 19275.2
1236.68 19264.7
1236.89 19163.3
1237.86 19240.7
1237.84 19268.5
1237.74 19283
1237.32 19333.9
1237.29 19411.7
1237.17 19479.7
1237.17 19488.2
1237.11 19460.9
1237.72 19465.7
1237.74 19453
1237.9 19425.5
1238.05 19428.1
1237.91 19428.2
1237.59 19463.9
1237.55 19509.3
1237.98 19538.6
1237.87 19545.7
1238.05 19559.6
1237.98 19551.5
1238.08 19541.7
1238.38 19566.6
1238.21 19595.4
1237.95 19597.2
1238.48 19553.5
1237.94 19515.3
1238.88 19450.6
1239.34 19441.3
1239.34 19442.2
1239.16 19449.4
1239.19 19460.1
1239.93 19498.5
1240.35 19524.9
1240.35 19535
1240.37 19523.3
1240.35 19498.7
1240.39 19486.4
1240.37 19518.5
1240.32 19491.9
1240.28 19586.2
1240.17 19597.2
1240.18 19612.5
1240.13 19621.9
1240.26 19620.8
1240.38 19611.4
1239.89 19588.3
1239.74 19593.8
1239.7 19620
1239.74 19628
1239.74 19643.3
1239.51 19639.8
1239.1 19649.1
1239.1 19661.8
1239.06 19694.3
1238.99 19715.8
1238.69 19631.9
1238.7 19664.2
1238.72 19701
1238.5 19719.4
1238.51 19721.5
1238.57 19735.6
1238.54 19739.1
1238.46 19747.9
1239.14 19773.6
1239.37 19784.5
1239.41 19788.5
1239.61 19795.6
1239.49 19807.7
1239.49 19816.5
1239.6 19821.1
1239.7 19817.5
1239.7 19832.6
1239.78 19835.4
1239.74 19840.2
1239.19 19812.2
1239.27 19799.5
1239.67 19753.8
1239.67 19755.1
1239.55 19718.5
1239.58 19718.3
1239.69 19702.2
1239.91 19691.8
1239.93 19693.7
1239.95 19681.3
1240.41 19585.5
1240.29 19642.4
1240.27 19652.5
1240.29 19649.5
1240.41 19724.2
1240.44 19702.3
1241.35 19695.8
1241.41 19679.7
1241.88 19685.4
1241.8 19687.3
1241.78 19689
1241.74 19684.1
1241.7 19689.8
1241.7 19765.3
1241.65 19758.3
1241.66 19692.2
1241.67 19659.5
1241.7 19641.1
1241.68 19570.9
1241.56 19534.6
1241.5 19563.4
1241.14 19469.1
1242.08 19495.2
1242.24 19359.3
1242.11 19360.7
1242.45 19368.2
1242.22 19276.2
1242.47 19314.4
1242.45 19340.1
1242.42 19356.3
1242.43 19361.9
1242.39 19237.5
1242.17 19201.4
1242.52 19215.6
1243.2 19203.4
1243.58 19222.1
1243.7 19206.3
1243.7 19191.8
1243.72 19182.4
1243.72 19185
1243.93 19190.3
1243.99 19198.1
1243.88 19188.3
1243.91 19196.5
1244.27 19191.2
1244.28 19235.3
1244.1 19284.4
1244.05 19297.2
1244.04 19300.5
1245.22 19282.7
1245.38 19263.9
1245.13 19332.3
1245.15 19419
1245.39 19444.5
1245.26 19441
1245.98 19426.7
1245.77 19451.7
1246.76 19477.7
1246.45 19493.2
1246.36 19475.4
1246.18 19456.4
1246.19 19467.1
1246.84 19483.6
1246.59 19499.8
1246.73 19521.5
1246.73 19527.8
1246.52 19526.3
1246.57 19533.6
1246.67 19537.6
1246.7 19549.1
1247.62 19574.1
1248.32 19576.6
1248.31 19545.9
1248.17 19522.6
1248.17 19559.5
1248.19 19554.1
1248.24 19570.3
1248.58 19570.1
1248.93 19575.1
1248.89 19557.3
1248.63 19547.8
1248.68 19527.1
1248.75 19515.8
1248.76 19513.2
1248.82 19521.7
1248.62 19547.5
1249.9 19545.1
1249.85 19578
1249.88 19553.8
1249.89 19541.6
1251.8 19572.4
1251.9 19582.6
1251.21 19545.7
1253.59 19561.7
1253.08 19683
1252.95 19727.6
1254.41 19754.4
1254.41 19761.7
1254.44 19731.8
1254.24 19738.8
1254.16 19726.1
1254.27 19714.7
1254.66 19704.3
1254.68 19699.5
1254.7 19710.3
1254.86 19741.5
1254.61 19769.3
1254.76 19794.2
1254.8 19799.6
1254.8 19808.5
1254.48 19830.3
1254.76 19844.1
1254.53 19816.9
1254.74 19852.1
1254.75 19872.5
1256.93 19896.7
1257.9 19915.9
1257.77 19915.9
1257.55 19904.4
1257.55 19900.1
1257.63 19906.7
1258.16 19922.5
1257.3 19973.8
1257.34 19978.7
1259.06 19970.7
1259.92 19972.5
1260.11 19966.9
1259.99 19974
1259.99 20007.3
1260.25 20008.8
1260.22 20076.8
1260.67 20139.1
1260.11 20195.8
1260.21 20165.8
1260.32 20195.5
1260.43 20185.2
1260.54 20170.5
1262.1 20176.3
1262.01 20199.9
1262.08 20180.2
1262.43 20181.4
1262.35 20134
1262.19 20126
1262.19 20146.1
1262.05 20158.1
1262.32 20218.6
1262.26 20233.9
1262.26 20211.5
1262.31 20187.9
1259.75 20260.1
1259.75 20347.8
1260.16 20330
1260.18 20324.4
1260.19 20265.3
1260.17 20224.7
1260.98 20237.7
1261.09 20252.5
1261.1 20321
1260.93 20327.3
1260.93 20321.8
1260.9 20329.9
1260.97 20336.6
1261.48 20317.4
1261.33 20327
1261.38 20326.9
1261.41 20297.6
1261.32 20301
1261 20320.6
1261 20367.8
1261.37 20383.2
1261.23 20378.7
1261.09 20343
1261.08 20301.3
1261.22 20247.1
1261.21 20229.6
1261.35 20268.1
1261.87 20269.9
1261.78 20271
1261.73 20282.7
1262.82 20303.9
1262.83 20293.6
1263.18 20299.6
1263.29 20261.2
1262.71 20309.4
1262.92 20306.4
1263.06 20293.3
1263.02 20284.1
1263.02 20278.2
1263.96 20290.7
1263.96 20319.3
1263.96 20320.7
1263.52 20376.8
1263.52 20411.4
1263.04 20645.7
1263.46 20620.2
1263.39 20679
1263.19 20696.1
1263.42 20685.4
1263.64 20686.2
1263.69 20688.3
1263.72 20704.9
1263.58 20701.6
1263.47 20691.9
1263.67 20684.6
1263.79 20694.1
1263.78 20693
1264.31 20712.6
1264.31 20680.2
1264.73 20693.5
1264.73 20711.1
1264.85 20704.8
1264.94 20720.7
1265.1 20697.6
1265.05 20680.2
1265.07 20667.3
1265.12 20656.7
1265.23 20685.7
1265.24 20717.8
1265 20763.5
1265.29 20770.6
1265.44 20781.8
1265.7 20769.3
1265.7 20763.4
1265.73 20737.9
1265.86 20724.6
1265.91 20714.1
1265.99 20722.8
1266.05 20704.2
1265.93 20695.5
1265.91 20691.3
1266.27 20702.8
1266.18 20679.6
1266.51 20693.3
1265.81 20724.8
1265.85 20766.4
1266.55 20758.6
1266.49 20760.2
1266.52 20786.6
1266.42 20775.3
1266.42 20779.2
1266.19 20772
1266.19 20769
1266.1 20770.2
1266.34 20773.6
1266.26 20762.3
1266.4 20750.4
1266.6 20800.3
1266.6 20819.9
1266.76 20824.5
1267.14 20818.7
1267 20792.6
1268.91 20807.8
1269.21 20825.3
1269.67 20814.5
1269.57 20822.1
1269.31 20837.5
1269.29 20839.9
1269 20854.8
1269.4 20842.4
1269.37 20815.3
1268.53 20835.1
1268.75 20819.5
1268.61 20783.9
1268.44 20787.9
1268.43 20778.4
1268.45 20783.4
1268.41 20773.5
1268.34 20735.6
1268.08 20710.9
1268.35 20688.6
1268.46 20687.8
1268.39 20669.9
1268.68 20658.6
1268.51 20656.6
1268.48 20672.7
1268.31 20666.1
1268.24 20649
1268.41 20645.9
1268.98 20662.9
1268.57 20676.8
1268.26 20649.7
1268.67 20660.2
1268.67 20648.2
1271.32 20679.1
1271.58 20708.3
1271.71 20721.3
1271.61 20734.1
1271.71 20764.3
1272.39 20770.5
1272.36 20768.2
1273.15 20785.6
1273.06 20785
1273.61 20829.6
1273.38 20851.5
1273.39 20876.9
1273.39 20898.8
1273.56 20914.8
1273.04 21007.8
1273.11 21057
1273.19 21006.3
1273.52 20996.3
1273.96 20993.1
1274.41 21022.5
1274.54 21038.5
1274.6 21040.6
1274.66 21047.5
1274.82 21050.1
1274.82 21055.3
1274.83 21058.1
1274.77 21015.9
1274.8 21025.3
1274.82 21031.5
1275.15 21051.1
