8.89908 0
132.147 607.453
220.481 872.191
369.255 1697.59
374.201 1406.59
380.283 1787.65
381.331 1707.81
448.204 1821.08
456.494 2111.16
459.016 1993.68
476.441 2344.81
496.553 2168.16
501.817 2990.47
527.76 2828.1
527.878 2516.52
554.546 2905.53
615.522 2994.13
618.257 3194.81
620.803 3198.99
656.06 3677.91
656.589 3399.92
713.328 5769.17
713.738 4236.96
717.506 3948.93
744.056 4365.59
759.714 4726.8
760.002 4554.16
774.588 6400.99
842.292 5620.26
849.316 5419.63
852.307 5716.91
856.511 5445.58
857.375 5320.77
858.183 5284.88
871.061 5393.9
871.44 6173.73
871.308 6161.26
870.966 6170.52
870.102 6271.86
911.695 9726.55
910.463 8322.34
920.24 7654.68
931.92 7609.79
950.843 7612.89
952.455 7291.47
965.997 7193.48
990.988 7738.2
993.313 6977.25
999.973 6961.89
1008.46 6633.78
1012.69 6441.36
1026.58 7318.27
1027.33 6894.32
1041.61 6542.64
1054.39 6541.1
1060.31 6463.47
1063.54 6725.32
1067.77 6604.35
1069.24 8534.91
1069 8350.98
1069.47 8155.02
1071.74 8200.34
1077.16 8891.48
1079.22 8847.6
1087.12 8671.95
1095.48 8562.71
1095.58 8554.41
1099.62 8421.9
1107.52 8404.54
1113.2 8395.05
1114.08 8390.05
1115.73 8262.06
1115.81 8212.99
1116.95 8209.97
1126.16 8372.08
1128.2 8388.48
1127.47 8470.17
1127.58 8450.24
1126.71 8595.14
1133.88 8516.67
1133.98 8478.89
1135.1 8576.72
1138.51 8549.24
1140.36 8435.73
1142.02 8547.52
1152.21 8519.08
1153.91 8435.97
1155.47 8392.14
1157.67 8376.84
1157.59 8366.95
1167.6 8397.14
1167.59 8427.82
1169.17 8660.08
1169.19 8579.3
1169.7 8581.25
1174.04 8872
1174.24 8891.89
1173.25 8972.16
1185.05 9129.04
1188.4 9416.2
1189.23 9683.19
1193.07 9833.8
1193.35 9682.09
1194.01 9625.59
1194.17 9508.99
1195.44 9439.9
1197.5 9415.29
1198.69 9396.81
1201.05 9327.16
1201.67 9285.91
1201.46 9307.53
1202.32 9282.86
1202.18 9273.05
1202.46 9194.35
1200.98 9235.65
1201.88 9224.77
1202.35 9304.67
1209.52 9367.17
1209.85 9384.56
1208.29 9537.38
1207.49 9549.45
1209.42 9684.02
1209.48 9681.63
1211.49 9693.15
1211.68 9684.74
1212.68 9736.86
1220.09 9743.32
1220.57 9578.2
1226.19 9480.53
1226.2 9452.83
1226.41 9437.26
1226.2 9394.82
1227.93 9465.38
1227.89 9544.09
1229.45 9514.4
1230.12 9527.96
1230.43 9525.87
1231.82 9471.21
1232.05 9450.45
1231.76 9465.77
1233.31 9392.38
1233.71 9395.93
1231.42 9498.57
1231.15 9563.1
1231.41 9529.69
1232.64 9480.09
1232.39 9465.31
1233 9478.7
1232.91 9507.49
1234.2 9580.24
1234.3 9581.71
1235.35 9541.8
1235.08 9572.42
1234.95 9590.45
1235.25 9587.81
1234.16 9578.33
1234.36 9613.34
1235.03 9743.8
1234.59 9738.31
1237.54 9684.9
1237.19 9753.62
1237.08 9776.95
1240.12 9816.11
1240.23 9889.09
1240.18 9873.44
1248.79 9838.72
1250.23 9795.6
1253.8 9819.78
1252.95 9807.47
1253.99 9832.62
1253.55 9834.6
1253.25 9883.19
1252.87 9869.94
1251.3 9805.15
1252.94 9799.43
1252.68 9854.01
1252.25 9900.96
1252.31 9931.47
1251.49 9987.54
1253.13 10062.6
1256.94 10179.2
1258.03 10206
1257.51 10141
1257.99 10161.3
1258.4 10195
1258.59 10210.8
1258.59 10215.4
1259.86 10228.3
1261.68 10296.8
1261.85 10283.9
1261.43 10896.4
1264.49 10683.7
1264.76 10362.5
1265.69 10179.2
1265.45 10100.9
1266.27 9981.81
1266.26 9929.98
1265.89 10216.5
1265.87 10429
1265.84 10340.6
1268.8 10426.5
1273.96 10298.1
1273.82 10299.4
1274.16 10283.1
1274.78 10257.1
1275.46 10269.3
1275.94 10367.4
1275.91 10432.4
1283.38 10531.1
1282.35 10680.4
1285.45 10738
1287.96 10746.6
1288.04 10753.4
1287.69 10851.8
1289.08 10892.3
1288.68 10707.2
1289 10561.5
1288.9 10716.6
1288.83 10638.8
1289.07 10573.4
1290.61 10427.2
1290.31 10359.4
1290.28 10327.8
1289.85 10324.7
1292.76 10342.8
1293.83 10294
1293.84 10328.5
1293.62 10369.2
1293.94 10368.8
1293.51 10321.1
1293.5 10318.7
1294.29 10317.6
1294.32 10298.2
1295.48 10294.4
1295.95 10265.1
1296.14 10250.6
1296 10247.6
1295.78 10345.5
1295.64 10339.5
1297.26 10307
1297.12 10322.3
1296.58 10399.6
1296.11 10440.6
1296.16 10453.2
1296.63 10424.5
1297.82 10421.7
1297.93 10388.3
1298.67 10455.5
1298.54 10477.9
1300.19 10478.7
1300.58 10532.9
1300.04 10603.6
1300.08 10608.3
1300.03 10616.5
1300.12 10605.4
1300.01 10606.2
1301.71 10661.5
1303.15 10685.9
1303.5 10690.6
1302.67 10606
1302.74 10486.3
1303.02 10470.9
1303.26 10401
1303.65 10382.2
1303.79 10372.4
1304.69 10409.6
1305.17 10414.2
1305.74 10389.8
1306.23 10373.2
1306.44 10408.1
1306.37 10416.4
1306.31 10428
1306.29 10435.5
1306.16 10471
1306.01 10485.6
1306.54 10489.4
1306.75 10491
1309.83 10520.2
1310.13 10511.2
1310.52 10508.4
1310.56 10508.7
1311.71 10483.7
1315.84 10559
1316.2 10592.8
1316.24 10622.7
1316.37 10603.9
1316.67 10634.4
1316.65 10653.1
1316.53 10671.8
1315.99 10792.9
1317.88 10842.6
1318.19 10864.9
1318.03 10847.3
1317.76 10831.1
1317.87 10828.2
1317.98 10830.6
1318.08 10844.7
1318.33 10857.1
1318.18 10864.5
1317.79 10931.4
1317.71 10959.5
1318.32 10984.5
1318.54 10979.3
1318.1 10969.4
1318.39 11000.1
1318.23 11022
1318.67 11044
1318.3 11048.4
1318.5 11035.5
1318.44 10994.5
1318.73 10995.6
1318.57 11015.4
1318.67 11036.3
1319.31 11049
1320.18 11088.2
1321.04 11215.9
1321.17 11221.8
1321.21 11204.4
1321.13 11231.1
1321.17 11243.3
1320.62 11415.6
1321.81 11379.9
1321.99 11382.8
1321.93 11350.8
1321.9 11320
1321.69 11333.2
1321.73 11399.4
1321.78 11424.5
1321.86 11438
1321.29 11443.1
1322.05 11459.7
1322.53 11481.9
1322.34 11525.6
1322.11 11493.5
1322.28 11491.3
1322.02 11456.2
1322.66 11467.1
1323.45 11450.8
1323.88 11488.9
1324.61 11491.7
1324.61 11469.5
1324.69 11433.4
1324.58 11428.4
1324.43 11429.3
1323.71 11508.4
1323.74 11504.2
1323.83 11478.3
1324.32 11481.7
1324.3 11453.6
1324.3 11469.4
1324.23 11484.5
1324.48 11486.9
1324.18 11484
1324.17 11427.3
1323.62 11292.8
1323.64 11237.6
1324.19 11271.8
1323.92 11284.1
1323.7 11294.7
1323.67 11276.3
1323.45 11258
1323.67 11261
1324.22 11246.5
1324.25 11241.2
1324.4 11237.8
1323.94 11227.9
1324.26 11280.4
1324.85 11430.9
1323.25 11351.4
1324.15 11405.1
1325.19 11412
1325.29 11466.9
1325.29 11448.8
1326.22 11550.8
1326.22 11489.8
1326.07 11518.5
1326.08 11488.3
1326.08 11442.1
1326.18 11448.8
1325.72 11438.6
1325.49 11462.6
1325.54 11468.3
1326.05 11522.1
1326.79 11577.7
1326.73 11623
1326.7 11557.7
1326.83 11551.8
1328.44 11580.6
1328.52 11583.1
1328.56 11569.3
1328.38 11566
1328.35 11538.8
1329.15 11528.1
1329.14 11530.9
1329.05 11524.4
1329.78 11547.6
1329.91 11530.3
1329.81 11849.6
1330.09 11889.4
1329.95 11943.3
1330.07 11984.4
1330.85 12005.6
1330.77 12017.3
1330.54 12018.8
1330.71 12026.2
1331.25 12028.2
1331.24 12032.8
1331.37 11971.5
1331.05 11968.6
1331.9 11942.3
1331.8 11948.2
1331.78 11876.2
1331.8 11851.6
1331.47 11796.3
1331.51 11778.4
1331.56 11758.4
1331.52 11725.7
1332.1 11711.7
1332 11641.4
1331.7 11625.6
1331.68 11576.4
1331.71 11525.8
1331.67 11552.9
1331.76 11531.3
1331.69 11520.7
1331.95 11508.4
1331.69 11488.1
1332.05 11483.1
1331.74 11509.5
1332.03 11454.5
1331.87 11418.8
1331.25 11377.8
1331 11361.8
1331.2 11341.5
1331.56 11349
1332.31 11367.6
1332.48 11416.6
1332.71 11446.1
1333.06 11482.3
1332.55 11483.4
1332.72 11482.2
1332.74 11487.5
1332.49 11760.1
1332.49 11895.3
1332.43 11931.8
1332.38 11944.2
1332.26 11925.9
1332.23 11914.7
1331.76 11904.1
1332.24 11890.3
1332.11 11896.6
1332.1 11883.6
1332.45 11903
1332.24 11880.7
1332.56 11887.6
1332.44 11893.7
1332.44 11894
1332.32 11885.1
1332.71 11883.3
1332.72 11914.5
1332.78 11936.1
1333.22 11939.5
1333.98 12289.8
1333.97 12334.9
1333.78 12350.8
1333.84 12359.4
1333.81 12378.7
1333.86 12377.7
1333.4 12378.6
1333.37 12382.5
1333.44 12375.6
1333.6 12379
1333.64 12382.9
1333.77 12407.8
1333.79 12440.4
1333.55 12454.2
1333.72 12459.9
1333.63 12468
1333.56 12433.7
1335.07 12464.8
1334.67 12471
1335.57 12436.5
1335.48 12440.4
1336.2 12445
1336.06 12460.4
1336 12466.3
1336.2 12416.5
1336.37 12400.9
1336.3 12404.8
1336.33 12404
1336.52 12410.5
1336.63 12431.8
1336.64 12418.9
1336.95 12419.9
1337.08 12403.2
1336.99 12408.5
1337.03 12386.9
1336.96 12380.1
1336.93 12317.6
1336.93 12378.4
1336.7 12342.8
1336.53 12353.1
1336.53 12354.6
1336.52 12345.2
1336.04 12227.1
1336.18 12177.1
1336.35 12139.5
1335.22 12195
1335.2 12139
1335.6 12188.7
1335.2 12203.6
1335.45 12233.1
1336.32 12299.3
1336.41 12309.1
1336.51 12332
1336.82 12360.6
1336.92 12358.7
1337.34 12402.7
1337.3 12421.1
1337.47 12407.8
1338.16 12403.2
1338.16 12422.3
1338.2 12407.1
1338.45 12407.4
1338.45 12394.9
1338.34 12355.6
1338.73 12343.5
1338.9 12352.2
1338.58 12349.3
1338.54 12338.2
1337.65 12702.7
1337.61 12765.4
1337.8 12793.9
1337.77 12757.2
1337.48 12828.5
1337.49 12809.2
1337.63 12808.3
1338.09 12829.4
1338.06 12827.9
1338.09 12821.9
1337.11 12760.9
1337.05 12757.1
1337.02 12772
1336.95 12752.8
1337.02 12754.5
1336.71 12742.8
1336.86 12743.3
1336.39 12749.9
1335.87 12777.8
1336.04 12854.3
1336.43 12924.7
1335.95 13009
1336.24 13048
1336.42 13048
1336.42 13057.3
1336.82 13068.7
1336.73 13057.2
1337.37 13062.2
1337.6 13197
1337.84 13210.1
1337.83 13215.3
1337.42 13362
1337.98 13346.5
1337.9 13335.4
1337.88 13333.6
1338.42 13312.4
1338.99 13345.5
1339.14 13321.1
1339.07 13315.4
1339.11 13314.3
1339.36 13405
1339.51 13459.7
1340.47 13514.1
1340.45 13552.5
1340.45 13558.3
1340.58 13617.2
1340.72 13628.1
1342.04 13697.5
1342.05 13705.7
1342.09 13726.2
1342.16 13759.3
1344.26 13817.7
1344.34 13797.5
1344.13 13767.8
1344.91 13743.2
1344.96 13727.7
1346.57 13710.7
1346.73 13702.4
1346.7 13701.5
1347.69 13653.1
1347.75 13685.1
1347.71 13673.5
1347.64 13663
1347.65 13729.3
1347.72 13730.9
1347.96 13736.7
1348 13740.4
1348.08 13743.6
1347.87 13745.7
1347.8 13744.3
1348.3 13760.3
1347.92 13811.4
1347.76 13833.9
1347.89 13825.7
1348.25 13835.7
1348.08 13857
1348.02 13866
1348.25 13875
1349.1 13859.3
1349.01 13869.1
1349.17 13870.7
1349.16 13885.8
1349.19 13890.4
1348.96 13900.2
1348.99 13902
1349.16 13897.7
1349.22 13917
1349.2 13929.4
1349.34 13923.6
1349.4 13910.1
1349.29 13909.2
1349.7 13908.5
1349.79 13921.4
1349.96 13912.3
1349.58 13946.3
1350.25 13971.6
1350.08 13956.8
1350.06 13977.6
1350.02 13979.8
1349.83 13978.8
1349.76 13995.9
1349.59 13984.1
1350.09 13991.8
1350.24 13995.2
1350.04 14011
1350.38 14016.1
1350.08 14002.6
1349.95 13997
1349.78 13995.5
1349.73 13974
1349.21 14176.5
1349.51 14198.3
1349.51 14215.6
1350.02 14237.7
1350.19 14217.1
1350 14228.5
1350.02 14212.3
1350.01 14170.3
1350.06 14157.6
1350.13 14118.3
1350.44 14122.7
1350.97 14120.2
1350.82 14127.3
1350.75 14134
1350.95 14140.4
1350.97 14140.1
1351 14148.2
1350.95 14149.3
1350.92 14164.1
1351.01 14170.9
1351.21 14207.6
1351.23 14236.7
1351.18 14239.1
1351.43 14262.9
1351.43 14261.2
1351.48 14281.3
1351.33 14280.4
1351.25 14243.1
1351.54 14215.5
1351.36 14212.2
1351.36 14219.2
1351.53 14219.1
1351.64 14213.7
1351.54 14226.4
1351.47 14232.5
1351.17 14241.7
1351.65 14260.9
1351.74 14266.1
1352.31 14270.9
1352.55 14276.3
1352.53 14276.9
1352.51 14165.1
1352.56 14165
1352.6 14115.7
1352.71 14118.3
1352.88 14141.7
1353.7 14201.9
1353.6 14177.2
1353.6 14197.2
1354.08 14231.9
1354.98 14257.3
1354.93 14248.1
1354.91 14242
1354.71 14415.6
1354.73 14405.3
1354.87 14398.8
1354.9 14376.7
1354.97 14363.4
1354.82 14338.4
1354.82 14336.5
1355.15 14318.5
1355.65 14313
1356.09 14317.9
1356.05 14282.2
1356.1 14245.9
1355.39 14288
1355.73 14300
1355.87 14314.5
1355.84 14309.3
1355.96 14351.4
1356.87 14374.6
1357.16 14391.9
1357.42 14394
1357.41 14406.3
1357.75 14408.5
1357.73 14417.5
1358.34 14425.1
1358.29 14431
1358.39 14444.6
1358.38 14462
1358.45 14453.4
1358.59 14445.9
1358.57 14446.4
1358.25 14417.6
1358.17 14412.5
1359.64 14475.3
1359.62 14504
1359.54 14543.8
1359.52 14556.8
1359.51 14549.5
1359.46 14551.4
1359.3 14533.9
1359.31 14527.1
1359.77 14574.2
1359.51 14578.4
1359.54 14613.7
1359.55 14583.5
1359.6 14583.9
1359.62 14606.6
1359.31 14640.3
1359.66 14677.3
1359.44 14666.9
1359.19 14677.3
1359.2 14686.7
1359.18 14680.3
1359.31 14712.9
1359.31 14727.1
1359.39 14789.6
1359.49 14815
1359.47 14807.2
1359.04 14858
1359.58 14899.7
1359.75 14894.6
1359.37 14851.8
1359.41 14852.1
1360.06 14889.5
1359.95 14873.3
1361.24 14930.7
1361.33 14971
1362.7 14952.2
1362.9 14911.1
1363.39 14888.8
1363.36 14900.3
1363.28 14883.1
1363.28 14866
1363.24 14864.9
1363.2 14863
1363.1 14865.3
1363.12 14848.6
1363.31 14871.2
1363.79 14890.9
1363.89 14886
1364.08 14873.8
1364.43 14868.4
1364.8 14880.8
1364.97 14861.5
1365.18 14868.5
1365.15 14869.7
1365.3 14848.3
1365.28 14849.7
1365.17 14806.5
1365.15 14776
1365 14782.4
1366.23 14809.6
1366.08 14791.7
1366.12 14767.8
1366.08 14765.4
1366.18 14754.3
1366.12 14763.7
1366.15 14766.7
1365.87 14785.6
1365.64 14829.4
1366.17 14822.8
1366.36 14796.6
1367.05 14766.4
1367.07 14771.6
1367.23 14768.2
1367.33 14884.6
1367.45 14994.4
1367.5 14912.1
1367.52 14886.9
1367.68 14894.8
1368.01 14884.4
1367.23 14756.2
1367.28 14698.9
1367.12 14622.4
1367.12 14644.4
1366.99 14667.6
1366.71 14660.9
1366.71 14683.7
1367.21 14750.9
1367.33 14796.8
1367.05 14805.6
1367.03 14762.5
1366.78 14776.4
1366.65 14759.7
1366.9 14768.8
1366.87 14795
1366.37 14848.1
1366.35 14879.8
1366.72 14903.7
1366.84 15001.5
1366.91 15017.7
1366.89 15015.8
1366.97 15006.6
1367.21 14994.8
1367.21 14992.2
1367.56 14988.8
1368.16 14968.9
1368.77 14933.7
1368.67 14925.6
1368.64 14879.7
1369.25 14918.2
1369.91 14933.1
1369.65 14941.3
1369.64 14936.4
1369.78 14943.9
1369.55 14930.1
1369.14 14903.5
1369.4 14893.5
1369.4 14892.4
1369.38 14900.7
1369.37 14905.9
1369.37 14905.7
1369.87 14902.3
1370.02 14917.5
1370.16 14918.7
1370.84 14917.1
1371 14929.3
1370.99 14877.5
1371.01 14875.7
1371.12 14872.9
1371.36 14875.4
1371.41 14934.5
1371.43 14919.8
1371.22 14890.5
1371.24 14855.7
1371.32 14841.6
1371.43 14827.1
1371.49 14833.9
1372.07 14819.3
1372.08 14812.6
1372.18 14805.9
1372.24 14785.5
1371.84 14802.6
1371.55 14775.7
1371.35 14729.5
1371.35 14733.1
1371.29 14707.4
1371.94 14692.8
1371.97 14701.5
1371.67 14684.9
1371.65 14682.9
1371.66 14660.1
1371.66 14620.4
1371.69 14603.3
1371.74 14592.2
1371.74 14588.7
1371.76 14588.3
1371.9 14586.2
1371.85 14584.2
1371.59 14585.2
1370.95 14668.3
1370.63 14654.2
1370.91 14619.4
1370.91 14615.2
1370.95 14618.3
1370.96 14632.9
1370.91 14641.4
1371.42 14645.1
1371.42 14635.5
1371.43 14667.6
1371.59 14688.7
1371.59 14695.5
1371.74 14686.4
1371.7 14633
1371.52 14623.9
1371.51 14568.3
1371.53 14568.1
1371.55 14579.2
1371.52 14584.1
1371.72 14589
1371.82 14602.9
1371.77 14612.6
1371.85 14610.7
1372.3 14593.4
1372.38 14607.4
1372.43 14612.2
1372.46 14628.4
1372.23 14600.3
1372.24 14597.6
1372.28 14598.9
1372.42 14523
1372.52 14522.2
1372.71 14542.3
1372.69 14562.1
1372.71 14565.5
1372.75 14562
1372.95 14586.7
1372.68 14571
1372.41 14541.8
1372.57 14579.2
1371.71 14626.3
1371.72 14660.3
1371.7 14670.9
1371.67 14677.4
1371.92 14673.5
1371.55 14685.6
1371.55 14698.9
1371.59 14712
1371.67 14738.8
1371.86 14751.2
1371.75 14725.7
1371.82 14753.5
1371.91 14740.7
1372.33 14763.9
1372.33 14760.7
1372.44 14740.3
1372.45 14739.1
1372.5 14731.7
1372.54 14718.7
1372.57 14709.9
1372.43 14705.1
1372.96 14688.2
1372.96 14693.9
1373.12 14685.3
1373.15 14688.9
1373.42 14684.7
1373.33 14688.2
1373.32 14697
1373.45 14707.9
1373.71 14725.3
1373.75 14732.3
1373.79 14744.3
1373.67 14734.1
1373.67 14729.7
1374.05 14726.2
1374.08 14725.7
1374.04 14725.9
1374.05 14662.4
1374.13 14599.2
1374.16 14622.9
1374.35 14705.9
1374.32 14717
1374.25 14716
1374.41 14724.9
1375.18 14752.7
1375.26 14740.4
1375.46 14733.2
1375.85 14731.3
1375.85 14741.7
1375.86 14773.1
1375.91 14779.8
1375.85 14799.7
1375.62 14795.7
1375.74 14798.7
1375.4 14745.7
1376.24 14735.8
1376.15 14739.9
1376.05 14771.6
1376.12 14804.2
1376.02 14822.3
1376.19 14912.7
1376.17 14958.2
1376.3 14962
1376.24 14964.8
1376.25 14981.7
1376.52 14970.9
1376.47 14977.5
1376.47 14993.8
1376.41 15036.6
1376.42 15001.5
1376.42 14998.1
1376.18 14972.1
1376.14 14939.5
1376.12 14847
1376.19 14839.2
1376.15 14878.3
1376.17 14878.5
