2.34612 0
51.839 124.754
82.9379 577.697
90.6927 590.359
156.024 735.421
156.803 674.169
179.191 2687.18
188.167 2799.1
204.602 2827.58
205.158 2577.74
205.542 2402.82
234.614 2325.63
254.502 2555.09
266.812 2551.06
270.742 2604.38
278.526 2995.19
276.514 3083.06
284.975 3030.4
284.969 2987.2
287.169 3161.71
308.302 3294.07
309.321 3385.75
309.534 3379.46
321.58 3357.44
387.604 3562.72
458.85 3979.23
467.028 3924.37
467.455 3886.29
467.471 3850.47
466.369 4086.29
466.69 4039.93
478.256 3965.47
483.749 3991.07
480.639 4711.06
485.623 5020.92
485.92 5035.68
484.239 5116.82
491.92 5316.26
491.058 5326.13
506.298 5536.95
503.758 5384.32
505.985 5576.53
509.871 5570.33
508.436 5641.45
508.535 5991.76
510.217 6060.45
515.509 6377.47
522.042 6448.91
538.753 6536.92
556.605 7164.14
558.911 6878.23
602.42 9237.09
602.217 8022.6
612.683 8767.73
613.089 7761.86
611.229 7836.49
607.953 8162.08
607.648 6960.4
608.107 6309.31
605.947 6046.31
605.758 5938.99
604.987 5919.92
606.705 5975.64
608.041 6039.81
608.609 6003.1
610.085 6017.3
611.008 5985.66
612.561 6027.54
611.949 6563.41
612.044 6529.29
613.471 6576.49
623.303 6531.19
639.706 6473.97
639.94 6695.15
637.044 6785.06
634.696 7131.34
640.688 6824.22
641.704 6928.68
642.531 6952.82
651.166 7069.79
659.495 7136.59
659.345 6994.19
689.91 7526.45
689.319 7403.9
691.002 7346.53
686.485 7384.22
687.086 7401.07
690.474 7443.09
691.265 7451.46
693.504 7406.3
693.588 7361.6
694.23 7339.65
716.55 7587.1
728.913 8262.24
731.961 8064.14
735.68 8130.88
740.083 8004.45
739.095 7971.03
744.054 8380.65
746.389 8486.92
751.558 8543.25
751.654 8447.23
755.108 8318.37
757.403 8339.05
756.73 8345.03
755.196 8332.42
758.022 8309.53
758.03 8436
756.603 8461.55
757.039 8455.81
776.1 8633.9
774.863 8756.57
777.226 8680.91
777.057 8568.02
781.557 8549.33
782.65 8523.91
783.975 8462.14
784.289 8430.35
784.293 8417.77
785.211 8404.92
786.201 8398.18
795.909 8412.12
795.686 8314.06
801.678 8276.11
801.235 8259.67
796.172 8370.81
794.778 8565.68
796.631 8434.4
797.341 8395.48
805.047 8514.27
802.005 9093.57
799.253 8984.93
799.128 9059.81
805.243 9277.46
808.56 9312.51
808.729 9295.71
809.667 9282.51
811.072 9277.81
811.229 9277.02
815.105 9268.31
814.025 9305.19
812.401 9776.27
810.567 9921.58
810.32 9767.27
812.588 9702.29
815.935 9752.37
814.888 9820.95
810.684 10199.3
810.879 10125.1
810.659 10184.8
808.359 10222.9
808.793 10333.4
808.811 10416.9
809.348 10391.1
809.502 10517.8
810.485 10487.4
811.642 10495.2
813.811 10589.2
814.474 10434.6
814.466 10383.7
815.044 10380.8
814.735 10422.8
820.335 10563
820.072 10491.4
819.849 10523.9
819.762 10647.6
819.796 10691.5
819.273 10675.6
819.098 10770.2
819.139 10862
819.367 10773.6
819.266 10827.3
818.76 10846.7
817.952 10872.3
816.655 10939.5
817.928 11111.6
818.964 11122.6
816.257 11120.9
814.769 11100.5
815.102 11067.7
815.33 11031
816.543 11277.2
816.789 11237.2
816.481 11139.9
816.274 11012.6
816.075 11638
815.551 11485.9
815.204 11368.1
815.997 11299.3
816.336 11234.7
816.566 11112.6
815.474 11112
815.432 11124.8
818.557 11096.6
818.339 11135.7
817.106 12269.9
820.25 12647.4
820.67 12669
822.076 13152.9
822.863 12960.2
822.756 12871.3
822.245 12918.8
824.068 13103.5
825.241 13246.8
825.255 13484.4
825.56 13561.7
825.376 13532.1
825.008 13419.1
824.986 13402.4
825.411 13410.3
827.086 13392.7
827.199 13385
827.018 13419.6
827.863 13405
828.114 13396.6
829.405 13381.3
829.644 13334.4
829.292 13324.6
828.728 13293.6
828.417 13235.8
827.289 13359.7
827.414 13371.8
828.401 13486.5
831.192 13565.8
831.056 13563.6
832.168 13600.9
832.101 13661.6
830.327 13582.4
831.249 13593.5
832.721 13629.9
831.208 13593.1
831.203 13679.3
833.108 13738.4
832.912 13735
832.249 13692.4
832.983 13787.5
832.233 13806.8
834.038 13854.3
834.413 13925.8
835.048 13966.1
834.576 13830.9
834.539 13786
836.242 13861.8
835.112 13935.1
834.464 13712.8
834.754 13585.1
840.562 13827
839.879 13635.2
842.571 13630.9
842.977 13645.2
840.84 13566.6
844.338 13694.2
844.244 13945.9
846.462 13849.4
846.688 13728.2
846.708 13701.7
846.663 13770.4
847.273 13805.9
845.768 13822.2
846.369 13758.5
846.557 13785.5
845.008 13840.2
843.686 13842.9
844.208 13881.7
843.883 14028.7
843.183 14111.3
842.291 14138.4
842.438 14118.5
843.062 14174.7
842.897 14260.6
842.321 14175.9
842.495 14163.6
842.416 14534.2
842.458 14437.9
843.141 14499.7
843.83 14600.1
844.141 14646.1
843.324 14455.3
843.815 14388.3
844.322 14393.6
844.6 14445
844.679 14465.4
845.706 14503.3
844.782 14500.8
844.731 14505.4
844.567 14491.5
844.691 14492.8
846.473 14497.4
845.919 14409.9
846.536 14371
846.794 14378.2
848.899 14393.7
848.918 14452.9
849.573 14489.1
849.542 14573.4
848.911 14588.4
848.671 14534.8
848.718 14449.2
848.171 14292.8
847.33 14336.8
847.644 14294.2
849.269 14301.8
848.995 14291.1
848.993 14306
848.763 14336.6
848.766 14353.1
849.288 14380.8
849.216 14336.8
849.089 14298.2
846.989 14129.2
847.614 14514.2
848.333 14639.7
848.345 14524.8
849.147 14385.5
850.194 14334.5
850.513 14249.3
850.696 14206.3
850.706 14162.3
850.522 14150.3
850.471 14150.4
850.634 14155.2
852.667 14097.4
853.017 14101.1
852.649 14045.6
852.896 14069.9
853.155 14100.9
853.13 14109.1
852.069 14175.7
852.888 14235.2
850.315 14494
850.33 14601.7
849.685 14789.4
849.753 14867.6
849.764 14899.9
849.915 14923.5
850.224 14912.7
851.378 15036.9
851.394 15099.8
851.497 15097.2
851.618 15102.1
850.709 15078.9
850.673 15132.1
850.636 15129.5
852.802 15081.2
852.907 15105.6
853.133 15093.4
853.134 15111.5
852.912 15223.7
852.717 15212.8
852.725 15263.7
852.629 15276.2
853.239 15282.4
853.242 15303.4
853.416 15313.3
853.534 15343.6
853.488 15312.1
853.487 15271.4
853.255 15261.1
853.305 15337.8
853.347 15342.3
853.219 15344.4
852.45 15398.6
852.386 15415.4
852.384 15463.9
853.581 15490.9
853.871 15527.9
854.432 15467.2
853.924 15622.1
853.915 15658.3
854.171 15679.3
853.897 15668.8
854.369 15667.1
852.424 15756.7
852.425 15778
852.516 15707.7
852.08 15684.3
852.656 15726.5
852.838 15715.2
854.805 15708.5
854.787 15652.9
855.369 15615.4
855.392 15556.6
856.486 15458.7
856.57 15403.4
856.567 15865.2
857.269 15768.5
858.45 15589.3
858.447 15510.6
857.487 15411
857.463 15339.6
857.942 15100
857.594 15112.6
857.824 15065.4
857.843 15117.3
857.696 15096.1
857.524 14898.8
857.379 14740.1
856.796 14740.8
856.888 14836.7
856.893 14966
856.936 15001.2
857.312 15034.6
857.25 15070.6
857.785 15061.7
857.954 15074.4
858.217 15093.2
858.384 15123.2
858.228 15134.3
858.509 15119.2
858.329 15106.4
859.192 15134.1
860.226 15215.4
860.189 15272.4
860.587 15345.8
860.503 15295.9
860.443 15280.3
861.054 15269.1
861.207 15262.7
860.927 15311.9
860.723 15256.6
861.762 15113.7
861.905 15176.7
862.961 15113.3
864.747 15140.8
865.486 15149.7
864.488 15214.3
864.592 15202.7
864.681 15146.8
866.903 15162.7
866.851 15171.9
866.868 15215.3
865.79 15414.6
866.142 15395
866.143 15431.3
866.175 15494.5
866.241 15497.3
866.234 15513
866.217 15504.1
866.224 15440.1
866.105 15401.8
865.611 15416.8
865.121 15444.4
865.085 15430.1
865.111 15395
865.28 15471.4
864.987 15513
865.311 15510
866.414 15514.9
866.36 15520.9
867.342 15544.3
867.117 15545.6
867.839 15465.4
867.584 15509
867 15546.6
867.186 15558
867 15533.9
866.855 15615.5
866.709 15532.8
866.722 15558.4
866.606 15549.8
866.759 15542.1
866.256 15566
865.903 15555.2
866.407 15528
865.953 15509.5
865.973 15497.1
865.088 15587.1
865.388 15679.6
865.619 15669.3
865.427 15640
864.931 15755.8
864.696 15852.1
865.461 15953.9
865.435 15999
864.951 15984.9
864.905 15991.5
865.197 15994
865.352 16010
865.116 16033.6
864.222 16098.3
864.082 15984.2
864.273 15969.2
864.373 15999.3
864 16009
863.989 15991
863.988 16002.8
863.975 16018.8
864.214 16018.2
864.659 16015.3
865.236 15996.4
865.181 16008.6
864.723 16031.9
864.798 16126
864.423 16211.4
864.39 16145.7
864.403 16158.8
864.341 16156.1
865.474 16422.3
874.147 17137.4
876.293 17069
876.269 16449.1
876.259 16212.3
876.335 16079.5
876.344 15925
875.844 15840.2
874.529 15855.4
874.506 15778.2
875.044 15732.4
875.228 15726.7
877.822 15777.1
878.396 15746.5
878.882 15751.8
878.756 15701.4
878.694 15685.3
879.407 15699.5
879.361 15670.1
879.405 15608.1
879.959 15599.6
879.878 15618.6
879.87 15646.3
879.527 15651.7
879.465 15592.6
879.499 15601.7
880.006 15580.5
879.97 15538
879.655 15579
879.867 15580.6
881.149 15574.8
881.437 15567.2
881.94 15544.6
881.79 15550.9
881.865 15486
881.865 15486.6
881.714 15474.4
882.114 15486.4
881.761 15488.1
880.998 15513.2
881.231 15553.4
881.551 15573.9
881.137 15575.4
881.145 15558
880.983 15423.3
881.094 15486.8
881.296 15499
880.143 15904
880.276 15915
880.642 15890.1
883.259 15918
883.259 15874
883.258 15860
883.278 15868.6
883.412 15867.3
882.805 15670.6
882.935 15651.6
883.208 15757.4
883.255 15895.2
883.054 15915.4
882.516 15907.1
882.461 15996.6
883.633 16017.1
884.072 16082.1
884.101 16107
883.978 16086.2
884.269 16044.7
884.732 16018.9
885.245 16114.8
886.098 16174.4
886.278 16065.7
886.106 16074.2
886.096 16157.3
886.67 16230.7
887.081 16307.2
885.518 16316.4
885.525 16337.6
885.529 16342.5
885.513 16365
886.392 16380.1
886.457 16393.9
887.315 16419.8
887.307 16523.9
887.224 16416.6
888.147 16410.4
888.308 16396.6
888.307 16392.8
888.325 16414.5
888.317 16349.5
888.45 16411.5
888.97 16462.7
888.834 16489.9
888.547 16484.3
888.235 16468.1
888.533 16449
888.551 16437.4
888.571 16451.4
887.078 16203.3
889.535 15966.4
891.044 16033.7
891.746 16082.4
892.043 16097.7
892.072 16135.7
891.75 16158.9
892.408 16205.5
891.703 16287.7
891.75 16195.5
891.82 16177
891.533 16167.8
891.479 16139.6
891.599 16134.5
891.603 16121.7
891.586 16100.4
891.388 16081
892.39 16072.3
893.136 16054.8
892.703 16039.9
894.494 16082.8
894.504 16078.3
894.315 16075.6
894.289 16082.1
894.359 16049.9
894.587 16019.8
894.345 16032.5
894.084 16067.6
894.346 16066
894.077 16064.3
894.074 16086.3
894.253 16067.4
894.139 16034
894.268 16060.3
894.5 16000.5
894.375 15992.6
894.445 16005.2
894.299 16094.3
893.949 16070.3
893.922 16070.6
894.034 16073.8
894.195 16078.4
894.187 16116.8
893.878 16118.2
894.357 16126.4
894.558 16118.1
894.858 16127.6
898.021 16156.5
898.032 16094.1
897.8 16076.1
897.792 16085
897.91 16116.7
897.742 16153.7
897.7 16154.6
897.507 16126.4
897.695 16133.4
896.69 16117
896.852 16091.1
896.82 16131
897.224 16161.5
897.23 16119.6
897.104 16110.2
897.081 16123.1
896.943 16184.4
896.941 16169.9
897.081 16222.2
896.885 16277.1
897.412 16313.1
897.032 16349.4
897.224 16357.6
897.263 16467.4
897.198 16507.5
897.232 16512.6
897.81 16533.3
900.34 16589.7
900.366 16536
899.963 16468.9
900.871 16515.2
900.863 16546.8
901.856 16553.2
902.045 16523.2
901.745 16528.3
901.83 16552
902.17 16573.9
902.025 16531.7
901.861 16566.9
901.958 16595.9
902.863 16653.4
902.954 16692.8
903.022 16511.6
903.155 16479.9
903.686 16499.3
903.578 16514.1
903.49 16530
903.55 16542.5
903.523 16555.5
903.79 16606.2
904.153 16576.9
904.221 16580.4
905.683 16579.9
905.512 16510
905.515 16477.5
905.166 16495.7
905.282 16510.3
905.242 16521.7
905.057 16564.1
905.775 16409.7
905.73 16337.8
905.451 16284.6
905.291 16245.6
905.291 16269.2
905.148 16348
905.198 16338.8
905.947 16386.3
905.616 16384.6
906.309 16377.1
906.477 16369.3
906.978 16474.7
906.808 16477.3
906.927 16428.8
906.557 16385.5
905.412 16447.5
905.787 16504.4
905.708 16525.5
905.607 16551.5
905.457 16546
905.619 16530.1
905.639 16529.6
905.626 16489.7
905.632 16420.1
905.29 16423.4
905.201 16399.2
905.182 16374.1
905.126 16377.6
905.291 16388.1
905.187 16339.6
905.929 16330.5
905.933 16330.6
906.841 16322.1
907.376 16320.5
909.316 16474.2
909.5 16397.7
909.473 16442.1
909.255 16485.8
909.193 16500.2
909.259 16537.4
913.586 16599.1
913.824 16588.9
913.731 16642.4
914.415 16646.9
914.495 16647.9
914.501 16650.5
916.677 16640.9
916.647 16603.9
917.103 16625.1
917.067 16603.4
918.355 16614.5
918.344 16612.2
917.597 16704.7
917.603 16658
917.366 16611.6
917.23 16574.1
916.887 16606.7
917.378 16598.5
917.417 16609.5
917.407 16586.2
917.393 16593.4
917.81 16620.4
917.793 16608.5
919.192 16645.9
920.004 16596.2
920.185 16588.7
920.571 16561
921.55 16581.8
920.705 16660.2
920.545 16666.4
920.584 16665.3
920.57 16660.3
920.227 16933.7
920.23 16951
920.218 16927.4
920.305 16981
920.331 16991.1
919.995 16982.4
919.845 16990.3
919.624 16980.7
919.311 16903.4
919.296 16873.6
917.692 16949.6
917.333 16977.7
917.738 16921.5
917.927 16884.3
917.872 16874.2
917.797 16861.7
917.72 16872.1
917.973 16871.9
917.903 16823.3
917.874 16805.1
918.663 16856.5
918.269 16857.4
918.315 16857.4
918.327 16867.3
919.097 16889
919.231 16916.9
919.43 16922.9
919.528 16893.2
919.542 16900
923.043 16900.6
923.019 16867.4
922.297 16880
922.592 16904.2
922.639 16910.7
922.641 16927.5
922.761 16934.3
923.027 16945.9
922.731 16949.4
922.211 16931.6
922.589 16882.4
922.424 16856.5
922.203 16900.4
922.174 16915.4
922.257 16914.3
922.199 16922.9
922.427 16895
922.584 16929
922.624 16952.1
922.413 16971.2
922.543 17000.2
922.507 16973.6
924.7 16969.6
924.904 16907.4
925.274 16889.6
925.662 16901.6
926.932 16942.6
927.177 16954.1
927.49 16974
927.35 16826.8
927.703 16826.6
927.481 16838.7
927.48 16813.8
927.284 16787.1
927.187 16772.9
927.882 16782.9
927.838 16781.3
927.78 16783.9
927.53 16816
928.087 16864.4
928.075 16844
928.15 16819
928.102 16832.6
928.302 16836.8
927.978 16817.1
928.043 16817.1
928.286 16825.1
928.337 16790.6
928.599 16800.4
928.677 16778.6
928.838 16775.6
928.562 16773.2
928.713 16788.1
928.793 16780.8
929.027 16842
929.792 16897.5
929.669 16953.7
929.618 16880.2
929.604 16911.3
929.738 16920.2
929.652 16885.6
929.706 16873.7
929.725 16853.9
929.8 16844.5
929.924 16848.9
929.751 16827.8
929.999 16804.5
929.679 16764.7
929.835 16743.6
929.752 16785.2
929.882 16811.2
930.045 16813.6
930.267 16842.8
930.264 16848.2
930.269 16862.4
930.309 16870.3
931.915 16888.7
931.913 16881.5
931.401 16834.2
931.931 16909.8
931.784 16930.4
931.788 16962.9
931.789 16983.8
932.481 17048.8
932.485 17066
932.55 17038.7
932.245 17025.5
932.243 17059.7
932.325 17067.7
932.421 17069.8
933.768 17140
933.708 17152.3
931.762 17107.2
932.011 17092.9
931.93 17169.3
932.473 17206.1
932.615 17096.2
932.89 17108.8
931.46 17206.3
931.163 17208.7
931.788 17221.3
930.68 17135.1
930.693 17078.2
932.209 17072.3
932.276 17134.8
932.258 17154.7
933.307 17174
933.005 17228.5
933.426 17313.5
933.407 17371.1
935.345 17391.8
935.344 17367.3
935.276 17352.4
936.229 17379.3
936.279 17392.9
936.282 17409.7
936.336 17447.2
936.618 17505.1
938.272 17555.5
938.321 17690.7
938.289 17713
938.154 17648.6
938.017 17609.7
938.366 17601.9
936.707 17640.7
936.931 17661.8
937.355 17662.4
937.43 17637
937.355 17613.3
937.391 17611.9
937.392 17607.3
939.675 17603.3
939.458 17641.2
939.975 17673.5
939.92 17692.1
940.052 17695.7
939.829 17714.2
939.858 17736.7
939.821 17743.8
939.996 17758.8
940.573 17606.7
940.589 17599.4
940.609 17523.5
940.78 17574.2
940.893 17591.9
941.245 17617.1
942.477 17670.4
942.98 17676.1
942.82 17713.6
942.818 17713.4
942.792 17683.7
942.738 17598.2
942.636 17627.3
942.69 17650.3
942.675 17741.8
942.226 17671.2
942.236 17651.5
942.272 17665.6
942.291 17681.2
942.081 17672.6
942.163 17696.5
942.097 17723.1
942.149 17743.2
942.85 17676.2
942.752 17672.9
942.994 17677.3
943.113 17686.7
943.077 17700.4
943.284 17711.1
943.226 17683.1
943.259 17670.5
943.636 17677.5
943.691 17679.4
943.697 17669.2
943.283 17665
943.357 17681.4
943.34 17688.2
943.832 17693.2
944.095 17685.5
943.453 17701.3
942.326 17715.8
942.223 17731
942.588 17715.2
942.656 17721.4
944.067 17677.4
944.064 17659.6
944.087 17648
944.061 17638.8
944.01 17674.9
944.005 17671.3
943.864 17672.4
943.827 17663.4
943.838 17658.5
943.947 17685.7
943.882 17675.6
944.293 17639.5
944.189 17661.8
943.932 17682.1
