378.674 1201.35
379.769 887.941
456.268 2560.44
471.632 2481.19
472.669 2069.98
539.185 1701.25
541.805 1921.31
544.867 1995.54
546.193 1890.74
556.14 2314.03
557.077 2134.67
565.449 2418.79
565.584 2259.2
565.596 2139.62
581.028 2209.47
587.79 2917.35
587.845 2337.44
587.738 2300.29
601.703 2457.13
663.826 2795.77
663.872 2522.27
663.875 2488.45
668.256 3846.7
669.409 3504.17
678.61 3574.42
685.187 3757.57
697.647 3858.32
708.214 6512.99
710.815 6269.59
761.38 6970.6
766.099 6928.46
774.978 7170.25
775.03 7076.41
797.22 6923.04
802.252 7904.18
811.376 8013.08
804.393 9371.81
825.062 9523.1
826.783 9500.52
828.324 9447.85
828.412 9405.88
822.727 10008.1
833.654 11244.8
840.397 10998.2
875.27 11579.6
875.425 11084
877.358 10771.2
889.862 11062.9
889.752 11006.9
890.3 11076.2
897.309 11085.1
910.02 10756
909.614 10934.9
914.178 10839.8
903.597 12797.4
905.772 11991.7
909.547 12333.9
908.039 12117
908.495 12026.1
909.102 12007
912.798 11608.2
917.164 11911.5
917.936 12095
924.073 12619.9
924.141 12653.7
932.966 12970.7
936.402 13910.3
933.17 13888.7
934.165 13903.1
941.053 13649
955.117 14018.3
969.067 13546.9
986.055 13576.3
989.595 13534.7
997.133 13478.1
1010.51 13559.1
1013.63 13459.8
1030 13589.2
1029.64 13523.5
1035 13231.6
1036.06 13226.5
1049.76 13639.3
1049.18 13460.6
1053.28 13598.6
1052.77 13518.8
1052.04 13742.6
1058.99 13658.1
1058.85 13653
1059.16 13685.1
1060.23 13735.1
1081.09 14565.6
1081.08 14966
1081.46 14623.1
1082.36 14474.3
1080.19 14483.5
1098.76 14606.9
1093.67 16064.6
1094.37 15371
1094.83 14900.2
1094.99 14669.5
1094.72 14638.7
1100.35 14627.2
1102.6 14512.1
1100.12 14928.1
1101.61 14878.7
1120.09 14469
1126.74 14900.3
1125.21 15543.6
1123.98 15172
1125.14 14947.6
1125.21 14813
1125.24 14991.1
1133.38 14711.2
1132.13 14825.6
1126.5 15168.7
1128.81 15350.1
1134.09 15170.1
1134.06 15075.3
1135.95 15092.2
1137.22 15220.3
1139.43 15263.4
1137.67 15304.9
1137.97 15226.7
1136.1 15541.3
1136.39 15745.2
1137.25 15609.6
1133.75 15617.2
1134.94 15632.7
1157.11 16313.4
1160.01 15845.4
1164.91 15776.2
1164.62 15783.5
1163.75 16034.1
1164.48 16121.4
1166.44 16083.6
1162.2 16414.6
1162.14 16648
1162.17 16669.3
1166.22 16687.7
1166.1 16731
1167.42 16746.8
1166.54 16795.3
1167.17 16902.3
1172.29 16784.3
1166.52 17136.1
1168.72 17319.3
1166.52 17497.2
1165.87 17916.1
1165.86 17820.5
1166.86 17907.3
1165.64 17686.5
1159.39 17664.3
1159.37 17535.7
1159.99 17927.2
1161.46 17858.2
1160.05 17969.9
1168.16 18020.8
1170.78 17957.1
1172.76 18015.1
1175.93 17964
1181.62 18014.6
1181.57 18084.7
1181.6 18130.8
1180.04 19347.7
1179.33 19383.7
1178.71 19247.3
1181.25 19274.3
1181.58 19165.8
1183.05 19149.4
1183.12 19124.8
1183.74 19190.8
1181.23 19776.7
1186.58 19768.7
1186.55 19606
1188.47 19651.8
1188.76 19498
1192.96 19618.4
1193.77 19291.4
1193.49 19243.6
1193.41 19088.2
1193.45 19019
1192.57 19006.5
1202.15 19036
1202.28 19119.8
1208.43 19847.3
1208.03 19079
1208.65 19270.4
1208.43 19365.2
1207.11 21028.1
1214.61 20294.8
1215.69 20129
1215.21 20027.2
1215.36 19957
1216.2 19739.2
1216.76 19747.7
1216.81 19816.5
1216.61 19838.9
1217.44 19781.2
1218.32 19818.7
1220.26 19841.4
1219.99 19973.3
1221.48 19894.2
1228.72 19900.7
1229.32 20039.4
1233.75 20229.4
1233.97 20285.7
1233.4 20396.4
1232.38 20468.5
1232.39 20532.6
1232.77 20441.1
1231.39 20557.4
1241 20471.1
1241.38 20601
1241.57 20614
1241.57 20606.2
1241.61 20583
1241.76 20604.5
1241.62 20580.1
1241.87 20626.2
1246.28 20686.1
1248.02 20914.8
1248.07 20754.8
1248.25 20694.8
1248.32 20717.3
1248.86 20715.8
1249 20930.7
1249.13 20917.1
1248.95 21027.9
1249.99 21006.8
1248.6 21197.1
1248.26 21241.6
1248.97 21241.4
1250.37 21118
1249.42 21047.9
1251.81 20974.6
1251.92 20974.3
1251.56 20946.1
1251.46 20921
1250.66 20952.5
1250.59 20958.9
1251.69 21037.1
1253.84 21070.1
1254.24 21081.2
1254.35 21120.7
1255.45 21139
1256.05 21120.8
1257.45 21084.2
1257.48 21171.2
1258.26 21193.6
1259.14 21259.9
1258.79 21089.8
1258.08 21071.2
1258.18 21090.4
1258.04 21092.6
1258.68 20939.9
1259.67 20751.8
1259.97 20599
1266.34 20461
1266.47 20712.5
1265.29 20684.7
1266.52 20612.3
1274.09 20497.8
1274.99 20641.5
1274.39 20711.3
1279.44 20535.9
1279.48 20632.6
1278.91 20747.1
1279.75 20715.2
1280.66 20719
1281.62 20716.9
1281.65 20712.9
1284.44 20730.3
1284.03 20946.8
1284.15 20801.8
1284.89 20845.4
1284.95 20851.1
1285.7 20893.5
1285.9 20929.5
1285.94 20951.1
1286.32 20864.8
1286.21 20826.6
1295.43 21200.1
1295.67 21202.7
1296.37 21233.3
1296.35 21178.8
1296.35 21156.9
1296.61 21129.6
1296.7 21116.1
1296.76 21115.4
1296.79 21124.9
1297.58 21177.6
1297.17 21237.6
1297.33 21200.1
1297.33 21233.3
1300.85 21211
1301 21246.1
1300.96 21269.1
1301.08 21321.7
1301.13 21395.3
1301.37 21402.7
1301.33 21412.5
1302.24 21467.2
1302.11 21522.1
1303.09 21578
1303.13 21679.8
1303.76 21618.9
1304.03 21475
1304.14 21533.3
1305.5 21553.6
1307.37 21651.6
1307.2 21720.4
1307.06 21758.3
1310.02 21704.1
1310.64 21811.8
1310.65 21768.5
1311.35 21765
1312.02 21805.9
1312 21752.1
1312.16 21761.6
1312.07 21753.2
1312.2 21851.4
1312.69 21797.8
1313.73 21815.2
1317.28 21867.4
1317.54 21815.5
1317.18 21771.3
1317.09 21809.5
1316.78 21715.9
1316.79 21679.2
1316.62 21674.4
1316.62 21735.6
1316.58 21754.8
1316.73 21799.6
1319.77 21779.7
1319.89 21802.3
1318.95 21787.5
1319.35 21753
1318.69 21771.5
1318.86 21780.2
1318.6 21786.6
1319.63 21824.9
1319.92 21890.5
1320.85 21961.1
1321.42 21926.4
1321.45 21950.8
1322.01 21940.1
1322 21842.5
1322.63 22048
1322.69 22138.6
1322.76 22166.7
1322.79 22203.7
1324.83 22132.4
1324.79 22196
1324.95 21920.7
1326.04 21916.3
1327.75 22125.1
1327.69 22120
1327.83 22102.8
1327.09 22003.1
1328.3 21950.6
1328.37 22021.1
1328.79 22028.6
1329.29 22058.4
1329.49 22043.5
1332.31 22134.2
1333.21 22151.1
1333.14 22105.1
1332.46 21965
1332.13 21884.2
1332.08 21869
1331.46 21927.2
1331.4 21972.3
1332.76 21969.5
1332.72 21973.1
1332.57 21964.5
1333.33 22037.8
1334.23 21990.3
1334.21 22053.4
1334.22 22106
1333.27 22138.2
1333.28 22195.9
1333.34 22194
1333.28 22129.9
1333.3 22072.4
1333.43 22083.3
1334.12 22073.9
1334.72 22090.4
1333.34 22090.2
1334.24 22073.8
1333.3 22024.2
1333.14 22037.6
1331.94 22098.2
1332.16 22080.3
1332.44 22094.4
1332.31 22066.5
1331.96 22048.2
1331.85 21985.5
1333.24 21980
1334.27 22092.5
1335.27 22107
1335.36 22136.9
1335.38 22150.3
1336.85 22201.7
1338.77 22252.6
1338.73 22337.4
1338.74 22334.4
1339.65 22353.4
1339.04 22386.9
1339.3 22423.5
1339.6 22454.3
1339.7 22462
1341.74 22555.2
1342.18 22503.3
1342.53 22487.7
1342.63 22389.5
1342.32 22419.7
1342.67 22461.7
1342.82 22387.9
1342.81 22378
1343.86 22355.5
1344.13 22379.7
1344.48 22371.7
1344.42 22401.7
1344.48 22432.9
1344.42 22441.9
1344.47 22472.3
1344.19 22473.3
1343.98 22480.9
1344.25 22482.9
1344.42 22485.8
1344.41 22454.1
1343.63 22449
1344.55 22458
1344.51 22481.5
1344.11 22484.8
1344.51 22523.1
1344.57 22595.4
1343.04 22591
1344.52 22613.8
1343.93 22607.2
1344.38 22572.8
1344.19 22569.1
1345.61 22549
1345.63 22584.6
1345.63 22577.6
1346.43 22596.4
1346.6 22591.5
1347.06 22539.5
1347.39 22525.1
1347.3 22557.6
1346.43 22608.3
1346.36 22678.5
1346.29 22656.4
1346.58 22633.7
1346.25 22622.6
1347.65 22688
1347.84 22640.9
1348.17 22647.1
1347.91 22595.2
1348.02 22608.7
1348.03 22628.8
1347.74 22629.1
1347.94 22604.3
1348 22601.3
1347.97 22592.4
1348.67 22600.2
1348.68 22588.8
1351.85 22556.1
1352 22576.4
1351.6 22572.3
1351.26 22543.1
1351.24 22594.3
1351.21 22585
1351.73 22591.1
1352.13 22595.5
1352.24 22579
1352.03 22598.9
1352.08 22615.9
1354.06 22695.3
1354.1 22701.2
1353.97 22699.5
1353.97 22655.7
1354.01 22694.3
1354.71 22665.9
1354.76 22712.6
1354.43 22778
1354.2 22817.3
1354.49 22872.4
1354.37 23015.6
1353.45 23051.3
1353.5 23089.7
1353.51 23084.1
1354.36 23061.5
1354.61 23072.9
1355.04 23030.3
1354.83 22983.8
1356.1 22998.3
1356.04 22998.7
1356.25 22905.4
1358.68 23011.3
1358.67 22973.9
1359 22957.5
1359.46 22939.4
1359.34 22942
1359.28 22919.3
1359.3 22933.8
1359.31 22940.5
1359.28 22940.9
1360.15 22969.9
1360.07 22955.1
1360.16 22958.4
1360.09 22959.3
1360.21 22969.5
1361 23045.4
1361.64 23077.3
1361.53 23051.6
1361.26 23049.6
1361.26 23053.3
1360.93 22995.2
1361.53 23129.1
1361.17 23164.7
1361.22 23148.9
1361.15 23139
1361 23151.3
1360.58 23167.7
1360.53 23173.8
1360.4 23185.2
1360.37 23086
1360.47 23140.7
1361.64 23188.1
1362.49 23181.4
1362.52 23141.5
1363.01 23145.1
1362.89 23121.1
1363.1 23107
1363.15 23070.5
1363.25 23074.7
1363.42 23066.6
1363.65 23054
1363.76 23067.2
1364.01 23032.4
1364.14 23021.3
1365.23 22970.8
1366.04 22926.4
1366.37 23090.2
1367.54 23203.5
1367.61 23194.5
1368.35 23077.2
1368.38 23040.7
1368.42 23033.3
1368.81 23015
1368.94 23027.9
1368.38 23025.4
1368.34 23024.4
1368.58 23086.6
1368.62 23066.8
1368.61 23067.1
1368.91 23052.9
1368.89 23069.4
1369.14 23062.9
1369.21 23046.8
1368.87 23039.8
1368.77 23054.7
1369.08 23094.3
1368.92 23097.2
1370.4 23113.2
1369.96 23168.1
1370.08 23193.2
1370.11 23173.5
1370.05 23175.1
1370.09 23209
1369.99 23243.3
1369.76 23247
1370.73 23222.7
1370.7 23241.8
1371.66 23243.6
1371.67 23223.9
1371.68 23282.1
1371.87 23287.1
1372.22 23264.7
1372.05 23278.9
1372.03 23280.9
1372.06 23090.3
1372.07 23126.5
1372.35 23205.6
1372.65 23193.2
1373.25 23228.2
1373.22 23253.1
1375.26 23315.5
1375.71 23282.9
1375.54 23273.1
1376.17 23304
1376.75 23297.8
1377.98 23266.1
1378.01 23282.5
1377.52 23277
1377.67 23262.7
1377.59 23264
1377.85 23297.2
1377.86 23395.7
1377.98 23411.2
1378 23440
1377.76 23466.5
1377.72 23488.9
1377.72 23505.8
1378.56 23530.7
1378.51 23555.5
1378.37 23545
1378.4 23548.7
1379.09 23646.3
1379.03 23628.8
1378.52 23639.9
1378.48 23609.1
1379.43 23601.5
1379.45 23634
1380.04 23698.8
1380.39 23654.3
1381.33 23675.6
1381.23 23695.3
1381.31 23649
1381.32 23655.4
1381.25 23650.5
1381.94 23728.9
1382.04 23638.4
1381.65 23678.1
1383.41 23755.2
1383.18 23707.9
1382.92 23706.2
1383.49 23732
1383.72 23653.2
1383.79 23617.1
1383.8 23601.6
1383.39 23639.6
1383.41 23639.4
1383.41 23625.7
1383.38 23623.4
1383.36 23624.1
1382.01 24211.3
1381.93 24114.9
1382.15 24078.3
1382.23 24049.9
1382.05 24020.7
1381.73 23989
1381.73 24005
1381.83 24027
1382.31 24052.5
1383.25 24084.1
1383.01 24199.2
1382.97 24148.2
1382.79 24127
1382.63 24152
1382.76 24153.3
1383.13 24148.6
1382.92 24013.8
1383.01 24006.8
1383.05 24025.1
1386.37 24021.2
1388.24 24011.8
1387.38 24003.1
1387.38 24037.9
1387.44 24051.3
1387.47 24069.5
1387.47 24078
1387.5 24073.4
1387.73 24088.4
1387.75 24076
1387.78 24069.7
1388.32 24064.5
1388.95 24085.1
1389.37 24099
1389.48 24201
1389.5 24169.4
1389.63 24158.9
1390.38 24197.9
1392.07 24183.1
1392.06 24197.9
1392.51 24220.7
1392.11 24201.5
1392.1 24235.2
1391.95 24225
1391.89 24212.4
1392.26 24244.8
1392.58 24221.7
1391.89 24229.6
1392.17 24204.4
1392.86 24215.5
1393.05 24231.5
1393.12 24236.7
1391.56 24452
1391.49 24362
1391.43 24323.1
1391.41 24279.8
1391.15 24223.5
1390.87 24201.7
1391.01 24193.3
1391 24167.2
1391.08 24174.3
1391.08 24174.2
1391.16 24198.2
1390.42 24284.5
1391.52 24272.8
1391.4 24240.5
1390.7 24287.6
1390.52 24318.2
1390.94 24294.3
1390.8 24282.2
1390.96 24285.5
1390.99 24263.7
1390.53 24255.4
1390.45 24215.9
1390.75 24214.5
1390.78 24212.4
1394.64 24264
1394.72 24290.7
1394.75 24311.3
1394.66 24305.3
1394.55 24316.8
1394.98 24293.5
1395.05 24289.6
1394.87 24300.4
1394.94 24240.2
1394.87 24185.2
1394.69 24193.7
1394.39 24198.2
1394.75 24222.4
1393.9 24236.8
1394.08 24273.6
1393.86 24261.6
1393.78 24248.5
1393.81 24237.2
1393.72 24211.8
1393.7 24200.1
1393.9 24195.4
1394.44 24200.4
1394.46 24206.2
1394.58 24155.7
1394.4 24148.7
1394.34 24173.4
1394.32 24183.5
1394.31 24159.9
1394.09 24161.9
1394.18 24173.1
1394.21 24199.1
1394.19 24224.4
1393.77 24226.9
1393.84 24234.2
1394.86 24248.2
1395.08 24281.8
1395.18 24280.3
1395.58 24283
1395.61 24278.5
1395.55 24407
1395.3 24417.9
1395.19 24455
1395.68 24490.7
1395.63 24508.6
1395.64 24517.2
1395.73 24511.3
1395.98 24513.7
1396.19 24486.5
1396.25 24480.9
1396.34 24478.2
1398.11 24533.7
1397.96 24567
1398 24532
1397.46 24501.8
1397.62 24490.3
1397.76 24502.5
1398.39 24530.7
1398.15 24497.4
1397.07 24485.8
1397.06 24504.4
1397.25 24503.1
1397.21 24517.5
1398.59 24593.1
1398.47 24559.1
1398.45 24547.7
1398.56 24507.2
1398.65 24485.5
1398.45 24470.7
1398.32 24458.6
1398.37 24431.2
1398.38 24442.8
1398.99 24438.2
1398.86 24445.8
1398.93 24446.9
1399 24447.9
1398.92 24446.4
1399.29 24447.8
1398.8 24475.3
1399.18 24487.8
1399.87 24485.1
1399.93 24451.7
1399.93 24439.5
1399.92 24439.7
1399.88 24451.4
1399.87 24453.9
1400.37 24464.1
1400.52 24454.8
1400.52 24487.2
1400.5 24498
1400.57 24491.5
1400.84 24494.6
1400.82 24447.7
1400.89 24451.5
1400.84 24447.8
1400.96 24437.5
1401 24439.2
1401.66 24442.1
1401.74 24448.8
1401.7 24452.6
1401.75 24456.8
1402.02 24490.7
1401.94 24510.5
1401.97 24497.9
1402 24497.7
1402.01 24494.4
1402.05 24482.1
1402.36 24484.6
1402.89 24474.6
1402.85 24480.6
1403.47 24495.4
1403.92 24517.2
1403.89 24522
1404.62 24540
1404.99 24523.5
1404.95 24508.8
1405.4 24515.5
1405.42 24521.7
1405.43 24492.4
1405.43 24487.8
1405.65 24495.4
1405.76 24481.7
1405.78 24456
1405.73 24453.7
1405.74 24448.9
1406.07 24461.9
1405.94 24451.2
1406.23 24451.7
1406.37 24459.9
1406.33 24467.9
1408.82 24541.1
1408.94 24506.3
1409.37 24594.6
1409.34 24626.7
1409.92 24665.2
1410.5 24680.6
1410.65 24671
1410.65 24685.7
1410.54 24685
1410.73 24713.5
1410.87 24681.1
1410.88 24686.2
1412.23 24755.3
1413.18 24910.3
1413.06 24982.3
1412.95 24990.8
1413.51 25055.1
1413.45 25059.8
1413.46 25072.8
1413.36 25058
1413.42 25037.3
1413.38 25021.8
1413.58 25003.8
1413.54 24995.9
1413.69 25006.1
1413.69 25009.1
1413.73 25014.4
1413.86 25016.6
1413.86 25020.4
1414.04 25040.8
1414.25 25048.9
1415.55 25052.2
1415.65 25067.3
1415.76 25063.1
1415.84 25082.8
1415.64 25063
1415.69 25051.6
1415.19 25055.3
1415.29 25076.6
1414.5 25050.5
1414.56 25024.6
1414.48 25050.7
1414.56 25057
1415.15 25064.4
1414.55 24898.9
1414.64 24874.9
1414.76 24882.8
1415.06 24910.8
1414.65 24884.2
1415.35 24917.8
1415.43 24890.9
1415.45 24851.3
1415.62 24835.8
1415.56 24840.3
1415.63 24827.5
1415.64 24830.5
1416.38 24867.3
1416.91 24913.9
1417.18 24897.6
1417.52 24835.3
1417.21 24824.1
1417.33 24808.3
1417.49 24807.2
1417.44 24805.7
1417.6 24811.4
1417.65 24821.1
1418.22 24814.7
1418.26 24820.7
1418.27 24849.8
1418.6 24858.7
1418.5 24863
1418.51 24872.1
1418.47 24874.4
1418.62 24874.6
1418.61 24881
1418.9 24893.7
1418.77 24894
1419.89 24894.8
1420.11 24913.1
1420.27 24907.9
1420.27 24902.4
1420.34 24897.4
1420.39 24902.3
1420.51 24893.3
1420.5 24885.5
1420.78 24915.8
1420.53 24960.3
1420.89 24996.8
1420.91 25020.3
1421.69 25071.6
1421.68 25102.8
1422.25 25072.4
1422.3 25104.7
1422.36 25107.8
1422.63 25114.4
1422.47 25128.4
1422.35 25217.2
1422.4 25246.5
1422.82 25225
1423.27 25214.2
1423.33 25244.5
1423.31 25269.9
1423.58 25287.4
1424.22 25234.1
1424.22 25232.7
1423.85 25242.3
1424.13 25238
1424.35 25231
1424.43 25244.3
1425.88 25252.9
1425.93 25270.5
1426.05 25255.3
1425.67 25297.6
1425.7 25321.8
1425.55 25357.5
1425.61 25385.4
1426.06 25395.9
1426.13 25398.1
1426.09 25396.5
1426.38 25386.4
1426.43 25381.3
1426.84 25383
1427.08 25525.3
1427.08 25559.6
1427.19 25529.7
1427.19 25525.3
1427.02 25509.4
1426.15 25500.3
1426.46 25549.2
1426.53 25570.3
1426.42 25613.8
1426.38 25605
1426.67 25634
1426.56 25611
1426.5 25604.4
1426.6 25609.6
1426.81 25603.6
1427.24 25608
1427.12 25615.7
1427.32 25626.5
1427.32 25634.6
1427.34 25650.9
1427.48 25630.9
1427.53 25593.4
1428 25562.9
1427.53 25546.2
1427.53 25504.5
1427.15 25489.8
1427.15 25386.7
1427.1 25389.1
1427.09 25385.8
1427.44 25378.2
1427.56 25367.2
1427.51 25357.7
1427.5 25339.8
1428.31 25351.4
1428.34 25349.1
1428.54 25354.8
