17.2172 4.82907
213.591 442.926
213.795 376.531
219.645 445.658
263.44 1131.53
329.467 1008.92
333.804 963.124
468.066 1516.94
492.272 1594.17
492.297 1507.76
492.131 1446.4
542.135 1679.79
543.541 1693.4
547.899 1941.29
606.94 2521.85
611.405 2345.04
613.933 2598.52
613.972 2455.53
625.583 2565.99
629.439 2771.27
668.852 2831.61
674.803 4214.79
688.097 3792.7
716.826 4759.46
715.738 4721.1
715.752 4461.7
735.477 4465.86
741.634 4398.57
777.641 5031.61
777.772 4834.32
778.373 4715.75
812.057 4756.56
813.102 4726.3
813.658 4720.57
818.572 4677.4
822.192 4649.6
822.934 4813.33
823.895 4828.26
839.957 5881.68
845.71 5820.51
854.054 5386.62
859.344 5450.26
860.501 5363.19
861.873 5374.25
873.931 6271.29
876.492 6055.98
876.243 7397.5
875.161 7243.1
874.297 7901.96
884.245 7567.93
886.304 7502.46
885.605 7532.31
903.476 7708.88
911.587 7382.08
911.545 7181.31
913.379 7070.22
920.702 7693.04
924.995 7813.83
923.776 7259.59
927.236 6994.32
926.266 7195.42
922.841 7121.39
928.17 7262.44
929.966 7367.5
937.131 7450.19
937.546 7371.32
937.25 7438.99
937.844 7494.5
939.955 8097.42
941.061 7656.27
957.385 8738.09
957.577 8826.39
957.786 8679.12
957.654 8798.46
971.771 9378.1
981.797 9173.54
983.295 9333.05
984 9196.51
982.855 9192.54
982.125 9254.26
983.77 9291.78
985.485 9335.93
994.656 9457.1
1001.43 10142.1
1000.74 9972.82
1002.93 9734.14
1003.08 9923.34
1051.57 10000.9
1050.98 9559.54
1049.64 9474.35
1058.78 9440.52
1063.57 9478.03
1068.63 9403.02
1069.23 9394.56
1068.93 9415.5
1073.28 9572.41
1062.18 10891.9
1061.36 10591.1
1060.7 10673.3
1060.22 10581.4
1059.7 10499.5
1058.7 12612.5
1058.65 12276.4
1060.89 12059
1067.07 11784.8
1069.03 11870.8
1073.23 11775
1077.56 11640.8
1079.41 11641.5
1078.31 11645.9
1085.13 11765.1
1088.21 11912.5
1093.73 11911
1094.98 11912
1093.76 11807.4
1094.77 11674.9
1095.24 11703.6
1096.33 11696
1097.92 11668.3
1098.51 11681.5
1099.07 11714.6
1099.6 11647.8
1099.74 11604.7
1100.56 11575.1
1102.62 11577
1102.96 11572.5
1104.37 11542.7
1105.93 11535.5
1106.29 11570
1108.02 11558.6
1107.37 11578
1112.94 11520.8
1111.97 11506
1112.32 11494.1
1112.4 11486
1111.38 11530.3
1111.64 11812.6
1111.41 11646.4
1111.54 11626.8
1114.78 11690
1115.72 11590.2
1121.8 11569.9
1121.66 11751.8
1123 11939.8
1123.04 12064.4
1138.15 11987.5
1145.29 11881.4
1143.71 11907.1
1143.82 11864.9
1144.92 11921.8
1143.84 11892.4
1145.27 11891.8
1145.14 11812
1144.25 11790.4
1146.76 12101.4
1146.8 12128.6
1147.57 12043.4
1150.5 12351.9
1150.81 12584.5
1156.49 12618
1158 12519
1158.65 12527.4
1158.6 12487.8
1157.81 12415.4
1158.89 12469.4
1158.3 12420.6
1158.64 12432.1
1158.08 12538.7
1158.16 12524.7
1157.75 12540.2
1157.84 12577.9
1162.6 12578
1161.38 12600.9
1162.03 12439.3
1162.35 12379.3
1162.03 12355.8
1162.01 12341.3
1162.02 12327.2
1160.79 12517.2
1160.62 12570.3
1160.6 12616.5
1160.57 12660.8
1160.79 12634.6
1163.45 12631.8
1169.15 12706.7
1169.26 12699.2
1170.61 12709.8
1170.11 12884.6
1171.3 12883.3
1170.87 12781.8
1172.16 12911.8
1171.71 12940.5
1171.57 12937
1176.25 13120.7
1178.73 12952.8
1179.49 12874.9
1179.09 12846.2
1179.17 12806
1179.16 12970.3
1179.39 12896.9
1179.07 12903.1
1179.44 12916
1180.21 12953.6
1181.94 12922.7
1181.33 12805.2
1181.12 12807.2
1182.35 12846.1
1182.31 13244.6
1182.38 13629.7
1183.76 13970.6
1184.51 14251.5
1184.47 14205.7
1185.7 14194.5
1200.06 14253.6
1200.06 14071.1
1207.99 14635
1206.44 14091.9
1206.69 13943.2
1206.88 13914.4
1206.28 13959.6
1212.64 13798.2
1212.84 13712.6
1214.54 13735.3
1214.9 13621.3
1215.7 13516.6
1216.19 13526.3
1219.3 13614.1
1219.78 13704.2
1220.54 13758.1
1221.34 13746.7
1221.48 13752.7
1222.91 13759.8
1223.36 13712.6
1223.61 13710.5
1224.19 13722.8
1224.21 13725.8
1224.19 13745.7
1223.64 13778
1222.4 13798.8
1223.99 13864.1
1224.04 13769.7
1224.04 13772.7
1224.59 13778.9
1225.14 13740.4
1225.37 13701
1225.43 13691.1
1226.43 13702.4
1226.32 13718.9
1226.01 13775.2
1227.58 13765.9
1227.51 13800.7
1228.95 13823.6
1228.95 13826.3
1226.62 13882.5
1226.36 13937.6
1228.61 14039.2
1228.55 14037.5
1228.62 14105.3
1228.84 14097.3
1228.96 14076.4
1229.69 14094.3
1230.51 14205.2
1231.09 14220.5
1231.18 14205.1
1231.62 14183.8
1231.85 14140.4
1231.84 14119.6
1230.25 14072.4
1231.14 13961.7
1234.31 14041
1235.42 13970.5
1237.78 14105.5
1238.62 14086
1238.52 14099.7
1238.51 14098.5
1240.58 14053.3
1241.96 14307.4
1242.99 14331.6
1242.52 14297.8
1242.55 14276.2
1241.82 14273.2
1242.37 14287.4
1251.11 14334.4
1254.05 14250.8
1255 14240.6
1254.6 14268.3
1254.44 14306.3
1258.3 14327.5
1258.92 14207.3
1258.96 14292.4
1258.79 14312.3
1259.37 14346.4
1259.18 14373.7
1259.02 14384.3
1259.11 14382.8
1259.62 14377.3
1259.68 14362.7
1260.05 14370.1
1261.44 14355.6
1261.23 14349.6
1265.73 14397.4
1265.7 14361.1
1265.45 14405.5
1265.33 14419
1263.55 14440.1
1264.13 14467.5
1266 14484.1
1267.03 14507.1
1266.64 14825.5
1266.67 14965.4
1265.1 14920.4
1266.97 14800
1266.26 14792.4
1268.56 14810.7
1266.98 14886.2
1266.16 15045.8
1268.49 15130.7
1268.14 15156.4
1267.84 15213.1
1268 15231.1
1269.57 15232.4
1269.8 15242.5
1269.35 15342.3
1269.31 15265.5
1269.36 15240.8
1270.32 15334.9
1272 15283.3
1271.91 15285.5
1272.28 15301.1
1272.28 15273.9
1272.32 15279.7
1272.73 15273
1273.7 15271.8
1276.75 15356.6
1276.96 15240.4
1277.58 15262.2
1277.59 15255.5
1277.72 15251.6
1277.79 15245.2
1277.8 15246.2
1277.77 15240.4
1277.63 15247.7
1277.48 15244.2
1278.39 15235.5
1277.24 15435.5
1277 15460.2
1277.29 15524.5
1276.87 15528.2
1276.99 15530
1278.06 15520.5
1277.76 15506.5
1277.7 15666.2
1278.5 15616.3
1278.61 15578.4
1279.19 15594
1279.87 15626.7
1279.88 15618.7
1279.98 15624.1
1280.2 15643.3
1280.44 15565.3
1280.4 15598.6
1281.9 15636.2
1282.13 15666.7
1282.35 15685.8
1282.59 15694.9
1282.37 15805.3
1281.75 15751.4
1280.12 15830.3
1280.36 15906.6
1280.36 15906.9
1280.88 15891.8
1280.9 15935.4
1282.2 15885
1282.14 15879.7
1282.15 15893.1
1282.98 15948
1283.18 15982.2
1282.97 16043.6
1282.91 16014.4
1282.89 16042.5
1282.87 16058.7
1283.3 16065.8
1283.31 16081.8
1283.31 16088.8
1282.66 16130.6
1282.73 16148.3
1283.09 16166
1283.41 16183.2
1283.56 16169.2
1284.39 16153.3
1284.24 16144.3
1284.04 16139.2
1284.85 16170
1284.7 16195.9
1284.78 16192.6
1284.68 16195.9
1284.76 16197.6
1284.67 16237.6
1284.65 16246.5
1284.24 16246.5
1283.9 16263.3
1283.95 16305.5
1286.5 16460.4
1291.04 16482.7
1291.16 16454.9
1290.42 16493.3
1293.27 16562.9
1293.33 16561.3
1293.33 16565.8
1293.33 16570.3
1293.51 16581.4
1293.29 16585
1293.01 16522.3
1292.97 16451.2
1293.14 16402.5
1289.3 16470.9
1289.34 16581.4
1289.16 16496.2
1289.19 16470.8
1289.18 16483.3
1289.37 16499.5
1289.36 16506.1
1289.51 16512.6
1289.02 16535.9
1289.07 16495.8
1289.05 16451.2
1289.4 16466.8
1289.77 16395.9
1289.88 16400
1289.86 16361.6
1290 16321.8
1290.08 16292.6
1290.07 16274
1289.96 16261.8
1289.94 16226.7
1290.01 16229.9
1291.33 16246.9
1291.37 16235.4
1291.36 16284
1291.41 16299.5
1291.42 16330.6
1291.14 16302
1291.19 16282.3
1291.05 16324.5
1291.54 16334.2
1292.66 16359.9
1292.55 16348.9
1292.54 16321.8
1292.58 16309.2
1292.44 16324.9
1292.37 16254.1
1292.27 16207.8
1292.19 16202.7
1297.02 16254.4
1297.94 16212.7
1297.54 16237.9
1297.58 16223.6
1297.61 16218
1297.55 16209.4
1298.5 16188.9
1298.31 16172.4
1299.15 16236.5
1299.3 16281.1
1299.51 16288.2
1299.54 16282.8
1299.54 16282.5
1299.01 16271
1299.08 16239.2
1300.16 16218.7
1300.63 16202.4
1301.03 16180.3
1301.22 16226.1
1300.97 16320.3
1300.96 16278.8
1300.75 16283.7
1300.75 16287.9
1300.67 16268.4
1300.95 16247.2
1300.76 16259.4
1300.27 16253.1
1300.24 16233.6
1300.32 16226.9
1300.31 16225.8
1300.31 16224.6
1300.86 16248.4
1300.77 16260.7
1300.85 16165.2
1301.92 16281.3
1301.89 16335.4
1303.13 16277.5
1303.42 16294
1304.54 16406.4
1305.24 16465.6
1305.16 16484.2
1306.15 16467.8
1306.43 16488.6
1306.3 16519.7
1307.04 16546.2
1306.13 16582.6
1306.27 16592.9
1306.35 16596.5
1306.35 16593.7
1305.87 16706.6
1305.8 16781.9
1306.2 16786.3
1305.95 16763
1305.64 16736.5
1305.52 16725.1
1305.39 16719.9
1305.03 16708.6
1305.68 16724.1
1305.45 16711.7
1306.61 16724
1306.67 16745.9
1308.21 16857.3
1308.29 16790.5
1308.33 16777.5
1307.76 16861
1307.8 16919.6
1307.62 16997.5
1308.7 17023.9
1308.71 17007.5
1309.78 17024.1
1309.83 16993.8
1309.36 17037.1
1309.4 17049.3
1311.7 17069.5
1311.66 17044.2
1311.7 17186.9
1312.34 17156.4
1312.73 17116.2
1315.07 17558.1
1315.13 17440.8
1315.15 17380.8
1314.71 17401.4
1314.69 17325
1314.71 17259.3
1314.91 17269
1314.95 17210.5
1315.19 17183.8
1315.68 17189.4
1315.69 17191
1315.72 17193.1
1316.91 17274.3
1316.59 17259.2
1316.91 17302.7
1317.67 17319.3
1317.75 17300.4
1317.41 17383.8
1317.41 17393.5
1318.01 17404
1318.17 17386.3
1318.34 17380.1
1318.5 17374
1318.95 17371.3
1318.95 17362.8
1320.45 17469.6
1319.57 17581.2
1319.54 17665.9
1319.86 17778.1
1320.01 17890.6
1320.01 17851.7
1320.7 17846.6
1320.66 17926.3
1321.4 17921.7
1321.28 17892
1321.12 17878.5
1321.77 17869.5
1321.78 17871.2
1321.79 17878.1
1321.65 17870.9
1321.69 17862.1
1321.49 17842.7
1321.49 17818.6
1321.53 17899.4
1321.93 17913
1322.24 17763.7
1322.52 17728.6
1322.35 17699.8
1322.69 17760.6
1323.58 17747.5
1323.62 17719
1324.95 17763.5
1325.09 17617.9
1325.07 17612.6
1324.87 17642.2
1324.63 17649.1
1326.21 17673.9
1326.14 17668.2
1326.14 17641.5
1326.14 17625.5
1326.58 17635.2
1326.84 17691.1
1327.46 17732.3
1327.54 17783.2
1327.58 17802.4
1327.35 17819.3
1327.36 17828.4
1327.29 17842
1327.9 17853
1327.94 17832.7
1327.97 17842.5
1329.11 17852.5
1329.1 17860.1
1329.3 17847.1
1329.4 17842.3
1329.4 17837.8
1329.41 17838.8
1329.76 17857.2
1329.44 17875.8
1329.45 17873.4
1329.44 17838.6
1329.51 17830.8
1329.63 17831.7
1329.64 17814.1
1330.2 17805.3
1329.84 17810.6
1330.65 17809.6
1330.11 17844.2
1330.34 17895.2
1330.41 17897.6
1330.69 17906.6
1333.33 18027.9
1333.44 18006.8
1333.72 17989.5
1333.73 17973.4
1333.51 17977.9
1333.53 17988
1333.69 17982.4
1334.16 17820.2
1334.49 17758.7
1334.37 17731.7
1336.1 17702.7
1336.8 17644.5
1336.36 17634.7
1336.53 17629.8
1336.57 17606
1336.63 17586.7
1336.05 17614.1
1336.52 17637.7
1336.62 17643
1336.66 17660.5
1336.59 17664
1336.25 17653
1336.27 17648
1335.95 17626.1
1335.23 17611
1335.92 17635.5
1335.79 17651.7
1335.69 17657.3
1335.63 17665.2
1336.73 17699.1
1336.8 17686.6
1337.12 17686.4
1336.87 17688.7
1336.77 17693.4
1336.74 17686.7
1337.51 17713
1337.62 17691.6
1338.01 17704.1
1337.74 17720.5
1337.74 17726.2
1337.8 17708.7
1337.66 17735.1
1337.73 17759.7
1337.71 17773.6
1338.23 17793.9
1337.43 17779.7
1337.94 17816.9
1338.08 17853.2
1338.03 17856.8
1338.14 17853.3
1338.14 17860
1338.05 17866.7
1338.14 17880.6
1339.03 17922.8
1339.28 17896.4
1339.74 17886.8
1339.93 17852.8
1340.2 17836.9
1340.23 17910.7
1340.3 17923.2
1340.42 17892.6
1340.45 17885.5
1340.88 17908
1340.61 17966.7
1341.17 17975.5
1341.55 17964.8
1341.63 17955.1
1341.45 17948.7
1341.84 17946
1341.92 17946.2
1341.59 17950.4
1341.8 17974.6
1341.85 17981
1341.85 17981.9
1341.76 17987.3
1341.74 17972.7
1341.58 17991.4
1341.9 18025.3
1342.04 18070.8
1342.05 18076.3
1342.14 18079.6
1342.17 18064.1
1341.95 18081.9
1341.93 18102.1
1341.84 18048.1
1341.67 18057
1341.23 18066.9
1341.34 18093
1341.38 18111.4
1341.77 18121
1341.62 18092.2
1341.64 18096.7
1342.6 18141.9
1343.93 18212.6
1343.84 18197.8
1345.54 18240.4
1345.27 18207.3
1345.3 18217.6
1345.72 18241.6
1346.04 18247
1346.22 18240.3
1346.49 18268.3
1346.66 18300.3
1347.24 18329.2
1346.38 18343.1
1346.41 18363.1
1346.65 18388.5
1346.36 18426.4
1346.36 18389.8
1346.57 18388.4
1346.52 18406.8
1346.83 18410.7
1349.55 18445.5
1349.68 18412.5
1349.4 18378.6
1349.41 18365.9
1349.72 18304.5
1349.93 18360.8
1349.83 18496.3
1349.82 18550.9
1350.42 18545.9
1350.28 18587.3
1350.56 18640
1350.61 18595.8
1351.12 18585.6
1351.24 18580.5
1350.97 18576.2
1350.97 18600.2
1351.25 18598.1
1351.24 18590.3
1351.13 18583.6
1351.13 18583.1
1351.5 18584.3
1352.51 18631.3
1352.64 18628.9
1352.88 18626.3
1352.89 18623.9
1352.96 18608.7
1352.89 18586.9
1353.58 18570.1
1353.26 18539.5
1353.21 18511.8
1353.2 18496
1353.13 18477.7
1353.38 18478.6
1353.29 18446.2
1353.34 18433.9
1353.55 18439.2
1353.52 18427.5
1353.61 18430.5
1354.09 18359.8
1353.92 18336.5
1353.87 18323.2
1354.21 18272.8
1354.43 18226.1
1354.35 18224.3
1354.18 18238.7
1354.1 18244.3
1354.14 18243.4
1354.15 18241.5
1354.22 18230.2
1353.34 18201.5
1353.27 18188.6
1353.27 18180.3
1353.66 18179.4
1353.77 18170.5
1354.43 18115.9
1354.51 18066.9
1354.74 18066.6
1354.52 18082.6
1354.61 18088
1354.59 18041
1354.8 18053.1
1354.95 18046.5
1356.2 18078.3
1356.02 18052
1356.07 18057.8
1356.01 18070.2
1355.96 18083.5
1356.08 18081.7
1355.77 18082.3
1355.76 18092.9
1355.8 18086.4
1355.8 18082
1356.24 18084.8
1356.57 18109.3
1356.48 18122.1
1357.06 18145.7
1357.72 18192.3
1358.39 18155.4
1358.34 18178.8
1358.45 18185.1
1358.4 18184.8
1358.91 18187
1358.86 18186.9
1358.45 18183.7
1358.55 18166.7
1358.37 18182.2
1358.43 18166.8
1358.27 18146.8
1358.26 18164.6
1359.48 18197.1
1361.47 18278.5
1361.57 18289.1
1362 18361.8
1362.02 18385.9
1362.18 18403.5
1362.14 18354.6
1362.19 18302.8
1362.6 18315.5
1362.88 18390.9
1362.88 18387
1362.82 18390.3
1362.81 18381.9
1362.6 18387.7
1362.64 18380.9
1362.73 18384.8
1363.32 18390.3
1364.15 18393.5
1364.14 18409.1
1363.87 18440
1363.57 18445.1
1363.67 18441.3
1363.64 18416.7
1363.64 18426.3
1363.67 18416.4
1363.49 18413.8
1364.47 18553.2
1364.46 18531.3
1364.54 18491.2
1364.95 18497.6
1365.05 18507.8
1365.07 18514.9
1365.05 18528.7
1365.07 18527
1365.17 18538
1365.11 18544
1364.72 18546.3
1365.01 18535.2
1365.63 18538.6
1365.79 18540.6
1365.87 18563.3
1365.47 18563.9
1365.47 18537.4
1365.47 18545.7
1366.07 18539.1
1364.11 18645.4
1364.13 18700.3
1364.29 18718.1
1364.26 18734.4
1364.23 18727.8
1364.25 18723.3
1364.22 18731.1
1364.56 18802.4
1364.53 18814.3
1364.61 18832.3
1364.8 18824.7
1364.4 18779.4
1364.43 18790.4
1364.23 18748.4
1364.11 18741.3
1364.09 18722.7
1364.02 18697.8
1364.13 18742.9
1364.73 18791.8
1364.8 18796.3
1364.8 18770.7
1364.84 18735.6
1365.26 18755.8
1365.26 18762.6
1365.23 18771.9
1365.58 18793.7
1365.64 18792.7
1365.68 18735.5
1365.71 18735.8
1365.59 18737.3
1366.3 18795.4
1366.24 18806.3
1366.28 18961.7
1366.23 19040.9
1367.07 19053
1367.08 19038.6
1367.35 19067.2
1367.36 19048.4
1367.34 19033
1367.38 19020.9
1367.48 19026.9
1366.92 19103.9
1366.81 19075.8
1368.09 19090.8
1368.22 19101.6
1368.15 19100.5
1368.23 19102.7
1368.26 19082.6
1368.29 19071.3
1368.28 19070.5
1368.41 19069.2
1368.01 19109.7
1367.97 19103.5
1367.97 19109.2
1367.95 19113.9
1367.98 19116.2
1369.81 19155.9
1369.84 19158.5
1369.8 19122.6
1368.36 19135.3
1368.36 19049.3
1367.18 19121.4
1367.18 19206.5
1366.97 19244.6
1367.14 19252.2
1366.98 19240.4
1366.92 19217.3
1367.31 19200.8
1368.3 19161.4
1368.07 19119.1
1368.05 19079.6
1368.06 19081.4
1368.11 19060.2
1368.61 19069.7
1368.63 19101.2
1368.64 19104.9
1368.64 19123.8
1369.47 19134.6
1369.32 19121
1369.41 19125.3
1370.47 19141
1370.59 19157.7
1370.51 19137.1
1370.91 19128.3
1371.31 19135.2
1371.77 19183.7
1371.77 19150.8
1371.6 19131
1371.66 19140.4
1371.57 19152.8
1371.52 19155.7
1371.31 19125.7
1371.28 19121.8
1371.2 19125.1
1371 19137.9
1370.92 19174.2
1371.56 19226.1
1371.65 19212.6
1371.63 19216
1371.64 19221.6
1371.76 19226.1
1371.76 19269
1371.75 19250
1371.79 19266.4
1371.83 19286.9
1372.58 19288
1372.5 19255
1372.5 19223.9
1372.45 19209.1
1372.56 19197.5
1372.43 19189.5
1372.43 19196.4
1372.16 19213.1
1372.2 19184.9
1372.24 19184.1
1371.98 19175.7
1371.97 19203.7
1372 19201.8
1371.97 19192.1
1371.95 19191.2
1372.05 19179.2
1372.27 19167.2
1372.1 19161.2
1372.12 19157.4
1371.5 19100.6
1371.48 19078.4
1371.45 19079.6
1371.39 19059.6
1371.61 19053.6
1371.58 19039.6
1371.69 19038.6
