133.118 343.505
137.283 297.372
138.656 276.071
140.403 310.449
173.278 1674.83
180.811 1586.54
181.628 1435.11
218.156 1818.18
220.211 1851.26
227.5 1974.5
235.462 2056.64
246.338 1978.56
245.705 1851.31
273.446 2998.34
281.198 3333.25
286.327 3165.05
290.037 2996.44
291.45 2833.63
291.48 2592.77
316.506 2630.32
345.76 2886.54
345.885 2853.72
358.751 3096.12
382.885 2928.61
430.677 2951.07
430.594 2746.04
431.861 2708.55
454.622 3033.96
451.934 3345.25
469.202 3447.84
474.868 3514.23
490.785 4535.87
491.365 4438.77
487.482 4780.56
510.465 5903.24
523.345 5798.44
561.448 6530.74
571.864 6471.52
585.188 6234.82
584.892 5991.48
592.279 6356.45
613.106 7425.37
613.07 7255.74
613.313 7176.39
618.849 7186.86
621.37 7373.92
635.361 7490.22
634.991 7976.68
638.486 7689.64
642.139 7658.2
642.868 7961.3
645.512 7759.63
650.098 8045.38
648.132 8093.28
659.781 8331.97
672.34 8396.61
690.708 8357.82
701.605 8273.78
704.062 8219.87
726.863 7981.85
728.145 7979.77
728.442 8054.86
729.985 8164.8
728.851 8285.44
735.292 8015.11
741.416 7982.41
742.763 7839.18
775.289 7856.55
779.089 7905.53
778.925 7940.18
779.371 7904.89
784.298 7917.24
788.341 7857.31
783.092 8030.46
784.9 8026.71
785.319 8004.12
789.962 8071.12
794.897 8149.99
807.142 8205.41
807.178 8309.96
808.292 8308.11
809.656 8407.79
823.252 8733.59
824.21 8734.03
829.526 8756.55
832.893 8857.07
831.605 9396.65
831.798 9367.66
834.084 9436.5
835.324 9548.73
837.134 9562.65
840.333 11506.5
840.364 10995.7
850.635 10569.4
851.224 10182.9
851.5 10192.8
851.525 10173.1
860.655 10108.1
860.275 10013.9
860.918 10075.6
861.358 10105.8
863.626 10156.9
862.875 10886.3
875.918 10902.7
886.007 11429.8
884.958 11703.1
886.492 11574.3
888.653 11529
886.095 11401.4
886.242 11554.6
888.666 11694.9
890.611 11769.7
890.872 11817.8
905.361 11669.3
909.187 11680.9
907.692 11766.7
906.094 11636.8
905.98 11594
910.265 11553.2
911.739 11396.7
917.843 11140.5
919.118 10989.9
921.478 11082
921.928 11064.4
921.97 11136.5
920.53 11201.5
920.189 11289.2
920.314 11354.4
920.036 11349
919.189 11250.4
919.089 11151.6
921.075 11074.7
921.23 11067.5
921.075 11042.1
924.751 11073.8
925.47 11082.1
925.587 11118.9
925.422 11139.1
924.868 10999.4
929.085 10896.9
923.85 11514.1
930.001 11136.7
929.851 11558.6
929.855 11698.5
929.674 11738.2
930.751 11760.1
938.24 11681.2
938.702 11712.6
940.268 11662.4
943.777 11578.6
944.057 11645.3
947.091 11598.8
952.495 11688.1
952.445 11824.6
952.399 11794.4
952.642 11699
951.235 11777.8
953.068 11788.3
952.886 11726.4
956.757 11686.7
958.395 11709.6
958.459 11801.9
961.434 11822.8
977.459 15161
978.976 13530.3
982.518 13031.9
983.076 12694.1
984.433 12437.6
985.49 12213.4
985.236 12006.3
985.422 11919.3
985.488 11932.1
985.503 11926.8
987.241 11915.2
987.469 11897.9
989.493 11876.9
993.223 11853.5
994.293 11716.1
993.885 11748.5
994.319 11728.6
999.802 11828.5
1019.44 12118
1020.54 11962.1
1021.11 11876.7
1021.1 11856.7
1021.94 11870
1022.52 11993.2
1022.55 12046.2
1022.22 12083.5
1025.48 12022.7
1026.74 12316.9
1026.79 12223.1
1026.82 12193.4
1026.9 12202.8
1026.5 12221.9
1026.56 12249.3
1026.74 12285.5
1027.01 12324.7
1026.67 12358.1
1027.78 12395
1031.62 12362.5
1032.86 12384.6
1031.69 12384.3
1032.28 12405.3
1032.57 12362.6
1032.85 12416.7
1032.87 12439.1
1033.14 12429.2
1036.72 12522.3
1036.79 12485.6
1037.16 12459.5
1037.3 12402.9
1037.05 12588.5
1037.5 12402.1
1037.48 12388
1041.54 12466.2
1041.49 12489.4
1042.23 12428.2
1044.64 12300.3
1044.75 12315.6
1044.24 12273.7
1043.59 12333
1043.36 12406.6
1043.13 12363.1
1041 12431.6
1040.94 12446.9
1041.92 12481.5
1041.41 12501.5
1042.2 12513.5
1042.53 12537.7
1041.8 12549.8
1040.96 12536
1040.83 12616.4
1040.79 12643
1040.69 12666.8
1040.8 12685.5
1041.26 12699.8
1043.2 12695
1042.48 12713.7
1041.88 12778.2
1041.34 12686.6
1041.32 12702.4
1041.25 12716.3
1041.75 12734.5
1041.44 12880.2
1043.61 12930.4
1043.85 12975.9
1048.85 13093
1048.83 13113
1049.14 13156.5
1048.5 13257.9
1050.12 13302.7
1050.2 13335.7
1049.93 13355.5
1050.19 13421.9
1050.17 13404.5
1050.23 13400.9
1050.1 13404.8
1049.83 13433
1050.79 13435.3
1050.74 13463
1050.84 13471.6
1050.87 13458.1
1052.33 13397.5
1052.81 13451.8
1052.62 13435
1052.38 13413.3
1052.29 13413.1
1052.62 13400.3
1052.66 13375
1052.9 13411.4
1052.79 13132.9
1052.87 13491.1
1051.6 13423.4
1051.94 13508.5
1051.77 13592.3
1050.62 13590.5
1050.44 13720.3
1050.53 13951
1050.41 14157.9
1050.41 14096.7
1053.13 14094.4
1053.51 13992.7
1053.51 13879.8
1053.59 13731.5
1054.34 13581.1
1054.43 13456.7
1054.73 13290.3
1054.47 13196.3
1054.54 13116.2
1055.39 13035.2
1054.82 13042.5
1054.39 13018.8
1054.16 13033.9
1053.92 12978.3
1053.79 12906.3
1053.56 12793.2
1053.44 12645.5
1054.77 12680.9
1055.66 12619.7
1055.73 12608.1
1056.39 12618.7
1056.22 12559.2
1056.21 12601.2
1056.54 12549.1
1056.61 12527.7
1056.89 12465.8
1056.95 12407.7
1055.3 12435.8
1057.1 12451.2
1056.85 12473.1
1057.08 12464.3
1058.02 12483
1057.92 12360.3
1057.78 12279.4
1057.24 12285.6
1057.17 12279.9
1057.05 12276.8
1056.78 12239.2
1056.7 12236.3
1056.46 12249.1
1059.48 12286.2
1059.68 12319.5
1059.52 12378.8
1059.38 12376.5
1060.18 12394.1
1059.86 12354.5
1059.98 12335.2
1060.41 12302.6
1060.42 12316.5
1064.48 12804.7
1064.57 12757.7
1064.26 12566.6
1063.93 12440.1
1063.91 12311.3
1063.89 12133.6
1063.69 12062.7
1063.68 12059.1
1062.37 12011.1
1062.64 11980.7
1062.89 11951.4
1063.02 11925.4
1063.42 11960.6
1063.32 11983.2
1063.97 11961.8
1064.11 11983.2
1063.81 11974.5
1064.14 11912.2
1064.34 11962.3
1064.75 12034.7
1064.5 12281.1
1064.37 12373.9
1064.61 12428.9
1064.81 12458.1
1064.94 12486.7
1065.27 12493.8
1065.65 12499.1
1066.68 12503.4
1066.78 12493.9
1066.7 12474
1066.77 12465.6
1066.16 12489.6
1066.14 12451.6
1066.36 12422.2
1066.41 12430.7
1066 12443.6
1066.69 12483.2
1067.49 12519.4
1069.84 13001.1
1069.63 12820.5
1069.67 12773.4
1070.37 12704
1070.47 12703.5
1070.79 12750.9
1070.92 12856.4
1070.88 12895.6
1070.94 12907.7
1072.86 12914.9
1070.92 12851.9
1071.17 12936.4
1071.6 12943.8
1072.29 12964.3
1072.28 12948.7
1072.4 12934.2
1073.42 12960.2
1074.25 13009.2
1073.46 13111.4
1073.46 13258.8
1073.4 13187.9
1073.52 13155.2
1074.23 13121.4
1074.36 13157.6
1075.27 13118.7
1075.26 13147.8
1075.03 13143.7
1074.92 13146.8
1074.92 13171.8
1076.61 13170.4
1077.06 13192.1
1076.97 13170.2
1078.76 13273.3
1078.77 13261.4
1079.2 13257.3
1079.17 13188.6
1079.22 13165.3
1079.84 13154.9
1079.39 13135.1
1080.22 13165.9
1079.86 13199.9
1080.47 13231.6
1080.45 13287.7
1083.57 13544.2
1084.6 13684.4
1084.72 13670.4
1085.21 13632.5
1085.2 13651.6
1085.95 13663.8
1086.32 13666
1086.38 13610.5
1087.44 13638
1087.72 13562.3
1087.78 13602.2
1087.74 13630
1088.23 13667.9
1088.05 13686.2
1088.43 13642.5
1088.7 13598.9
1088.63 13604.9
1089.09 13587.2
1089.02 13574.2
1089.15 13572
1088.36 13610.2
1088.39 13606.4
1088.25 13588.7
1088.6 13593.3
1089.78 13592.2
1089.64 13609.9
1090.5 13599.3
1090.79 13600.2
1091.07 13588.7
1091.4 13577.6
1091.99 13451.1
1091.94 13351.1
1092.01 13384.3
1092.09 13376.1
1092.08 13389
1092.9 13606.6
1092.87 13488.6
1092.87 13482.7
1091.67 13459.1
1091.31 13361.5
1091.23 13352.1
1091.43 13377.4
1091.01 13405.2
1091.16 13350.1
1091.15 13338.4
1091.3 13336.3
1091.35 13347.2
1090.82 13364.7
1089.82 13439.8
1089.7 13501.7
1089.6 13518.7
1089.56 13519.7
1090.53 13496.6
1091.48 13626.5
1091.53 13799.7
1091.42 13908.7
1091.44 13983.2
1091.25 14019.3
1091.12 13950.8
1090.82 13925.3
1090.44 13853.7
1090.31 13839.5
1090.26 13845.2
1090.58 13857.6
1090.54 13845.2
1090.52 13829.8
1090.4 13807.9
1090.45 13768.4
1090.43 13765.8
1090.49 13764
1091.46 13794
1090.94 13742.4
1089.83 13718
1089.93 13685.1
1089.93 13674.8
1090.37 13688.7
1090.28 13682.4
1090.32 13687.8
1089.78 13795.4
1089.58 13785.7
1090.04 13778.7
1090.01 13782.3
1090.28 13801.7
1090.46 13841.2
1090.55 13881
1091.36 13916
1092.14 14034.5
1092.27 14057.9
1092.37 13997.3
1091.96 14014
1092.31 14031.7
1092.56 14038.9
1095.28 14066.2
1095.57 14066.9
1095.6 14060.7
1094.65 14053.8
1094.7 14090.2
1095.21 14119.1
1095.22 14093.6
1095.11 14078.5
1095.69 14069
1095.79 14037.7
1095.72 14015.7
1096.1 14278.9
1096.46 14430.2
1096.52 14481.3
1099 14505.6
1099 14529.4
1098.78 14519.3
1099.02 14523.5
1099.15 14503.4
1101.31 14505.8
1101.43 14451.4
1101.43 14449.6
1102.06 14419.8
1102.54 14466.1
1100.57 14453.7
1100.66 14403.4
1100.78 14470.8
1101.06 14519.1
1102.34 14578.4
1102.69 14569.9
1102.78 14582.5
1102.78 14609.5
1104.44 14619.7
1104.82 14674.1
1104.68 14707.7
1104.46 14705.9
1104.49 14723.5
1104.48 14744.9
1104.45 14748.5
1104.34 14729.3
1104.34 14754.4
1104.22 14737
1104.16 14730.6
1105.09 14727.6
1104.82 14677.2
1104.59 14668.3
1104.55 14665.7
1105.02 14672
1105.18 14680.1
1105.2 14660
1105.4 14672.8
1105.68 14670.4
1105.69 14646.8
1106.26 14638.7
1106.2 14632.5
1106.2 14643.8
1106.86 14668.2
1106.91 14685.2
1106.96 14657.6
1107.02 14662.9
1107.47 14614.2
1107.44 14621.2
1108.3 14611.7
1108.34 14570.7
1108.35 14554.6
1108.37 14546.6
1110.33 14720.6
1110.09 14730.2
1111.19 14765.4
1111.18 14796.5
1111.17 14837
1111.22 14843.6
1111.41 14854.4
1111.42 14846
1113.5 14871.5
1114.29 14897.6
1114.26 14862.6
1114.52 14921.4
1114.51 14929.6
1114.44 14924.9
1114.73 14957
1114.64 14900.9
1114.43 14908.5
1114.58 14937.1
1114.7 14947.9
1114.65 14927.7
1114.82 14928.4
1114.95 14923.8
1114.83 14917.5
1115.19 14926.6
1115.24 14937.9
1116.16 14969.4
1116.06 14982.3
1116.57 14923.5
1116.55 14769
1116.71 14819.8
1116.72 14852.5
1116.72 14730.6
1116.95 14717.9
1116.98 14733.8
1116.97 14759.9
1117.22 14764
1117.25 14778.4
1117.3 14792.9
1117.12 14778.2
1117.14 14779.6
1117.27 14815.1
1117.92 14845.1
1117.66 14864.2
1117.58 14887.4
1117.58 14875.1
1117.44 14900.4
1117.32 14894
1117.34 14887.2
1117.31 14839.3
1117.32 14800
1117.31 14778.9
1117.19 14755.9
1117.21 14753.3
1117.25 14742.4
1117.44 14809.5
1117.83 14839.2
1117.49 14856.6
1117.31 14867.9
1117.29 14875.7
1117.24 14877.2
1117.24 14905.6
1117.25 14933
1116.99 14925.1
1116.41 14909.9
1116.11 14872.5
1116 14872.7
1115.58 14900.8
1115.58 14917.6
1115.81 15006.5
1116.12 14962.6
1116.05 14921.6
1116.22 14894.9
1116.67 14880.6
1116.66 14849.9
1116.68 14829.1
1116.78 14729.7
1116.67 14694.4
1116.59 14694.5
1116.23 14679.6
1116.56 14659.5
1116.57 14641
1116.18 14633.1
1115.91 14597.8
1116.35 14642.4
1116.42 14682.1
1116.42 14729
1116.38 14745.9
1116.38 14745
1116.83 14732.5
1116.87 14737.2
1116.68 14747.6
1117.16 14741.1
1117.36 14733.6
1117.69 14719.1
1117.64 14703.3
1117.66 14694.1
1117.67 14666.2
1117.72 14656.5
1117.68 14639.5
1117.66 14634.1
1117.69 14592.6
1117.69 14582.5
1117.67 14571.3
1116.91 14529.5
1117.09 14481.7
1116.98 14461.6
1117.4 14438.1
1117.39 14459.8
1118 14474.9
1118.01 14474.5
1118.2 14498.8
1117.78 14531.9
1117.62 14568.3
1117.62 14592.7
1117.83 14543.5
1117.97 14492.3
1117.97 14379.9
1117.97 14374
1117.89 14372.5
1117.54 14438.2
1117.73 14525.9
1117.84 14599.9
1117.92 14642.6
1117.4 14582.5
1117.1 14524.3
1117.53 14564.9
1117.53 14608.7
1116.92 14631.6
1116.88 14657.8
1116.87 14665.4
1116.88 14677.4
1116.91 14702.4
1116.78 14710.8
1116.69 14713.4
1116.98 14718.2
1116.89 14680.6
1116.6 14674.2
1116.5 14700.4
1116.67 14748.8
1116.31 14759.3
1116.76 14759.9
1116.63 14760.6
1116.63 14754.3
1116.66 14757.5
1116.72 14748.5
1116.72 14739.8
1116.53 14716.7
1116.92 14728
1116.88 14754.9
1117.06 14774
1117.2 14780.1
1117.22 14772.7
1117.25 14712.2
1117.18 14686.8
1117.18 14668
1116.97 14658.8
1117.01 14660.7
1117.11 14663
1117.1 14670.3
1117.08 14670.2
1118.07 14663.1
1117.92 14749.5
1118.06 14840.5
1118.34 14911.2
1118.24 14942.6
1118.01 14960.9
1118 14953.9
1117.88 14948.6
1118.38 14980.6
1118.39 14983.1
1118.39 14976.3
1119.05 15005.8
1118.93 14755.3
1119.03 14702.2
1119.19 14705.9
1118.98 14716.8
1119.02 14751.7
1119.65 14837.9
1119.61 14866.5
1121.76 15008.9
1121.7 15007.4
1121.79 15018.3
1121.96 15063.2
1121.93 15096.8
1121.92 15121
1122.12 15092.3
1122.3 15067.4
1122.56 15130.9
1122.96 15168.1
1122.6 15195.5
1122.33 15203
1122.33 15158.2
1122.78 15170.8
1123.19 15175.9
1122.57 15129.4
1122.45 15099.6
1122.69 15128.9
1123.28 15144.1
1123.01 15127.1
1123.25 15122
1123.25 15143.4
1122.97 15137.7
1122.83 15105.4
1123.14 15162.6
1123.36 15185.9
1123 15193.7
1122.99 15205.7
1122.56 15209.9
1122.58 15194.4
1122.54 15187
1122.55 15160.1
1122.61 15139.9
1122.61 15130.2
1122.99 15107.7
1123.24 15091
1123.23 15069.8
1123.23 15051.3
1122.93 15010.5
1122.93 14995.5
1123.03 15014.6
1123.02 15197.6
1123.4 15159.1
1123.45 15151.7
1123.56 15111.6
1123.56 15127.2
1123.91 15139.4
1124.64 15179.8
1126.02 15193
1126.16 15215.7
1126.12 15224.4
1126.71 15234.8
1126.7 15272.5
1126.5 15286.9
1126.57 15273.8
1126.57 15278.7
1126.58 15271.2
1126.59 15268.1
1126.44 15275.4
1126.49 15269.1
1126.72 15256.4
1126.73 15224.1
1126.72 15202.4
1126.63 15221.3
1126.7 15228.2
1127.15 15253
1127.53 15091.3
1127.2 15004.5
1127.25 14946.8
1127.24 14959.9
1127.65 14974.7
1127.65 14980.4
1127.65 14983.1
1127.57 15002.3
1127.66 15014.3
1127.2 15032.5
1127.21 15033
1127.19 15045.9
1127.19 15050.1
1127.3 15027.8
1127.26 15029.8
1127.17 15061.9
1127.12 15087.8
1127.22 15089.4
1127.18 15036.9
1127.19 15042.1
1127.74 15055.6
1127.95 15069.5
1127.65 15073.1
1127.66 15067.2
1127.62 15094.2
1127.65 15079.6
1127.88 15003.3
1128.12 15036.9
1128.12 15058.8
1128.08 15054.8
1128.07 15059
1128.05 15058
1128.06 15030
1128.09 14998.3
1128.65 14968.3
1128.08 14963.2
1128.33 14992.4
1128.22 15010.2
1128.21 14986
1127.93 14950.7
1128.4 14966.9
1128.86 14925.3
1128.83 14919.6
1128.72 14938.3
1128.93 14963.2
1129.49 14969.3
1129.51 14991.9
1129.54 15003.8
1130.08 14995.1
1129.97 14998.6
1129.87 14998.6
1130.12 15003.3
1130.16 14984
1130.24 14982.9
1130.17 14983.8
1130.27 14956
1130.25 14849
1130.55 14783.6
1130.58 14766.4
1132.02 14799.9
1132.02 14720.8
1131.74 14694.9
1131.73 14686.9
1131.72 14704.5
1131.72 14701.5
1131.53 14751.1
1131.47 14741.9
1131.65 14737.1
1132.12 14779.7
1132.14 14785.5
1132.07 14779.3
1132.05 14748.5
1131.8 14756.4
1131.75 14835.7
1131.88 14839
1131.78 14842.6
1131.78 14851.3
1131.99 14834
1131.67 14814.5
1131.75 14848.9
1131.55 14819.6
1131.49 14842.3
1132.03 14864.9
1132.06 14885.7
1132.16 14880.7
1132.18 14874.6
1132.26 14869
1132.25 14863.5
1132.23 14860.5
1132.23 14847.9
1132.33 14841.2
1132.37 14826.5
1132.26 14787.1
1132.44 14787.7
1132.41 14806
1132.71 14838.8
1132.59 14851
1132.35 14892
1132.87 14928.4
1132.71 14908.1
1133.22 14924.2
1133.02 14927.6
1133.36 14942.8
1133.48 14964.7
1133.42 15004.7
1133.74 14994.3
1133.67 14992.4
1133.86 14993.3
1133.73 14963.1
1133.54 14975.5
1134.28 14979.1
1134.27 14983.6
1134.45 14971.4
1134.62 14981.7
1134.66 14992.7
1134.76 14995.4
1134.73 14983.2
1134.74 14990.1
1134.71 14986.4
1134.62 14931
1134.57 14928.6
1134.51 14919.8
1134.7 14918.1
1134.96 14931.5
1134.86 14939.6
1134.86 14932.7
1134.83 14918.2
1134.53 14941.4
1134.96 14924.3
1135.4 14908.2
1135.86 14926.4
1135.88 14926.6
1136.14 14915.9
1135.93 14928.6
1136.25 14936.1
1136.47 14963.6
1136.17 14976.5
1135.76 14956.6
1135.64 14941
1135.66 14880.7
1135.74 14841.1
1135.72 14806.3
1136.43 14770.4
1136.16 14831.4
1136.16 14790.6
1136.16 14755.3
1135.96 14756.5
1135.95 14770.3
1135.64 14759.2
1135.15 14772.1
1135.49 14828.2
1135.57 14862.5
1135.59 14941.7
1135.59 14931.6
1135.41 14928.1
1135.86 14914.4
1135.92 14929.2
1135.98 14947.7
1136.01 14949.2
1135.99 14934.1
1136.61 14939.5
1136.67 14903.2
1136.68 14913
1136.82 14932.8
1136.94 14937.3
1137.21 14912.3
1137.31 14906.6
1137.32 14901.8
1137.3 14890.6
1137.11 14871
1136.92 14839.3
1136.9 14830.2
1136.81 14825.9
1136.64 14832.4
1136.69 14829.4
1136.67 14819.9
1136.61 14818.8
1136.71 14838.4
1136.69 14856.6
1137.07 14807
1136.99 14818
1136.9 14784
1136.87 14757.5
1136.85 14753.3
1136.92 14732.9
