104.228 442.269
163.855 910.741
256.108 814.736
296.473 1405.08
304.972 1515.49
371.921 2703.15
372.152 2433.7
399.294 4365.46
408.851 3914.45
447.037 4172.3
447.052 3711.29
452.554 3624.04
450.997 4110.4
562.791 4629.39
622.505 5166.59
622.591 4979.46
624.19 4763.98
652.612 4403.96
655.186 4665.27
674.524 4701.04
696.735 5458.71
701.002 5106.59
713.859 5562.43
720.425 5788.78
742.654 5801.25
768.518 6424.3
771.008 6761.15
771.654 6639.22
779.397 7018.77
797.28 7887.77
797.068 7619.04
800.052 9164.17
800.083 8495.83
801.769 8394.63
801.803 8210.11
806.764 8044.78
805.999 8203.76
829.512 10108.2
831.692 9729.47
850.669 9935.77
846.832 11106.5
852.885 10568.5
853.867 10302.9
856.665 10120.6
854.298 12479.8
870.564 12910.1
868.494 12300.2
870.826 12299.7
872.266 12104.7
874.685 11986.9
886.708 11831.2
884.298 13695.7
892.735 13322.3
898.889 12675.3
922.181 12319.9
942.246 12367
939.743 12011.2
946.44 11494.4
948.682 11443.1
948.148 11767.3
987.618 12249.9
988.324 11354.1
988.435 11017.9
989.117 11045.3
1011.5 13548.8
1017.77 12921.5
1024.68 13501.3
1033.94 12289.3
1036.7 11941.4
1035.86 12199.2
1046.54 11864.1
1048.46 11730.1
1058.24 11514.8
1063.24 11380.4
1067.87 11303.2
1085.68 11072.2
1087.87 10718.9
1086.26 11121.2
1085.1 11348.3
1085.53 11459.3
1083.75 11923.7
1084.78 13244
1087.07 12915.2
1091.97 12983.8
1093.87 13029.8
1096.66 13185.3
1099.92 13179.3
1100.01 13112.4
1098.98 13124.4
1155.52 14404.3
1155.95 13356.6
1157.11 12884.2
1156.96 12743.4
1156.52 12574.6
1156.31 12606.6
1156.99 13075.9
1161.93 13283.8
1162.17 13217.8
1162.13 13472.2
1162.26 13212.5
1166.11 13188.3
1182.18 13086
1181.41 13238.8
1184.86 13295.2
1217.32 13383.3
1217.22 13224.7
1217.81 13162
1218.5 13213.5
1220.61 13423.5
1222.95 13500.2
1223.3 13530.3
1224.7 13529.6
1223.85 13821.9
1224.33 13744.4
1223.94 13694.6
1230.87 13656.3
1231.64 13569.6
1231.48 13566.4
1252.58 13301.4
1252.7 13248.3
1256.42 13095.3
1255.68 12933.1
1256.31 12922.5
1257.33 13152.7
1256.64 14613.1
1260.27 14421.2
1260.63 14232.3
1261.78 14364.1
1273 14456.6
1276.94 14375.4
1277.1 14372.7
1281.71 14408
1286.49 14323.9
1291.02 14290.4
1291.09 14316.5
1294.24 14341.3
1294.98 14285.9
1294.93 14259.6
1294.69 14236.2
1295.23 14330.7
1296.39 14453.7
1297.6 14522.7
1299.9 14554.6
1299.13 15188.4
1299.14 15087.1
1299.32 15119.3
1301.92 15161.2
1302.54 15160.3
1309.11 15201.7
1309.28 15036.5
1308.97 15251.4
1317.27 15157.5
1319.94 15205.9
1319.65 15159.4
1319.7 15126.4
1320.48 15765.1
1320.5 15604.7
1330.38 15483.9
1331.37 15491.4
1331.42 15564.9
1332.37 15579.9
1335.4 15666.7
1335.8 15610
1339.28 15624.5
1340.57 15625.9
1340.63 15590.9
1340.77 15589.2
1342.57 15620.5
1342.68 15613.3
1342.82 15627
1342.73 15626.2
1343 15637.8
1344.18 15848.8
1344.24 15825.7
1345.21 15914.3
1344.76 15909.9
1344.6 15913.2
1344.6 15927.5
1344.74 15908.7
1344.6 15878.4
1346.85 15867.4
1346.44 15758.2
1347.54 15659.4
1347.59 15655.1
1347.57 15653.4
1347.62 15549.7
1347.65 15526.1
1347.51 15502.6
1347.06 15498.2
1347.34 15472.8
1347.56 15495.7
1348.21 15484.9
1347.94 15486.5
1348.63 15540.7
1348.06 15549.8
1348.56 15593.4
1348.61 15569.7
1348.63 15566.2
1348.61 15563.9
1348.73 15564.5
1348.77 15526.6
1348.89 15509
1349.21 15661.1
1349.05 15649.4
1349.58 15595.7
1349.27 15567.3
1351.2 15589.4
1351.44 15550.4
1351.52 15491.6
1351.47 15588.8
1351.61 15666.4
1351.45 15749.2
1351.4 15745.5
1352.95 15739.7
1352.79 15736.2
1353.5 15581.5
1353.73 15549.2
1360.51 15732.6
1360.5 15725.7
1364.46 15777.1
1364.52 15743.6
1364.88 15806.6
1366.17 15777.6
1366.52 15814.8
1368.21 15898.7
1368.65 15861.4
1377.14 15803.3
1378.17 15830.4
1378.39 15823.2
1380.31 15856.4
1380.18 15792.6
1379.86 15760.4
1379.73 15741.2
1379.76 15725.7
1379.63 15703.6
1379.52 15680
1380.05 15651.1
1379.96 15645.2
1379.95 15618.4
1380.27 15635.3
1379.96 15726.9
1379.85 15711.2
1380.6 15680.8
1380.68 15618.4
1380.47 15589.4
1380.37 15563.8
1382.36 15725.7
1382.74 15829.4
1382.68 15864.5
1382.53 15886.5
1382.65 15904.7
1383.34 15912.2
1383.67 15846.7
1383.82 15753.8
1384.21 15756.6
1384.2 15789.5
1384.1 15805.7
1383.58 15829.6
1385.38 15926.1
1385.92 15961.8
1385.89 15979.8
1385.86 16041.7
1398.36 16128.1
1398.51 16122.3
1398.53 16098.5
1398.99 16125.4
1401.58 16139.8
1401.16 16111.9
1401.16 16098.1
1400.21 16159.2
1400.1 16077.1
1400.64 16078.1
1401.04 16063.7
1400.94 16062.4
1401.58 16090.5
1402.32 16068.1
1402.95 16060.9
1403.13 16060.2
1405.63 16150.2
1405.51 16138.7
1405.82 16197.4
1406.4 16205.6
1406.88 16188.4
1406.88 16158.7
1407.72 16140.4
1408.15 16121.4
1408.98 16069.7
1409.57 16054.4
1409.17 16011.2
1410.26 15956.5
1409.76 15919.5
1409.72 15936.1
1409.69 15924.1
1410.33 15913.4
1410.71 15915.4
1410.81 15923.8
1411.43 15922.5
1412.43 15856.3
1415.51 15838.5
1415.57 15841.2
1415.59 15860.8
1415.49 15865
1415.35 15847.8
1417.45 15909.2
1417.63 15981.8
1417.59 16018.2
1419.03 16108.6
1419.24 16083.9
1419.1 16093.1
1419.21 16102
1421.13 16109.7
1421.14 16108.1
1420.98 16138.2
1421.25 16132.6
1421.52 16205.3
1421.57 16226
1421.63 16206.1
1421.56 16181.2
1421.57 16201.1
1421.41 16218.3
1421.22 16224.5
1421.44 16234.2
1421.32 16211.7
1421.29 16205.8
1421.3 16184
1421.14 16175.2
1421.02 16175.7
1422.01 16191
1421.72 16221.6
1421.74 16196.8
1421.85 16185.1
1422.17 16159.7
1422.16 16187.9
1422.11 16178.5
1422.15 16144
1422.64 16094.5
1422.81 16078.4
1422.82 16099.4
1423.06 16123.9
1423.08 16137.9
1423.99 16224.1
1424.06 16181.5
1424.68 16197.2
1430.03 16234.7
1430.04 16215.9
1430.06 16235.4
1432.38 16216.5
1432.43 16257.6
1432.73 16265
1432.74 16254.2
1433.91 16252.7
1434.09 16260.9
1434.13 16252.5
1434.46 16236.6
1441.26 16051.4
1441.42 15861.9
1441.32 15825.5
1441.65 15854.9
1440.94 15807.8
1440.75 15785.6
1442.13 15804.1
1443.13 15865
1443.1 15932.2
1443.1 15931.4
1443.11 15925.7
1442.93 15938.6
1442.95 16025.1
1442.84 16001.9
1443.84 15991.8
1443.62 15985.7
1443.65 16006.3
1443.86 15990.7
1444.06 15962
1444.14 15956.7
1444.62 15959.1
1444.62 15948.6
1444.54 15957.5
1444.65 15946.3
1444.75 15943
1444.76 15940
1444.64 15948.2
1444.53 15957.8
1444.56 15950.2
1445.07 15961.7
1445.25 15964
1445.77 15965.6
1445.74 15944.2
1445.74 15967.7
1445.85 15942.9
1446.3 15956.5
1445.92 15954.1
1445.65 15950.2
1445.5 15908.9
1445.6 15927.1
1445.79 15936.8
1445.92 15921.9
1448.05 15868
1448.27 16169.7
1447.94 16135.4
1448.13 16057.7
1448.59 16074.6
1448.67 16065.9
1448.63 16029
1448.5 16033.1
1448.7 16018.4
1450.43 16009.7
1450.94 15977.8
1450.8 15857.3
1450.84 15830.8
1450.77 15813.6
1452.42 15852.2
1452.26 15829.2
1451.9 15810
1451.85 15794.7
1451.74 15766.2
1452.53 15722.5
1452.52 15669.8
1453.38 15849
1453.46 15829.7
1454.73 15802.1
1454.7 15797.2
1454.56 15810.7
1454.58 15789.9
1459.06 15748.4
1459.02 15690
1459.03 15637.1
1459.12 15631.3
1459.23 15609.2
1459.14 15606.2
1460.2 15577.1
1460.15 15564.7
1460.21 15550.4
1460.6 15534.8
1460.58 15530
1460.57 15528.9
1461.45 15538.3
1462.3 15338.9
1464.21 15812.4
1464.33 15772.6
1464.82 15790
1464.99 15752
1465.1 15795.4
1465.3 15842.1
1465.62 15891.6
1465.61 15877.6
1465.68 15889.3
1465.67 15893
1465.63 15900.8
1465.56 15858.3
1465.55 15852.1
1465.16 15858
1465.68 15893.4
1465.69 15909.8
1465.9 15934.1
1465.82 15942.5
1465.82 15943.7
1465.9 15952.9
1466.15 15954.7
1466.17 15966.8
1466.43 15968.4
1466.83 15983.9
1466.96 16029.1
1466.98 16043.1
1467.13 16055.7
1467.13 16031.5
1467.16 16027.7
1467.21 16041.1
1467.14 16061.5
1467.07 16053.5
1467.11 16062
1467.1 16069.2
1467.1 16061.5
1467.41 16081.9
1467.41 16073
1467.38 16088.3
1467.47 16098.8
1467.45 16088.8
1467.41 16085.6
1467.88 16079.1
1468 16046
1468.01 16064.7
1468.92 16087.3
1468.83 16093.4
1468.67 16100.4
1468.83 16107.1
1468.83 16052
1469.16 16035.8
1470.42 16029.1
1470.82 16037.3
1470.94 16036.4
1470.81 16041.8
1471.79 16054.2
1472.72 16121.1
1472.75 16136.2
1472.76 16139.9
1475.22 16264.2
1475.57 16233
1475.81 16250
1475.77 16183.6
1475.78 16166.4
1476.46 16152.9
1476.43 16148.2
1476.41 16145.9
1476.5 16159.4
1477.33 16162.6
1478 16182.5
1480.29 16205.5
1480.1 16165.1
1480.09 16103.8
1480.55 16143.8
1480.55 16123.6
1480.52 16123.3
1480.73 16132.9
1480.96 16142.5
1481.62 16150
1481.36 16151.5
1481.63 16161.2
1481.94 16184
1482.03 16130.1
1482.17 16137.9
1482.15 16140.4
1482.37 16143.3
1482.97 16129.7
1483.04 16088.9
1482.85 16177.6
1482.84 16135.5
1482.64 16103.1
1482.51 16099.3
1482.47 16088.1
1482.96 16048.4
1483.18 16043.4
1483.2 16036.3
1483.11 15969.7
1483.15 15917.9
1483.23 15865.5
1483.17 15823.6
1483.18 15726.1
1483.17 15696.2
1483.34 15686.1
1483.35 15660
1483.34 15646
1483.2 15646.4
1483.15 15647.7
1482.87 15615
1482.75 15627.5
1482.67 15633.4
1482.79 15674
1482.94 15672.9
1482.63 15667
1482.61 15642.3
1482.63 15634.8
1482.73 15644.5
1482.79 15648
1482.96 15658.9
1483.25 15644.7
1483.25 15655.7
1483.4 15747.2
1483.71 15731.6
1483.76 15715.3
1483.79 15734.4
1483.8 15739.5
1483.88 15749.4
1483.94 15752.1
1483.86 15756.5
1484.04 15753.4
1484.35 15729
1484.24 15785.2
1484.15 15759.5
1484.17 15760.7
1484.26 15765.6
1484.37 15774.4
1484.5 15778.9
1484.65 15771.1
1484.59 15793.1
1484.7 15804.6
1484.7 15804
1484.71 15811.5
1484.44 15811.5
1484.27 15778
1484.63 15784.4
1484.6 15789.3
1484.33 15814.9
1484.37 15811.7
1484.29 15781.7
1484.23 15776.5
1484.02 15747
1484.21 15726.4
1484.22 15705.4
1484.23 15690.9
1484.53 15690.2
1484.45 15681.2
1484.47 15664.7
1484.45 15659.4
1484.6 15657
1484.79 15651.6
1484.83 15603
1485.08 15627.6
1485.08 15635
1485.38 15685.3
1485.43 15694.5
1485.31 15711.6
1485.72 15718
1485.71 15709.9
1485.7 15701.3
1485.63 15698.1
1485.9 15685.3
1485.86 15690.9
1485.83 15656.2
1485.31 15674.8
1485.92 15634.8
1486.22 15641.8
1486.22 15647.3
1485.71 15604
1485.56 15553.4
1485.64 15520.5
1485.82 15477.4
1485.81 15497.6
1485.98 15510.6
1485.61 15480.6
1486.43 15500.5
1486.49 15496.5
1486.55 15498.4
1486.54 15502.8
1486.56 15506.7
1486.51 15540.1
1486.41 15520.8
1486.48 15501.2
1487.05 15507.9
1487.39 15536.2
1487.56 15565.4
1487.85 15577.5
1487.88 15576.3
1487.96 15581.6
1488.08 15585.9
1488.44 15602.5
1488.47 15582.9
1488.7 15572.4
1488.57 15556.5
1488.57 15553.8
1488.63 15554.6
1488.78 15564.5
1488.79 15567.5
1489.78 15565.8
1489.44 15587.2
1489.81 15562.8
1489.73 15558.8
1489.72 15569
1489.83 15565
1489.84 15585.8
1489.73 15598.5
1489.86 15548
1489.86 15584
1489.85 15590.4
1489.72 15611.8
1489.82 15708.3
1489.76 15728.7
1489.86 15735.2
1490.03 15725.3
1490.26 15758.3
1490.6 15754.6
1491 15748.3
1491 15731.8
1491 15747.5
1491.14 15774.5
1490.67 15768.7
1490.72 15785.2
1490.72 15798.8
1490.72 15806.1
1491.23 15810.9
1493.31 15833.4
1493.43 15848.6
1493.88 15812.4
1494.29 15760.6
1494.24 15752
1494.14 15724.5
1494.41 15775.1
1494.02 15764.3
1494.02 15778.4
1494.04 15785.1
1494.03 15801
1494.03 15844.2
1494.04 15861.7
1493.99 15861.5
1493.99 15858.2
1493.75 15868.7
1493.67 15849.8
1493.93 15837.8
1493.86 15820.1
1493.84 15802.7
1494.15 15807.1
1494.76 15772.1
1494.89 15786.4
1494.85 15819.2
1494.86 15796.6
1494.9 15780.6
1495.03 15778.6
1494.96 15761.5
1494.98 15766
1494.59 15754.5
1494.59 15729.5
1494.71 15731.1
1494.73 15744.7
1494.8 15747.5
1494.95 15764.1
1494.56 15727.7
1494.51 15707
1494.5 15720.7
1495.17 15760
1494.96 15767.9
1494.77 15763.2
1495.2 15778.1
1495.31 15776.1
1495.35 15782.7
1495.11 15756.2
1495.05 15765.3
1495.77 15838
1496.1 15793.4
1495.99 15756.7
1496.08 15745
1496.05 15732
1496.03 15725.3
1495.86 15735.3
1495.87 15743.9
1495.62 15759.2
1495.39 15738.5
1495.92 15728.2
1496.04 15722.7
1496.41 15721.7
1496.13 15712.5
1496.16 15713.9
1496.12 15710.4
1496.11 15700.8
1496.21 15693.2
1496.34 15693.8
1496.65 15652.5
1496.68 15680.5
1496.58 15671.5
1496.65 15672.6
1496.91 15655.4
1496.9 15635
1496.92 15622.4
1496.84 15623.9
1496.84 15625.2
1496.81 15632.4
1496.82 15630.4
1496.74 15627
1496.67 15614.8
1496.91 15602.1
1496.74 15613.9
1496.9 15632.7
1496.89 15632.5
1496.95 15629.4
1496.87 15598.8
1496.83 15577.9
1497.14 15564.7
1497.78 15571.9
1497.78 15584.3
1497.85 15598.4
1497.77 15659.6
1497.82 15648.6
1497.8 15634.1
1497.53 15643.6
1497.48 15647.1
1497.59 15646.5
1497.22 15585.9
1497.33 15576.4
1497.33 15583.2
1497.31 15599.6
1497.39 15602
1497.33 15601
1497.35 15603
1497.42 15605.9
1497.64 15603.4
1497.7 15563.8
1497.93 15576.1
1497.94 15580.2
1497.99 15550.8
1497.97 15534
1497.86 15579.9
1497.68 15588.4
1497.85 15571.8
1498.44 15507.9
1498.35 15462.4
1498.14 15454.5
1498.47 15463.3
1498.35 15433.4
1498.34 15431.8
1498.38 15428.1
1498.4 15436.5
1498.12 15421.9
1498.11 15423.3
1498.05 15416.3
1498.04 15428.5
1498.05 15400
1499.03 15364.5
1498.92 15314.3
1499.01 15324.3
1498.97 15347.9
1499.17 15374.1
1499.12 15451
1499.82 15466.6
1499.65 15449.5
1500.16 15421.2
1500.53 15482.4
1500.52 15500.1
1500.65 15501.6
1500.66 15496.2
1500.77 15493.6
1500.75 15494
1500.82 15504.9
1500.87 15536.8
1500.68 15545.7
1500.53 15540.2
1500.53 15547.2
1500.51 15561.2
1500.58 15560.5
1501.48 15759.2
1501.42 15702.1
1501.4 15699.7
1501.43 15703.2
1501.8 15670.2
1502.16 15665.1
1502.17 15663.2
1502.18 15668.2
1502.18 15657.6
1502.21 15651.2
1502.41 15649.2
1502.6 15591.1
1502.71 15590.7
1502.86 15588.7
1502.89 15589.2
1502.9 15588.6
1502.95 15581.1
1503.48 15555.6
1503.33 15556.1
1503.38 15554.2
1503.35 15542.9
1503.36 15534.3
1503.55 15529.9
1503.58 15520.5
1503.6 15516.9
1503.72 15525.2
1503.75 15527.1
1503.78 15604.6
1504.2 15604.7
1503.94 15587.6
1503.95 15575.9
1503.98 15567.3
1503.87 15560.7
1503.99 15533.9
1504.02 15519.4
1504.53 15523
1504.57 15520.5
1504.33 15522.3
1504.36 15529.3
1504.7 15537.8
1504.71 15539.7
1504.91 15536.4
1504.9 15545.8
1504.94 15544
1504.98 15545.1
1504.97 15558.4
1506.84 15544.4
1506.85 15529.1
1507 15515.8
1507.04 15516.6
1507.14 15507.3
1507.37 15513
1507.2 15547.6
1507.16 15541.3
1507.59 15534.7
1507.64 15527.1
1508.34 15523.9
1508.3 15550.9
1508.25 15491
1508.29 15480.9
1508.34 15476.1
1508.42 15475.5
1508.2 15445.2
1508.18 15383.3
1508.18 15385.4
1508.16 15394.4
1508.13 15406
1508.16 15424.5
1508.16 15422.4
1508.15 15415.6
1508.33 15410.5
1508.25 15399.6
1508.48 15399.7
1508.47 15390.2
1508.54 15396.3
1508.76 15395.9
1508.77 15393.9
1508.68 15379.1
1509.18 15392.4
1509.35 15390.1
1509.41 15398.2
1509.46 15376.5
1509.49 15390.7
1509.56 15383.3
1509.83 15373.7
1509.85 15380.7
1509.79 15377.2
1509.89 15393.5
1509.98 15406.2
1510.05 15413.2
1510.04 15416.8
1510.03 15423.8
1510.1 15429.1
1510.18 15427.7
1510.25 15424.8
1510.21 15429.1
1510.61 15416.6
1510.55 15416.6
1510.51 15419.5
1510.61 15425.1
1510.64 15427.1
1510.72 15435.7
1510.47 15341
1510.3 15359.4
1510.28 15336.9
1510.16 15328
1510.15 15315.7
1510.17 15291.8
1510.03 15277
1509.95 15276.3
1509.7 15257.6
1509.69 15235.5
1509.59 15224.1
1509.71 15206.2
1509.64 15198.9
1509.57 15207.1
1509.75 15189.5
1509.78 15188.1
1509.75 15185.7
1509.93 15159.2
1509.92 15172.3
1509.91 15171.2
1509.88 15170.1
1509.85 15168.7
1510.75 15217.3
1510.67 15217.9
1510.94 15225.1
1511.09 15232.5
1511.36 15222.6
1511.42 15226.1
1511.44 15236.5
1511.53 15253.2
1511.69 15251.7
1511.58 15227
1511.56 15228.3
1511.83 15228.8
1511.88 15230.4
1512.05 15256.9
1512.05 15268.8
1511.45 15285.5
1511.42 15295
1511.4 15281.6
1511.37 15284.8
1511.25 15286.4
1511.22 15288.7
1511.13 15299.9
1511.14 15304.3
1511.32 15299.5
1511.32 15297.9
1511.31 15306.2
1511.42 15331.8
1511.41 15344.1
1511.41 15349.5
1511.5 15361.6
1511.49 15368.7
1511.52 15364.6
1511.49 15364
1511.46 15367
1511.69 15382.4
1511.4 15388.9
1511.44 15403.1
1511.34 15409.5
1511.32 15390
1511.27 15371.1
1511.25 15349.3
1511.31 15328.9
1511.53 15337.3
1511.75 15356.2
1511.67 15362.5
1511.7 15347.5
1511.82 15349.2
1511.78 15362.5
1511.19 15370.4
1511.18 15372.3
1511.13 15368.9
1511.25 15386.1
1511.17 15385.9
1511.39 15386.3
1511.4 15380.3
1511.48 15384.5
1511.4 15393.9
1511.27 15403.6
1511.3 15414.4
