35.9298 29.1747
36.9807 36.9141
227.357 1431.42
251.169 3797.2
292.366 3366.37
297.158 3151.42
297.287 2901.21
300.96 2861.12
333.876 3586.58
334.176 3226.51
399.632 4321.14
405.306 4215.44
434.278 3517.56
487.785 5121.92
492.616 4376.85
531.337 3913.77
531.332 3958.53
608.569 4953.23
657.131 5707.59
668.568 5224.41
671.977 4772.36
673.669 4598.46
683.428 4336.02
691.682 5582.69
703.42 5176.42
703.229 4871.59
716.095 5218.7
717.31 5111.9
737.126 5642.04
738.341 6379.94
761.469 7193
775.775 6922.73
776.393 6750.54
776.119 6711.55
792.433 7373.72
794.795 7059.06
812.645 6709.03
854.754 6951.05
856.212 6756.3
857.052 6657.7
864.174 7759.41
890.775 8248.82
896.84 9192.51
897.202 8546.1
941.154 9139.95
966.03 9153.98
977.346 8845.19
980.985 8874.47
980.631 8669.74
983.739 8799.16
986.827 8806.99
998.398 8698.48
1001.15 8547.39
1007.65 9835
1010.57 8619.82
1018.94 8360.73
1019.72 8703.78
1019.73 8524.74
1020.58 8351.12
1028.15 8433.23
1027.18 10317
1026.85 9942.37
1024.62 9620.84
1023.07 9514.31
1025.47 9429.55
1025.17 9480.77
1040.45 9527.4
1047.03 9437.28
1049.56 9205.09
1049.51 9309.34
1050.3 9415.93
1048.41 9371.63
1047.03 9270.1
1046.49 9252.5
1056.27 9294.53
1058.64 9139.6
1062.1 9433.8
1066.77 9615.04
1069.99 9760.55
1072.91 9715.92
1073.67 9756.78
1076.9 9730.27
1084.65 10467.3
1096.11 12030.3
1097.3 12731.1
1096.43 13082.2
1122.05 12538.9
1122.88 12216.9
1123.99 12031.9
1127.25 12513.3
1127.44 11912.7
1125.84 12732.1
1132.4 12947.5
1140.2 14361.6
1141.2 13126
1140.51 12816.2
1141.63 12644.2
1146.39 12464.7
1148.95 12381.1
1153.43 12328.8
1152.49 12193.3
1158.07 12219.1
1158.05 12179.4
1158.39 12110.9
1160.62 12047.2
1163.5 12206.2
1162.59 12178.4
1168.2 12155.5
1170.76 12302.7
1170.18 12327.9
1168.03 12176.9
1169.83 11993.1
1167.46 12131.4
1174.31 12180.1
1173.88 12171
1181.56 12215.2
1181.78 12175.1
1184.77 12405.6
1188.28 12448.2
1187.4 12459.9
1189.37 12496
1190.18 12470.6
1189.93 12607.4
1191.33 12611.2
1196.08 12635.3
1198.76 13032.8
1199.1 13041.1
1198.87 13026.2
1199.21 12986.3
1200.09 13068.5
1200.03 13111.7
1203.49 13255.5
1203.81 13275
1203.55 13314.5
1203.22 13379.5
1205.29 13407.3
1207.88 13684.3
1208.74 13897.5
1209.72 13956
1211.66 13935.1
1213.28 14091.1
1213.83 13994.4
1226.66 14266
1229.08 14420.7
1228.19 14491.9
1234.48 14568.5
1233.98 14570.2
1235.3 14510.6
1234.84 14458.3
1235.6 14512.4
1243.02 14411.4
1243.01 14492.6
1245.65 14555.4
1245.61 14494.7
1246.5 14413.6
1248.88 14450.3
1248.8 14395.8
1247.73 14813.8
1247.16 14591
1247.06 14501
1251.6 15004.8
1251.73 14917.3
1251.55 15024.1
1251.64 15012
1252.01 14980.7
1250.57 15082.1
1250.81 15104.2
1251.54 15153
1250.53 15193.1
1250.86 15324.9
1252.86 15525.8
1255.71 15473.5
1255.69 15409
1255.72 15267.3
1261.54 15581.5
1262.47 16000.5
1262.35 16060.2
1263.08 15889.1
1263.82 15769.9
1265.82 15716.6
1265.1 15932.3
1269.44 16210.3
1270.03 15936.6
1269.99 15817.8
1270.5 15715.7
1270.23 15699.5
1273.14 16255.1
1273.09 16198.3
1273.53 16188.6
1275.28 16292.4
1275.23 16484.5
1275.54 16559.6
1275.4 16617.5
1275.76 16729.4
1275.98 16793.9
1275.78 16789.5
1274.98 16731.1
1278.14 16713.8
1277.34 16773.5
1282.12 16932.1
1281.98 16915.4
1282.6 16970.2
1283.71 17076.3
1284.13 17114.7
1284.9 17180.4
1284.33 17254.1
1284.47 17117.2
1284.92 16997.9
1284.93 16738.8
1284.74 16897.6
1287.49 16811.1
1289.36 16843.8
1293.38 16846.7
1293.68 16943.8
1293.8 16956.4
1295.14 16919.1
1296.34 16964.3
1296.65 17009.9
1297.41 16979.4
1297.47 16963.7
1297.48 17008.8
1297.52 17025.9
1298.08 17115.2
1298.84 17133.7
1298.97 17137.8
1299.61 17144
1299.82 17146
1299.45 17137.5
1300.38 17203.1
1302.22 17296.9
1302.89 17289.7
1302.83 17257.5
1301.94 17365.7
1302.23 17425
1302.38 17397.3
1302.54 17389.9
1304.86 17420
1304.94 17394.2
1304.57 17381.3
1303.65 17401.1
1304.55 17294
1306.24 17295.7
1306.63 17242.9
1307.85 17146.3
1307.79 17181
1308.62 17197.6
1308.67 17217.2
1308.86 17110.8
1309.01 17163.5
1308.49 17331.8
1312 17403.6
1312.04 17345.7
1313.32 17582.9
1313.21 17609.6
1313.89 17525.2
1313.98 17539.4
1314.03 17509.2
1314.77 17438
1317.57 17490.1
1317.94 17481.7
1318.23 17552.4
1318.71 17574
1319.03 17593.6
1320.12 17478.4
1320.01 17540.6
1319.87 17583
1316.62 17680.9
1315.97 17790.1
1316.39 17846.1
1316.76 17846.3
1316.59 17727.3
1317.22 17591.8
1317.04 17554.6
1317.24 17468.2
1317.45 17470.7
1317.39 17475.6
1317.39 17449.2
1317.51 17469.3
1317.52 17485.3
1316.98 17514.8
1317.07 17533.7
1317.04 17440.4
1319.26 17679
1320.48 17667.6
1320.43 17791.7
1320.48 17792.8
1320.6 17762.3
1320.59 17667.9
1320.92 17566.3
1320.6 17551
1320.78 17561
1320.67 17567
1320.64 17601.4
1320.82 17639.8
1322.67 17712.2
1324.27 17767.8
1324.07 17868.2
1323.83 17868.4
1324.01 17869.1
1325.42 17840.4
1326.3 17864.5
1325.93 17861.7
1326.08 17871.5
1327.46 17954.1
1328.12 17989.9
1327.8 17934.8
1328.08 17968.6
1328.04 18013.1
1328.19 18083.4
1328.94 18115.5
1328.95 18149.1
1328.98 18147.7
1328.74 18139.1
1328.56 18273.9
1328.81 18263.2
1329.26 18285.9
1329.18 18380.4
1329.15 18357.5
1329.17 18320.6
1329.75 18257.8
1330.45 18250
1330.6 18293.1
1331.5 18291.8
1332.29 18282.8
1333.15 18291.8
1332.85 18244.6
1332.81 18216.9
1332.47 18398.9
1331.94 18434.4
1334.94 19376.6
1333.58 19380.7
1333.93 19473.3
1334.07 19490.6
1334.32 19521.4
1334.42 19566.6
1334.47 19576.4
1335 19565.4
1335.55 19619.3
1335.29 19582.7
1335.58 19630
1337.52 19501.1
1337.68 19552.6
1338.01 19579.6
1345.68 20200.8
1346 20139.2
1347.5 19674.7
1347.52 19456.8
1354.03 19699.1
1354.23 19596.8
1353.82 19469
1353.7 19445.5
1354.01 19453.8
1353.42 19470.8
1353.54 19463
1353.14 19458.6
1356.62 19628.5
1357.19 19830.2
1357.31 19822.2
1357.9 19887.1
1357.75 19843.3
1357.83 19777.5
1357.77 19751.2
1357.77 19738.6
1357.62 19701.2
1358.32 19688
1358.33 19679.5
1358.07 19698.6
1357.92 19675.2
1358.07 19691.1
1358.14 19696.9
1359.35 19777.2
1359.27 19818.8
1359.33 19791.4
1359.27 19803.9
1359.58 19819.6
1359.04 19777
1358.19 19772.6
1357.44 19867.5
1363.2 19972.6
1363.21 19982.4
1363.27 19822.4
1363.76 19831.5
1363.96 19767.6
1365.81 19820.6
1365.94 19798.3
1367.64 19992.6
1367.64 19933.3
1368.11 19961.8
1368.19 19968.3
1368.13 19981.5
1368.58 19929.1
1369.74 19975.5
1369.72 19943.2
1369.87 19974.2
1370.77 20011.7
1370.8 19898.7
1370.86 19893.6
1370.77 19900.1
1371.25 19884.9
1371.14 19973.6
1371.88 20113.9
1372.37 20138.1
1372.49 20174.5
1372.44 20138.4
1372.34 20115.4
1372.44 20118.4
1372.66 20110
1373.11 20097.9
1373.11 20093.7
1373.11 20097.9
1372.99 20176.1
1372.97 20153.5
1373.23 20154.8
1373.24 20109.5
1375.38 20138.2
1380.87 20228.7
1380.89 20328.9
1380.46 20314
1380.39 20286.4
1380.46 20269.1
1381.37 20320
1381.42 20312.7
1381.23 20251.8
1381.17 20193.1
1382.14 20190.7
1382.17 20144.9
1382.74 20084.6
1383.14 20072.9
1382.34 20059
1382.18 20053.3
1382.29 20050.3
1382.41 20031.6
1382.43 20036.8
1386.22 20082.6
1387.46 20051.9
1392.35 20118.6
1392.35 20112
1392.41 20093.6
1392.72 20099.1
1392.79 20135.8
1397.57 20088.6
1397.91 20198.6
1402.3 20163.6
1402.3 20226.1
1402.12 20139.8
1402.6 20114.1
1402.63 20109.6
1402.4 20173.7
1402.12 20206.1
1402.03 20199.9
1403.83 20174.3
1403.67 20277.1
1404.32 20255.6
1404.3 20228.4
1404.3 20163.5
1404.27 20203.2
1404.37 20249.2
1404.99 20242.2
1404.99 20251.1
1405 20276.6
1406.17 20321.6
1406.32 20293.1
1406.58 20279.9
1407.02 20259.8
1406.6 20259.5
1406.29 20275.8
1411.42 20259.2
1411.39 20182.3
1411.29 20098.8
1411.28 20029.5
1411.91 20029.7
1412.41 20056.8
1412.43 20013.6
1412.61 20023.7
1412.72 20050.2
1413.18 20061.3
1413.21 20084.9
1413.36 20049.4
1413.13 20060.3
1415.4 20140.3
1416.32 20195.4
1416.09 20179.5
1416.07 20152.1
1416.15 20151.4
1416.11 20161.9
1416.88 20149.8
1418.32 20168.7
1421.26 20135.7
1421.38 20209.5
1421.38 20161.8
1420.41 20127.3
1420.46 20154.2
1422.77 20156.9
1422.92 20137.8
1422.61 20241.4
1422.7 20295.2
1423.07 20304.6
1421.91 20297.2
1421.49 20299.7
1421.4 20277.9
1421.6 20309.4
1421.24 20267.9
1421.02 20288.4
1421.09 20289.1
1421.11 20279.9
1421.07 20256.7
1420.98 20221.5
1420.96 20298.9
1421.61 20291
1422.08 20290.9
1421.98 20264.4
1421.99 20304.7
1422.69 20318.5
1422.3 20370.9
1423.7 20343.7
1422.39 20348.8
1422.36 20431.7
1422.97 20453
1423.08 20479
1425.43 20524.3
1422.3 20602.1
1422.81 20644.4
1423.11 20623.3
1423.12 20562.4
1423.04 20564.4
1423.4 20568
1423.68 20545.5
1423.8 20541.9
1424.8 20492.9
1424.94 20506.3
1424.95 20490.8
1425.14 20490.6
1425.6 20469.3
1424.57 20458
1426.41 20492.8
1426.08 20442.5
1426.46 20504.4
1426.5 20656.7
1426.41 20628.7
1426.6 20648.9
1425.69 20692
1425.74 20645.6
1425.78 20637.7
1426.11 20642.1
1429.55 20625.6
1429.33 20644.7
1429.32 20633.2
1429.47 20611.4
1429.41 20568.2
1429.69 20584.6
1429.82 20567.9
1429.84 20586.7
1430.47 20654.9
1430.58 20695.9
1430.68 20738.5
1430.49 20727
1430.51 20746.6
1430.63 20731.8
1430.64 20704.4
1430.73 20712.2
1430.74 20730.1
1430.88 20770.9
1430.89 20786.1
1430.89 20807.4
1430.94 20827
1430.78 20842.6
1431.67 20900.9
1431.54 20970
1432.01 20936.5
1433.05 20824.4
1432.68 20934.9
1433.3 20964.7
1433.4 20983.3
1433.71 20943
1433.73 20930.8
1434.1 20962.4
1433.9 20961.1
1434.17 20983.7
1434.13 20971.1
1434.04 21029.8
1433.88 21102.2
1433.44 21186.8
1433.49 21174.6
1433.51 21134.5
1433.21 21131.3
1435.12 21134.9
1434.98 21157.1
1435.3 21151.2
1435.71 21183.3
1435.7 21157.8
1436.47 21148.3
1436.54 21157.8
1435.16 21266.1
1435.17 21230.1
1435.27 21242.4
1435.33 21251.4
1435.67 21291.5
1435.34 21331.2
1435.35 21338.6
1435.57 21367.4
1435.66 21390.9
1435.74 21396.2
1436.15 21416.6
1436.26 21399.6
1436.16 21338.4
1436.03 21363
1436.17 21386.9
1436.06 21400.9
1435.37 21426.6
1435.32 21370.4
1435.49 21366.9
1435.66 21385.2
1435.69 21394.6
1435.89 21413.1
1435.84 21418.5
1435.76 21425.1
1436 21423.2
1436.13 21411
1436.03 21430.7
1436.07 21413.3
1436.08 21449.3
1435.99 21453.1
1434.97 21455.9
1437.45 21494.6
1437.43 21462
1437.74 21459.4
1437.71 21466.8
1437.6 21425.3
1437.67 21379
1438.01 21401.7
1437.97 21407.9
1437.97 21410.5
1438.08 21400.7
1438.45 21398.3
1438.43 21396.5
1438.5 21401.7
1438.5 21398.6
1438.41 21331.8
1438.5 21342.2
1438.48 21359.4
1438.54 21380.4
1438.53 21384.6
1438.49 21392.3
1440.62 21436.5
1440.38 21564.9
1440.82 21591.2
1440.96 21602.2
1441.21 21574.7
1441.11 21576.6
1440.75 21548.6
1440.89 21564
1440.97 21572.6
1440.81 21573.1
1440.73 21607.2
1440.81 21600.4
1440.43 21642.3
1440.32 21615.3
1440.03 21621.1
1440.26 21639.5
1441.9 21682.9
1441.76 21692.8
1441.89 21660.7
1442.65 21708.2
1442.63 21693
1442.77 21671.7
1443.29 21680.9
1443.31 21705.2
1443.35 21711.5
1443.27 21721.5
1443.43 21751.6
1443.43 21751.7
1443.45 21756.2
1443.68 21731.4
1443.89 21754.9
1443.88 21767.1
1443.88 21768.5
1444.18 21778
1443.28 21779.5
1443.19 21873.8
1443.22 21792.5
1442.87 21836.7
1443.03 21823.6
1442.97 21807.6
1442.96 21839.6
1442.9 21854.6
1442.64 21850.5
1442.37 21891.7
1442.32 22016
1442.46 21899.8
1442.44 21977.2
1445.03 21985.6
1445.17 21999.3
1445.18 21910.5
1444.8 21853.1
1444.78 21825.9
1444.76 21828.7
1444.77 21873.1
1444.9 21842.9
1444.83 21819.2
1444.92 21787.2
1444.8 21754.2
1444.88 21753
1443.89 21748.9
1443.97 21771.7
1444.01 21774.2
1444.02 21766.5
1444.17 21756.8
1444.66 21728.1
1446.41 21757.1
1446.77 21784.2
1446.04 21788.9
1446.21 21797
1446.52 21757.4
1446.55 21763.2
1446.62 21772.3
1446.68 21770
1446.71 21777.9
1447.13 21806.9
1447.11 21826.2
1447.09 21829.4
1447.48 21824.2
1447.29 21750.3
1447.27 21727.8
1447.29 21751.6
1447.27 21754.2
1447.27 21754.2
1447.29 21761.5
1446.79 21763.3
1446.79 21762
1446.64 21744.7
1446.88 21746.6
1446.84 21741.2
1446.82 21740.7
1446.8 21747.5
1446.84 21721.5
1446.85 21660.9
1446.98 21633.4
1446.97 21640.5
1446.88 21669.3
1446.69 21637
1446.72 21648.9
1446.75 21656.2
1446.73 21668.4
1446.58 21647
1446.66 21623.4
1446.64 21625.2
1446.4 21617.6
1446.48 21599.9
1446.12 21553.1
1446.49 21565.1
1446.37 21560.9
1446.99 21559.6
1447.1 21576.6
1447.19 21609.4
1446.67 21685.7
1447.04 21788.9
1447.23 21712.7
1447.26 21688.7
1447.51 21666.8
1447.48 21634.8
1447.46 21621.1
1447.51 21626.4
1447.5 21618.4
1447.61 21637.8
1447.37 21695.6
1447.37 21737.6
1447.28 21736.4
1447.3 21745.1
1447.22 21860.4
1447.42 21890.3
1447.36 21876.5
1447.89 21910.9
1448.47 21919.9
1448.49 21911.2
1448.49 21908.3
1449.42 21905.7
1449.42 21928.1
1449.31 21930.6
1449.18 21926.4
1449.26 21925.2
1449.13 21891.9
1448.57 21990.7
1448.58 22043.4
1448.6 22066.4
1447.77 22249.2
1448.05 22347.7
1448.09 22265.4
1448.09 22259.2
1448.1 22231.1
1448.1 22240.7
1447.92 22286.9
1447.99 22293.6
1448.11 22308.9
1448.17 22303.1
1448.14 22300
1448.08 22275.7
1448.09 22290.5
1447.78 22268.9
1447.7 22322.6
1447.77 22383.2
1447.99 22404.3
1448 22407.5
1447.61 22328.7
1447.72 22288.4
1447.74 22259
1447.3 22324
1447.42 22298
1447.53 22358.7
1447.53 22338.1
1447.48 22349
1447.37 22366
1447.31 22352.3
1446.77 22313.7
1447.15 22354.5
1447.15 22314.6
1447.28 22263.7
1447.27 22276.8
1446.47 22286.3
1446.82 21944.3
1446.23 22094
1446.22 22173.5
1446.47 22207.3
1446.46 22186.5
1446.41 22164
1446.56 22159.8
1446.56 22182.5
1446.55 22171.9
1446.02 22222.3
1446.6 22169.6
1446.65 22165.8
1446.67 22124.2
1446.51 22104.6
1446.52 22070.5
1445.66 22090.4
1445.93 22122.8
1446.43 22177.2
1446.44 22145.7
1446.42 22095.6
1446.42 22049.9
1445.97 22004.2
1445.87 22006.2
1447.49 22046
1447.48 22103.9
1447.2 22106.7
1447.26 22107.4
1447.69 22099.4
1448.54 22124.9
1450.67 22085
1450.18 22100.7
1450.31 22080.9
1450.34 22111.3
1450.56 22079.9
1450.06 22022.1
1450.06 22006.7
1450.06 22019.1
1450.04 22025.9
1450.22 22045.7
1450.54 22036.7
1450.49 22064.1
1450.2 22082
1450.2 22078.6
1450.22 22088.2
1450.14 22101.9
1450.11 22106.9
1450.11 22100.1
1450.57 22118.5
1450.57 22096.2
1450.83 22113.1
1450.7 22115.4
1450.94 22100
1451.01 22078.2
1450.93 22087.3
1451.44 22127.1
1451.26 22134.3
1451.3 22126.4
1451.25 22125
1452.18 21931.1
1453.04 21987.3
1453.15 21972.8
1453.13 21961.5
1453.15 21967.4
1452.99 22006.4
1452.97 22047.8
1452.89 22012.7
1452.78 22024.5
1452.93 22014.3
1453.16 22005.3
1453.19 22016.1
1453.25 22013
1453.19 22018.3
1453.43 22020.5
1453.74 22051.5
1453.85 22061.1
1453.89 22054.5
1453.94 22038.9
1453.96 22070.2
1453.92 22067.5
1455.42 22100.6
1455.32 22126.6
1455.15 22131.2
1455.06 22107.3
1455 22597.9
1454.99 22547.3
1454.92 22536.8
1454.33 22566.3
1454.25 22578.8
1454.82 22577.2
1454.92 22559.9
1455.02 22560.2
1455.38 22572.9
1455.39 22564.8
1455.15 22547.1
1454.22 22582.2
1453.89 22653.1
1453.83 22696.5
1453.83 22728.8
1454.14 22740.6
1454.55 22697.2
1454.58 22657.4
1453.54 22725.6
1454.09 22701.9
1454 22753.4
1453.88 22779.2
1454.25 22863.5
1454.45 22834.8
1454.52 22790.1
1454.42 22742.8
1454.28 22697.2
1454.27 22676.1
1454.1 22654.1
1455.73 22631
1455.79 22658
1456.48 22667.1
1456.53 22657.1
1456.58 22604.5
1456.61 22601.4
1456.75 22614.7
1457.03 22615.2
1456.93 22596.9
1456.82 22545.8
1456.83 22505.7
1456.81 22497.6
1456.45 22505.5
1456.77 22524.4
1456.78 22518.7
1456.71 22527.5
1456.54 22598
1456.53 22609.7
1456.63 22678.6
1456.74 22691.6
1456.72 22702.2
1456.58 22716.1
1456.67 22726.4
1457.04 22686.8
1457.89 22728
1457.91 22727.2
1458.05 22744.5
1457.78 22780.4
1458.14 22757.1
1458.16 22789.1
1458.26 22773.3
1458.75 22776.9
1458.75 22786.1
1458.72 22778.8
1458.13 22795.1
1457.85 22850.1
1457.54 22820.2
1457.9 22822.4
1458.16 22792.9
1457.9 22768.2
1458.03 22762.5
1458.1 22764.2
1458.1 22780.3
1458.26 22810.2
1458.17 22833.5
1458.19 22836.9
1457.6 22953.6
1457.76 23083.7
1458.48 23165.1
1458.34 23181.2
1458.36 23165.8
1458.38 23169
1458.47 23229.5
1458.48 23239.7
1458.47 23227.4
1458.96 23219.5
1458.95 23217.4
1458.95 23200.3
1459.25 23181.7
1459.01 23153.9
1459.11 23153.1
1459.16 23133.3
1458.95 23203.6
1458.95 23282.9
1459.55 23250.7
1459.53 23278.7
1459.33 23301.2
1459.33 23298
1458.86 23314
