167.473 1153.37
256.197 5085.44
270.865 4029.45
273.649 3302.98
273.871 2974.98
323.514 3145.31
378.612 3275.57
496.497 3353.72
541.217 3847.12
541.196 3532.11
537.702 3528.03
540.178 3617.32
664.211 8195.18
728.161 7644.15
729.361 6788.34
795.293 6794.52
798.294 6548.15
801.42 6243.31
801.444 6021.28
841.769 11390
842.795 9290.19
846.93 8915.73
846.663 8543.42
843.115 9244.61
843.044 8894.16
845.998 8535.45
855.22 8783.88
857.332 8883.05
859.529 8655.3
860.977 8784.28
857.188 8667.75
857.964 7949.27
861.373 8337.69
943.292 9734.69
950.615 9463.25
968.59 9755.31
969.136 9318.58
969.667 9172.2
970.752 9003.17
976.765 9589.8
979.348 9674.57
979.47 9551.78
988.383 9417.5
1017.92 11729.6
1019.78 12260.2
1021.31 11903.7
1026.95 12438.8
1040.84 12253.2
1041.35 12195.4
1050.67 13139.4
1048.15 13293.9
1119.89 13355.2
1121.26 13191.4
1126.22 13031.3
1126.99 12674.6
1135.23 14058.3
1152.61 13311.2
1188.3 12999.2
1212.57 13517
1211.9 12847.2
1209.02 12602.4
1214.06 12353.2
1214.19 12173.4
1215.6 12114.6
1236.53 12263.7
1239.37 12131.1
1251.11 12416.1
1250.35 12715.8
1249.44 12611.9
1255.46 12434.1
1253.36 12643.2
1256.16 12737.9
1254.91 13072
1255.39 12909
1254.91 13014.1
1256.67 13222.1
1265.57 13318.7
1266.96 13326.6
1273.73 13371.2
1285.44 13246.8
1284.86 13236.1
1285 13553.3
1287.24 13406.8
1287.4 14268.9
1286.45 13677.4
1289.03 13444.3
1287.41 13277.8
1289.42 13246.7
1293.47 13979.6
1294.15 13642.4
1298.28 13601
1318.63 14550.8
1318.02 14428.4
1322.09 14017.1
1322.18 13894.4
1324.34 14577.5
1324.91 14531.6
1337.73 15036.7
1340.77 15212.8
1341.54 15266.4
1340.94 15328
1341.41 15368.4
1342.19 15404.9
1344.64 15442.9
1345.92 15498.6
1346.71 15514
1345.92 15413
1349.69 15513.9
1349.89 15862.6
1350.54 15855.5
1349.9 15786.9
1351.97 15800.7
1352.6 15771.8
1353.7 15749.4
1356.14 15666.1
1359.7 15657.3
1360.48 15689
1360.93 15678.1
1361.27 15634.3
1361.64 15594.4
1365.65 15553.4
1371.92 16339.5
1371.88 16181
1371.71 16112.3
1373.03 16015.4
1375.55 15976.3
1375.14 15841.8
1375.44 15799.7
1377.56 15725.2
1379.7 15717.8
1382.24 15571.7
1382.24 15504.3
1382.84 15400.4
1385.08 15470.4
1386.34 15535.5
1386.17 15595.4
1385.54 15679.7
1385.49 15757.7
1383.93 15978.1
1384.11 16018
1386 16001.7
1386.2 15896.2
1385.44 15895.3
1384.2 16243.2
1384.65 16157.5
1384.32 16205.8
1384.83 16314.8
1384.46 16365.5
1388.83 17424
1389.25 17217.2
1389.34 17209
1392.97 17094.8
1393.3 17161.6
1398.31 17053.4
1399.49 17113.5
1399.85 17163.4
1399.02 17437.5
1399.6 17332.2
1399.28 17331
1400.45 17455
1400.77 17491.7
1401.35 17501.5
1401.6 17539.9
1403.57 17613.8
1404.46 17645
1404.65 17660.9
1404.97 17715.7
1410.68 17721.3
1411.6 17740.8
1411.67 17723.3
1412.8 17640.5
1415.94 17568.3
1418.44 17604.1
1418.38 17551.7
1418.85 17550.3
1419 17524
1418.84 17567
1418.88 17623.6
1420.47 17606.5
1420.39 17689.4
1420.45 17719.6
1419.64 17801.8
1419.66 17783.4
1419.61 17719.2
1420.07 17684.2
1419.72 17676.8
1419.75 17651.9
1419.69 17585
1419.86 17622.1
1427.53 17656.5
1427.59 17632.1
1430.16 17602.3
1429.91 17624.3
1429.99 17637.1
1431.57 17732.5
1431.57 17913.4
1432.01 17974.2
1432 18136.5
1431.36 18192.8
1439.66 18221.7
1439.88 18194.8
1441.48 18222.4
1440.78 18274.8
1442.38 18328.1
1442.23 18340.2
1445.46 18228.9
1448.92 18235.4
1449.5 17950.3
1449.63 18057.1
1449.72 18094.5
1449.35 18021.4
1449.39 17997.7
1449.38 17936.4
1449.24 17966
1450.8 18024.3
1450.83 17980.4
1450.88 18123.5
1451.01 18089.8
1450.88 18128.4
1451.01 18216.4
1451.84 18307.7
1452.5 18477.1
1452.35 18501.9
1452.43 18544
1453.18 18585.6
1453.19 18596.9
1452.86 18637.6
1452.33 18742.3
1452.26 18786.9
1452.37 18874.3
1452.83 18936.3
1459.07 19233
1459.19 18925.7
1461.96 18841.9
1462.02 18879.6
1462.92 18956.2
1463 18941.5
1465.33 18964.4
1466.12 18928.2
1465.96 18964.4
1465.88 18961.9
1465.85 18947
1466.41 18943.7
1466.2 18960.3
1465.84 18950.1
1465.97 18952.3
1466.9 18979.5
1468.81 18956.9
1469.81 18947.8
1468.65 19082.8
1470.88 19165
1471.46 19222.5
1471.52 19205.7
1468.96 19221.4
1469.05 19285.5
1469.53 19335.3
1469.52 19358.4
1469.47 19374.1
1469.52 19389.5
1468.91 19401
1468.94 19407.7
1469.73 19434.1
1469.35 19628.2
1469.63 19604.3
1469.75 19584.4
1470.87 19592.7
1471.82 19587.9
1474.29 19594.7
1474.92 19672
1475.72 19650.3
1475.76 19612.1
1478.48 19653.9
1478.99 19659.1
1479.31 19619.8
1479.77 19999.7
1480.67 19958.7
1482.04 20025.7
1482.2 20026
1482.5 20002.9
1482.64 19992.7
1482.6 20314.6
1482.57 20328.8
1484.35 20657.5
1484.46 20753.2
1483.83 20822
1484.79 20802.9
1487.14 20869
1487.06 20942.7
1487.08 20970.4
1488.57 20992.8
1489.11 21074.8
1489.77 21048.4
1489.68 21087.6
1489.98 21100.2
1490.91 21097.6
1490.65 21071.6
1493.78 21143.4
1493.87 21136.5
1493.77 21167.3
1493.73 21122.9
1492.81 21080
1492.55 21100
1492.96 21071
1493.21 21042.4
1494.11 21018.3
1494.78 21020.3
1494.28 21079.2
1494.42 21087.8
1495.08 21032.1
1495.18 21030.1
1496.51 21033.4
1496.8 21057.7
1496.74 21056.4
1496.6 21040.8
1496.52 21035.9
1497.95 21030.5
1498.1 21033.2
1498.02 21009.6
1498.88 20914.4
1498.37 20956.9
1498.1 20984.6
1498.49 20997.7
1498.87 21037.5
1499.85 21138.6
1499.78 21066.4
1499.92 21078.5
1499.83 21087.8
1502.2 21082.9
1501.9 21320.4
1501.92 21378.1
1503.73 21464.9
1503.76 21456.8
1503.66 21616.6
1503.67 21616.2
1504.36 21625.8
1505.78 21623.2
1505.66 21580
1505.93 21555.3
1505.43 21549
1508.29 21547.4
1508.32 21577.8
1508.27 21618.6
1508.9 21601.6
1508.51 21658.4
1508.52 21637.8
1508.64 21671.5
1508.51 21556.9
1512.64 21469.5
1513.04 21516.7
1513.66 21552.1
1513.54 21522.5
1514.27 21562.6
1514.16 21607.4
1514.18 21626.3
1514.11 21668.3
1514.79 21676.5
1514.98 21708.1
1514.91 21920.6
1515.11 21884.4
1515.01 21908.6
1515.01 21922.2
1518.15 22013.2
1517.55 22208.9
1518.25 22283.8
1518.7 22194.4
1518.87 22191.9
1519.44 22225.9
1520.13 22284.7
1520.36 22289.1
1520.47 22288.3
1520.76 22300.4
1520.92 22305.4
1520.23 22328.9
1523.1 22527
1523.29 22447.1
1523.6 22471.5
1523.72 22499.7
1523.8 22545
1524.74 22575.2
1524.61 22602.4
1524.54 22612.8
1524.19 22644
1523.88 22665
1524.25 22745.5
1524.36 22724.4
1526.93 22855.3
1526.83 22809.1
1532.68 22988.4
1533.48 22889
1533.51 22826
1533.86 22820.6
1533.75 22819.3
1533.63 22881.5
1533.62 22907.5
1534.97 23038.9
1534.99 23096
1534.77 23123.5
1534.56 23157.7
1534.59 23147.9
1537.07 23181.5
1539.7 23284.3
1540.53 23386.6
1540.55 23496.3
1540.49 23568
1542.73 23502.2
1543.25 23497.4
1543.58 23535.6
1544.12 23538.6
1545.44 23556.9
1545.44 23537.9
1545.31 23524
1550.16 23591.3
1550.13 23566.1
1554.93 23551.4
1556.15 23474.5
1567.17 23544.8
1567.12 23492.8
1570.5 23598.7
1571.12 23552.3
1578.9 23771.5
1592.15 23452.6
1593.6 23501.9
1593.21 23528.5
1593.71 23511.8
1596.69 23583
1596.25 23568.9
1598.08 23564.2
1598.17 23539
1598.4 23515.5
1601.06 23475.9
1604.81 23418.2
1605.04 23490.4
1609.93 23567.7
1609.96 23507.5
1611.08 23459.9
1611.49 23427
1611.48 23422.1
1609.95 23506.1
1610.63 23571.6
1609.9 23476.3
1610.36 23483.3
1612.54 23533.1
1610.88 23520.3
1612.48 23540
1614.32 23548.1
1620.22 23577.2
1620.48 23544
1620.51 23534.9
1622.84 23493.2
1622.96 23528.1
1624.02 23485.2
1624.02 23532.7
1621.8 23571.7
1621.89 23632.9
1629.48 23696.8
1629.47 23739.5
1629.54 23713.4
1629.44 23713.1
1630.18 23725.6
1630.53 23716.8
1631.93 23752.2
1631.82 23743.3
1631.98 23748.6
1631.94 23743.4
1632 23755.5
1640.63 23820.9
1640.58 23757.7
1641.28 23721.4
1641.65 23691
1642.26 23687.8
1642.7 23696.2
1643.67 23669.3
1644.95 23653.6
1645.73 23639.1
1645.87 23650.1
1645.89 23643.7
1646.53 23590.1
1646.51 23570.1
1646.24 23551.9
1649.49 23606.5
1649.24 23558.2
1653.14 23622.6
1653.52 23593.3
1656.45 23649.3
1656.47 23624.8
1656.13 23591
1656.07 23595.4
1660.05 23699.9
1662.98 23714.6
1663.01 23728.8
1662.98 23732.4
1662.79 23727.8
1662.55 23706.1
1662.71 23702.3
1662.66 23692.4
1663.08 23641.4
1663.07 23617.6
1666.15 23658.8
1666.55 23648
1670.85 23650.5
1670.84 23609.3
1671.19 23559
1671.23 23533.8
1671.22 23474.8
1671.2 23447
1674.95 23463.9
1675.06 23334.7
1676.43 23378.7
1676.53 23368.3
1677.02 23377.9
1679.76 23339.2
1679.51 23353.6
1684.24 23647.8
1685.82 23110.1
1686.3 23126.5
1686.29 23112.8
1687.24 23126.6
1690.3 23196.8
1690.41 23140.7
1690.72 23118.9
1690.77 23119.6
1692.76 23135.8
1692.77 23131.2
1692.84 23130.2
1692.84 23117.9
1693.4 23154.1
1693.12 23157
1693.14 23108.8
1693.17 23107.6
1693.17 23101
1694.26 23140.9
1694.23 23105.5
1694.19 23111
1694.22 23096.5
1694.93 23099.7
1695.04 23094.6
1694.92 23092.2
1694.94 23078.7
1695.01 23050.9
1695.03 23046.2
1694.92 23058.6
1694.93 23059.8
1694.74 23054.5
1694.68 23090.8
1694.68 23128.2
1694.49 23185.6
1694.44 23206.5
1694.55 23185
1694.55 23190.2
1694.59 23230.4
1694.82 23202.6
1694.62 23207.7
1694.64 23200.8
1694.76 23240.8
1694.77 23243.3
1694.69 23264.5
1694.68 23284.2
1694.89 23356.3
1694.83 23359.4
1693.08 23356.4
1694.29 23344.9
1694.27 23322.6
1694.37 23314.5
1693.86 23330.5
1693.92 23358.1
1694.7 23416.8
1694.74 23385.8
1695.95 23415.7
1696.04 23405.6
1695.87 23391.2
1696.08 23386.7
1696.22 23368.6
1696.21 23343.2
1695.83 23319.2
1697.66 23333.3
1697.63 23312.8
1698.5 23353.3
1697.8 23441.2
1697.81 23370.4
1697.92 23335.9
1697.98 23342
1698.89 23338
1698.98 23333.1
1698.94 23320.6
1698.94 23310
1700.53 23300.6
1700.5 23278.9
1700.1 23264.6
1700.21 23283.9
1700.6 23285.7
1700.51 23301.8
1700.81 23294.8
1700.47 23297.2
1700.48 23298
1700.49 23304.2
1699.77 23312.3
1699.81 23334.5
1700.69 23347.2
1700.45 23365.4
1700.17 23388.5
1700.52 23425.7
1700.53 23459
1701.64 23531.3
1701.9 23564.3
1701.83 23578
1701.75 23600.5
1701.73 23601
1701.72 23599.5
1701.62 23583.8
1701.66 23595.4
1701.77 23608
1701.73 23617.6
1701.62 23635.8
1701.82 23676.8
1702.49 23723.1
1702.91 23701.1
1702.55 23688.9
1702.54 23694.4
1702.52 23692
1702.53 23689.1
1702.54 23680
1702.54 23696.3
1702.55 23678.4
1702.51 23671.9
1702.81 23661.2
1702.81 23649.5
1702.94 23637.6
1702.94 23652
1702.9 23652.9
1702.89 23652.7
1703.71 23796
1704.09 23986
1704.16 23919.7
1704.56 23910.5
1704.63 23902.3
1704.55 23899.5
1704.74 23914.4
1704.86 23935
1704.88 23929
1704.99 23932.3
1704.99 23950.4
1705.33 23951.3
1705.33 23952
1706.04 23946.4
1706.13 23965.6
1706.17 23955.4
1706.14 23941
1706.17 23935.3
1706.33 23932.2
1706.34 23927.3
1706.35 23937
1706.62 23946.3
1707.59 24003.4
1708.98 24001.1
1709.56 23989
1709.76 23995.7
1709.83 24025.8
1709.79 24015.4
1710.34 24014.9
1709.97 24005.3
1709.96 24008
1709.92 24011.8
1709.93 23995
1710.76 23997.2
1710.79 23973.5
1710.81 23957.1
1710.19 23959.8
1710.19 23941.7
1709.94 24042.9
1710.22 24029.5
1710.15 24054.5
1710.16 24052
1709.89 24055.6
1709.96 24046.5
1709.99 24101.2
1710.72 24139.1
1710.91 24142.9
1710.82 24141.4
1711.01 24151.8
1711.17 24138.7
1713.65 24152.9
1713.55 24111.4
1713.76 24103.5
1713.7 24088.1
1713.68 24074.9
1713.88 24076.3
1714.39 24107.1
1714.39 24095.5
1714.56 24098.2
1714.73 24111.8
1714.58 24112.8
1714.61 24088.6
1714.63 24026.5
1714.6 23957.6
1715 24047.1
1715.61 24077.4
1718.06 24130.2
1718.05 24163.4
1718.24 24200.1
1718.68 24194.5
1719.79 24205.9
1719.82 24167.2
1719.81 24151.8
1719.96 24154.2
1720 24152.7
1720.43 24215
1720.49 24210.4
1721 24175
1721.1 24184.4
1721.13 24161.3
1721.36 24167.5
1721.25 24189
1721.22 24184.1
1722.96 24345.5
1722.2 24397.6
1722.54 24415
1723.2 24404.1
1723.18 24390.5
1723.2 24379.7
1723.86 24397
1723.79 24390.7
1723.83 24372.1
1724.35 24377.1
1725.29 24400.6
1725.3 24400.2
1725.12 24411.5
1725.14 24402.8
1725.05 24375.1
1724.69 24370.6
1724.67 24368.9
1725.49 24387.7
1725.99 24413.6
1728.16 24361.6
1728.24 24388.7
1728.43 24402.8
1728.28 24394.3
1728.25 24396.6
1728.36 24392.5
1728.7 24379.9
1728.52 24381.1
1729.47 24363.6
1729.59 24362.5
1729.63 24346.7
1732.9 24367
1732.91 24368.6
1733.94 24358.1
1733.98 24331.1
1734.18 24399.7
1734.23 24399.6
1734.33 24414.8
1734.21 24436.1
1734.31 24436.9
1734.3 24436.1
1734.14 24454.2
1734.57 24455.1
1734.87 24449.6
1735.12 24455.1
1735.34 24456.1
1735.5 24445.1
1735.44 24435.1
1735.41 24424.6
1735.56 24421.1
1735.59 24411.7
1735.4 24418.3
1735.34 24404.9
1735.33 24382.3
1735.33 24373.1
1735.59 24372.2
1735.58 24365
1737.14 24319.1
1737.56 24375.2
1737.56 24362.5
1737.68 24365.6
1737.66 24406.9
1737.66 24410.8
1737.75 24413.1
1738.51 24395.9
1738.79 24415
1738.85 24412.7
1738.98 24402.3
1739.19 24414.2
1739.26 24434.8
1739.3 24419.9
1739.31 24422.1
1739.22 24429.2
1739.31 24395
1739.71 24422.3
1739.69 24419.8
1739.29 24422.3
1739.58 24433.4
1739.65 24436.2
1739.45 24440
1739.27 24456.1
1739.15 24372.6
1739.26 24349.2
1739.35 24360.6
1739.23 24369.7
1739.37 24361.4
1739.4 24375.7
1739.68 24344.1
1739.78 24360.3
1739.31 24362.4
1739.32 24360.4
1739.31 24358.3
1740.89 24382.6
1740.87 24335.9
1740.89 24331.6
1740.88 24326.1
1740.82 24332.5
1741.04 24313.7
1740.94 24325.2
1740.56 24320
1740.63 24321.5
1740.61 24320.7
1740.52 24348.3
1740.53 24346.2
1740.58 24346.6
1742.13 24350.7
1742.13 24365.7
1742.21 24360.4
1742.23 24361.9
1742.47 24364.5
1742.54 24358
1742.52 24353.3
1743.02 24372
1742.96 24368.4
1742.96 24363.6
1742.9 24374.4
1742.73 24373.1
1742.98 24387.4
1742.99 24375.7
1743 24379
1744.06 24379.2
1744.07 24417.2
1744.1 24423
1743.9 24421.9
1744.3 24387.9
1744.26 24431.3
1744.3 24454
1744.3 24533.4
1744.26 24523.4
1744.28 24525.6
1744.24 24522.7
1744.28 24542.7
1744.38 24540.4
1744.29 24529.7
1744.48 24579.9
1744.7 24563.1
1744.7 24555.7
1744.58 24574
1745.54 24556.7
1747.05 24607.1
1747.05 24602.3
1747.65 24585.6
1747.68 24610.2
1747.91 24629.4
1749 24638.8
1748.98 24612.9
1748.72 24600.2
1748.37 24624.1
1751.29 24680.2
1752 24682.8
1751.97 24685.5
1752.25 24676.5
1752.2 24667.4
1752.39 24629.3
1752.29 24655.9
1752.42 24651.2
1752.64 24665.8
1752.65 24677.3
1752.4 24690.3
1752.41 24717.2
1752.41 24732.1
1753.64 24761
1753.63 24879.6
1753.84 24899.2
1753.2 24985.4
1755.04 24974.9
1755.21 24967.3
1754.9 24995.6
1754.9 25022.7
1754.7 25012.3
1754.7 24998.5
1754.94 25006.9
1755 25009.1
1755 25012.1
1755.42 25012.2
1755.34 25001.6
1755.31 24989.4
1755.36 24934.9
1755.4 24930.2
1755.69 24926.6
1755.26 24950
1755.29 24982.4
1755.52 24994
1755.48 25004.5
1755.48 25001.8
1755.49 25006.6
1755.38 25010.3
1755.44 25027.3
1756.04 25034.6
1755.9 25040.8
1756.31 25040.7
1756.25 25034.5
1756.26 25043.1
1756.24 25045.4
1756.26 25046.9
1756.28 25050.9
1756.24 25073.1
1756.21 25093
1756.21 25091.2
1756.2 25081.8
1756.64 25111.6
1756.87 25105.5
1757.06 25089.3
1757.06 25093.5
1757.09 25221.2
1757.18 25280.4
1757.19 25306.2
1757.19 25314.4
1756.98 25327.1
1757.08 25325.9
1757.04 25352.8
1757.01 25355.1
1757 25337.6
1757.26 25334.5
1757.24 25337.8
1757.56 25332.1
1757.56 25325.4
1757.91 25315.1
1757.97 25322.3
1757.96 25318.9
1757.58 25320.9
1757.59 25337.8
1757.57 25341.6
1757.58 25363.2
1757.58 25393.6
1759.1 25419.6
1759.12 25421.9
1759.12 25421.8
1759.34 25379.8
1759.27 25355.2
1759.3 25371.1
1759.29 25321.8
1759.21 25332.3
1759.21 25339.2
1759.22 25351.6
1759.51 25348.7
1759.47 25316.9
1758.98 25265.1
1760.39 25253.7
1761.01 25317.2
1761.09 25332.2
1761.64 25320.7
1762.29 25348.1
1762.01 25349.5
1761.96 25395
1763.47 25440.6
1764.04 25414.5
1764.02 25421.5
1764.02 25409.3
1765.46 25399.9
1765.47 25401.7
1765.55 25402.7
1765.71 25416.4
1766.07 25414
1766.13 25421.2
1766.19 25408.6
1766.49 25361.6
1766.57 25381.8
1766.59 25375.6
1766.67 25387
1766.67 25388.9
1766.49 25395.8
1767.48 25422.4
1767.22 25449.5
1767.23 25432.7
1768.03 25424.3
1768.17 25424
1768.04 25422.9
1768.32 25358.1
1768.4 25335.9
1768.39 25368.5
1768.44 25364
1768.44 25368.7
1768.56 25434.7
1768.51 25473.9
1768.47 25471.4
1768.46 25468.6
1768.37 25471.6
1768.38 25477.1
1767.75 25489.1
1767.78 25544.4
1767.78 25561.2
1768.33 25563.9
1768.39 25565.5
1768.79 25514.8
1768.87 25520.5
1769.06 25543.7
