404.738 1016.13
405.918 878.453
513.861 2240.24
533.938 1826.48
537.083 1704.74
562.614 2604.03
572.871 2483.93
589.93 2327.55
605.225 2590.98
612.496 2219.86
633.315 2339.02
633.684 2122.42
635.309 2418.32
634.441 2895.25
668.489 2576.72
668.784 2908.7
669.363 2800.16
741.073 2835.55
743.437 3081.24
766.619 3798.06
794.247 3455.43
801.335 3555.84
840.061 4485.4
842.724 4234.35
851.281 4597.73
852.515 4480.58
852.296 4579.37
871.954 4406.19
901.045 5843.42
902.846 5378.42
901.364 5332.28
916.4 5165.61
924.521 5507.86
949.472 5625.99
963.421 5521.47
964.204 5582.6
964.171 5467.59
964.522 5533.32
990.392 6878.68
992.28 6528.79
993.674 6627.53
1029.83 7193.45
1033.36 7403.28
1033.98 7172.1
1090.07 6983.88
1106.13 8089.8
1123.35 8144.96
1131.29 8876.09
1190.2 8853.56
1189.37 8804.43
1195.37 8350.5
1196.6 8272.61
1197.25 8229.03
1202.24 8135.98
1210.14 8154.5
1213.21 8107.69
1216.41 8089.35
1220.26 8011.39
1215.12 9227.57
1211.13 9178.13
1207.12 9827.28
1227.59 9789.1
1236.33 9785.78
1238.24 9447.4
1236.24 9332.9
1236.87 9133.5
1237.24 9105.59
1241.51 9273.58
1243.04 9103.24
1244.04 9052.9
1258.96 9064.33
1260.55 9087.91
1259.17 9454.49
1262.59 9374.12
1262.75 9646.36
1284.88 9647.15
1287.32 9560.16
1291.97 9407
1291.69 9284.5
1292.37 9157.42
1298.73 9475.94
1301.29 9322.16
1299.91 11689.9
1298.38 10998.2
1299.01 10731.3
1303.2 10461.6
1304.19 10307.2
1301.78 10757
1303.01 10652.5
1301.77 10571.6
1303.23 10511
1303.8 10544.2
1303.42 10647.1
1303.79 10576.1
1312.7 10513.8
1312.92 10548
1313.7 10493.2
1315.47 11074
1315.36 10929.7
1315.23 10875.5
1321.06 10573.6
1322.37 10517.4
1322.93 10365.7
1324.01 10235
1324.08 10178.1
1324.22 10121.4
1324.68 10067
1325.28 10005.2
1330.18 9979.58
1332.07 9925.23
1332.32 9896.85
1339.51 9977.56
1338.81 10101.3
1347.49 10323
1344.42 10626.4
1344.18 10526.4
1346.29 10394.9
1349.18 10371.7
1356.67 10804.1
1358.15 10761.8
1358.53 10780.3
1361.23 10617.2
1382.29 10680.6
1382.78 10711.9
1382.94 10695.2
1391.97 10576
1392.68 10753.4
1392.66 10655.8
1392.91 10624.6
1394.27 10568.2
1393.72 10695.2
1400.92 10653.4
1401.44 10598.2
1401.35 10581.4
1400.38 10568.6
1399.65 10563
1400.86 10536.4
1400.1 10977.6
1400.74 10992.5
1401.01 10970.3
1403.83 11267.4
1404.43 11367.3
1404.3 11712
1404.39 11638.7
1411.65 11591.9
1412.68 11680
1412.85 11809
1413.1 11878.3
1413.85 11866.5
1414.18 11919.9
1412.37 11849
1412.37 11776.2
1412.37 11716.5
1412.85 11894.5
1413.72 12244.2
1413.93 12026.1
1414.39 11948.4
1414.28 11850.5
1417.37 11770.5
1417.57 11751.3
1418.67 11787.5
1418.78 11778.8
1419.23 11773.6
1419.65 11813.1
1422.7 11672.2
1422.77 11685.7
1423 11695
1449.08 12095.5
1456.74 11458.3
1459.36 11516.5
1459.44 11512.3
1467.36 11565.3
1467.35 11481.6
1468.25 11764.4
1468.37 11726.2
1468.31 11757.7
1467.78 11778.8
1467.84 11803.7
1467.8 11815.6
1468.39 11816.9
1468.43 11825.9
1471.08 11785.3
1473.7 11685
1473.88 11722.9
1473.95 11692.3
1474.05 11652.9
1478.93 11790.7
1479.02 11706.7
1479.39 11718.4
1479.37 11710
1480.88 11756.4
1481.54 11702.2
1481.6 11754
1481.7 11765
1481.74 11829.6
1482.61 11758.8
1482.7 11792.3
1485.69 11829.8
1488.52 11825.4
1490.24 11898.7
1490.26 11893.8
1490.06 11850.4
1489.95 11888.4
1489.73 11752.3
1489.83 11713.5
1489.77 11729
1489.61 11755.9
1491.19 11745.3
1491.54 11743.3
1492.07 11727.6
1491.3 11806.9
1491.17 11867.5
1491.92 11873.6
1491.96 11835.5
1492.52 11806.9
1495.89 11820.4
1496.17 11794.1
1496.15 11802.7
1502.81 11663.9
1502.82 11738.7
1502.75 11706.8
1502.68 11699.6
1501.88 11795.9
1503.49 11790.1
1505.16 11743.8
1504.3 11799.3
1503.96 11778.1
1503.92 11784.4
1503.47 11793.9
1503.34 11788.9
1503.84 11796.1
1504.12 11795.6
1504.79 11777.9
1504.77 11811.4
1507.17 11877.3
1508.1 11816.2
1508.09 11821.2
1508.21 11828.4
1508.05 11824.8
1508.29 11812.6
1508.31 11839.6
1508.26 11851.6
1508.26 11864.4
1508.72 11870.3
1508.83 11932.4
1507.93 11950.8
1508.05 11959.2
1509.57 11978.8
1508.87 11960.4
1509.78 11909.9
1509.47 11952.7
1509.54 11949.4
1509.59 11962
1509.66 11963.7
1510.08 11960
1510.07 11955.8
1510.07 11952.6
1509.97 11917.3
1510.96 11878.6
1510.91 11883.7
1510.8 11900
1510.99 11896.1
1510.99 11906.1
1510.6 11920.4
1510.54 11945.7
1510.76 11932.7
1511.09 11844.6
1511.09 11877.8
1510.58 11894.9
1510.83 11941.7
1510.65 11922.9
1511.5 11918.1
1511.62 11910.2
1511.56 11929.5
1511.1 11934.5
1510.72 11971.6
1512.23 11954.1
1512.18 11924.4
1512.01 11897.6
1512.01 11870.3
1511.92 11851.4
1511.95 11830.3
1512.04 11832.6
1512.3 11832.8
1512.31 11840.4
1512.16 11831.9
1512.34 11824.5
1512.08 11840
1512.5 11873.4
1512.62 11931.5
1512.66 11935.2
1512.64 11964
1512.58 11980.8
1511.92 11914.4
1511.57 11916.4
1511.37 11909.7
1511.49 11891.6
1511.77 11893
1511.73 11876.8
1511.72 11885.4
1511.74 11906.6
1511.76 11918.4
1511.75 11933.5
1511.67 11992.5
1511.76 12005.5
1511.36 12029.4
1511.39 12029.9
1511.28 12055
1511.24 12058.7
1511.63 12121.7
1511.4 12155.9
1511.43 12184.5
1511.43 12220.2
1511.03 12308.1
1511.38 12331.3
1510.67 12363.8
1510.61 12378.4
1510.97 12400.6
1511.16 12385.6
1510.78 12379.8
1511.15 12361.5
1511 12369
1511.09 12417.6
1511.45 12446.5
1511.15 12458
1511.1 12492.5
1511.72 12740.8
1511.55 12708.4
1511.38 12649.8
1511.56 12629
1512.07 12991.3
1512.24 12897.1
1512.41 12865.2
1512.79 12860
1512.8 12839.2
1512.81 12833.7
1513.11 12789.6
1513.11 12786.8
1513.17 12741.3
1513.57 12733.2
1513.8 12698.5
1514.47 12680
1514.61 12678.6
1514.38 12624.5
1514.74 12614.2
1514.88 12606.2
1514.96 12600.3
1514.72 12608.8
1515.13 12619.1
1514.99 12599.7
1515.18 12596
1515.42 12551.2
1517.67 12511.4
1517.84 12520.7
1518.15 12536.6
1519.01 12568.2
1518.63 12587.9
1518.49 12598.7
1518.22 12589.9
1518.24 12609.4
1518.95 12633.5
1518.99 12630.8
1518.99 12624.3
1519.36 12645.4
1518.98 12685.7
1518.98 12686.1
1518.97 12680.8
1519.07 12666.5
1518.98 12670.7
1518.25 12701.8
1518.25 12682.6
1518.25 12688.8
1518.5 12683.1
1518.59 12699.7
1518.88 12729.5
1519.42 12811.5
1519.61 12809.2
1519.69 12810.5
1519.86 12814.7
1519.86 12814.3
1520.53 12889.4
1520.32 12850.7
1520.42 12897.2
1520.72 13003.2
1521.39 13006.9
1521.22 12979.9
1520.75 12992.5
1520.95 12982.6
1521.02 12981.7
1521.1 12989
1521.15 12978.2
1521.21 12964.4
1521.86 12982.7
1521.7 12980.9
1521.63 12958.9
1522.32 12974.3
1523.35 12946.5
1523.36 12958.8
1523.42 12963.6
1523.63 12949.7
1523.72 12963.9
1523.69 12953.5
1523.64 12957
1523.73 12962.1
1524.57 12951.3
1525 12937.7
1525.19 12943.9
1525.28 12965.5
1525.51 12999.8
1525.5 13023.6
1525.3 13042.8
1525.3 13051
1525.24 13047.4
1525.53 13024.4
1525.54 13037.2
1525.7 13046.3
1525.8 13051.4
1525.79 13056.8
1525.71 13060.6
1526.06 13070.4
1526.03 13077.3
1526.13 13086.7
1526.19 13084.4
1525.23 13033.1
1525.27 13048.3
1525.13 13030.1
1525.15 13043.4
1525.01 13063.8
1525.33 13035.3
1525.31 13064.9
1525.4 13073.3
1525.24 13077.7
1525.45 13083.3
1525.8 13080.3
1526.29 13081.2
1525.96 13069.8
1526.77 13075.8
1527.6 13054.7
1527.47 13028.6
1527.43 13045.3
1527.35 13061.5
1527.35 13071.2
1527.29 13080.9
1526.99 13101.4
1527.09 13026.5
1526.89 13069.9
1527.12 13121
1526.54 13097.7
1526.44 13143.1
1526.49 13137.8
1526.26 13146.3
1526.79 13285.9
1526.88 13292.8
1526.88 13220.3
1526.89 13199.3
1526.68 13192.1
1526.86 13113.9
1526.79 13092.8
1526.51 13114
1526.71 13161.8
1526.26 13226.5
1526.45 13231.5
1526.49 13247.8
1526.62 13244.8
1526.62 13250.5
1526.64 13271
1527.47 13277.3
1527.95 13281.5
1527.87 13283.7
1528.19 13233.3
1527.84 13156.5
1527.97 13121.1
1528.05 13100.1
1528.28 13062.3
1528.25 13067.5
1528.37 13051.1
1528.56 13000
1528.59 13040
1528.54 13072.1
1528.82 13093.3
1528.99 13123.1
1529.25 13154.6
1529.71 13193.1
1529.56 13228
1529.69 13176.1
1530.32 13169.5
1530.36 13179.3
1530.42 13175.1
1530.33 13179.7
1530.72 13193.3
1531.32 13214.1
1531.34 13207.1
1531.48 13214.7
1531.49 13218.6
1531.59 13221.6
1531.53 13212
1531.9 13199.3
1531.87 13210.8
1531.64 13217
1531.58 13210
1531.52 13199.7
1531.61 13209.1
1531.57 13214.8
1532.02 13234.4
1532.08 13203.7
1532.04 13216.3
1532.23 13245
1532.24 13232
1532.31 13248.9
1532.45 13254.4
1532.71 13292.2
1532.76 13310.1
1532.71 13329.2
1533 13308.3
1533.05 13312.5
1532.89 13315.2
1532.9 13298.8
1532.9 13274.1
1532.92 13246.8
1533.15 13214
1533.17 13166.6
1532.96 13151.6
1532.88 13153.5
1532.88 13150.8
1533.35 13127
1533.4 13110.4
1533.43 13115.4
1533.17 13116.4
1533.31 13110.2
1533.57 13260.2
1533.71 13301
1533.93 13318.9
1533.97 13336
1534.02 13356.2
1533.98 13406.6
1533.83 13425.5
1533.81 13449.8
1533.97 13453.5
1534.14 13452.9
1534.58 13456.5
1534.69 13466
1534.78 13479.8
1534.85 13486.4
1534.86 13477.1
1534.86 13472.1
1534.7 13450.9
1534.58 13455.9
1534.72 13462.2
1534.73 13508.2
1534.49 13627.5
1534.5 13615.1
1534.49 13637.7
1534.48 13634.4
1534.5 13619
1534.67 13592.8
1534.84 13575.5
1534.87 13571.7
1534.89 13580.6
1535.17 13545.8
1535.56 13645.9
1535.75 13682.3
1536.15 13721.3
1536.2 13736.9
1536.81 13752.2
1536.8 13756.8
1537.07 13750.7
1537.42 13746.6
1538.49 13781.4
1538.51 13748.4
1538.55 13752.9
1538.6 13762.2
1538.56 13736.2
1538.61 13678.6
1538.41 13687.2
1538.42 13683.9
1538.42 13669.1
1538.18 13654.6
1538.06 13642.8
1537.97 13635.2
1538.02 13628
1538.56 13640.7
1538.31 13566.6
1538.28 13435.4
1538.27 13397.1
1538.51 13404
1538.53 13416.2
1538.55 13411.2
1538.74 13406.6
1538.79 13379
1539.11 13384.5
1539.56 13364.1
1539.54 13370.5
1539.49 13354.3
1539.48 13333.8
1539.56 13327.7
1539.62 13333.7
1539.64 13354.4
1539.64 13286.1
1539.59 13276.9
1539.56 13296.7
1539.75 13280.7
1540.05 13260
1539.95 13268.1
1539.78 13250.5
1539.55 13257.7
1539.55 13240.8
1539.76 13210.4
1539.49 13214.8
1539.48 13223.2
1539.47 13233.8
1539.37 13232.3
1539.43 13224.1
1539.66 13215.5
1539.56 13201.9
1539.58 13199.3
1539.68 13189.4
1539.53 13199.3
1539.48 13198.1
1539.57 13197.7
1539.89 13188.3
1540.12 13220.9
1540.12 13232.7
1540.17 13252.5
1540.19 13259.1
1540.13 13270.1
1540.24 13275.1
1540.55 13207.7
1540.55 13157.2
1540.52 13165.7
1540.52 13157
1540.88 13829.6
1540.64 13734.5
1540.39 13693.9
1540.44 13651.5
1540.44 13667.9
1540.55 13678.3
1540.66 13690.9
1540.67 13702.2
1540.6 13705.5
1540.29 13714.3
1540.7 13779.6
1540.84 13769.6
1540.71 13766.8
1540.55 13750
1540.54 13757.7
1540.66 13793.4
1540.6 13779.1
1540.93 13807.2
1540.79 13806.1
1540.9 13807.1
1540.68 13826.9
1540.99 13854.1
1541.18 13869.7
1541.75 13873.8
1541.8 13892.4
1541.86 13910.4
1541.89 13933.4
1542.19 13957.8
1542.45 13975.9
1543.22 13978.8
1543.31 13976.8
1543.35 13969
1543.62 13957.2
1544.44 13972.2
1544.45 14003.6
1545.27 14078
1545.19 14105.2
1545.15 14107.9
1545.63 14127.5
1545.57 14145.8
1545.71 14204
1545.71 14135.9
1545.48 14102.9
1545.28 14125.1
1545.24 14100.4
1545.06 14096.4
1545.06 14101.5
1545.09 14096.1
1545.99 14133.3
1546.03 14100.6
1546.17 14075.1
1546.09 14060.2
1546.09 14056.1
1546.06 14059.1
1545.85 14004.8
1546.08 14028.8
1546.63 14034.7
1546.77 14041.9
1546.76 14039
1547.21 14047.4
1547.17 14011.1
1547.17 13982
1547.21 13973.4
1547.2 13958.6
1547.53 13957
1547.46 13946.8
1547.35 13939.4
1547.39 13931.3
1547.39 13926.7
1547.38 13925
1547.89 13841
1547.78 13835.8
1547.94 13896.7
1547.94 13911.5
1547.93 13904.8
1547.92 13897.8
1547.87 13903.1
1547.93 13881.3
1547.89 13789
1547.77 13767.6
1547.78 13794.6
1547.79 13815.6
1547.78 13822
1547.76 13819
1547.65 13816.7
1547.66 13800.4
1547.65 13809.7
1549.25 13830
1549.22 13820.6
1549.22 13803.4
1549.41 13802.6
1549.75 13885.8
1550.18 13863.9
1550.3 13817.5
1550.23 13792.2
1550.29 13736.7
1550.27 13741.3
1550.37 13768.7
1549.91 13850.8
1549.81 13911
1550.05 13919.2
1550.05 13928.9
1549.5 13971.6
1549.55 14003.8
1549.61 14006
1549.67 14013.7
1549.79 14015.3
1550.06 14012.7
1550.01 14019.8
1550.24 14021.1
1550.36 14012.9
1550.56 13997.5
1551.21 14017.7
1550.97 14005.5
1550.96 14011.6
1550.75 14025.6
1550.75 14041.2
1550.68 14036.8
1550.66 14038.6
1550.75 14037.9
1550.68 14000.4
1550.62 13974.8
1550.63 13991.8
1550.71 13999.5
1550.71 14012.3
1550.89 14030.7
1550.9 14038.4
1551.94 14074
1551.9 13983.6
1551.93 13983.1
1551.99 13976.7
1551.86 13968.8
1551.86 13963.6
1551.84 13955.7
1551.84 13962.1
1551.83 13949.4
1551.82 13939.8
1551.76 13934.6
1551.88 13936.4
1551.85 13935.7
1551.97 13934.4
1551.99 13931.8
1552.15 13999.7
1552.16 13959.8
1552.12 13940.1
1552.14 13939.2
1552.13 13913
1554.32 13645.2
1554.38 13736.7
1554.54 13707.5
1554.53 13693.6
1554.77 13801.8
1554.83 13786.8
1555.12 13790.7
1556.34 13804.6
1556.19 13830
1556.09 13834.3
1555.96 13838.1
1555.63 13771.7
1555.74 13832.2
1555.9 13838.7
1556.06 13883
1556.09 13864.9
1555.89 14099.7
1555.9 14086.3
1556.56 14106.1
1556.43 14088.4
1556.7 14100.7
1556.86 14097.1
1556.88 14120.7
1556.98 14146.8
1557.78 14378.2
1557.78 14351.6
1557.84 14339.2
1557.59 14318.9
1557.59 14356.9
1557.61 14368.6
1557.61 14375
1557.53 14351
1557.53 14343.7
1557.43 14314.5
1557.43 14288.8
1557.48 14281.6
1557.52 14281
1557.92 14308.9
1558.02 14306.7
1557.91 14264.1
1557.94 14250.9
1558.13 14246.1
1558.1 14249.9
1558.08 14252.7
1558.07 14252.7
1557.79 14220.3
1557.82 14234.1
1558.81 14247
1558.94 14264.3
1558.94 14285.2
1559.01 14282
1559.17 14289
1559.07 14280.6
1559.06 14276.1
1559.07 14277.8
1559.07 14278.3
1559.14 14297.4
1559.34 14324.2
1559.36 14342
1559.36 14347.9
1559.36 14343.1
1559.19 14342.5
1559.07 14334.8
1559.01 14309.4
1559.02 14308.8
1559.07 14320.8
1558.82 14296.9
1559.15 14264.5
1559.09 14286
1559.13 14274.6
1558.98 14299
1558.81 14310.9
1558.87 14323.9
1558.85 14317.8
1558.86 14307
1559.12 14277.7
1559.04 14258.7
1559.03 14256.7
1559.61 14265.8
1559.67 14267.8
1559.23 14284.9
1559.21 14280.8
1559.23 14272.6
1559.08 14281.8
1559.46 14270.9
1559.85 14271.2
1559.75 14262.6
1559.84 14250.1
1559.85 14224.3
1559.78 14220.5
1559.83 14227.9
1560.04 14224.3
1559.92 14218.9
1560.13 14173.7
1560.12 14167.8
1560.27 14165.3
1560.19 14158
1560.56 14196
1560.47 14170.5
1560.38 14165.8
1560.43 14155.3
1560.47 14144.2
1560.61 14120.5
1560.66 14108.2
1560.75 14077
1560.75 14059.8
1560.47 14056.3
1560.25 14101.3
1560.29 14082
1560.12 14056.7
1560.09 14126.9
1560.07 14112.9
1559.93 14092.9
1559.62 14044.8
1559.74 14049.9
1559.98 14048.6
1559.82 14027.3
1559.79 14038.7
1559.81 14009.2
1559.7 14105.1
1559.72 14124.1
1559.61 14134.1
1559.47 14131.9
1559.42 14128.6
1559.47 14086.8
1559.49 14058.4
1559.3 14078.2
1559.38 14081.3
1559.64 14097.2
1559.52 14086.7
1559.52 14080.4
1559.51 14084.3
1559.49 14085.9
1559.59 14086.9
1559.67 14094.8
1559.66 14104.6
1559.66 14107.5
1559.96 14068.7
1560.06 14066.3
1560.07 14075.8
1560.12 14075.7
1560.16 14095.6
1560.14 14099.3
1560.2 14114
1560.21 14110.8
1560.2 14100
1560.13 14073.9
1560.22 14064.6
1560.09 14079.2
1560.11 14105
1560.37 14113.2
1560.38 14109.1
1560.38 14113.9
1560.33 14107.2
1560.28 14103.6
1560.18 14087.4
1560.38 14084.3
1560.33 14051
1560.33 14040.2
1560.21 14035.1
1560.62 14029.1
1560.52 14011.9
1560.6 14002.1
1560.59 13997.1
1560.59 14006.7
1560.51 14024.8
1560.52 14026.5
1560.52 14006.4
1560.46 14020.4
1560.52 14033.5
1560.38 14055.6
1560.38 14072.1
1560.13 14100.1
1560.46 14106.7
1560.53 14077.1
1560.58 14078.7
1560.69 14076.9
1560.68 14081.5
1560.73 14091.9
1560.82 14093.5
1560.98 14133.4
1561.09 14115.2
1561.34 14116.8
1561.36 14145.5
1561.36 14146.9
1561.84 14185.9
1561.66 14140
1561.84 14143.2
1561.89 14150.4
1561.99 14165
1562.05 14177.5
1562.25 14187.4
1562.28 14197.9
1562.43 14191
1562.3 14207.7
1562.24 14193.1
1562.25 14190.1
1562.37 14193.5
1562.38 14181.6
1562.28 14164.5
1562.23 14154.7
1562.24 14156.6
1562.35 14153
1562.3 14152.4
1562.63 14139.8
1562.94 14135.9
1562.95 14134.8
1562.93 14148.2
1563 14140.3
1562.98 14141.8
1562.98 14137.9
1562.95 14135.5
1562.95 14127.9
1563.01 14118.6
1563.06 14082.4
1563.05 14088.1
1563.04 14090
1562.85 14085.6
1562.89 14085.7
1562.83 14085.1
1562.82 14046.7
1562.66 14060.7
