180.307 300.219
222.061 1910.94
268.099 2017.74
282.73 1911.8
283.519 1725.56
287.88 1660.21
288.873 1619.23
289.188 1556.66
308.777 1975.75
467.539 3467.19
503.819 3331.9
504.59 2928.07
505.631 2850.89
505.669 2708.88
508.98 2636.1
514.732 2675.99
532.478 2693.11
532.763 2641.48
562.503 3176.09
561.344 3223.93
579.901 3297.61
586.622 4313.14
649.85 4498.37
665.763 4549.16
675.481 4598.82
687.459 4942.39
691.158 5352.39
699.746 5337.75
713.847 5562.41
739.275 5330.44
829.239 7767.53
828.147 7328.04
826.348 8035.11
822.093 7936.82
821.911 7949.03
830.97 8669.64
831.218 8385.37
830.901 8650.43
831.713 8480.42
863.143 9519.97
876.511 10131.6
877.518 9191.55
921.121 11660.3
960.12 10375
963.784 9916.75
978.448 9646.32
979.001 9164.07
978.996 9176.72
1080.25 9597.77
1081.78 9298.01
1091.82 9693.54
1092.06 10085.4
1097.01 9740.84
1096.13 9659.02
1095.13 11117.2
1101.23 10493.1
1102.59 10208.2
1111.83 10157.3
1111.44 10054.2
1112.01 9946.09
1110.45 9858.77
1115.87 9949.3
1115.82 9904.3
1115.79 10109
1116.88 9935.72
1125.11 10124.6
1135.01 10319.6
1135.39 10295.5
1137.33 10237.4
1141.49 10182.7
1140.77 10268.5
1146.25 10280.5
1163.79 10401.8
1173.58 10337.7
1173.33 10235.9
1176.76 10455.6
1184.75 10361.4
1186.99 10246.9
1186.12 10237.7
1188.32 10182.6
1188.73 10265.1
1188.91 10275
1189.98 10311.8
1189.36 10232.9
1190.68 10264.5
1189.8 10296.2
1192.99 10282.2
1192.54 10275.9
1201.21 10280.3
1211.03 10544.7
1218.6 10723
1224.73 10408.5
1224.61 10403.8
1224.8 10313.9
1230.59 10321.4
1234.2 10366.6
1233.95 10539.9
1236.27 10712.2
1237.05 10657.4
1240.04 10553.9
1248.8 11001.7
1251.23 11080.2
1253.6 11027.8
1255.42 11069.6
1259.43 11023.7
1269.08 12119.5
1269.17 12107.1
1272.81 11865.2
1272.96 11783.5
1273.6 11677.8
1288.14 12412.7
1296.22 11963.1
1294.75 11559.1
1294.32 11360.2
1295.44 11203.7
1296.13 11106.4
1296.1 11069.3
1301.91 11290.5
1301.63 11085
1301.72 11052.6
1304.87 11036.9
1305.31 11105.9
1309.34 11194.8
1308.95 11012.7
1309.25 11023.2
1307.25 11143.8
1307.8 11268.1
1307.16 11469.7
1306.92 11756.4
1309.47 11800
1309.93 11766.9
1310.48 11797
1312.56 11748
1312.3 11913.7
1312.23 11809.3
1312.51 11860.7
1311.61 11999.2
1311.65 12084.7
1311.68 12109
1311.84 12098.4
1318.52 12006.7
1317.74 12229.3
1317.31 12357.8
1317.91 12460.7
1317.83 12446.7
1320.33 12653.2
1321.27 12508.6
1321 12776.1
1320.2 12736.8
1320.15 12655.3
1321.12 12660.5
1320.99 12687.9
1321.02 12728.6
1321.14 12743.2
1321.06 12692.5
1321.43 12629.6
1321.54 12693.2
1321.57 12720.8
1321.62 12749.6
1321.21 12721
1322.3 12617.4
1323.04 12641.3
1323.72 12670.6
1323.51 12687.4
1324.63 12668.1
1324.63 12715.9
1324.77 12724.2
1325.06 12699.3
1325.66 12629.3
1325.63 12613.2
1325.56 12587.1
1326.54 12886
1327 12799.9
1327.01 12769
1329.71 12743.1
1329.36 12770.9
1329.22 12740.4
1333.88 12851.9
1334.48 12907.5
1334.41 12983.5
1334.72 13011.2
1335.73 13116.3
1335.51 13082.6
1336.46 13008.8
1336.26 13005.8
1336.39 12992.4
1337 12951.6
1337.78 12947.1
1337.77 12947.4
1338.3 12934.5
1338.08 12881.4
1339.56 12908.9
1339.52 12894.8
1339.72 12899.8
1342.48 12979.6
1343.86 13020.6
1343.7 12983.3
1345.05 12963.4
1344.75 13109.1
1344.53 13119.3
1343.71 13126
1343.81 13095.3
1343.66 13104.5
1343.98 13121
1344.08 13194.8
1344.11 13202.3
1343.76 13216.1
1343.74 13229.6
1343.79 13223.9
1344.55 13231.9
1345.16 13251.4
1347.9 13364.9
1347.95 13519
1347.91 13425.7
1347.94 13370.9
1347.83 13363.7
1347.56 13384
1347.44 13388.3
1348.27 13376.6
1348.3 13354.8
1347.8 13413.4
1347.63 13464.3
1348.51 13397.8
1351.49 13469.6
1352.08 13458.7
1352.25 13450.5
1352.01 13438.6
1351.89 13454.3
1353.29 13380.6
1353.56 13389.9
1354.37 13431.3
1354.37 13453.3
1354.53 13475.3
1354.38 13487.9
1354.19 13514.5
1354.23 13511.6
1353.16 13511.1
1352.76 13533.2
1352.86 13521.6
1352.89 13506.1
1353.35 13508.5
1353.07 13403
1352.25 13432.9
1352.31 13469
1352.44 13457.9
1352.48 13458.2
1352.55 13456
1352.76 13456.9
1352.8 13431.2
1352.7 13454.2
1352.86 13448.3
1352.31 13424.3
1352.23 13422.7
1353.45 13455.2
1353.74 13433.5
1353.84 13434.2
1353.82 13437.5
1353.81 13450.8
1354.36 13451.4
1354.4 13469.5
1354.32 13464.1
1354.23 13427.4
1353.91 13471.4
1353.39 13647.1
1353.58 13757.1
1355.51 13787.7
1355.9 13688.8
1355.06 13649.4
1355.11 13637.8
1355.26 13645.9
1355.61 13713.3
1355.22 13747.4
1355.28 13728.2
1355.05 13738.3
1355.16 13768.9
1355.25 13786.8
1355.11 13813.8
1355.86 13842
1356.15 13838.4
1356.18 13818.8
1355.98 13832.5
1355.99 13857.1
1355.8 13880.6
1355.9 13926.3
1355.97 13966.7
1356.99 14094.4
1357.03 14193.4
1357.57 14201.7
1357.8 14225.3
1361.32 14360.4
1361.23 14374.8
1360.93 14400.1
1361 14405.9
1361.07 14417.3
1361 14411.8
1361.35 14481.8
1361.37 14793.1
1361.26 14828.7
1362.1 14841.4
1362.97 14790.1
1363.09 14728.3
1363.17 14747.4
1363.28 14730
1363.41 14727
1363.32 14695.3
1363.31 14681.9
1363.8 14717.5
1364.24 14747.6
1369.11 14963.3
1369.01 14882.7
1369.02 14834.3
1369.1 14838.5
1371.5 14913.1
1371.74 14858.1
1372.37 14994.9
1372.36 14996.4
1372.76 14991.7
1372.78 15002.4
1372.5 15093.6
1372.85 15131.6
1372.77 15096.1
1372.62 15117.1
1372.76 15143.7
1372.47 15128.6
1373.03 15130.6
1373.35 15138.4
1372.92 15092.9
1372.74 15104.1
1372.43 15072.5
1372.99 15110.7
1373.2 15070.6
1373.21 15050.3
1373.21 15038.3
1373.41 15046.2
1373.16 15017.8
1373.81 15000.5
1373.8 14966.4
1373.81 14946
1373.79 14928.9
1373.58 14988.5
1373.86 15036.7
1373.88 15055.1
1373.76 15080.8
1374.35 15179.3
1375.6 15248.4
1375.59 15250.6
1375.72 15259.7
1375.72 15279.1
1375.74 15290.1
1375.98 15310.7
1377.02 15346.8
1376.82 15367.8
1376.93 15454.6
1376.96 15488.2
1377.74 15472.1
1377.55 15444.6
1377.55 15342.9
1377.32 15351.7
1378.43 15375.3
1378.3 15375.5
1378.05 15407.6
1378.58 15422.3
1378.5 15416
1378.52 15406.8
1378.78 15405.9
1379.36 15382.3
1379.55 15356.7
1379.57 15361.8
1379.2 15360
1379.19 15346.3
1378.81 15335.6
1378.77 15374.6
1378.87 15409.1
1378.69 15421.3
1378.8 15386.6
1378.72 15388.2
1378.86 15429.2
1378.7 15403.2
1379.82 15443.9
1379.73 15439.4
1379.86 15463.8
1380.76 15463.9
1381.3 15425.5
1381.34 15411.9
1381.28 15406.5
1382.06 15443.4
1382.34 15421.5
1382.03 15371.2
1382.23 15371.9
1382.14 15354.1
1382.12 15331.1
1382.17 15313.8
1382.46 15320.6
1382.38 15302.4
1382.4 15272.5
1382.34 15307.4
1382.44 15302.2
1382.77 15310.4
1382.86 15392.2
1383.74 15416.2
1383.8 15428.3
1383.52 15298.9
1383.67 15263.7
1383.58 15274.8
1383.51 15265.2
1383.22 15270.6
1383.22 15232.3
1383.22 15199.4
1382.95 15176
1383.11 15188.8
1383.07 15160.8
1383.4 15140.3
1383.77 15199.2
1383.79 15245.5
1383.4 15228.2
1383.18 15291.5
1383.16 15337.3
1383.12 15355.5
1383.11 15377.5
1383.21 15390.9
1383.15 15394.4
1383.16 15382.5
1382.89 15398.1
1383.01 15423.8
1383.28 15457.7
1383.56 15490.3
1383.59 15511.6
1383.4 15546.4
1383.51 15582.6
1383.63 15609.1
1383.54 15610.7
1383.09 15610.4
1383.57 15612.9
1383.68 15627.2
1383.9 15662.4
1384.1 15686.3
1384.5 15700
1384.35 15679.7
1384.98 15710.8
1385.26 15717.4
1385.33 15682.2
1385.31 15666.8
1385.35 15658.7
1385.39 15680.4
1385.32 15686.5
1385.49 15673
1385.38 15694.4
1385.31 15687.1
1385.37 15679.4
1385.04 15679.6
1385.09 15677.6
1385.39 15668.4
1385.38 15670.9
1385.25 15675.7
1385.44 15796.2
1386.34 15801.9
1386.14 15803.7
1386.13 15844.6
1386.06 15791.7
1386.73 15735.6
1387.03 15765.7
1387.02 15738.5
1387.23 15749.9
1387.25 15812
1386.99 15720.6
1387.01 15647
1386.98 15594.3
1387.16 15555
1387.08 15521.4
1387.48 15484.8
1387.44 15485.2
1387.47 15483.1
1387.74 15464.1
1387.97 15461.5
1388.14 15518
1388.19 15506.3
1388.15 15440.3
1387.47 15390.2
1387.41 15447.1
1387.34 15432.3
1387.48 15443.7
1387.54 15427.8
1387.58 15447.6
1387.41 15476.8
1387.44 15510.8
1387.05 15629.2
1386.95 15719.7
1386.95 15706.9
1387.01 15715.3
1386.92 15736.9
1386.93 15718.3
1388.25 15751.9
1388.09 15714.3
1388.12 15690.3
1388.19 15682.5
1387.94 15674.1
1388.74 15696.3
1388.6 15693.3
1388.79 15667.8
1388.86 15703.9
1388.89 15720.8
1388.84 15741.6
1388.33 16292.4
1387.53 16590.7
1387.52 16649.9
1387.73 16726
1387.84 16713.2
1387.79 16714.7
1387.75 16725.7
1387.75 16744.2
1387.77 16765.4
1387.51 16804.4
1387.46 16773.9
1387.46 16752.6
1387.33 16731
1387.31 16735.1
1387.62 16763.2
1387.58 16773.1
1386.92 16870.7
1386.52 16874.4
1387.25 16874
1387.05 16869.1
1387.05 16850.7
1387.02 16866.1
1387.03 16862.2
1387.97 16886.8
1387.97 16885.5
1387.99 16874
1388.01 16863.9
1387.96 16836.5
1388.74 16799.6
1388.64 16813.5
1388.61 16808.3
1388.6 16771.3
1388.17 16757
1388.91 16740.3
1388.74 16726.7
1388.46 16740.5
1388.58 16776.1
1388.83 16799
1388.55 16745.6
1389.36 16764.4
1389.97 16825
1390.1 16857.5
1390.11 16856.2
1390.3 16847.8
1391.89 16846.4
1391.88 16794.7
1392.04 16803.5
1392.1 16798.7
1391.84 16812.9
1391.33 16819.2
1391.28 16789.9
1391.23 16794.2
1391.09 16815.9
1391.11 16857
1390.56 16895.9
1390.74 16935.8
1390.82 16967.7
1390.74 16996.6
1391.12 17027
1390.79 16892
1390.76 17022.8
1390.84 17000.9
1390.54 17042.1
1390.51 17053.2
1390.5 17071.6
1390.34 17119.9
1390.35 17120.6
1390.44 17107.3
1389.74 17170.6
1389.64 17163.1
1389.61 17150.7
1389.91 17203.5
1390.23 17231.2
1390.26 17221.1
1390.5 17226.5
1390.5 17231.2
1392 17291.8
1391.99 17297.1
1391.9 17277.7
1392.19 17416.5
1391.94 17379
1391.83 17384
1392.07 17402.6
1392.16 17454.8
1392.02 17462.5
1392.02 17491.1
1392.09 17502.2
1391.85 17513.5
1391.87 17508.6
1391.86 17533.2
1391.86 17552
1391.85 17547.7
1391.57 17537.6
1391.58 17470.8
1391.52 17466.9
1391.71 17480.3
1391.84 17467.6
1391.89 17435.7
1391.84 17400
1391.8 17408.3
1391.82 17394.5
1391.19 17355.5
1390.86 17333.8
1392.77 17343.3
1392.77 17328
1392.74 17374.9
1392.64 17347.8
1392.63 17404.3
1392.68 17415.5
1392.32 17409.4
1392.06 17339
1391.97 17235.6
1392.44 17204.4
1391.76 17196.7
1391.67 17250.4
1391.71 17262.6
1391.62 17270.8
1391.79 17278.6
1392.09 17275
1392.08 17279.4
1391.85 17307.4
1392.19 17385.9
1392.27 17370.5
1392.15 17382.4
1392.13 17390.2
1392.23 17438.8
1392.37 17398
1392.43 17396.7
1392.44 17378.5
1392.32 17311.1
1392.35 17253.7
1391.81 17150.8
1391.9 17224
1391.81 17195.9
1391.21 17196.5
1391.87 17206.1
1391.69 17155.2
1391.72 17139.6
1393.16 17171.5
1393.19 17056.6
1393.16 17036.9
1393.8 17050.1
1393.79 17031.3
1393.8 17027.5
1393.72 17000.9
1394.41 17010.2
1394.18 17018.8
1394.36 16996.8
1394.2 17000.3
1395.15 17033.4
1395.43 17078.8
1395.46 17088.2
1395.14 17066.7
1395.44 17190.2
1395.46 17201
1395.54 17208.5
1395.36 17187.4
1395.3 17285.8
1395.32 17243.4
1395.35 17248.1
1395.37 17263.9
1395.3 17272.2
1395.35 17273.9
1395.32 17285.3
1395.41 17265.8
1395.56 17257.8
1395.56 17262
1395.55 17238.9
1395.71 17233.5
1395.42 17228
1395.61 17223.9
1395.46 17226
1395.76 17229.4
1395.7 17244.8
1395.48 17247.1
1395.11 17241.5
1395.02 17214.7
1394.93 17216.4
1394.95 17215.4
1394.74 17201.1
1394.69 17201.7
1394.67 17197.6
1394.52 17200.1
1394.43 17215.1
1394.13 17219.9
1394.24 17218.3
1394.3 17220.9
1394.26 17215.4
1394.28 17219.9
1394.12 17228.3
1394.2 17222.3
1394.27 17221.1
1393.85 17233.6
1394.04 17232.5
1394.15 17237.7
1394.15 17230.7
1394.15 17230.6
1394.81 17331.3
1394.87 17339.8
1395.39 17345.8
1395.26 17359.6
1395.31 17365.5
1394.77 17394.4
1394.95 17389.9
1394.95 17394
1394.95 17397
1395.09 17407.5
1395.03 17413.1
1395.22 17687.7
1395.18 17665.8
1395.7 17672.8
1395.5 17682.6
1395.78 17700.3
1395.88 17699.6
1396 17692.1
1396.11 17675.9
1396.12 17693.7
1396.25 17653.3
1396.16 17739.5
1396.45 17763.3
1396.75 17762.6
1396.89 17784
1397.6 17809.9
1397.4 17802.8
1397.54 17789.1
1397.68 17780.1
1397.57 17752.2
1397.76 17764.4
1397.75 17788.6
1397.72 17774
1397.89 17764
1397.91 17742.4
1398.38 17735.9
1398.41 17731.8
1398.37 17755.8
1398.42 17751
1398.84 17722.8
1399.3 17719.4
1399.4 17718.7
1399.51 17714.4
1399.39 17681.1
1399.7 17655.2
1399.74 17659.1
1399.72 17660.1
1399.87 17641.1
1399.66 17645.2
1399.65 17641.2
1398.87 17561.3
1399.03 17581.4
1399.27 17575.1
1399.34 17565.9
1398.34 17646.8
1397.9 17683.5
1398.09 17647
1398.13 17630.6
1398.16 17627.6
1398.16 17619.3
1398.48 17593.1
1398.12 17570.5
1398.16 17589.5
1397.93 17587.4
1398 17609.3
1397.9 17642
1398.08 17647.5
1398.32 17615.4
1398.3 17627.9
1398.3 17649.8
1398.27 17654.1
1398.52 17647.4
1398.65 17616.4
1398.36 17598.1
1398.33 17597.1
1398.42 17583.4
1398.33 17568.7
1398.33 17542
1398.52 17536.5
1398.55 17530.6
1398.55 17532.2
1398.88 17490.9
1399.09 17486.4
1399.13 17480.1
1399.07 17460.3
1399.06 17429.5
1399 17405.5
1399.19 17397.9
1399.2 17392.9
1399.2 17391.6
1399.23 17390.3
1399.25 17399.7
1399.34 17391.3
1399.34 17382.4
1400.05 17395.9
1399.87 17398.8
1399.84 17395.6
1399.95 17361.6
1399.75 17325.9
1399.38 17312.4
1399.57 17274.4
1399.58 17273.1
1399.7 17265.9
1399.76 17287.5
1399.76 17301.6
1399.87 17336
1400.01 17353.3
1400.57 17379.1
1400.6 17404.7
1400.69 17418.4
1400.98 17410
1401.15 17385.6
1401.15 17395.6
1401.06 17397.4
1401.33 17406
1401.74 17384.2
1401.74 17384.1
1401.81 17371.6
1401.68 17366.6
1401.84 17366.4
1401.9 17363.7
1401.91 17373.8
1401.57 17361.3
1401.58 17362.7
1401.79 17427.5
1401.79 17413.3
1402.09 17390.2
1402.21 17398.8
1402.22 17393
1402.14 17406.5
1402.16 17410.8
1403.33 17422.9
1403.43 17401.3
1403.59 17502.6
1403.1 17545.2
1403.12 17567.1
1403.25 17563
1403.37 17565.9
1403.1 17530.5
1403.37 17541.8
1403.58 17539.7
1403.56 17581.3
1403.25 17652.3
1403.24 17660
1403.52 17672.6
1403.62 17655.2
1403.62 17652.1
1403.54 17642.3
1403.72 17641.7
1403.76 17637.9
1403.83 17639.3
1403.89 17644.9
1404.26 17626.5
1404.58 17664.1
1405.41 17681.4
1405.4 17679.4
1405.98 17688.9
1405.51 17713.7
1405.49 17687.2
1405.51 17719.4
1405.39 17757.6
1405.22 17806.6
1405.16 17835
1404.96 17734.7
1405.82 17782.9
1405.89 17817.8
1405.67 17849.8
1405.25 17796.7
1405.16 17803.8
1405.01 17799.1
1405.02 17809.8
1405.11 17814.5
1404.41 17827.8
1404.26 17842.7
1404.41 17855.1
1404.37 17862.2
1404.48 17911.5
1404.81 17930.6
1404.63 17935.5
1404.5 17940.9
1404.52 17944
1404.82 17965.7
1404.8 17987
1405.37 17988.7
1405.55 18063.2
1405.52 18055.4
1407.52 18105.1
1407.6 18157.7
1407.47 18150.5
1407.32 18123.9
1407.26 18114.7
1407.28 18119.2
1407.13 18274.6
1407.62 18276.4
1407.56 18252.9
1407.43 18262.3
1408.68 18308.4
1408.77 18291.4
1409.48 18296.1
1409.91 18305.7
1410.02 18299.2
1409.95 18292.3
1410.14 18277
1410.62 18303.7
1410.52 18283.8
1410.39 18303.8
1410.5 18311.6
1410.34 18243.6
1410.3 18255.1
1410.39 18264.5
1410 18246.1
1409.99 18227.2
1409.75 18241.6
1409.78 18247.8
1409.8 18278.7
1409.81 18257.8
1409.82 18244.4
1409.46 18257
1409.71 18253.7
1410.25 18255.2
1410.26 18249.9
1410.54 18245.7
1410.47 18211.9
1410.54 18207.4
1410.58 18204.8
1410.56 18185.4
1410.68 18181.7
1410.9 18183.8
1411.09 18180.7
1411.11 18180.6
1411.05 18180.7
1410.96 18142.7
1410.94 18145.1
1410.94 18132.9
1411 18114.5
1411.25 18112.9
1411.22 18102.7
1411.18 18118.3
1411.18 18133
1411.2 18099.2
1411.21 18087.3
1411.21 18078.4
1411.36 18089.4
1411.43 18086.4
1411.47 18074.9
1411.44 18097.5
1411.49 18102.9
1411.56 18117.9
1411.54 18122.3
1411.79 18277.1
1411.65 18283.6
1411.52 18416.2
1411.5 18349.5
1411.51 18365.8
1411.64 18382.5
1411.36 18378.7
1410.94 18378.3
1410.96 18373.8
1411.25 18389.3
1411.25 18412.3
1411.3 18424
1411.38 18439.4
1411.25 18415
1411.44 18399.7
1411.44 18390.3
1411.36 18386.8
1411.15 18353.6
1411.22 18343.7
1411.24 18341.6
1411.21 18334.2
1411.22 18327.7
1411.44 18316.6
1411.43 18294
1411.69 18261.1
1411.71 18236
1412.38 18252.8
1412.36 18297.3
1412.34 18316.7
1412.28 18344.7
1412.01 18352.6
1412.02 18321.7
1412.01 18336
1412.26 18352.3
1412.49 18362.2
1413.54 18423.8
1413.57 18512.8
1413.54 18573.6
1413.42 18593.3
1413.65 18619.8
1413.16 18637.4
1413.15 18648.1
1413.04 18656.8
1413.02 18668.2
1412.86 18669.9
1413.05 18693.8
1413.03 18701.6
1413.03 18698.2
1413.6 18708.4
1413.49 18706
1413.47 18697.1
