79.5325 114.736
101.318 203.056
276.54 1125.86
279.984 791.658
281.562 711.953
281.733 760.853
297.286 1589.13
308.325 1476.74
312.303 1518.19
326.13 1662.42
353.779 2478
371.548 2807.05
395.452 2798.84
398.138 2961.22
405.265 3295.17
405.288 3173.38
408.458 3068.66
421.846 3223.46
423.644 3221.45
477.013 3861.05
488.993 3961.3
515.481 4024.62
516.681 4232.4
523.189 4095.64
524.19 4253.06
527.283 4282.42
527.614 4242.16
529.529 4703.77
529.181 4769.31
532.996 4716.09
534.746 4951.35
531.357 5405.45
567.721 6321.48
569.675 6291.77
570.333 6681.8
573.511 6766.72
584.319 7297.42
583.698 7670.55
582.289 8251.48
587.066 8182.54
584.456 7942.53
588.149 8351.23
599.339 8330.39
599.48 8476.73
610.988 8232.28
611.18 8133.02
612.306 7990.58
613.624 7863.54
613.372 7937.08
616.929 8283.21
616.804 8153.68
630.72 9032.4
629.319 8591.55
630.046 8378.1
627.566 8376.51
628.724 8197.86
636.5 8973.86
643.785 9381.38
646.562 8993.47
650.013 8869.61
654.827 8937.33
655.162 8951.11
655.124 8960.5
666.867 10202.8
695.491 11744.7
693.931 11156.7
694.373 10891.7
696.037 10692.5
706.398 11068
719.31 11529.7
721.426 11526.7
719.617 11487.1
720.242 11636.4
722.113 11435.4
726.09 12839.2
721.973 13717.6
726.562 13506
727.226 13190.9
733.484 13151.5
748.108 13338.2
747.719 13347.4
751.103 13360.7
765.581 13984.2
765.861 14316.1
771.341 14624.1
786.956 16250.6
789.814 15925.7
788.856 14932.8
787.832 14821.1
787.784 14766.2
788.921 15073.8
788.67 15018.8
788.674 15072.4
788.651 15036.4
797.031 14911.3
809.045 15163.6
808.025 16414.4
808.07 16869.8
815.792 16970.9
815.928 16856.5
816.49 16783.6
818.2 16640.8
822.953 16589.1
822.485 16165.7
814.489 16144.2
819.829 16079.8
846.056 16394.7
848.101 16315.1
848.689 16105.6
849.925 16063.7
862.815 16423.2
884.875 16409.1
884.879 16460.9
887.499 16611.8
884.346 16968.7
892.31 17112.1
896.817 17522
902.118 17334.8
903.285 17206.7
915.323 17660.7
916.974 17449.4
912.329 18035.1
910.319 18063.2
924.433 18304.4
931.372 18236.9
939.784 18261.8
951.628 18324.6
951.227 18412.9
947.428 19044.5
956.795 19973
954.048 20429.3
953.908 20735.2
975.253 21150.1
975.922 20340.8
976.37 20102.5
977.173 19912.7
980.73 19894.5
982.421 19783.4
983.64 19719
996.118 19430.8
999.399 19587.5
999.995 19541.6
998.124 19627.7
999.416 19484.5
1004.65 19884
1004.86 19628.4
1008.78 19610.7
1014.45 19585.8
1015.58 19699.4
1015.56 19569.6
1019.42 20037.1
1017.81 20031.7
1040.91 20926.3
1057.78 20109.4
1049.32 19920.7
1049.5 19589
1052.84 19434.7
1052.47 19266.1
1056.7 19298.8
1057.19 19364
1061.45 19241.3
1070.94 19176.2
1073.99 19563
1073.79 19529.3
1073.81 19649
1074.04 19515.1
1073.98 19471.8
1074.03 19424.8
1074.92 19456.8
1073.71 19517.9
1074.89 19548.6
1085.23 19767.9
1083.91 19418.5
1085.64 19357.1
1094.79 19400.9
1098.57 19427.5
1099.51 19795.1
1099.52 20412.6
1106.28 20161
1124.37 21347.3
1127.56 20468.5
1131.17 20409.9
1137.44 20375.6
1138.32 20397.3
1142.67 20357
1144.33 20478.4
1144.57 20372.5
1138.69 20322.2
1139.77 20403.6
1142.57 20344.4
1142.83 20256.5
1143.83 20114
1146.1 20037.7
1148.07 20027.5
1148.23 19990.4
1147.04 19991.4
1146.88 19966.1
1143.78 19817.8
1144.68 19808.5
1154.84 20079
1155.07 19975.4
1156.88 19949.2
1159.09 20149.3
1158.97 20052.8
1159.49 19952.8
1159.6 19866.5
1167.3 20454.2
1167.06 20331.8
1174.2 20166.5
1175.95 20100.5
1175.29 20181.9
1175.71 20171.5
1174 20579.7
1173.48 20670.9
1173.6 20507
1180.12 20492.4
1179.28 20439.7
1179.47 20382.3
1179.07 20333.6
1191.88 20863.7
1191.86 20614.2
1192.91 20825.8
1192.81 20804.9
1195.34 20925.4
1195.21 20764.3
1196.76 20780.2
1196.74 20792.3
1211.03 21031.4
1210.87 20741.2
1211.22 20686.9
1210.87 20662.4
1210.74 20671.5
1214.39 20640.3
1219.19 20664.1
1218.74 20794.3
1219.31 20802.4
1228.64 20991.6
1233.37 20799.5
1234.61 20601.1
1236.27 20525.8
1236.24 20508.4
1240.62 20514.8
1243.73 20398.8
1243.4 20427
1244.15 20438.8
1244.74 20406.7
1246.33 20440.5
1247.22 20131.4
1247.06 20159.7
1247.03 20032.3
1250.01 19974.2
1249.14 20022.6
1250.31 19966.3
1242.21 20135.6
1243.27 20313
1243.05 20429.8
1241.67 20448.4
1242.36 20405.6
1242.59 20471.3
1241.94 20519.1
1242.1 20531.3
1241.5 20551.2
1241.56 20530.4
1241.59 20565.3
1242.66 20655.9
1243.4 20762.7
1245.73 20901.2
1255.96 21281.1
1255.97 21234.1
1256.49 21276.5
1257.92 21272.7
1270.68 21598.1
1270.88 21389.8
1271.18 21511.7
1271.76 21538.3
1271.76 21509.5
1271.76 21510.7
1273.42 21715.6
1273.56 21628.7
1275.25 21500.6
1275.29 21490.2
1275.54 21534.5
1275.68 21486.3
1275.67 22023.7
1283.19 22070.1
1288.07 21961.8
1286.25 22039.8
1286.44 22133.8
1287.57 22282.8
1287.42 22084.6
1288.53 22005.4
1288.82 21898.3
1288.75 21926.5
1288.03 21955
1292.25 21970.4
1292.95 21949.2
1295.34 21902.8
1295.74 21935.4
1295.95 21974.1
1295.51 22017
1296.83 22048.8
1298.58 22031.8
1297.54 22082.8
1305.13 22354.2
1305.06 22244.9
1306.89 22274.2
1306.65 22251.6
1307.08 22214.8
1307.11 22258.2
1307.15 22355.1
1307.32 22544.9
1306.72 22467.4
1310.08 22445.6
1310.01 22404.8
1309.23 22473.3
1309.48 22463.7
1310.36 22504
1310.31 22543.3
1310.54 22572.3
1310.94 22554.2
1313.17 22562.4
1314.79 22557.3
1318.55 22639.9
1317.67 22617.2
1317.7 22727.9
1317.75 22781.3
1317.37 22746.3
1317.47 22777.7
1317.31 22802
1317.51 22745.2
1319.38 22791.7
1322.35 22680.9
1321.16 22805
1322.71 22782.3
1323.22 22734
1323.47 22740
1326.58 22723.2
1326.09 22736.1
1326.34 22773.4
1326.64 22800.9
1328.62 22787.6
1331.18 22777.6
1332.11 22734.9
1332.59 22716.5
1334.87 22674.4
1334.78 22704.6
1335.5 22716.9
1336.77 22717.2
1337.24 22638.3
1337.59 22605.2
1337.39 22578.6
1336.9 22595.4
1337.63 22758.8
1337.66 22601.3
1337.35 22576.6
1337.22 22602.9
1341.72 22678.7
1341.79 22699.6
1341.95 22706.6
1344.44 22780.1
1343.9 22528
1344.6 22552.5
1345.26 22560.2
1344.92 22536.2
1344.96 22480
1345.14 22454.9
1346.98 22427.8
1349.8 22376.8
1350.5 22432.9
1350.48 22418.4
1352 22939.3
1353.59 22977.4
1355.8 22980.5
1356.22 22866
1355.91 22926.9
1356.58 23028.7
1356.83 23018
1356.67 23063.2
1358.63 23184.2
1358.5 23089.8
1358.52 23024.4
1358.51 23031.1
1364.68 23235.1
1364.47 23105.2
1364.53 22946.8
1364.69 22954.6
1364.72 22976.9
1364.7 22984.9
1366.71 23077.4
1363.7 23137
1364.39 23151.4
1364.94 23323.2
1366.24 23395
1367.54 23341.2
1370.75 23381.9
1370.95 23191.8
1369.93 23277.3
1370.08 23277.2
1370.29 23310.6
1371.12 23333.2
1370.86 23377.6
1370.56 23409.8
1369.85 23345.7
1370.2 23357
1371.41 23362.3
1372.74 23357.5
1373.22 23275.4
1373.61 23263.9
1373.57 23242.1
1374.55 23407.8
1374.26 23341.2
1374.6 23336.6
1374.78 23375.7
1374.34 23385.2
1374.18 23426.7
1374.31 23441.7
1373.77 23497.6
1373.83 23510.1
1375.66 23531.9
1378.58 23505
1378.24 23575.6
1378.12 23557.7
1381.67 23597.7
1381.64 23515
1382 23498.3
1382.01 23498.9
1382.01 23491
1384.51 23554.8
1384.8 23515.3
1384.78 23509.9
1385.38 23484.9
1384.63 23420.4
1384.63 23385.4
1384.66 23334.2
1384.47 23304.5
1384.37 23243.6
1384.35 23235.8
1384.3 23244.5
1384.17 23290.2
1388.23 23480.3
1386.26 23419.2
1386.56 23459.1
1383.27 23520.8
1385.81 23672.5
1386.6 23714.8
1386.61 23713.9
1386.57 23702.5
1388.38 23693.7
1389.74 23709
1389.92 23732.7
1390.2 23711.7
1392.99 23737
1393.38 23749.7
1393.39 23727.8
1393.43 23699.4
1393.46 23635.8
1395.37 23635.3
1395.21 23578
1395.23 23574.7
1395.17 23595.2
1395.38 23573.1
1394.93 23523.9
1392.43 23533.9
1393.02 23610.6
1393.51 23597.7
1393.43 23562.6
1393.72 23545.8
1394.49 23537.3
1393.53 23562.7
1393.45 23581.7
1393.37 23573.6
1393.08 23605.7
1393.71 23639.7
1392.76 23616.3
1393.12 23614.5
1394.4 23463.2
1394.46 23528
1394.51 23602.4
1394.6 23644.4
1394.57 23669.3
1395.82 23605.4
1396.63 23596.6
1396.35 23602.2
1396.32 23652.1
1396.74 23687.7
1398.22 23755.8
1396.93 23780.5
1396.93 23786.9
1396.93 23780.5
1397.01 23775.8
1399.17 23866.7
1399.43 23969.4
1398.03 24026.4
1399.07 23979.4
1399.07 23982.9
1399.21 23993.6
1398.65 23960.8
1398.47 23924.5
1398.56 23867.5
1398.29 23958.5
1399.46 24008.2
1399.5 24003.3
1399.56 24010.6
1399.62 24012.9
1399.57 24001.2
1399.1 24048.3
1399.03 24056.5
1399.4 24040.9
1399.34 24012.1
1400.52 23900.2
1400.32 23867.2
1401.91 23929.4
1402.75 23895.3
1403.14 23885.9
1404.17 23914.7
1404.13 23885.8
1404.13 23880.2
1403.05 23890.3
1403.18 23899.9
1404.82 23934.4
1405.11 23893.2
1404.88 23829.4
1404.58 23851.3
1404.77 23839
1405.46 23852.6
1405.77 23789.7
1405.71 23785.2
1405.69 23775.5
1405.65 23763
1405.71 23779.6
1405.6 23784
1405.67 23831.4
1407.3 23927.9
1407.33 23830.4
1414.35 24021.7
1414.28 23901.1
1414.36 23909.3
1414.3 23892.2
1414.35 23926.7
1413.83 23965.1
1413.83 23976.4
1416.21 24000.4
1416.06 24009.5
1415.99 24028.1
1416.13 24028.6
1416.15 24062.6
1415.65 24090.2
1415.57 24098.4
1415.43 24074.7
1415.39 24088.5
1415.74 24138.4
1415.9 24194.9
1415.95 24148
1416.55 24142.5
1416.77 24154.9
1416.03 24180.2
1415.99 24177.7
1416.82 24170.9
1417.33 24148.2
1418.68 24173.5
1418.66 24212.4
1419.19 24232.6
1419.04 24223.9
1418.95 24197.2
1418.41 24212.9
1418.89 24258.9
1418.9 24294.4
1419.52 24314.9
1419.57 24328.2
1419.27 24314.6
1418.89 24320.1
1419.31 24327.9
1419.62 24319.8
1420.27 24368.4
1420.65 24381.6
1420.76 24377.9
1420.84 24359.2
1420.79 24350.8
1420.63 24344
1420.47 24408.2
1420.59 24377.4
1420.35 24332.5
1420.83 24350.6
1420.56 24307.7
1420.12 24305.5
1420.24 24244.2
1420.28 24227.4
1420.56 24247.1
1421.98 24318.8
1423.3 24269.8
1424.43 24268.9
1425.89 24278
1425.91 24208
1426.29 24205
1426.59 24205.7
1426.61 24206.1
1427.23 24172.6
1427.36 24148.3
1427.33 24142.8
1427.33 24155.5
1427.3 24158.4
1427.5 24178.2
1427.52 24203.6
1427.81 24178.6
1429.12 24176.4
1429.85 24139.5
1429.85 24117
1429.85 24107.2
1429.82 24078
1431.03 24128.1
1430.71 24079.8
1432.49 24126.5
1433.29 24155.6
1433.2 24145.5
1433.63 24150.6
1433.62 24152.2
1432.78 24148
1431.54 24121.1
1431.31 24102.2
1431.56 24166.5
1431.44 24203.2
1431.27 24258
1431.72 24273.8
1431.72 24295.8
1431.73 24300.6
1430.86 24304.7
1430.15 24318.3
1430.14 24317.2
1429.8 24312.8
1428.92 24311.2
1428.62 24236.3
1428.69 24179.5
1428.35 24123
1428.78 24071.2
1429.9 24040.4
1429.36 24032.8
1431.16 24045.9
1431.84 24032.4
1432 23997.9
1431.66 23929.8
1432.05 23901.9
1432.24 23854.9
1432.41 23836.5
1433.06 23844.7
1433.2 23805.2
1433.09 23872.8
1434.25 23863.2
1434.34 23876.4
1434.31 23858.6
1434.24 23875.4
1434.38 23889.2
1434.66 23885.6
1434.51 23880.8
1434.62 23875.2
1433.9 23893.8
1434.12 23865.1
1434.29 23836.4
1434.32 23808.3
1434.77 23806
1434.52 23775.1
1434.61 23789.3
1434.63 23782.5
1434.74 23763.9
1434.61 23786
1434.37 23795.4
1434.64 23817.8
1434.22 23836.8
1434.18 23836.7
1433.98 23816
1433.67 23714.2
1434.01 23746.5
1434.1 23751
1433.87 23760.7
1432.25 23753
1432.41 23862.9
1432.36 23879.9
1432.79 23898.9
1433.07 23910
1432.4 23917.9
1433.4 23923.6
1433.49 23926.2
1433.49 23925.8
1431.22 24041.3
1431.27 24099.6
1431.36 24080.1
1431.33 24057.5
1431.6 24051.4
1431.55 24056.3
1431.55 24069.8
1432.31 24012.3
1432.32 23986.1
1432.03 23957.1
1431.43 23968.8
1431.58 23965.4
1432.85 23919.9
1432.97 23956.6
1433.04 23974.1
1432.96 24004.7
1433.01 24021.1
1433 24030.5
1433.41 24029.5
1433.12 24010.4
1433.12 24067.9
1433.98 24092.2
1434.12 24091.2
1434.15 24086.7
1433.97 24102.6
1433.9 24137.2
1434.11 24124.3
1434.1 24092.1
1434.16 24089.6
1434.73 24123.7
1434.79 24106.2
1434.78 24057.4
1435.02 24025.5
1435.2 23998.9
1435.15 23980.3
1435.31 23911
1435.04 23927.5
1435.27 23949.6
1435.17 23932.8
1434.95 23950.6
1434.95 23969.3
1435.48 23984.1
1435.53 23968.3
1436.37 23977.3
1436.43 23974.1
1437.28 24049.8
1438.15 24066.7
1438.06 23998.5
1437.85 23982.7
1437.89 23986.4
1437.29 24020.9
1437.3 24031.9
1437.37 24039.7
1437.96 24083.1
1437.91 24087
1437.89 24109.1
1437.82 24137.6
1437.8 24173.2
1437.68 24186.8
1438.03 24247.5
1439.73 24249.1
1439.87 24212.8
1439.97 24226.8
1439.74 24220.8
1439.62 24194.6
1439.74 24209
1439.6 24222.3
1440.15 24242.6
1440.04 24199.2
1439.9 24206.9
1439.98 24222.8
1440.69 24294.7
1440.57 24234.6
1440.64 24199
1440.71 24183.2
1440.7 24175.4
1440.54 24188.4
1440.27 24196.6
1440.47 24213.1
1440.13 24184
1440.31 24153.2
1441.22 24160.1
1441.33 24144.9
1441.3 24141.7
1441.12 24121.7
1441.12 24111.4
1441.09 24108.2
1441.14 24089.8
1441.14 24091.6
1440.96 24133.1
1441.26 24142.4
1442.84 24099.8
1444.87 24133.5
1444.56 24111.3
1444.3 24114.8
1444.3 24094.7
1444.37 24108.2
1444.36 24117.6
1444.37 24118.9
1444.4 24126
1444.4 24124.9
1444.28 24113.6
1444.23 24132.2
1444.38 24183.3
1444.2 24221.9
1443.82 24233.6
1444.05 24229.5
1444.31 24241.4
1444.71 24244.4
1445.06 24247.6
1445.05 24245
1445.28 24254.6
1445.34 24252.9
1445.3 24187.9
1446.08 24205.7
1446.08 24210.7
1446.22 24217.5
1446.31 24226.7
1446.41 24217.4
1446.44 24207.8
1446.78 24198.5
1446.73 24209.6
1446.75 24208.8
1446.79 24187.2
1446.83 24182.2
1447.04 24179.8
1447.01 24184.6
1446.84 24188.1
1446.83 24186.6
1447 24175
1447.13 24185.6
1447.13 24175.3
1447.32 24212.8
1447.3 24237.1
1447.32 24243.9
1447.32 24254.5
1447.97 24193.2
1447.68 24176.9
1447.68 24208.3
1447.76 24239.7
1447.87 24288.2
1447.9 24297.5
1447.9 24293.6
1447.91 24314.5
1447.81 24308.2
1448.17 24296.4
1448.03 24282.3
1448.43 24240
1449.01 24291.1
1448.69 24246.3
1448.88 24252.6
1448.91 24268
1448.37 24292.4
1448.38 24285
1448.38 24282.7
1448.1 24273
1448.2 24276.1
1448.14 24269.7
1448.14 24276.2
1448.47 24304
1448.36 24307
1448.4 24306.4
1449.03 24350.4
1449.12 24335.8
1448.74 24325.5
1448.77 24261.5
1448.66 24308.2
1448.59 24224.8
1448.79 24174.7
1449.42 24195.6
1449.42 24191.7
1449.41 24195.1
1450.19 24095.9
1450.18 24156.8
1450.08 24145.4
1450.25 24099.5
1450.1 24084.3
1450.07 24123.3
1449.91 24168.1
1449.93 24179.9
1450.14 24201.3
1450.14 24218.7
1450.37 24267.7
1450.49 24262.7
1450.57 24249.7
1450.83 24235.6
1451.83 24264.4
1451.76 24268.6
1451.75 24270.9
1451.76 24275.2
1451.78 24278.1
1451.79 24278.4
1452.03 24180.1
1452.07 24112.1
1452.48 24094.2
1452.65 24040.2
1452.83 24010.2
1452.81 23992.5
1452.81 23950.4
1453.35 23975.5
1453.55 24000.5
1453.54 23985.3
1453.59 23971.5
1453.65 23968.9
1454 23961.7
1453.54 23958.6
1453.73 24004.4
1453.74 24009.4
1453.8 24069.5
1453.82 24143.5
1453.81 24122.3
1453.79 24104.8
1453.83 24096
1453.77 24107.8
1453.89 24113.6
1454.47 24151.6
1455.13 24165.9
1455.17 24116.7
1454.82 24108
1454.81 24095.5
1454.57 24091.1
1455.49 24096.4
1455.48 24122.8
1456.09 24120.9
1456.2 24093.3
1456.2 24063.6
1456.2 24031.8
1455.98 24007
1455.77 23996.9
1455.78 24008.5
1456.3 23989.6
1456.12 24032.9
1456.24 24021.5
1456 24019.9
1456.11 24028.3
1456.4 24032.2
1456.38 24006.4
1456.31 24004
1456.4 24016.1
1456.42 24016.1
1456.46 24030.7
1458.22 24106.6
1458.15 24098.5
1458.09 24046.1
1457.31 24049.3
1457.29 24047.4
1457.09 24056.6
1457.52 24066.5
1457.5 24063.3
1457.51 24061.1
1457.51 24056.9
1457.29 24064.5
1457.42 24058.5
1457.56 24060.2
1457.19 24048.6
1457.17 24046.4
1457.16 24042.2
1457.25 24061.4
1457.13 24110
1457.14 24121.3
1457.06 24148.1
1457.09 24123.8
1457.37 24133.3
1457.45 24141
1457.47 24139.1
1457.97 24127.6
1457.99 24093.6
1457.96 24073.9
1457.89 24063.7
1458.54 24043.9
1458.45 24039.4
1458.16 24059.5
1458.22 24039.5
1458.27 24060.7
1457.94 24075.2
1458.01 24055.1
1457.87 24074.4
1457.76 24073.7
1457.85 24082.7
1458.43 23936.8
1458.08 23996
1458.3 23954.5
1458.3 23937.2
1458.13 23949.8
1458.24 23974.4
1458.74 23976.8
1458.73 23982
1458.16 23960.6
1458.1 23959.2
1457.91 23980.9
1457.78 23992.3
1457.63 24185.2
1457.6 24110.8
1457.81 24104.1
1457.94 24100.5
1457.63 24094.7
1457.48 24134.4
1457.61 24126.4
1457.74 24137.6
1457.81 24134.6
1457.79 24123.6
1457.92 24059
1458.75 24117.2
1458.74 24112.2
1459.13 24116.2
1459.25 24112.7
1458.93 24172.2
1459 24175.7
1459.02 24045.3
1459.3 23999.7
1459.3 23982
1458.79 23973.1
1458.78 23977.4
1458.74 23967.8
1459.51 23983.5
1459.67 24013.2
1459.68 24008
