1.5355 0
127.544 497.858
132.581 269.37
152.824 341.496
224.54 498.316
299.66 675.073
314.881 1232.44
318.208 4325
352.471 3654.28
471.053 3716.17
471.019 3036.34
475.924 3428.01
484.78 3168.26
490.727 3050.56
506.776 2772.13
504.573 2552.74
507.414 2544.61
519.252 2813.67
522.024 3113.55
522.141 3051.15
548.571 3160.63
552.567 3231.58
553.916 3212.54
554.297 3170.17
554.65 3101.45
565.972 3167.5
574.925 3265.26
604.383 3712.51
602.628 3912.33
602.848 3742.64
603.568 3563.93
607.286 4522.42
629.632 4474.24
703.586 5192.47
706.466 4944.54
711.551 5522.38
714.694 5228.34
724.279 5230.96
724.561 5153.36
754.015 4827.68
754.081 4786.53
753.966 4840.27
754.441 4933.39
756.579 5369.77
762.498 5737.01
762.778 5805.65
762.788 5785.97
763.975 5878.1
764.198 5708.09
766.462 5585.51
766.028 5623.15
768.459 5751.15
770.927 5931.72
796.822 5908.42
798.348 5771.54
798.505 5754.86
797.71 6289.97
797.117 6212.14
859.069 10371.7
859.843 8374.39
856.075 7516.32
854.645 7915.29
859.51 7925.67
861.349 7832.47
867.191 7667.37
864.697 7379.96
863.13 7315.72
863.238 7247.44
867.367 7093.04
876.812 8005.62
894.341 7435.97
895.026 7408.55
897.13 7528.61
899.693 7334.7
897.658 7666.52
897.687 7520
898.092 7988.59
898.632 7791.72
898.733 7671.43
897.653 7804.73
899.319 7615.72
901.003 7521.33
906.031 7575.89
905.482 7591.9
932.755 7747.24
933.27 7476.92
932.393 7678.31
932.284 7553.99
931.559 7620.85
924.455 7926.49
927.224 7919.73
927.097 7876.19
926.459 7846.16
930.801 7813.62
933.941 7799.56
935.727 7768.08
949.746 8226.85
952.373 8390.19
953.932 8352.71
955.487 8458.87
960.247 8441.86
961.908 8471.98
961.475 8501.32
961.982 8424.47
966.205 8723.91
965.171 8746.5
974.941 9004.58
979.32 9008.45
988.306 9045.7
993.549 9016.31
996.988 8880.36
996.405 8785.74
1000.45 8825.9
1001.05 8927.74
1000.52 9177.05
1003.05 9144.25
1011.49 9128.7
1014.67 9154.77
1011.12 9285.05
1006.93 9149.89
1008.94 9126.33
1012.62 9057.2
1022 9045.17
1024.28 9081.2
1026.01 9024.93
1029.38 9035.49
1030.03 9011.44
1027.24 9184.35
1030.66 9169.51
1049.13 9430.32
1048.83 9382.23
1049.04 9384.1
1048.79 9380.58
1049.37 9378.57
1048.65 9333.27
1047.65 9305.11
1048.94 9762.23
1049.78 9681.43
1048.54 9676.96
1044.24 9810.77
1044.56 9847.58
1047.57 9584.36
1046.43 9704.1
1041.99 10841.2
1043.8 10638.6
1042.91 10426.6
1042.96 10162.8
1043.02 9972.34
1045.31 9903.61
1045.28 9787.55
1046.3 9728.99
1046.08 9690.32
1047.26 9673.38
1046.99 9652.93
1047.08 9596.98
1047.69 9540.75
1049.68 9536.43
1051.25 9593.49
1050.82 9612.93
1048.06 9978.64
1049.18 10029.4
1050.57 10185.2
1050.49 10322.7
1052.28 10365.4
1052.59 10758.9
1052.51 10811.1
1051.86 10846.5
1049.62 11224.5
1047.7 11428.4
1047.51 11661.3
1047.45 11458.6
1048.46 11472.7
1048.35 11527.7
1048.34 11557.2
1048.59 11473.3
1048.42 11463
1048.35 11391.3
1048.63 11456.1
1048.54 11463.4
1048.72 11477
1047.72 11536.6
1048.11 11535.7
1048.65 11594
1048.59 11604.3
1049.58 11624.3
1049.35 11607.9
1047.62 12209.3
1047.78 12390.6
1045.79 12553.4
1047.8 12918.1
1048.16 13070.5
1047.63 13129.8
1047.33 13130.8
1048.22 13184.4
1047.75 13436.2
1049.37 13522.8
1050.52 13552.3
1052.09 13500.1
1052.11 13516.4
1051.69 13498
1051.14 13500.5
1051.8 13487.1
1050.87 13460.4
1049.65 13458.5
1049.75 13506.7
1051.55 13359.3
1048.4 14227.6
1048.65 13919.4
1048.48 13872.4
1047.31 14206
1047.69 14002
1048.25 13797.2
1048.25 13629.8
1048.12 13526
1048.82 13395.4
1048.37 13302.5
1048.42 13306.1
1047.08 13285
1047.81 13238.9
1056.2 13238.7
1056.11 12933.1
1053.9 13108.9
1053.34 13339
1053.63 13558.5
1054.01 13667.3
1053.22 14779.4
1056.14 14333
1056.32 14137
1058.93 14256.7
1058.65 14104.8
1058.77 14431.1
1060.55 14446.6
1064.77 14174.6
1066.05 14135.2
1067.33 14252.2
1067.43 14193.9
1068.71 14043
1068.71 14006
1069.23 14024.3
1069.58 13951.1
1070.53 13854.8
1071.7 13849.1
1071.55 13856.9
1071.91 13838.6
1072.2 13827.3
1073.1 13909.1
1071.99 13770.6
1072.49 13780.6
1072.7 13796.8
1072.19 13738.7
1077.01 13684
1075.77 13531.7
1077.48 13621.6
1078.86 13579.6
1077.81 13703.8
1078.03 13832.1
1077.57 13787.1
1077.06 13869.1
1078.13 13963.7
1079.16 14017.4
1080.49 14076.7
1080.47 14087.1
1080.7 14071.7
1080.71 14065.5
1081.64 14074.9
1081.95 14105.8
1083.45 14087.2
1084.24 14127.7
1084.7 14188.9
1085.22 14155.7
1089.22 14107.5
1088.84 14095
1090.07 14099.7
1088.56 14146.5
1088.01 14126.7
1087.48 14115.6
1087.2 14268.6
1087.99 14113.3
1087.99 14095.3
1087.88 14109.5
1087.02 14462.1
1090.26 14408.2
1090.91 14427.6
1090.61 14378.9
1090.65 14334
1090.18 14228
1090.02 14238.7
1093.46 14316.1
1094.35 14354.6
1094.39 14327.1
1094.87 14366.8
1094.15 14318.5
1094.23 14206.2
1092.52 14414.7
1092.13 14409.5
1092.23 14330.2
1093.48 14327.3
1093.93 14326
1094.73 14302.8
1094.74 14298.4
1095.11 14302
1096.58 14492.9
1096.81 14489.2
1096.81 14458.8
1096.76 14454.3
1097.13 14774.9
1098.3 14771.3
1100.2 14831.5
1100.99 14923.5
1100.94 14895.8
1101.45 14874.8
1101.69 14928.8
1104.48 14947
1104.4 15019
1104.56 15053.9
1104.44 15020.1
1105.39 15006.7
1106.03 15024.3
1109.26 15062.7
1109.24 15011.8
1109.66 15206.6
1109.31 15257.5
1110.82 15231.5
1111.04 15237.8
1111.02 15236.2
1110.89 15295.2
1111.79 15269.2
1112 15275.6
1111.8 15319.2
1111.72 15335.2
1111.85 15327.8
1111.78 15275.7
1111.32 15258.1
1111.81 15345.7
1111.68 15342.2
1111.56 15363.7
1111.49 15375.8
1111.53 15319.4
1112.24 15303.9
1110.41 15333
1110.52 15305
1110.78 15298.6
1110.64 15254.8
1110.45 15266.7
1110.43 15208.7
1111.68 15204.9
1113.32 15279.4
1113.27 15262
1113.27 15244.5
1113.56 15252.4
1113.94 15252.1
1113.74 15248.7
1113.73 15066.2
1113.83 15085
1113.94 15032
1114.44 15494.7
1114.47 15375.6
1114.13 15277.9
1114.11 15195.4
1115.07 15202
1114.63 15197.2
1114.42 15223.1
1114.39 15284.4
1114.37 15342.5
1115.09 15449.9
1115.42 15407.7
1114.99 15486.9
1114.94 15521
1114.91 15545.8
1115 15570
1114.38 15532.9
1114.41 15500.3
1114.46 15541.9
1114.46 15513.8
1115.27 15449
1115.31 15406.3
1115.62 15364.5
1118.1 15303.6
1118.13 15058.2
1118.31 15124.3
1119 15212.5
1119.01 15271.8
1120.49 15347
1120.93 15425.1
1124.86 15404
1125.38 15492.7
1125.63 15525.3
1125.69 15567.1
1125.72 15602.3
1125.6 15544.4
1126.18 15618.2
1127.35 15749.2
1127.35 16163.5
1127.78 16150.4
1127.66 16114.5
1128.79 16102.1
1130.03 16192.6
1130.14 16152.3
1130.3 16167.5
1130.58 16186.7
1130.68 16327.6
1130.89 16293.7
1131.24 16286.2
1132.59 16315.6
1132.98 16364.5
1132.93 16350.5
1134.23 16393.1
1134.22 16991.1
1134.12 16874.3
1134.23 16957.6
1134.19 16978.1
1134.16 16925.9
1134.13 16896.7
1133.84 16905.2
1133.08 16916.2
1133.06 16907.3
1136.43 16974.1
1136.15 17013.9
1137.14 17062.7
1138.84 17062.4
1139.75 17133.1
1141.08 17139.5
1141.02 17162.1
1140.72 17190
1143.7 17166.8
1144.16 17224.8
1144.19 17270.9
1144.44 17278.7
1144.21 17192.7
1143.89 17138.5
1144.07 17305.3
1146.3 17386.9
1147.4 17441.3
1147.42 17354.1
1147.75 17341.1
1148.49 17329.1
1148.53 17293.8
1149.02 17245.1
1149.38 17228
1150.36 17180.4
1150.45 17060.7
1150.74 17062.7
1150.82 17014.1
1151.42 17032.2
1151.7 16966.7
1151.8 16939.2
1151.8 16918.4
1151.7 16895.5
1152.76 16927.6
1153.78 16980.3
1154.54 16997.2
1159.4 17054
1160.78 17102.7
1160.88 17136.3
1160.94 17149.9
1161.13 17050.6
1161.28 17013.8
1161.33 16972.4
1161.75 16900.4
1161.94 16959.8
1161.79 16978.3
1161.8 16995.5
1162.12 16999.1
1162.06 17025
1162.19 17066.8
1161.33 17089.2
1161.33 17075.7
1161.49 17029.6
1161.48 17047.7
1161.3 17028
1161.27 17027.3
1161.27 17049.6
1160.49 17045.6
1160.48 17057.4
1160.49 17066.5
1160.9 17130.6
1161 17128.6
1161.47 17169.5
1162.24 17201.6
1162.83 17252.1
1163.73 17249.5
1163.75 17252.2
1163.77 17277.9
1163.91 17269.1
1164.38 17308.6
1164.61 17288.9
1164.55 17271.9
1165.24 17228.9
1165.16 17219.3
1165.52 17204.2
1165.86 17185.3
1166.05 17177.4
1166.4 17141.5
1166.91 17112.7
1166.48 17108.6
1166.36 17103.3
1166.33 17119.2
1166.63 17121.4
1166.4 17075.9
1166.55 17074.6
1166.29 17071.2
1166.42 17055
1166.62 17025.9
1166.72 16999.3
1166.72 16992.7
1166.69 16996.6
1167.1 17030.3
1166.21 16995.2
1166.26 16971
1167.28 17121.8
1167.26 17102.4
1167.81 17103.5
1169.48 17081.1
1169.51 17117.6
1169.61 17142.2
1168.97 17208.1
1169.1 17282.2
1170.75 17273.6
1171 17214
1171.25 17256.4
1171.29 17241.2
1171.31 17225.9
1171.24 17204.6
1170.55 17281.1
1173.48 17365.3
1173.5 17352
1173.72 17393.7
1173.62 17382.7
1173.35 17397
1173.46 17475.7
1173.93 17521.6
1174.05 17773
1174.68 17621.3
1175 17682.6
1174.88 17749.7
1175.31 17821.6
1174.93 17852
1175.33 17855.9
1175.45 17872.3
1175.75 17894.8
1175.8 17929
1175.8 17927.9
1176.07 17933
1176.92 17984.3
1177.07 17974.8
1176.96 17943.1
1177.73 17905.7
1178.37 17912.6
1178.19 17915.5
1178.65 17952.4
1178.65 17956.7
1179.19 17870.5
1178.77 17830.5
1179.06 17795.3
1181.18 17904.4
1182.18 17963.6
1182.31 17929.6
1183.49 18029.2
1183.52 18023.7
1183.67 18011.3
1182.98 17976.7
1182.87 18010.5
1182.87 18043.3
1182.81 18070
1182.89 18060.9
1182.94 18052.8
1183.51 18041
1183.35 18033.9
1183.33 18028.3
1182.8 18076
1182.92 18025.9
1183.4 18070.5
1184.65 18090.3
1184.57 18086.8
1184.3 18038.8
1184.31 18072.7
1184.45 18078.4
1184.5 18075.8
1184.35 18070.7
1188 18128.2
1188.06 18094
1188.09 18033.3
1188.18 18007.7
1188.55 17997.8
1188.34 17991.4
1190.54 18065.9
1192.2 17989.5
1191.81 18009.6
1191.52 18148
1191.69 18134.7
1191.73 18127.8
1191.57 18106.7
1191.64 18088.2
1191.76 18067.8
1192.54 18100.9
1192.83 18082.1
1193.1 18105.2
1193.35 18080.3
1193.34 18059.5
1193.25 18038.4
1193.67 18061.3
1193.57 18024.2
1193.87 18083.7
1193.09 18061.1
1195.55 18033.5
1195.56 18075.3
1195.46 18076.4
1195.41 18045.8
1195.08 18021.6
1195.26 18028.4
1195.4 18006.7
1195.15 18028.5
1193.96 17961.3
1193.8 18038.5
1193.97 18088.6
1193.76 18243.9
1193.72 18241.7
1193.62 18189.3
1193.22 18318.3
1193.09 18358.2
1194.93 18384.1
1195.83 18383.6
1195.87 18338.4
1196.2 18388.5
1196.36 18399.7
1197.01 18408.1
1197.28 18407.7
1197.27 18405.3
1200.45 18559.1
1200.66 18655.5
1200.66 18659.9
1200.73 18696.9
1202.4 18686.5
1203.05 18739
1203.04 18721.1
1202.74 18742
1202.49 18751.4
1202.5 18764
1203.84 18779.8
1215.17 18953.5
1215.94 19194.3
1215.97 19278.8
1215.95 19263.4
1214.79 19176.4
1215.02 19125.7
1217.31 19100.7
1217.89 19161.1
1217.8 19185.7
1217.96 19207.2
1218.2 19283.1
1219 19310.6
1219.39 19255.6
1220.89 19214
1221.55 19203.2
1221.75 19209.8
1221.45 19218.4
1221.52 19218.7
1221.53 19217.5
1221.65 19247.9
1221.4 19255.5
1222.83 19271.8
1222.8 19266.8
1222.77 19030.2
1223.41 18990.7
1223.48 19013.7
1224.21 19018.1
1225.25 19000.8
1225.3 19021.8
1225.12 19020.5
1226.15 19051.2
1226.08 19040.2
1225.91 19088
1226.72 19041.5
1227.06 18977.9
1226.91 18942.2
1228.81 18978.4
1229.02 18957.3
1230.31 18969
1230.48 18929.5
1230.58 18964.1
1230.6 18963.1
1230.54 18998
1230.4 18992
1229.74 19002.8
1232.96 19058.6
1232.98 19052.9
1232.95 19001.1
1232.94 18945.7
1233.28 18910.7
1233.81 18893
1233.84 18791
1234.04 18771
1234.09 18781.7
1234.03 18774.9
1234.05 18759.3
1234.09 18808.4
1233.55 18864.8
1234.08 18962.8
1234.24 18988
1234.45 18993.2
1234.46 18998.4
1234.14 18964.6
1234.13 18961.4
1234.11 19046.1
1234.11 19077.3
1234.1 19095
1234.3 19186.2
1234.19 19163.1
1234.85 19145.3
1234.91 19157.4
1234.91 19170
1234.73 19133.1
1234.73 19124.7
1234.79 19121.8
1234.75 19159.3
1235.26 19197.2
1235.37 19206.7
1235.21 19198.4
1235.36 19195.5
1234.64 19271.3
1234.7 19260.8
1234.71 19264.5
1234.67 19238.8
1234.52 19301.6
1234.7 19298.7
1234.75 19296.5
1234.77 19285.9
1235 19308.3
1235.18 19311.5
1235.18 19314.5
1235.13 19319.5
1234.77 19331.8
1234.91 19357.4
1234.72 19344.9
1235.16 19309.3
1235.14 19297.6
1235.31 19309
1236.5 19358.7
1236.62 19290.5
1236.78 19304.3
1236.62 19328.6
1236.65 19336.5
1236.65 19341.2
1236.69 19331.6
1236.92 19332.3
1236.97 19306.9
1237.74 19295.6
1237.75 19279.5
1237.76 19266.7
1237.33 19249.2
1237.33 19240.9
1237.45 19240.9
1237.63 19264.6
1237.64 19273.8
1237.52 19284.2
1237.54 19257.3
1237.93 19255.4
1237.8 19249.7
1238.11 19246.9
1238.46 19256.7
1238.56 19279.8
1238.5 19270.1
1238.48 19306.8
1238.91 19316.7
1238.95 19320.4
1238.86 19323.1
1239.11 19329.9
1238.99 19286.3
1239.17 19410.4
1239.24 19401.2
1239.32 19395.8
1237.94 19392.6
1239.79 19402.7
1239.74 19514.4
1240.01 19521.2
1240.02 19510.5
1239.95 19549.8
1239.94 19569.5
1240.83 19575.8
1241 19585
1242.06 19644.8
1242.04 19643
1242.1 19647.6
1242.04 19672.5
1242.25 19885.1
1242.18 19898.5
1242.6 19915.7
1241.71 19888.2
1241.55 19886.3
1241.81 19888.2
1240.93 19867.1
1240.8 19876.8
1240.85 19850.6
1241.63 19897.9
1241.8 19875
1241.91 19850.1
1242.29 19860.1
1243.06 19872.9
1243.1 19857.9
1243.53 19853.9
1243.22 19831.7
1243.22 19821.1
1243.29 19809.5
1243.2 19799.3
1244.69 19825.2
1244.45 19831.8
1244.42 19830.5
1244.65 19838.6
1244.28 19788.1
1244.25 19672
1244.27 19661.6
1244.25 19645.1
1244.22 19602.1
1244.25 19615.5
1244.39 19604.7
1244.21 19561.4
1244.74 19580.3
1245.1 19596.5
1245 19608.3
1245.16 19596.4
1245.26 19685.2
1245.15 19598.2
1244.96 19613.4
1241.94 19700.4
1241.96 19715
1242.61 19643.8
1242.26 19610.7
1242.5 19636.9
1242.98 19621.6
1243.22 19731.3
1243.32 19725.1
1243.68 19751.2
1243.68 19731
1244.77 19730.5
1244.62 19712.8
1244.66 19699.1
1245.05 19696.7
1245.11 19682.4
1245.52 19691.7
1245.06 19652.8
1246.65 19674.6
1247.26 19717.8
1247.27 19723
1247.66 19736.5
1247.78 19743.2
1247.79 19728.8
1247.81 19715.5
1248.07 19789.7
1247.98 19777
1248.21 19754.8
1248.28 19720.1
1248.54 19696
1248.67 19660.7
1248.61 19639.6
1248.48 19621.9
1248.46 19627.7
1249.13 19693.2
1249.76 19734.2
1249.8 19690.4
1250.04 19705.5
1250.45 19751.1
1250.42 19768.3
1250.8 19783.1
1250.97 19790.9
1250.95 19737.2
1250.81 19754.2
1250.77 19756.7
1250.71 19754.9
1250.82 19749.1
1250.56 19693.2
1250.17 19704
1250.28 19708.1
1250.15 19713
1250.44 19724.1
1249.91 19865.2
1249.6 19623.9
1250.38 19698.4
1251.07 19705.2
1252.02 19683
1252.03 19681
1252.21 19663.6
1252.91 19677.9
1253.23 19709.4
1253.32 19699.2
1253.39 19713.1
1254.49 19707
1255.06 19690.8
1254.8 19682.3
1254.92 19628
1254.93 19593
1254.95 19589.2
1254.93 19590
1255.38 19601.6
1256.15 19625.3
1256.21 19609.2
1256.01 19650.2
1256.15 19668.9
1255.94 19655.3
1255.84 19638.5
1256.7 19651.3
1256.75 19675.8
1255.48 19727.8
1255.58 19743.8
1255.57 19738.7
1255.59 19741.3
1255.51 19731.1
1255.55 19751.2
1255.57 19770.8
1256.76 19812.1
1256.77 19809
1256.83 19805.2
1256.68 19774.5
1256.71 19784.8
1256.75 19784.6
1256.52 19789.8
1256.63 19798.3
1257.15 19798.2
1257.22 19804.6
1257.23 19781.8
1257.52 19845.3
1257.51 19818.9
1257.54 19825.7
1257.46 19825.9
1257.5 19856.2
1258.58 19866.4
1258.18 19883.9
1258.45 19896.8
1259.34 19878.5
1259.34 19883.2
1260 19893.6
1259.99 19876.7
1259.81 19900.7
1260.09 19907.9
1260.52 19907.3
1260.44 19891
1260.5 19897
1260.77 19927.2
1261.31 19897.6
1261.41 19886.6
1261.54 19889.7
1262.1 19908.6
1262.04 19886.6
1262.11 19884.6
1262.63 19851.1
1262.77 19839.5
1262.48 19827.4
1262.37 19822
1262.59 19865.7
1262.65 19855.4
1262.42 19844
1262.54 19842.1
1262.83 19855.8
1262.55 19862.3
1263.23 19862.3
1263.52 19895.2
1263.51 19930
1263.49 19952.5
1263.59 19980.2
1263.38 19953.9
1263.38 19951.3
1263.68 19934.1
1263.52 19924.9
1263.81 19930.9
1263.8 19940.7
1263.72 20025.7
1263.96 20007.9
1263.96 20010.6
1264.01 19997.1
1263.94 19981.9
1264.16 19977.4
1264.23 19963.4
1264.06 19935.1
1264.04 19989.1
1263.77 20043.5
1263.79 20045.5
1263.86 20044.2
1263.87 20047.4
1263.94 20055.5
1264.09 20068.9
1263.69 20088
1263.7 20127.4
1263.76 20099.2
1263.73 20074
1264.66 20099.8
1264.7 20123.5
1264.87 20107.4
1264.88 20171.8
1265.74 20184.9
1265.6 20171.9
1266.26 20190
1266.21 20179
1266.19 20173.2
1266.04 20141.5
1266.54 20169.5
1266.77 20179.4
1266.92 20201.2
1267.4 20179.5
1267.32 20169.1
1267.95 20177.2
