66.238 88.8772
85.546 239.314
116.323 267.849
117.206 214.553
140.691 353.265
200.68 551.77
230.584 1329.76
266.342 1992.99
285.22 1760.6
291.341 1702.25
305.866 1795.04
319.08 1995.69
318.17 2266.86
318.779 2223.95
356.067 2375.77
356.167 2372.53
356.417 2388.13
356.439 2432.78
356.188 2498.63
364.401 2507.73
418.77 2806.87
418.639 2781.98
457.099 2697.56
457.119 2549.91
460.666 2616.85
478.572 3152.16
481.684 3012.11
480.776 2966.06
480.789 2912.4
500.767 3533.93
522.574 3687.83
536.124 3839.93
532.348 4481.76
568.301 4290.29
568.333 3948
572.47 3976.67
572.57 4063.9
575.159 4066.15
575.141 4098.31
574.75 4524.56
577.34 4307.5
576.273 4314.1
592.796 5225.46
592.759 5119.33
595.328 5065.96
602.632 5312.87
606.153 5223.53
606.327 5166.03
615.018 5209.37
617.648 5264.62
612.451 5652.94
613.324 5755.82
613.866 5750.28
617.248 5875.17
616.026 6239.37
614.402 6900.9
616.117 7085.15
623.436 6963.02
624.391 6995.76
625.71 7194.67
628.555 7273.23
649.83 7334.28
651.629 7111.01
662.078 7266.51
661.303 7210.78
660.407 7556.11
669.398 7102.59
671.037 7101.56
666.607 6948.78
667.986 6906.05
672.85 6817.86
672.936 6753.96
695.209 7711.48
695.085 7694.13
695.007 7896.27
694.877 7905.53
695.635 7938.34
696.752 7607.53
701.5 7412.05
704.048 7532.65
704.273 7572.91
707.182 7621.14
707.955 7747.11
708.348 7801.5
709.222 7901.67
727.133 7883.83
724.685 7862.32
726.298 8302.41
726.513 8250.89
725.527 8202.85
724.785 8359.6
724.782 8340.21
724.783 8294.39
722.643 8106.27
722.981 8182.2
723.539 8206.06
723.702 8192.61
725.585 8232.14
727.263 8366.24
726.048 8365.15
728.631 8816.54
734.339 8944.77
735.743 8732.67
736.556 8727.77
735.202 8669.06
744.975 8794.65
754.735 9074.86
757.469 8817.4
754.084 8670.47
759.02 8911.22
757.202 8744.77
760.789 8709.47
762.561 8650.04
760.652 9831.13
760.544 9657.49
762.624 9554.52
768.743 9935.54
772.407 9769.69
779.503 9730.31
784.328 9740.91
784.643 9922.18
787.105 9802.55
792.544 9737.06
793.088 9680.72
793.114 9657.64
793.717 9302.05
793.483 9494.83
793.948 9321.46
792.962 9341.97
793.568 9137.13
793.297 8939.38
792.835 8794.03
792.647 8843.14
793.341 8882.2
794.133 8963.32
796.161 9031.7
796.21 9079.86
803.131 9103.18
800.989 9145.22
803.295 9169.03
802.964 9248.92
804.837 9117.96
804.889 9166.48
805.035 9219.37
810.057 9849.31
810.103 9195.07
811.219 9088.96
811.407 9192.96
814.317 9421.39
815.162 9557.07
815.197 9495.24
815.739 9493.71
817.913 9507.68
817.857 9516.88
815.801 9536.01
815.794 9577.66
815.364 9863.04
816.928 9836.25
815.526 9743.79
815.924 9710.12
815.758 9709.24
815.433 9874.85
816.818 9902.25
817.99 9881.07
819.275 9929.86
819.741 9902.26
819.45 9816.1
821.589 9911.13
826.803 10109.8
828.919 10198
826.867 10487.5
826.934 10744.4
826.953 10895.8
827.558 11070.8
827.004 11147.5
828.249 11179.8
828.268 11188.2
828.955 11209.2
828.904 11256.6
828.255 11175
828.164 11133.7
828.604 10910
828.609 10852.5
828.754 10896.2
828.841 10923.4
829.069 10908.5
829.861 10908.6
831.165 11486.4
831.759 11325.8
831.316 11147.3
832.195 11066.1
832.738 10992.4
833.168 11047.8
834.373 11098.8
833.361 11243.4
833.632 11279.5
833.89 11307.3
833.001 11361.6
831.59 11287.9
830.7 11448.1
829.881 11340.8
830.034 11393.6
830.046 11395.1
829.046 11277.7
829.205 11337.2
829.156 11387.7
829.947 11442.8
828.355 11466.6
824.238 11717.8
824.23 11914.7
825.116 12092.9
824.843 12160.7
825.58 12326.9
826.831 12407.1
827.045 12450.1
826.748 12439.3
827.001 12406.7
826.766 12387.5
827.76 12427.9
827.564 12313.2
828.237 12258.7
828.142 12214.3
828.374 12177.6
827.812 12182.6
829.002 12148.6
828.234 12045
829.017 11933.7
827.93 11845.7
827.115 11864.6
826.802 11805.5
826.721 11745
826.765 11721.7
826.81 11639.2
826.516 11687.1
825.131 11767.7
825.498 11854.6
825.281 11867.6
823.349 11860
823.27 11880.7
825.696 12064.6
830.973 12286
830.881 12255.2
831.194 12320.8
831.037 12354.2
830.68 12341.5
831.213 12287.6
832.738 12315.4
835.483 12256.6
835.716 12293.5
835.72 12219.4
835.414 12099.9
835.514 12054.1
835.497 11903.8
835.621 11849.2
835.693 11836.1
835.632 11892.4
835.802 11933.5
835.562 11937.4
835.922 12023.3
837.944 12224.5
838.033 11752
837.319 11682.2
838.414 11662.7
838.645 11658
838.082 11616.6
838.022 11589.8
836.993 11546.4
839.208 11572.2
839.362 11641.4
838.284 11683.2
841.05 11711
843.615 11772
843.792 11844
844.965 11880.9
844.965 11887.7
844.986 11878.6
847.035 11785.6
847.083 11710.3
849.929 11825.8
851.628 11852.9
852.011 11848.2
852.854 11853.9
854.774 11824.6
854.896 11793.3
854.464 11770.2
854.109 11640.4
854.42 11530.9
854.533 11477.9
857.188 11418.4
857.404 11347.9
856.571 11796.7
856.667 11795
856.725 11809.5
856.673 11764.6
857.655 11733.2
857.838 11713.1
858.495 11711.4
855.507 11684
856.062 11877.6
859.803 11925.5
859.995 11962.7
859.499 12085.7
859.735 12143.3
860.172 12199.1
860.255 12235.2
860.358 12392
860.442 12406
860.463 12398.6
860.87 12412.4
861.061 12345.6
861.003 12311.2
860.959 12280.1
860.929 12300.4
861.175 12282.3
860.75 12279.6
860.727 12306.3
860.806 12291.6
861.24 12354.4
862.216 12342.6
862.119 12329.7
862.546 12257.3
863.054 12292.3
862.65 12331.4
862.784 12339.8
862.551 12369.7
862.602 12395.7
862.719 12391.5
862.895 12379.4
862.906 12370.9
864.168 12354.6
864.542 12367.5
865.046 12357.9
864.78 12357.1
863.964 12402.9
865.301 12438.4
866.367 12469.1
866.181 12522.9
865.619 12521
865.436 12561
866.102 12573.8
866.101 12609.1
866.045 12621.6
866.255 12641.4
865.958 12702.4
865.839 12737.2
865.741 12752.9
865.882 12777.1
865.897 12801.6
866.171 12840.6
866.271 12866.9
866.306 12881.7
866.803 12910.4
866.69 12890.4
866.86 12851.9
867.823 12867.8
867.744 12888.2
867.53 12891
867.302 13047.3
867.754 13076.4
867.624 13055.9
867.636 13065.2
868.282 13058.9
868.408 13024.4
868.228 12965
868.234 12973.7
868.288 12955.1
867.152 12874.2
866.711 12886.8
866.016 12891.1
867.219 12949.8
867.818 12979.1
867.364 13054.4
867.655 13082.8
867.684 13084.9
867.753 13124.3
867.978 13160.3
867.909 13173.7
867.771 13163.1
867.927 13282.7
868.015 13368.7
868.123 13349.5
868.222 13332
868.043 13295.7
869.135 13309.6
870.036 13276.7
870.053 13255.7
869.839 13233.6
870.051 13160.3
870.042 13084.7
871.881 13127.9
871.907 13010.8
872.164 12940.8
872.258 12856.7
872.318 12842.3
872.319 12853.8
876.058 12808.3
875.547 12745.5
877.005 12714.2
876.381 12682.6
875.737 12677.1
875.963 12664.5
875.875 12658.3
875.673 12713.5
876.703 12736.8
877.466 12799.8
877.497 12849.5
877.248 12935
877.663 12839
877.678 12836.3
877.939 12808.9
876.938 13067.6
876.79 13173.8
876.849 13176.3
876.858 13169.8
877.906 13188.4
877.83 13224.8
877.579 13234.8
877.511 13232.4
878.37 13246.5
877.27 13357.5
877.927 13445.9
878.356 13510.3
879.239 13476.9
879.389 13483.6
879.313 13479.5
879.297 13429.6
879.545 13436.1
879.446 13329.8
879.05 13338.9
878.355 13293.6
878.092 13331.6
878.344 13313.6
878.294 13301.2
878.33 13298.6
878.241 13301.3
878.32 13308
878.349 13317.6
878.786 13317.5
878.791 13329.1
878.81 13286.8
879.295 13300.6
879.518 13307.3
880.158 13327.9
878.963 13103.9
878.71 13045.3
878.607 13116.3
881.404 13344.4
881.576 13361.7
881.633 13362.1
881.636 13340.8
881.892 13329.6
881.995 13329
882.004 13338.3
881.88 13342.3
883.515 13373.2
883.489 13393.6
881.689 13348.5
881.572 13372.2
881.324 13310.9
881.183 13329.8
880.588 13390.6
881.201 13442.7
883.307 13484.1
883.331 13517.7
883.095 13552.8
883.609 13540.3
883.695 13564.2
883.415 13541
883.591 13548.8
883.497 13548.3
883.513 13486.7
883.504 13466.6
883.248 13426.2
882.918 13520.6
882.787 13566
882.836 13524.9
882.729 13487.9
883.318 13392.8
883.355 13318.5
883.318 13306.5
883.374 13300.8
883.489 13318.3
883.851 13332.5
883.837 13316.1
883.618 13312.3
883.64 13279.3
884.173 13288
884.667 13280.1
885.123 13319.2
885.197 13333.4
884.716 13256.2
885.338 13308.7
885.497 13312.1
885.398 13355.4
884.509 13380.9
884.479 13391.8
885.037 13376.6
884.457 13402.3
884.571 13442.5
884.246 13451.8
884.151 13456.1
884.145 13468.1
884.38 13486.8
884.12 13480.7
883.845 13471.3
883.821 13501
884.422 13544.9
884.255 13589.6
883.848 13593.7
883.852 13608.4
883.755 13624
883.743 13651.1
883.693 13645.7
883.104 13652.3
883.365 13662.7
883.478 13676.5
883.474 13667
883.414 13694.5
884.613 13780.3
884.615 13776.2
884.5 13776.7
884.665 13768.5
885.24 13807.6
884.679 13762.1
884.481 13707.1
884.605 13702
884.472 13748.9
884.52 13783.6
884.634 13788.7
884.604 13798
884.578 13813.6
884.407 13797.8
884.177 13797.7
884.851 13883.9
885.309 13937.7
884.703 13867.4
885.009 13839.3
884.984 13841.7
884.809 13813.6
884.212 13811.8
883.917 13808.5
884.256 13746.1
884.992 13826.8
884.622 13763.7
884.648 13728.9
884.663 13672.6
884.225 13666.4
885.3 13692.2
885.091 13851.6
887.171 13857.2
887.085 13823.2
886.964 13870.1
887.184 13888.4
886.825 13863.4
886.841 13815.5
887.173 13817.2
888.142 13813.7
888.387 13801
889.758 13728.8
889.319 13817.9
889.374 13837.1
889.661 13824.3
890.911 13796
891.188 13786.3
891.274 13808.8
891.292 13804.4
891.969 13969.8
890.945 14080.9
891.001 14216.7
890.039 14360.3
890.732 14467.8
890.543 14546.8
890.826 14597.7
890.845 14632.5
890.896 14641.2
890.793 14636.1
890.765 14614.2
892.69 14687
892.693 14710.7
892.474 14685.3
892.797 14682.7
892.748 14667.1
893.572 14681.2
893.296 14678.7
893.435 14669
893.431 14655.9
893.46 14645.3
893.286 14648.2
893.587 14656.2
893.519 14660
893.515 14643.4
893.507 14639.7
894.525 14622.1
896.92 14661.2
897.995 14675.5
898.033 14661.3
898.02 14642.6
900.05 14612.6
897.805 14650.4
897.898 14648.5
897.496 14646.4
897.815 14643
897.892 14641.4
897.881 14624
899.155 14625.4
898.804 14627.1
897.34 14688.4
896.915 14686.4
896.757 14592.5
897.132 14563
897.14 14566.3
897.255 14582.4
897.291 14603.6
898.452 14617.4
898.334 14601.8
898.255 14612.3
899.242 14629.7
899.251 14635
899.334 14661.3
902.333 14625
903.624 14683
903.751 14705.3
903.24 14724.5
903.133 14832.3
903.695 14726.8
904.076 14708.6
904.72 14573.6
904.581 14473.6
904.292 14429.9
904.832 14425.1
905.286 14396.3
905.429 14382.8
905.676 14379.2
905.61 14407.1
905.888 14403.1
906.344 14397.4
906.096 14391.7
905.389 14432.5
906.038 14459.9
906.11 14480.2
906.862 14510.5
906.817 14547.1
907.489 14557.7
907.488 14571
907.53 14582.6
907.638 14596.8
908.054 14612.3
908.02 14607.2
908.006 14604
907.83 14694.1
907.869 14712.6
908.54 14737.7
908.478 14709.9
908.799 14721.3
908.882 14686
909.379 14706.7
908.769 14759.9
908.833 14778.1
909.247 14763.1
909.574 14750.8
909.57 14796.7
909.732 14765.1
909.653 14780
910.228 14791.4
910.509 14806.3
911.193 14755.1
911.001 14738.7
911.003 14763
910.694 14771
911.498 14803.1
911.424 14784.4
911.132 14754.7
911.066 14739.1
911.295 14762.2
912.652 14696.8
913.01 14747.3
913.558 14752.1
913.564 14748.7
913.608 14777.7
913.645 14804.8
914.117 14799.6
914.239 14809.5
914.27 14803.4
914.222 14814.1
914.266 14788.6
915.838 14810.8
916.116 14804.4
916.256 14806.4
916.55 14811.6
916.442 14794.3
915.861 14813.6
916.179 14827.5
916.021 14827
916.023 14866.8
916.54 14851.4
916.206 14878.5
916.213 14851.4
916.172 14848.2
916.485 14963.5
916.441 14928.7
916.291 14919.4
915.748 14907.5
914.973 14952.9
915.189 14907.6
915.385 14866.6
915.355 14862.7
915.41 14867.5
914.88 14872.7
915.593 14876
915.427 14899.7
913.855 14982.7
914.765 14966.5
914.823 15000.8
915.007 15006
915.158 15037.9
915.314 15081.8
915.199 15091.3
915.218 15131.1
915.289 15148.3
915.293 15147.1
915.266 15161.7
916.194 15208.7
916.474 15251
916.451 15298.4
916.766 15273.4
916.883 15354.1
916.862 15379.1
916.521 15382.4
916.509 15375.2
916.519 15379.4
916.606 15399.5
916.454 15359.2
916.519 15344.7
916.511 15323.7
916.534 15284.9
916.295 15247.5
916.191 15197.6
916.18 15216
916.536 15247.7
916.648 15266.8
916.408 15351.6
916.057 15435.9
916.579 15458.3
916.587 15488.3
916.731 15625.9
916.706 15671.9
916.357 15680.5
916.325 15685.5
916.687 15694.1
916.617 15704.6
916.591 15695.4
916.665 15691.9
916.646 15584.5
916.634 15621.1
916.675 15589.4
917.064 15543.4
917.088 15509.9
917.025 15477.8
918.22 15547.7
918.18 15536
918.271 15523.9
918.226 15507.7
918.712 15515.4
918.386 15521.9
918.284 15523.2
918.242 15493.7
918.259 15507.3
919.431 15673.3
919.42 15496.6
919.249 15482.6
919.533 15473.2
919.643 15484.7
919.494 15495.1
919.583 15501.4
919.651 15536.4
919.665 15526.5
919.148 15535.9
919.287 15601.2
919.257 15630
920.003 15612.3
919.973 15567.8
920.674 15601.9
920.522 15633.6
920.858 15749.3
920.758 15718
920.698 15685.8
920.311 15718.7
920.184 15748.8
921.071 15715.4
921.583 15737
920.808 15662.2
920.902 15679.6
921.113 15712.9
921.124 15741.1
921.078 15757.4
921.01 15822.5
920.82 15844.7
920.758 15837.8
921.172 15840.4
921.059 15833.5
921.04 15818.9
920.901 15806.6
920.88 15775.1
920.885 15749.6
920.666 15761.6
920.638 15774.1
920.6 15784.7
920.424 15781.6
920.444 15782.2
920.53 15781.5
920.53 15800.4
921.609 15754.2
921.749 15693.7
921.712 15699.4
921.717 15709.4
921.16 15560.8
919.248 15589.2
918.87 15561.5
918.906 15525.9
918.851 15507.7
918.685 15471.3
918.868 15452.8
918.795 15436.7
918.388 15433.8
918.442 15456.7
918.437 15471.8
918.397 15475.2
918.551 15486.1
918.524 15504.6
919.131 15517
919.584 15528.5
919.586 15546.7
919.586 15572.9
919.613 15580.8
919.61 15590.3
919.666 15580.9
919.596 15554.7
919.699 15567.1
919.587 15582.3
919.689 15615.2
920.067 15612.4
920.141 15643
920.468 15632.6
920.62 15623.8
920.6 15612
920.566 15615.2
920.884 15635.1
920.735 15681.2
920.732 15664.1
920.757 15615.6
921.038 15619.8
921.334 15597.6
921.006 15607.2
920.837 15603.2
920.696 15597.4
920.571 15631.5
921.063 15493.8
921.236 15459.3
921.234 15433.6
921.596 15454.5
921.835 15474.9
921.919 15499.8
921.943 15509.3
922.063 15521.3
922.047 15526.6
923.061 15539.9
923.036 15535.9
923.212 15521
923.101 15542.9
923.035 15540.2
922.653 15580.8
922.788 15591.8
922.777 15555.5
922.479 15563
922.642 15567.9
922.864 15579
922.821 15605.3
922.874 15631.8
922.786 15590.1
922.813 15912.3
922.863 15842.7
922.751 15784.8
923.939 15751.8
923.747 15687.6
923.717 15668.1
924.088 15583.5
924.05 15589.3
924.11 15642.3
924.211 15629
924.024 15587.4
924.483 15675.6
924.484 15714.1
924.443 15680.4
924.481 15704.5
923.91 15787.2
924.13 15788.7
924.459 15859.2
923.97 15887.7
924.084 15860.5
924.055 15873.5
924.371 15910
925.197 15926.8
926.468 15930.4
926.453 15921.7
926.287 15910.9
925.978 15874.9
926.093 15853.4
925.08 15908.6
925.045 15944.4
925.193 15980.7
925.054 16006.6
925.086 16019.8
925.32 16023.4
925.389 16044.4
925.409 16051.6
924.931 16051.4
924.83 16052.1
924.759 16034.3
924.809 16048
924.808 16065.4
924.76 16072.1
925.606 16112
925.177 16119.8
925.039 16107.8
925.519 16126.3
925.85 16141.7
925.909 16159.5
926.629 16018.6
926.508 16008.9
926.63 16007.1
926.627 16030
926.721 16031.4
926.465 16156.7
926.841 16092.6
926.748 16091.2
927.744 16132.9
928.613 16124.8
928.63 16172.2
929.344 16190.1
929.459 16222.2
929.458 16276.9
929.389 16295.7
930.355 16328.1
930.419 16334.7
930.438 16333.4
930.529 16313.4
930.222 16314.1
930.025 16327.2
930.866 16364.7
930.861 16327.8
930.843 16328.1
930.992 16320.7
930.929 16319.5
931.008 16312.4
930.879 16310
930.842 16296
930.836 16285.9
930.443 16266.4
930.465 16299.9
930.458 16312.2
930.12 16217.1
930.655 16191.5
930.665 16196.8
930.567 16193.1
930.101 16199.2
930.212 16199.6
929.821 16221.8
929.78 16240.2
929.784 16238.1
929.558 16248.2
929.992 16241.4
930.4 16241.3
931.308 16268.9
931.508 16231.9
931.693 16237.9
931.651 16218.8
932.109 16176.4
932.095 16156.1
932.102 16125.3
932.139 16120.2
932.02 16142.5
932.055 16132.9
932.062 16152.4
932.147 16131.4
932.081 16099.4
932.099 16103.4
932.095 16109.7
932.094 16106.1
932.145 16112.5
932.384 16124
932.282 16084.9
932.445 16104.6
932.5 16134.4
932.58 16135.7
932.448 16129.1
932.434 16137.8
932.566 16141.2
932.668 16128
932.728 16115.3
