299.949 1701.03
312.621 1398.76
329.37 2142.56
466.764 2127.7
487.439 2068.88
491.187 2031.26
595.217 2670.72
647.55 2979.64
649.114 2973.02
668.118 3450.12
714.661 3651.82
716.96 3784.21
798.524 4070.93
798.54 3847.42
802.213 4576.71
825.421 4583.12
825.569 4366.04
834.56 4420.81
833.924 7219.84
836.522 7439.67
836.62 6440.37
867.461 7194.54
894.18 6750.61
892.994 6471.46
948.262 6630.35
995.718 6360.24
995.968 6243.03
1013.24 8000.85
1014.05 7716.38
1027.49 7082.96
1070.11 11658.8
1137.06 11455.6
1161.67 11475.6
1165.97 11437.6
1171.94 12660.8
1178.11 11935.8
1178.95 11230.5
1180.47 11358.5
1181.05 11469.3
1178.68 11415
1214.98 12880.5
1228.72 11179.6
1246.86 10892.5
1254.08 10637.3
1274.89 11298.9
1282.02 10911.9
1285.96 11011.1
1290.7 11365.1
1298.76 11127.1
1300.23 11289.9
1306.5 11228.5
1324.08 11013.1
1330.68 10800
1353.27 10592.2
1367.35 10431.8
1373.54 10393.4
1375.54 10379.7
1382.88 10048.8
1383 10030.8
1390.15 10200.8
1392.01 9846.2
1435.14 10313.7
1453.29 10023.6
1458.95 9992.73
1460.65 10042.8
1460.46 11385.9
1472.6 11009.6
1473.46 10815.5
1477.2 10737.1
1477.34 10736.7
1480.2 10692.5
1482.46 10797.8
1481.78 10992.5
1485.22 11401.5
1487.47 11444.6
1487.72 11318.6
1487.65 11258.2
1501.49 11151
1505.39 10992.7
1511.29 10894.5
1518.09 11045.4
1525.77 11202
1525.67 11330.3
1526.41 11292.1
1530.96 11166.9
1533.91 11208.1
1538.18 11225.1
1539.67 11168.5
1539.64 11236.6
1545.2 11202.5
1545.23 11198.9
1552.53 11064.6
1551.67 11228.9
1551.87 11256.2
1555.06 11212.7
1555.08 11317.5
1564.45 11304.1
1573.45 11680.6
1574.26 11244.9
1575.85 11243.1
1579.21 11220.3
1581.71 11186.7
1580.96 11258.2
1582.89 11374.9
1585.66 11317
1585.51 11301.6
1585.76 11372.1
1589.85 11530.3
1590.47 11633.1
1591.79 11700.3
1589.86 11858
1589.63 11943.4
1592 11917
1592.45 11918.5
1602.39 12023.3
1601.92 11964.4
1601.96 11878.2
1602.62 11810.8
1603.26 12223.1
1604.26 12104.5
1604.32 12053.2
1604.7 12036.3
1605.46 12066
1605.89 12020.8
1609.87 12001.8
1614.02 11961.1
1614.31 11883.7
1615.32 11844.1
1615.13 11817.1
1629.48 11863
1643.56 12331.5
1643.06 12113.4
1643.94 11955.2
1657.26 11636.6
1657.39 11578.5
1666.26 11429.6
1670.74 11445
1670.66 11421.4
1670.48 11440.2
1670.89 11413.7
1671.35 11459.9
1671.7 11430.7
1673.03 11395.2
1673.77 11380.4
1674.12 11370.4
1674.23 11362.1
1680.61 11202.8
1680.71 11226.7
1680.72 11240.9
1680.78 11249.2
1682.78 11160.8
1683.34 11178
1688.13 11118.6
1688.08 11086.5
1688.51 11104.3
1693.83 11099.2
1696.65 11108.4
1697.58 11051.8
1697.38 11053.7
1697.41 11035
1700.5 11057.1
1700.94 10840.8
1704.88 10920.1
1704.81 10825.9
1704.63 10791
1704.55 10758.9
1704.61 10750.3
1710.01 10830.4
1712.56 10676.2
1712.79 10641.4
1713.5 10640.3
1714.36 10654.4
1714.4 10720
1714.38 10719.2
1714.21 10743
1714.74 10767.8
1714.69 10779.5
1714.97 10771.1
1722.17 11078
1722.28 11225.4
1722.06 11328.6
1741.01 11684.5
1741.01 11429.6
1741.14 11386.9
1741.04 11375.8
1741.02 11375.2
1741.03 11386.7
1741.53 11401.5
1741.79 11405
1741.95 11403.4
1742.06 11417.6
1742.2 11401.9
1742.45 11395.9
1742.4 11387.8
1742.38 11390.9
1742.45 11364
1743.59 11378.3
1743.62 11377.3
1743.26 11460.8
1743.08 11451.7
1745.02 11489
1753 11479.2
1753.05 11393.5
1753.11 11309.6
1753.77 11290.2
1754.55 11288.1
1754.63 11266.9
1760.6 11336.1
1760.63 11091.2
1760.74 11039.6
1761.6 11045.4
1763.5 11135
1763.36 11112.3
1764.06 11109
1763.79 11146.9
1763.83 11146.2
1764.57 11138.1
1765.48 11123.4
1766.67 11141.2
1766.81 11115
1766.7 11118
1767.09 11098.3
1768.38 11065.3
1768.52 11072.7
1769.02 11154
1771.22 11133.7
1771.34 11127.6
1771.36 11121.6
1771.68 11117.7
1771.37 11142.5
1771.36 11162.9
1772.67 11175.4
1772.6 11191.2
1772.6 11157
1772.67 11133.3
1772.73 11131.7
1773.63 11127.1
1775.04 11123.8
1775.24 11123.7
1775.17 11133.6
1775.15 11138.1
1775.25 11131.4
1775.98 11106.9
1775.77 11137.2
1776.22 11152.8
1779.87 11157.5
1781.16 11096.9
1781.34 11084.1
1783.2 11067.5
1783.93 11010.1
1784.21 10986.2
1784.21 10974.8
1784.71 10974.5
1785.26 10979.1
1785.26 10974.4
1784.96 10978.1
1784.94 10974.3
1784.84 10995.6
1784.84 10987
1785.75 10971.2
1785.71 10968
1785.72 10966
1785.81 10971
1785.86 10970.1
1785.71 10960.2
1785.49 10955.8
1785.58 10982.2
1785.65 10995.8
1786.11 10930.8
1786.11 10893
1786.04 10877.5
1786.21 10869.9
1786.26 10846.8
1786.24 10818.2
1786.44 10814
1786.56 10813.9
1786.51 10799.6
1786.53 10801.2
1787.12 10848.1
1790.05 10903.3
1790.1 10966.7
1790.08 10965
1790.46 10964
1790.56 10973.2
1790.59 10981.3
1791.45 10983.4
1791.44 10984.2
1791.38 10987.5
1791.56 10989.2
1791.64 10996.6
1791.27 11042.2
1791.26 10984.3
1791.16 10972.1
1791.25 10961.7
1791.75 10987.3
1791.75 10986.1
1791.86 11003.1
1792.35 11081.4
1792.32 11074.4
1792.19 11092.3
1792.47 11067.1
1792.54 11079
1792.44 11076.1
1792.36 11094.4
1792.44 11102.2
1792.49 11115.4
1792.42 11109.5
1792.5 11101
1792.5 11091.9
1792.58 11089.8
1792.59 11085.8
1792.54 11080
1792.65 11053
1792.67 11072.8
1792.83 11061.5
1792.8 11043.6
1793.01 11013.8
1793.63 10968.7
1794.03 10966.6
1794.17 10963.2
1794.18 10936.6
1794.23 10933.2
1794.51 10930.9
1794.48 10926.9
1794.57 10923.2
1794.54 10909.2
1795.38 10910.6
1795.34 10900.4
1794.74 11009
1794.75 11047.4
1794.79 11080.1
1794.9 11105.8
1794.82 11128.2
1794.81 11156.2
1794.78 11186.1
1794.76 11174.4
1795.38 11180
1795.35 11187.5
1795.35 11180
1795.77 11190.2
1795.79 11184.6
1795.97 11192.1
1796.59 11212.6
1797.02 11214.1
1797.02 11218.5
1797 11224.3
1797.03 11219.3
1797.11 11219.2
1797.24 11205.7
1797.2 11205.6
1797.04 11208.1
1796.58 11214.1
1796.6 11199.6
1796.59 11198.2
1796.57 11193.9
1796.41 11171.9
1796.35 11165.2
1796.53 11177.7
1796.53 11140.7
1796.53 11130.9
1796.81 11120.3
1796.81 11129
1796.93 11145.1
1796.88 11148
1796.78 11153.8
1796.79 11156.2
1796.84 11164.9
1797.2 11165.4
1797.07 11143.8
1797.13 11117.9
1797.19 11120.9
1797.47 11138.7
1797.82 11135.8
1797.78 11138.5
1798.28 11143.2
1798.38 11147.6
1798.28 11146.2
1799.02 11163.8
1799.42 11142.7
1799.31 11144.3
1799.32 11140.7
1799.21 11143.1
1799.21 11144.2
1799.2 11141.5
1799.16 11132.5
1799.15 11133
1799.35 11073.4
1799.37 11051.1
1799.31 11054.8
1799.28 11054.1
1799.27 11048.1
1799.27 11031.4
1799.35 11031.8
1799.37 11048.7
1799.31 11059.4
1799.33 11057.7
1799.41 11055.9
1799.46 11055.2
1799.58 11057.1
1799.44 11072.5
1800.09 11065.3
1800.05 11062.9
1800.01 11067.6
1800.15 11067.4
1800.16 11069.1
1800.39 11065.5
1800.57 11069.2
1800.61 11070.2
1801.3 11150.9
1801.19 11173.5
1801.26 11173.8
1801.35 11188.9
1801.33 11189.5
1801.89 11195.7
1802.05 11177
1801.72 11190.5
1802.25 11217.1
1802.39 11205.5
1802.35 11198
1802.36 11184.5
1801.96 11228
1801.92 11191.7
1801.91 11171.6
1802.57 11268.4
1802.72 11275
1802.71 11295.8
1802.85 11309.1
1802.85 11319.9
1802.84 11323.7
1802.93 11336
1802.93 11329.5
1803.05 11339.3
1803.6 11375.4
1803.55 11371.8
1803.88 11386.6
1803.96 11402.1
1803.96 11408.7
1803.98 11411.8
1804.03 11414
1804.24 11427.1
1804.23 11429.8
1804.22 11432.8
1804.22 11438.3
1804.32 11433.5
1803.81 11428.3
1803.63 11448.7
1803.83 11455
1803.91 11464.9
1803.95 11469.9
1803.93 11470.1
1804.01 11472.6
1804.24 11448.1
1804.23 11443.9
1804.24 11445.1
1803.88 11443.5
1803.72 11439.7
1803.63 11426.3
1803.63 11429.7
1803.64 11427.9
1803.7 11429.1
1803.62 11423.2
1803.64 11424.1
1803.56 11420.9
1803.53 11425.2
1803.45 11436.8
1803.47 11443.5
1803.56 11438.8
1803.72 11435
1803.78 11491.4
1804.07 11449.1
1804.22 11479.9
1804.9 11486.6
1804.97 11485.2
1805.18 11532
1805.46 11558.8
1805.68 11578.9
1805.93 11576.2
1806.11 11570.2
1806.11 11566.3
1806.11 11566.9
1806.11 11570.3
1806.35 11572.1
1806.46 11573.7
1806.59 11587.2
1806.59 11589.9
1806.41 11608.8
1806.43 11610.9
1806.41 11623.6
1806.42 11624.4
1806.41 11628.8
1806.41 11630.6
1806.48 11642.4
1806.48 11649
1806.62 11643.2
1806.32 11654
1806.32 11651.7
1806.37 11662.6
1806.31 11677.9
1806.57 11696.8
1806.53 11709.2
1806.74 11710.4
1806.69 11708.5
1806.83 11713.4
1806.85 11710.2
1806.57 11814
1806.57 11889.1
1806.6 11888.2
1807.06 12125
1807.43 12131.2
1807.59 12148
1807.6 12142.2
1807.62 12133.4
1807.62 12139.4
1807.58 12088.9
1807.58 12077.8
1807.67 12056.5
1808.79 12055.3
1808.76 12007.1
1808.8 11967.3
1808.75 11963.5
1808.83 11952.5
1808.82 11943.7
1808.81 11941.6
1808.79 11947.6
1808.98 11959.4
1808.96 11951.5
1809.21 11986.3
1809.23 11967.3
1809.3 11958.7
1809.26 11947.9
1809.3 11952.6
1809.37 11937.8
1809.53 11959.9
1809.59 11965.2
1809.53 11952
1809.72 11951.9
1809.64 11957.8
1809.74 11951.8
1809.93 11996.5
1810 11991.7
1810.01 11976.4
1809.99 11980.6
1809.97 11992
1809.97 12014
1809.88 12015.1
1810.54 12031.5
1810.37 12030.8
1810.62 12053.8
1810.61 12068.8
1810.61 12057.9
1810.56 12044.8
1810.86 12042.8
1810.85 12045.8
1810.8 12030.5
1810.74 12021.9
1810.74 11999.1
1810.86 11995.7
1810.83 12008
1810.83 11979.3
1810.83 11968.3
1810.86 11972.2
1810.92 12013.2
1810.98 12014
1811.01 12007.6
1810.99 12008
1811.08 12005.5
1811.11 12008.3
1811.14 12010.1
1811.18 12012.6
1811.2 12007.9
1811.17 12006.1
1811.02 12001.9
1810.96 11997
1810.91 11991.4
1811.12 11994.7
1811.62 11997.2
1811.99 12002.6
1811.98 12022.3
1812.02 12033.6
1812.01 12018.7
1812.05 12031.4
1811.98 12038.6
1812.02 12044.5
1812.1 12057.1
1812.14 12138.9
1812.76 12297.8
1812.83 12288.1
1812.83 12261.8
1812.68 12247.8
1812.58 12240.5
1812.58 12239.8
1812.68 12242.6
1812.68 12247.8
1812.66 12248.3
1812.68 12247.1
1812.74 12250.2
1813.45 12259.9
1813.44 12228.1
1813.46 12221.2
1813.42 12220.7
1813.18 12223.2
1812.98 12215.2
1812.72 12203.2
1812.8 12212.8
1812.78 12224.5
1812.74 12232.6
1812.74 12290.3
1812.8 12276.5
1812.97 12246.2
1812.99 12240.5
1812.94 12243.4
1812.94 12247.5
1812.94 12241.7
1813.32 12247.5
1813.32 12247.7
1813.3 12235.3
1813.38 12295.3
1813.78 12324.1
1813.75 12320.7
1813.78 12316.9
1813.86 12318
1814.13 12415.1
1814.1 12425.7
1814.14 12429.1
1814.42 12431.7
1814.48 12460.5
1814.48 12468
1814.49 12473.1
1814.53 12472.9
1814.5 12472.1
1814.44 12466.6
1814.82 12512.4
1815.07 12514.9
1815.21 12499.7
1815.28 12505.4
1815.27 12509.1
1815.2 12502.4
1815.18 12497.2
1815.24 12493.8
1815.39 12476.6
1815.34 12467.2
1815.42 12464.9
1815.36 12467.2
1815.29 12461.5
1815.24 12456.7
1815.2 12462.5
1815.19 12466.7
1815.19 12461.3
1815.09 12457.7
1815.16 12467
1815.11 12466.7
1815.29 12465
1815.39 12474
1815.42 12477.9
1815.35 12464.4
1815.33 12467.8
1815.38 12462.5
1815.48 12472.9
1815.52 12463.8
1815.15 12470.8
1815.2 12500.5
1815.24 12485.4
1815.35 12481.5
1815.63 12468
1815.56 12450.7
1815.57 12447.1
1815.6 12456.7
1816.35 12469.3
1816.31 12470
1816.3 12450.7
1817 12439.2
1816.94 12451.7
1816.98 12440.1
1817.26 12427.3
1817.3 12408.3
1817.31 12400
1817.26 12382.6
1817.28 12370.2
1817.14 12369.2
1816.97 12368.2
1817.01 12378
1816.98 12364.8
1817.19 12337.8
1817.16 12356.1
1817.08 12374.6
1817.08 12392.3
1817.14 12411.9
1817.1 12424.8
1817.08 12479.2
1817.09 12489.5
1817.29 12520.7
1817.25 12426.8
1817.25 12415.4
1817.13 12402
1817.11 12391.1
1817.14 12380.1
1817.09 12367.8
1817.06 12345.3
1817.04 12331.1
1816.93 12295
1817.19 12267.6
1817.21 12261
1817.2 12254.4
1817.15 12238.5
1817.13 12230.6
1817.09 12218
1817.1 12202
1817.09 12193.1
1817.14 12193.7
1817.12 12192.1
1817.18 12174.9
1817.23 12175.8
1817.16 12186.2
1817.23 12212.7
1817.27 12229.9
1817.49 12244.3
1817.52 12258.4
1817.55 12266.9
1817.57 12274.9
1817.88 12390.1
1817.9 12418.4
1817.9 12429.8
1817.94 12452.3
1817.95 12468.9
1818.05 12478.5
1818.66 12543.2
1818.64 12554.5
1818.89 12565.4
1818.91 12585.9
1819.53 12596.2
1819.62 12607.6
1819.62 12620.1
1819.71 12653
1819.77 12652
1819.67 12655.9
1819.69 12659.1
1819.81 12664.4
1819.82 12670.6
1819.82 12686
1819.83 12697
1819.82 12699.1
1819.74 12716.1
1819.66 12725.9
1819.71 12742.4
1819.65 12766
1819.63 12766
1819.64 12764.9
1819.52 12736.6
1819.5 12731.7
1819.59 12736
1819.58 12735.8
1819.62 12725.3
1819.76 12727.1
1820.03 12734.5
1820.17 12732.2
1820.17 12716.4
1820.26 12721.6
1820.27 12728.5
1820.25 12719.1
1820.48 12718.6
1820.5 12718.2
1820.49 12708.4
1820.59 12712.3
1820.67 12744.7
1820.77 12752.3
1820.33 12779
1820.34 12794.1
1820.7 12786.9
1820.7 12783.8
1821.1 12773.6
1820.98 12792.8
1820.97 12803.5
1820.98 12813.1
1820.97 12816.6
1820.93 12825.9
1821.08 12822.7
1821.12 12818.7
1821.04 12822.5
1821.02 12814.8
1821.03 12815.1
1820.92 12812.5
1820.93 12799.4
1820.95 12798.7
1820.97 12796.5
1820.86 12799
1820.91 12809.2
1820.91 12806.4
1820.89 12791.7
1820.85 12792.6
1820.95 12790.5
1820.91 12779.3
1821.3 12820.7
1821.37 12821
1821.37 12821.6
1821.36 12821
1821.3 12806.2
1821.21 12809.1
1821.26 12815
1821.24 12823.9
1821.35 12833.2
1822.21 12808.9
1822.23 12798.8
1822.27 12799.8
1822.32 12796.3
1822.76 12759.8
1823.17 12758.8
1823.11 12764
1823.1 12769.3
1822.95 12751.1
1822.96 12758.2
1822.96 12756.4
1822.92 12766.4
1822.73 12787.5
1822.79 12782.7
1823.14 12781.7
1823.06 12788.7
1823.06 12785.3
1823.02 12783.1
1823.2 12790.1
1823.24 12786.5
1823.17 12790.3
1823.45 12815.8
1823.76 12840.8
1823.35 12789.7
1823.35 12788.7
1823.24 12784.1
1823.26 12782.8
1823.5 12789.5
1823.52 12794.7
1823.94 12802.5
1824.21 12803.9
1825.02 12772.9
1825.03 12770.6
1825.07 12782.9
1826.42 12781.3
1826.48 12803
1826.49 12802
1826.54 12798.2
1826.53 12794.1
1826.48 12793.4
1826.47 12786.1
1826.53 12783.5
1826.55 12799.2
1826.55 12809.8
1826.56 12818.5
1828.66 12779
1828.64 12775.7
1828.78 12796.2
1828.7 12810.2
1828.71 12811.4
1828.72 12809.7
1828.97 12811.5
1828.94 12821.8
1828.94 12828.8
1828.94 12817.7
1828.92 12811.2
1828.93 12810.5
1829.08 12815.5
1829.06 12804.4
1829.01 12797.5
1829.03 12766.5
1829.03 12759.5
1829.05 12804.9
1829.04 12810
1829.11 12805.8
1829.05 12804.6
1828.99 12817.5
1828.76 12817.9
1828.76 12811.8
1828.73 12809.1
1828.73 12809.3
1828.55 12764.6
1829.15 12807.8
1829.15 12823.6
1829.13 12802.8
1829.13 12810.9
1829.11 12817.4
1828.98 12820.1
1829.01 12825
1829.48 12809.4
1830.46 12880
1830.33 12900.5
1830.23 12903.4
1830.25 12902
1830.19 12888.7
1830.16 12897.2
1830.09 12900.9
1830.05 12880.2
1830.1 12880.2
1830.02 12877.9
1830.22 12878.6
1830.23 12872.1
1830.06 12883.3
1830.05 12882.9
1830.09 12880
1830.21 12867
1830.49 12873.4
1830.57 12871.1
1830.6 12874.4
1830.57 12886.8
1830.56 12881
1830.58 12882.9
1830.63 12868.9
1830.88 12888.1
1830.98 12882.5
1830.92 12897.1
1831.07 12883.9
1831.07 12875.9
1831.03 12866.6
1831.03 12876.4
1831.06 12885.7
1831.08 12891.8
1830.93 12886.7
1830.86 12899.6
1830.89 12911
1830.77 12913
1830.74 12918.3
1830.93 12923.8
1830.97 12897.9
1830.97 12892.6
1830.96 12889.6
1830.97 12883.6
1830.96 12880.1
1830.86 12889.2
1830.86 12892.5
1830.87 12894.7
1830.8 12897.7
1830.79 12900.4
1830.85 12904.3
1830.81 12907.8
1830.86 12894.5
1830.9 12877.7
1830.89 12880
1830.79 12849.1
1830.84 12851.7
1830.87 12846
1830.76 12844
1831.03 12830.2
1831.05 12830.6
1830.82 12813.5
1830.76 12813
1830.72 12818.3
1830.67 12809.5
1830.64 12693.1
1831.79 12707.2
1831.97 12705.6
1831.98 12710.6
1832.11 12722.3
1832.16 12732.2
1832.15 12729
1832.14 12728.3
1832.37 12769.7
1832.65 12799.4
1832.62 12869.6
1832.65 12883.5
1832.66 12894.5
1832.66 12901.9
1832.53 12930.5
1832.55 12952.4
1832.64 13089.6
1832.64 13036.7
1832.64 13028.8
1832.66 13027.3
1832.83 13021
1832.83 13015.9
1832.81 13009.6
1832.81 13003.1
1832.83 12997
1832.9 12998
1832.74 13005.5
1832.72 13004.9
1832.72 13003.1
1832.82 13040.5
1832.8 13056.2
1832.78 13050.6
1832.79 13050.5
1832.58 13055.4
1832.58 13057.7
1832.67 13068.6
1832.82 13077.4
1832.81 13078.4
1832.81 13086.2
1832.96 13084.6
1832.95 13076.4
1833.36 13087.6
1833.39 13097
1833.38 13101.9
1833.81 13027.4
1833.77 13016.3
1833.71 13045
1833.7 13056.9
1833.69 13062.3
1833.65 13060.3
1833.75 13047.1
1833.8 13047.2
1833.83 13052.5
1833.95 13053.3
1833.69 13059.4
1833.71 13063.8
