93.556 666.541
138.716 975.233
138.671 795.296
144.909 749.338
154.038 1098.73
154.548 1017.86
163.741 1267.35
160.54 2437.09
202.133 2227.59
202.608 2102.74
239.437 2201.68
232.871 2690.08
232.973 2517.8
243.933 2410.79
308.565 2809.05
308.814 2662.29
320.703 3529.96
353.456 3771.29
353.069 3466.37
411.187 3228.77
451.61 3630.79
451.558 3539.96
465.603 3667.83
465.004 3540.65
473.737 3580.88
473.973 3523.72
496.536 4179.74
497.269 4009.34
504.959 3880.55
515.415 3991.32
516.971 4148.21
516.112 4249.91
509.191 5283.49
526.726 5212.21
526.778 5400.93
524.817 5481.98
525.142 5501.07
530.831 5776.93
574.932 7063.04
577.882 6724.9
616.427 6624.98
619.733 6564.95
620.781 6433.54
620.578 6315.77
621.038 6278.38
642.024 6908.6
642.319 6820.27
649.625 6916.35
660.558 7375.8
674.649 7938.68
676.037 8116.75
678.812 7976.94
674.245 8239.01
669.177 8649.16
669.259 8648.66
669.266 9132.87
667.536 9227.01
667.525 9104.93
666.959 9196.76
671.831 10213.1
671.81 9832.74
679.481 9759.61
682.489 9834.04
687.475 9927.43
685.409 10030.1
717.885 10093.9
715.302 10171.7
711.915 11011.6
717.498 10828.9
713.371 11178.5
717.644 11210.3
705.938 11056.7
706.735 10944.3
705.602 10889.6
704.698 11248
702.437 11785.1
703.285 12353
702.285 12270.1
705.369 12091.9
713.68 12084.6
713.728 11887.1
714.617 11797.4
716.895 11768.1
719.363 11801
715.752 11778
718.162 11698.9
719.49 11711.4
719.288 11568.4
727.92 11752
728.68 11737.2
725.33 11687.9
739.784 11622.6
739.325 11620.5
739.463 11702.4
738.761 11787.4
746.667 11830
751.266 11790.2
751.278 11761.3
752.895 11635.7
751.551 11718.8
747.761 11838.9
748.125 11934.7
746.972 11980.8
745.303 12183
745.311 12185.7
747.079 12286
753.963 12341.5
758.236 12322.8
759.7 12336.9
767.238 12362
770.232 12368.6
771.579 12206.2
783.137 12221.3
784.309 12104
783.608 12055.6
791.233 12086.1
790.557 12068.8
793.688 12152.8
793.216 12359.5
800.694 12231.5
800.702 12110.6
803.942 12306.3
802.486 12393.8
803.549 12538.4
806.083 12746.5
802.269 12858.2
803.064 12920.6
801.856 13074.1
802.82 13053.7
807.37 13069.9
806.155 13375
806.849 13509.1
809.064 13483.7
807.97 13586
808.996 13634.9
810.182 13607.9
812.925 13572.8
813.278 13562.2
812.684 13557.1
812.634 13643.8
814.158 13721
817.384 13751.3
814.807 14215.4
815.848 14148.8
816.955 14418.5
817.328 14485.9
816.906 14877.4
816.975 14984.2
816.936 15139.3
818.907 15299.4
818.182 15293.3
817.637 15321.9
815.441 15622.8
815.415 15477
820.585 18628.7
821.256 18747.9
821.655 18046.9
822.8 17869.6
823.881 17626.1
824.383 17382.8
823.994 17029.5
821.294 16757.6
821.15 16512.6
821.114 16266.4
821.892 16065.4
823.78 15704
824.982 15484.5
831.196 15466
831.875 15242.6
831.896 15224.8
831.548 15219.6
833.878 15286.1
832.341 15194.3
842.14 15411.4
842.086 15269.9
840.451 15326.7
840.394 15359.6
836.554 15189.9
839.512 15486.8
840.315 15589.1
840.625 15648.5
840.369 15803
841.768 15864
842.087 15870.3
842.07 15951.7
841.705 16007
844.845 16070.2
845.198 16130
846.161 16107.6
849.255 16207.1
849.37 16293.1
851.507 16360.1
852.062 16403.4
852.205 16450.4
853.462 16504.7
853.526 16579.8
853.788 16627.7
853.78 16639.2
854.083 16648
853.954 16628
857.079 16664.7
859.762 16740.3
862.811 16745.9
863.65 16719.8
864.462 16778.8
864.576 16740.1
865.313 17250.4
866.54 17249.2
866.834 17205.3
867.403 17156
867.345 17141
868.939 16992.1
868.887 16930.5
868.931 16939.9
868.523 16862.1
870.432 16891.8
871.045 16967.2
872.531 17045.1
873.832 17095.1
874.659 17106.7
878.661 17211.4
879.346 17356.5
878.972 17512.9
878.591 17595.8
878.107 17625
878.29 17724
877.919 17620.3
880.313 17617.1
884.896 17621.6
884.896 17452
884.371 17367.6
884.548 17314.1
886.194 17277.2
887.551 17238.3
887.292 17316.2
887.236 17303.2
887.391 17262.3
890.429 17389.2
890.637 17404.9
890.668 17421.6
890.868 17438.7
894.469 17517.7
895.538 17503.1
894.991 17499.4
894.852 17469.9
895.359 17532
896.203 17580.6
896.181 17650.1
898.326 17754.2
897.022 17613.5
897.71 17767.6
904.462 17560.8
904.93 17626.2
904.826 17642.3
904.881 17698.5
906.985 17774.9
913.583 17856.4
914.199 17925
916.351 17950.8
916.345 18002
915.166 18167.2
915.178 18446.4
913.968 18622.8
914.076 18720
914.494 18814.4
920.925 18943.5
920.938 18933.9
922.342 18921.9
922.158 18882.7
925.94 18895.8
927.605 18784.4
931.595 18599.6
934.309 18699.5
934.588 18700.8
934.335 18662.3
934.838 18634.8
934.681 18567
934.501 18530.8
936.816 18539.6
936.946 18427.7
935.939 18375.1
935.843 18327.5
936.081 18324.4
941.61 18485.1
943.153 18632.2
944.078 18752.8
944.091 18789
944.149 18793.9
944.617 18724.5
944.172 18696.6
946.033 18663.7
946.092 18595.9
946.274 18601.1
945.53 18527.2
945.44 18475.8
945.278 18464.3
952.327 18571.5
954.943 18371
955.15 18294.6
955.074 18244.3
955.29 18277
958.255 18426.7
958.958 18471.5
959.003 18467
959.527 18472.9
959.388 18476.4
962.729 18496.8
962.708 18513.7
964.009 18565.9
965.931 18525.5
965.903 18537.3
967.417 18536
967.555 18512.3
967.926 18452.2
969.019 18453.9
969.33 18332.7
969.59 18377.2
969.644 18388.6
969.734 18463.5
969.715 18500.8
970.344 18397.7
970.712 18286.2
972.121 18542
972.118 18680.9
972.109 18696.5
972.667 18813.3
972.64 18739.7
977.884 18597.5
980.225 18851.6
981.395 19110.7
980.63 19367.6
982.085 19257.5
983.855 19141.6
983.986 19110.5
982.62 19071.9
982.689 19063.7
982.754 19044.8
982.758 19025
982.805 19053.4
983.668 19274.8
983.923 19276.6
985.694 19162.1
986.092 19151.1
987.754 19130.4
988.804 19235.4
989.633 19281.5
989.748 19254.3
989.704 19241.3
991.057 19284.5
992.71 19308.4
992.674 19297.1
992.717 19272.3
993.279 19280.1
993.873 19265.1
993.44 19281.3
993.879 19263.2
994.758 19339.1
995.356 19722.6
993.434 19598.6
993.411 19520.6
992.42 19532.7
993.018 19454.6
992.938 19401.8
991.333 19430.6
990.977 19429.6
991.014 19351.8
990.646 19356.7
991.501 19376.7
991.524 19425.1
991.745 19501.2
991.76 19437
991.694 19374
991.701 19321.8
991.69 19371.8
991.645 19399.8
991.69 19463.8
990.751 19432
990.959 19455
991.847 19426.9
992.435 19409.6
992.188 19444.3
992.374 19470.5
992.743 19464.2
992.686 19477.8
992.675 19484.4
995.075 19461.1
995.048 19412.9
995.035 19442.3
994.656 19455.9
995.486 19422.6
997.482 19396.1
997.552 19406.4
997.777 19411.8
999.031 19392.6
999.222 19383.1
999.171 19429.3
1000.37 19498
1000.48 19524.2
1001.16 19536.6
1002.36 19526.7
1002.11 19545.4
1001.72 19536
1004.05 19537
1004.08 19566.9
1004.73 19532
1004.31 19564
1004.88 19580.9
1004.9 19617.2
1004.54 19653.4
1004.91 19625.2
1001.95 19727
1001.94 19766.8
1002.08 19787.3
1002.18 19797.9
1002.16 19683.9
1002.28 19652.9
1003.29 19574.6
1003.24 19522.5
1003.3 19564.7
1003.99 19539.8
1004 19751.5
1010.43 19892.7
1010.88 19918.2
1010.86 19935.8
1011.7 19892
1013.65 19605.6
1013.64 19615.7
1013.8 19576.6
1013.73 19641.6
1014.28 19585.3
1014.19 19586
1014.18 19550.1
1014.27 19580.2
1014.66 19566.6
1014.49 19547.3
1014.09 19561.2
1015.12 19632.3
1015.53 19632.5
1015.52 19594.8
1015.27 19642.6
1015.75 19689.6
1015.64 19722.6
1015.55 19740
1015.54 19744.7
1015.8 19801
1016.77 19732.1
1016.7 19671.7
1017.28 19672.5
1015.59 19741.8
1015.54 19804.6
1019.26 19854.7
1019.36 19842.9
1019.36 19808.7
1020.58 19772.4
1020.52 19771.2
1021.42 19741.9
1021.59 19843.5
1021.76 19934.7
1024.05 20055.7
1024.3 20326.1
1025.44 20385.8
1025.06 20404.3
1025.2 20486
1025.26 20564.1
1025.77 20820
1025.76 20927.6
1025.41 20971.6
1026.57 20985.3
1026.6 20943.4
1026.89 20946.6
1027.56 20917.6
1027.14 20933.8
1027.62 20937.7
1027.57 20935.2
1030 20951.8
1030.37 20883.5
1030.38 20894.5
1030.41 20964.3
1031.66 20934
1033.76 20926.2
1034.02 20806.6
1032.59 20702.6
1036.15 20769.5
1036.51 20701.7
1036.66 20677.2
1035.49 20645.1
1035.42 20661.9
1039.27 20648.3
1040.42 20689.6
1040.24 20666.9
1039.96 20666.2
1039.97 20624.1
1040.08 20627.2
1040.12 20630.9
1040.13 20645.7
1039.77 20640.7
1040.19 20603.1
1039.89 20555.7
1039.85 20556.1
1040.05 20610.8
1039.96 20624.2
1039.9 20670.5
1039.84 20686.7
1039.83 20718.6
1039.77 20767.7
1039.88 20758.9
1039.92 20753.6
1040.8 20710.9
1040.41 20657.9
1041.24 20692.6
1041.08 20606.4
1041.1 20622.4
1041.83 20633.4
1041.79 20569.9
1041.52 20584.5
1041.52 20554.8
1041.32 20540.3
1040.17 20579.8
1039.65 20596.6
1040.09 20624.9
1039.91 20603.7
1040.92 20715.2
1039.97 20834.1
1039.93 20895.1
1039.59 21001.1
1040.44 20930.4
1041.09 20894.6
1041.71 20879.7
1041.86 20880.8
1044.08 20798
1044.03 20802
1043.47 20843.9
1043.58 20864.1
1043.75 20868.6
1044.39 20854.5
1044.33 20868.9
1043.45 20942.3
1043.74 20941.2
1043.64 20905.4
1043.1 20904.1
1042.76 20948.5
1042.76 20967.6
1043.16 20993.8
1043.07 21011
1042.82 21018.4
1042.39 20962.6
1042.22 21009.5
1042.35 21091.3
1042.44 21095.4
1042.29 21048.4
1041.98 21002.6
1041.83 21040
1040.69 20705.2
1044.09 20780.9
1044.39 20817.7
1043.93 20904.4
1043.66 20964
1044.49 21048
1046.03 21112.8
1049.54 21144.9
1049.41 21271.2
1049.66 21283.1
1049.69 21166.9
1049.95 21097.2
1050.19 21066.8
1050.44 21027.6
1049.27 21022.6
1050.14 21011.2
1050.14 20964.3
1049.27 21204.7
1049.31 21230.4
1047.5 21192.7
1047.1 21201.8
1047.03 21179.4
1046.7 21184.6
1046.87 21290.1
1047.11 21353.8
1046.95 21310.2
1046.8 21498.5
1046.85 21529.2
1046.78 21512.6
1047.03 21487.9
1048.04 21509.5
1046.36 21546.2
1046.42 21518.4
1046.35 21500.2
1046.03 21259.2
1046.19 21243.8
1045.31 21373.5
1045.3 21442.7
1045.3 21464.8
1045.36 21469.6
1045.21 21453.4
1045.57 21449.7
1045.74 21405.2
1045.96 21400.2
1045.81 21411.8
1046.18 21430.9
1046.22 21468.4
1045.81 21444.1
1045.44 21471
1045.43 21489.5
1045.57 21497.1
1045.99 21497
1048.24 21543.6
1048.19 21522.8
1048.83 21522.9
1048.84 21521.1
1048.83 21488.6
1048.93 21490.7
1048.84 21502.7
1049.01 21569.4
1050.01 21595.1
1049.62 21648.3
1049.57 21630.3
1049.57 21594.3
1050.31 21560.1
1050.58 21533
1051.51 21531.5
1052.02 21525.8
1058.02 21555.7
1058.33 21545.4
1058.59 21511
1058.75 21457.8
1058.99 21485.1
1060.87 21528.3
1062.47 21450.6
1062.18 21409.5
1062.23 21380.7
1062.28 21376.4
1061.72 21411.2
1064.47 21533.3
1065.83 21563.5
1065.77 21563.7
1069.68 21754.8
1069.68 21677.4
1069.72 21603.8
1069.79 21592
1070.66 21592.7
1070.81 21620
1070.96 21621.7
1071.93 21707.1
1071.88 21791.9
1072.22 21830.4
1072.23 21866.6
1072.57 21944.6
1072.58 21997.8
1071.83 22019.7
1071.82 22032.5
1071.26 22112.1
1071.24 21868.7
1072.64 21866.3
1072.76 21873.8
1072.81 21892.7
1073.18 21865.8
1074.18 21867.2
1073.99 21890
1074.78 21879.4
1074.34 21884.5
1074.46 21862.1
1074.45 21857.5
1074.31 21843.2
1073.71 21853.5
1077.09 21866.9
1077.31 21847.2
1078.52 21752.4
1078.54 21749.7
1078.06 21822.8
1078.07 21803.1
1079.47 21850.1
1079.61 21872.1
1081.44 21918.4
1081.46 21934.8
1080.59 21967.4
1080.64 21948.9
1080.99 21959.9
1080.99 21974.3
1081.11 21956.9
1081.12 21956.4
1080.89 21915.5
1081.05 21977.6
1081.04 22010.5
1081.2 22026.6
1081.56 22082.5
1082.02 22111.2
1082.56 22120.4
1082.21 21930.7
1082.13 21954.5
1082.12 21875.3
1082.33 21842.7
1082.49 21819.3
1083.97 21838.5
1083.83 21807.1
1084.28 21798.6
1084.21 21784.7
1083.93 21783.6
1083.88 21773.6
1083.81 21752.2
1083.77 21752.7
1083.75 21739.3
1083.66 21733.3
1083.81 21715
1084.2 21715.8
1084.45 21718.7
1084.51 21710.1
1084.42 21695.6
1086.16 21731
1086.25 21729.6
1085.39 21727.2
1085.37 21756.3
1085.38 21651.5
1085.08 21607.8
1085.01 21602.6
1085.21 21606.7
1086.31 21665.4
1086.25 21749.2
1086.39 21754.1
1086.52 21747.4
1086.58 21746.9
1086.5 21744.4
1087.85 21745.4
1087.45 21770
1086.95 21793.3
1087.69 21819.9
1087.56 21832.2
1087.59 21848.3
1087.14 21870.9
1086.88 21843
1086.84 21828.4
1085.76 21928.3
1086.61 21928
1086.8 21934.7
1090.23 21890.7
1089.04 21704.4
1089.53 21853.7
1089.46 21873.8
1089.49 21939.4
1089.58 21943.8
1089.57 21960.5
1089.57 21967.8
1089.59 21958.5
1089.78 22000.7
1089.71 22014.2
1089.7 22005.2
1090.25 21988.9
1092.87 22042.7
1093.03 22086.9
1093.02 22088.3
1093.24 22125.2
1093.16 22134.1
1093.04 22104.9
1093.42 22100.4
1093.41 22104.6
1093.79 22123.5
1093.79 22106.7
1093.84 22087
1094.05 22090.2
1094.71 22095.3
1094.8 22127.4
1095.54 22134
1096.09 22146.3
1096.05 22141.9
1097.12 22162.4
1103.48 22174
1103.55 22245.6
1103.54 22294.4
1103.61 22336.7
1104.25 22351.2
1106.01 22385.3
1105.58 22480.4
1105.58 22440.8
1105.22 22428.3
1104.81 22321.9
1104.64 22275.7
1104.73 22233.4
1105.55 22321.4
1105.78 22209
1105.69 22197.4
1105.74 22220.8
1104.97 22260.4
1104.34 22268.7
1104.39 22280.6
1104.43 22297.8
1104.17 22307.4
1104.14 22266.6
1105.22 22308.4
1104.36 22720
1103.83 22735
1103.77 22747.1
1104.2 22759.5
1104.18 22751.4
1104.2 22747.2
1104.24 22747.1
1104.13 22738.8
1104.26 22743.2
1104.31 22710.1
1104.05 22667.5
1103.95 22674.1
1104.15 22735.7
1104.2 22755.7
1105.43 22792.8
1105.43 22798.2
1105.42 22794.9
1105.34 22804.9
1105.49 22778.9
1105.53 22810.9
1105.49 22822.5
1105.46 22869.5
1105.47 22868.2
1105.47 22864.3
1105.67 22873.7
1105.66 22883.8
1106.07 22788.2
1106.55 22784.9
1107.4 22843.5
1107.8 22860.7
1107.94 22861.7
1107.06 22927.4
1107.05 22947
1107.03 22950.2
1107 22951.8
1107.12 22861.1
1107.23 22825
1107.24 22842.9
1106.98 22864.5
1106.91 22874.5
1106.93 22845.9
1107.71 22849.2
1107.77 22887.3
1107.81 22854.2
1108.29 22781.2
1108.1 22861.9
1107.87 22870.3
1107.91 22862
1107.84 22822.7
1107.89 22681.3
1107.56 22597.3
1107.37 22616.1
1108.94 22606.7
1109.44 22641.2
1109.5 22673.5
1110.03 22710.9
1110.42 22719.1
1119.8 22792.2
1118.82 22622.6
1118.55 22539.5
1118.74 22556.1
1118.98 22566.2
1118.81 22557.9
1118.48 22530.9
1118.5 22547.4
1118.43 22569.9
1118.03 22580.9
1119.78 22634.6
1119.64 22588.1
1120.54 22559.1
1120.92 22560.9
1120.99 22576.4
1119.77 22510.7
1119.97 22605.2
1120.45 22620.8
1120.38 22603.4
1120.13 22667.6
1120.11 22726.5
1121.24 22777.3
1120.65 22724.8
1121.15 22712.4
1121.53 22685.7
1121.58 22662.1
1123.12 22673.9
1122.37 22750
1121.62 22756.5
1121.47 22792.9
1121.46 22808.1
1121.48 22805
1121.63 22802.5
1121.69 22802.8
1121.74 22802.2
1121.68 22795.5
1121.21 22760.5
1121.2 22765.7
1120.96 22740.8
1121.43 22772
1121.65 22855
1121.58 22904.2
1121.68 22896.6
1121.57 22893.8
1121.57 22884.6
1121.72 22880.3
1121.65 22881
1121.62 22869.5
1121.67 22864.2
1121.3 22881.1
1121.46 22857.6
1121.51 22858.5
1121.52 22862.4
1121.79 22847.8
1121.82 22829.7
1121.78 22826.6
1122.55 22824.6
1122.06 22695.2
1122.22 22711.5
1122.62 22708.1
1123.86 22732.2
1123.95 22723.9
1123.91 22699
1123.88 22695.5
1123.97 22703.8
1124.8 22724.4
1124.71 22662.9
1124.71 22668.7
1124.63 22663.6
1125.24 22656.3
1125.05 22647.9
1125.47 22666
1124.48 22650.2
1124.48 22647
1124.48 22663.4
1124.44 22689.1
1124.31 22692.8
1124.33 22663.3
1123.66 22674.3
1124.66 22673
1124.67 22678.6
1124.93 22698
1124.83 22717.1
1124.9 22714.5
1124.74 22747.8
1124.75 22683.8
1124.74 22706.6
1124.51 22718.6
1124.5 22715.5
1124.54 22718.6
1124.32 22713.2
1125.39 22751.1
1125.41 22803.7
1125.54 22826.9
1125.68 22843.5
1125.53 22880
1125.54 22832.2
1125.57 22867.4
1125.62 22881
1127.11 22926.2
1127.27 22878.2
1127.46 22924.6
1127.37 22855.2
1127.48 22813.7
1127.15 22856.1
1127.25 22863.4
1125.93 22989.3
1126.11 23075.4
1126.13 23017
1125.89 22942.1
1125.75 22898.8
1126.03 22867.8
1126.15 22882.2
1124.77 22842.8
1124.65 22856.6
1124.64 22788
1125.07 22891.2
1124.72 22922.2
1124.8 22943.7
1124.72 22930.8
1124.64 22905.1
1121.58 23023
1121.67 22973
1121.64 23015
1121.57 23047.2
1121.52 23069.8
1121.23 23112.3
1121.21 23080
1121.08 23174.8
1120.88 23178.1
1121.14 23184.7
1121.97 23153.6
1122.08 23159.4
1122.45 23153.5
1122.43 23173.6
1122.42 23209.5
1122.63 23230.1
1122.67 23232
1122.7 23191.3
1122.97 23150.2
1122.97 23168.3
1123.82 23160.3
1123.84 23142.7
1123.12 23119.9
1122.97 23140.8
1121.36 23238.9
1121.45 23289.1
1123.26 23317.8
1126.03 23400.2
1126.1 23447.4
1125.97 23446.3
1125.71 23448.2
1125.58 23437.4
1126.21 23581.7
1126.19 23683.1
1126.66 23777.3
