102.88 632.231
140.944 771.208
142.096 755.896
191.435 948.639
340.341 1457.3
359.226 2151.61
366.279 2244.2
388.212 2418.22
390.762 2297.17
518.269 2742.47
533.188 2890.14
612.519 3791.93
609.858 3521.29
610.265 3418.58
632.941 3552.04
629.598 3649.11
630.68 3635.22
638.527 3685.33
658.109 4534.67
666.77 4230.33
690.58 4454.57
691.478 4360.18
714.42 5230.2
712.887 5524.36
722.966 5298.27
748.222 5688.02
748.025 5505.01
760.428 5762.09
766.262 5972.1
769.368 5874.43
770.741 5772.8
789.1 6298.45
785.355 7330.75
801.88 7572.22
802.318 7256.12
813.522 7008.65
825.804 7436.62
828.286 7483.89
851.382 7000.67
853.17 7118.38
853.482 7031.79
872.336 6944.08
871.789 6900.2
871.7 6795.75
882.305 7550.16
883.914 7585.79
894.752 7735.1
899.317 9157.29
905.09 8636.38
902.907 9246.68
908.206 9008.53
902.543 9383.64
915.95 10061.1
914.224 10293.3
920.954 10427
942.947 11286.1
995.549 11234.6
996.276 10888.9
999.401 10725.6
998.96 10498.2
998.883 10315.9
989.81 10951.1
987.868 11881.4
991.92 11482.8
992.098 11896.2
1009.76 12158.1
1008.14 12001.3
1009.43 13727.6
1023.72 14970.1
1044.88 15331
1048.77 13990.8
1050.04 13359.5
1074.9 13605.5
1074.94 14525.5
1074.44 14717.7
1074.37 14615.5
1074.23 14383.8
1075.69 14094.4
1119.59 22521.5
1120.67 14135.2
1122.57 13472
1121.65 13105
1122.48 12909.1
1122.63 12789.4
1122.6 12714.4
1123.58 12668
1123.85 12612.7
1121.39 12685.2
1122.23 12793
1134.77 12686.7
1174.09 13081.2
1174.45 13103.2
1174.09 12774.5
1172.97 12542.5
1173.02 12661.5
1174.96 12253.2
1171.93 12147.2
1172.13 12178.5
1171.65 12229.4
1171.13 12332.7
1198.93 13151.1
1200.77 13064.6
1198.41 12860
1198.82 12669.4
1213.14 12533.1
1213.62 12358.7
1213.36 12353.7
1206.36 13315.8
1205.89 13586.8
1203.89 13760.7
1202.76 13950.6
1250.84 18374.9
1252.24 14742.1
1252.34 14436.2
1252.34 14114.5
1253.73 14434.9
1253.93 14125.6
1254.12 13918.6
1255.02 13791.4
1235.96 15142.8
1246.4 16032.4
1252.59 16527.7
1252.16 16334.3
1251.63 16100.2
1254.76 15711.3
1257.16 15442
1258.32 15358.4
1260.93 15294.7
1260.8 15215.5
1263.08 15263.4
1263.1 15175.6
1264.48 15126.3
1263.73 15075.5
1263.43 15044.8
1263.4 14996.8
1262.86 14964.2
1263.06 14967.3
1263.4 14972.1
1265.21 15011.8
1270.85 14941.5
1270.8 15001.1
1270.61 14985.4
1272.76 14992.7
1274 15029.9
1274.28 15090
1273.1 15112.2
1273.29 15127.5
1284.72 15033.8
1284.31 15264.2
1284.22 15277.7
1297.35 15518.1
1298.44 15734.1
1299.54 15803.8
1303.98 15665.2
1304.65 15711.6
1306.08 15746.7
1306.17 15689
1306.57 15669.4
1307.55 15706
1308.23 15770.1
1308.87 16315.5
1309.43 16324.1
1310.73 16276.5
1314.02 16718.4
1314.71 16919.8
1314.09 16994.4
1314.16 17147
1314.63 17111
1314.7 16975.3
1316.3 18046.1
1316.31 18138.9
1320.8 17651.6
1320.93 17396.9
1321.01 17524.8
1324.15 17707.7
1324.63 17658.2
1322.85 17712.7
1321.72 17658.2
1321.97 17613.7
1322.25 17554.9
1326.21 17426.9
1325.83 17356.8
1326.56 17490.4
1333.42 17442
1333.52 17143.1
1335.35 17119.3
1345.71 17072.4
1345.87 17188.4
1342 17236.1
1351.99 17051.2
1346.18 17631.4
1344.81 18442.1
1339.49 18081.6
1339.81 18281.9
1342.3 18223.4
1345.25 18358.4
1345.26 18585.1
1345.2 18741.9
1346.96 18845.3
1347.72 18904.6
1350.17 19024.3
1350.52 19073.8
1350.11 19193.1
1351.37 19268.8
1351.34 19308.3
1353.76 19407.1
1353.62 19468.5
1355.37 19517.4
1355.35 19542.4
1355.13 19578.1
1369.85 19178.4
1370.08 19072.4
1370.12 19105.3
1374.41 19106.8
1376.36 19172.1
1377.23 19231.8
1378.45 19357.1
1378.82 19291.6
1384.57 19307.2
1384.66 19229.6
1385.15 19317.7
1387.54 19452.5
1391.54 19599.8
1391.84 19530.7
1391.41 19482.1
1402.03 19416.6
1405.15 19237.1
1404.87 19255.7
1404.89 19303.6
1405.64 19373.1
1405.43 19737.9
1407.48 19892
1410.29 20003
1410.32 19970.5
1411.63 20177.1
1412.5 20087
1413.81 20745.6
1414.64 20710.2
1415.66 20637.6
1422.34 20678
1422 20642.9
1425.99 20732.3
1429.25 20466.6
1429.15 20479.1
1434.44 20345.2
1434.66 20242
1441.46 19888.8
1445.55 19937.9
1445.98 19908.8
1447.02 19892.4
1447.96 19926.4
1454.28 19876.2
1458.2 19831.4
1458.27 19855.3
1458.39 19925.3
1458.18 19856.6
1455.86 19902.8
1455.57 19893.9
1453.43 19965.7
1453.39 19956
1454.42 19958.4
1455.19 19960.8
1456.72 19810.4
1456.83 19809.9
1458.74 19910.4
1465.74 20138.4
1466.5 19935.7
1466.53 19667.8
1465.35 19698.5
1465.93 19672.8
1466.54 19691.3
1466.51 19640.8
1467.69 19606.4
1467.72 19581.9
1467.82 19515.7
1473.26 19492.1
1478.73 19505.4
1477.99 19534.1
1478.16 19541
1478.57 19562.9
1478.66 19552
1478.81 19556
1478.8 19540
1479.36 19549.2
1479.74 19537.6
1479.73 19533
1479.56 19577.4
1480.06 19549.7
1480.33 19548.5
1480.52 19553.2
1481.48 19549.8
1481.61 19569.9
1480.38 19577.8
1480.14 19562.9
1483.05 19639.3
1482.82 19607.1
1482.89 19623.4
1482.94 19631.4
1483.35 19633.8
1483.81 19611.2
1485.74 19689.3
1486.03 19613.1
1486.07 19591
1485.09 19665.6
1484.82 19683.8
1485.73 19733.2
1486.12 19779.5
1486.29 19815.1
1486.73 19860.1
1490.38 19891.2
1490.45 20081.3
1493.5 20064.5
1493.43 20045.2
1493.57 20066.4
1493.59 20098.4
1494.52 20141.9
1495.26 20152
1495.47 20175.9
1495.44 20184.8
1493.97 20230.8
1491.34 20397.3
1491.36 20432.9
1491.37 20484.9
1491.34 20494.5
1491.45 20358.8
1494.02 20395.7
1493.93 20418.8
1494.41 20414.5
1494.33 20453.7
1494.28 20458.1
1494.25 20470.6
1494.32 20399.8
1495.47 20363.8
1496.22 20389.7
1496.44 20365.7
1496.67 20362.7
1496.64 20357.2
1496.63 20371.7
1496.66 20341.1
1496.5 20279.3
1490.96 20417.9
1490.72 20454.2
1490.9 20434.9
1490.85 20409.5
1490.72 20409.4
1490.87 20411
1491.07 20382.1
1491.02 20410.1
1490.21 20423.8
1489.74 20424.9
1490.81 20346.3
1491.35 20403.1
1491.71 20421.1
1494.12 20486.6
1494.09 20581.2
1494.05 20590.7
1495.13 20591.7
1495.11 20595.6
1495.17 20596.9
1495.05 20593.1
1497.96 20593.3
1498.63 20546.9
1499.21 20541.2
1498.99 20563.4
1498.98 20577.1
1498.94 20600.1
1499.49 20657.9
1499.59 20701.1
1500.77 20712.7
1501.83 20700.3
1501.79 20654.8
1504.2 20627.1
1504.57 20623.9
1504.34 20674
1504.74 20668.9
1504.75 20680.5
1505.24 20723.4
1505.37 20761.5
1505.55 20929.1
1505.24 20969.3
1506.15 21011.6
1505.38 21040.7
1505.33 21023.9
1507.02 21114.2
1507.91 21115
1506.28 21152.7
1508.6 21408.8
1509.44 21455.2
1509.25 21464.1
1509.31 21476.1
1509.65 21471.8
1510.64 21485.3
1510.51 21490.3
1510.48 21537.5
1510.48 21552.5
1510.34 21565.8
1510.09 21578.1
1510.17 21550.9
1510.62 21543
1510.56 21550.4
1510.62 21545.7
1510.54 21542.6
1510.58 21561.1
1511.11 21611.1
1512.11 21603.3
1512.68 21609.6
1512.69 21603.5
1512.7 21599.5
1512.57 21570.8
1512.62 21559.6
1515.25 21557.4
1515.2 21545.2
1518.28 21540.7
1518.47 21577.2
1519.08 21591.1
1519.73 21589.3
1519.91 21630.2
1520.51 21608.9
1520.46 21644.2
1520.79 21810.7
1520.75 21738.6
1520.81 21710.1
1520.81 21678.4
1520.63 21667.4
1520.56 21663.7
1520.51 21680.3
1523 21649.4
1523.01 21631.7
1523 21639.3
1522.72 21633.9
1522.79 21640
1523.19 21664.4
1524.04 21667.5
1524.2 21691.1
1524.38 21712.9
1524.36 21726.1
1524.52 21748.4
1524.96 21726.3
1525.1 21730.5
1525.11 21731.5
1524.59 22019.1
1524.67 22043.4
1525.21 22105.2
1525.11 22121.9
1527.47 22117.4
1527.4 22112.9
1527.37 22095.2
1526.99 22128.1
1526.98 22125.1
1526.93 22125.7
1527.19 22121.4
1527.6 22175.3
1527.57 22146.6
1527.84 22092.7
1527.9 22067.7
1527.9 22069.8
1527.99 22079.8
1527.61 22070.2
1527.5 22080.5
1527.83 22073.8
1529.57 22190.7
1529.53 22161.7
1530.77 22119.6
1530.81 22140
1532.53 22243.4
1532.53 22223.7
1532.41 22189
1532.12 22178.7
1532.09 22197.7
1531.59 22264
1530.73 22321.4
1530.9 22327.5
1530.93 22334.6
1531.31 22355.6
1532.1 22366.4
1532.2 22435.8
1532.78 22431.2
1532.81 22441
1532.87 22446
1533.02 22458.7
1535.47 22494.7
1535.55 22524.1
1536 22578.8
1536.01 22561.9
1536.11 22528.3
1536.69 22568.2
1538.11 22576.4
1538.65 22632.9
1538.52 22661.6
1538.68 22672.4
1538.72 22657.8
1538.69 22765.2
1538.6 22740.9
1538.84 22705.9
1539.21 22677.8
1539.73 22693.2
1540.29 22656.9
1540.27 22648.4
1540.46 22648.8
1540.47 22623.9
1540.41 22612.1
1540.25 22617.5
1538.07 22643.8
1538.45 22697.4
1538.35 22713.6
1538.46 22701.2
1538.3 22668
1540.36 22665.2
1540.35 22668.1
1540.35 22669.4
1539.88 22694
1539.92 22709
1539.95 22734.1
1540.43 22805
1540.37 22803.2
1540.42 22790.5
1541.18 22804.9
1540.48 22778.5
1541.38 22759.6
1542.73 22773.6
1543.01 22764.3
1543.65 22760.9
1543.54 22827.5
1543.73 22878.9
1543.83 22875
1543.69 22888.7
1543.81 22874.2
1543.08 22938
1543.43 22958.3
1543.43 22973.4
1544.26 22972.4
1544.12 22975.1
1544.12 22981.4
1544.99 22988.3
1545.57 23003.9
1544.93 23105.3
1545.22 23136.7
1544.97 23141.8
1545.02 23141.3
1545.43 23152.8
1545.41 23161.1
1545.52 23176.7
1545.84 23186.1
1546.09 23251.5
1546.09 23297.3
1546.03 23266.9
1545.99 23247.7
1545.99 23252.4
1546.18 23252
1546.18 23262.9
1546.6 23270.7
1546.58 23285.3
1546.14 23328.8
1546.49 23342.8
1546.42 23345.8
1546.4 23720.5
1546.71 23852.3
1546.64 23816.6
1546.65 23830.7
1548.46 23834.2
1548.44 23880.1
1547.7 24015.1
1547.44 23908.5
1547.58 23907.4
1547.56 23856.5
1547.56 23862.6
1547.71 23856.2
1547.88 23880.4
1548.33 23858.5
1548.15 23860.4
1548.14 23857.3
1548.24 23724.9
1548.23 23695.6
1548.62 23679.4
1548.82 23675.3
1548.36 23776
1548.43 23821.6
1548.16 23804.6
1549.85 23864.2
1550.08 23889.4
1550.07 23817.6
1550.76 23794.9
1550.28 23764.4
1550.69 23710.3
1550.75 23669.4
1550.44 23648.5
1550.77 23639.9
1550.7 23653.8
1550.96 23674
1550.98 23652
1550.94 23660.8
1551.39 23658.8
1552.13 23659.2
1553.84 23765.5
1553.98 23666.9
1554.6 23665.6
1554.64 23655.7
1554.59 23648.7
1555.02 23644.6
1554.9 23569.1
1555.26 23542.9
1555.35 23582.6
1555.33 23566.3
1555.25 23560.5
1555.37 23555
1555.52 23561.1
1555.46 23542.4
1555.46 23601.7
1555.25 23625
1555.27 23636.6
1555.08 23645.8
1555.08 23669.5
1555.09 23685.5
1555.48 23696.7
1555.49 23703.1
1555.5 23703.9
1555.7 23703.8
1555.54 23716.6
1555.54 23722.1
1555.58 23743.8
1555.44 23737.5
1555.83 23750.3
1555.86 23770.1
1555.94 23772.8
1555.92 23784.1
1555.98 23798.8
1555.81 23808.8
1555.92 23814.6
1555.91 23807.9
1555.87 23834.3
1556.16 23853.1
1555.81 23920.4
1555.75 23977.5
1557.13 24026.9
1557.19 24052.5
1557.2 24063.6
1557.24 24054.2
1556.87 24074.6
1556.86 24081.6
1556.98 24064.4
1557.01 24057.7
1557.04 24097.9
1557.12 24103.1
1557.08 24098.3
1557.08 24064.6
1557 24061
1556.99 24055.6
1557.06 24033.6
1556.98 24049.1
1556.7 24016.6
1557.16 23971.1
1557.16 23990.6
1557.27 23996.4
1557.26 24010
1557.93 24037.2
1558.15 24029.8
1558.85 24054.9
1558.84 24024.3
1559.69 23909.6
1559.89 23835.9
1561.14 23758.7
1560.62 23754.8
1560.42 23744.9
1562.02 23827.9
1563.43 23852.5
1563.77 23738
1566.69 23842.9
1567.07 23776.5
1568.71 23857.3
1568.68 23831.8
1568.67 23824.2
1568.64 23817.9
1568.52 23834.8
1569.11 23866.9
1568.97 23840
1570.76 23883.2
1569.88 23788.5
1570.73 23776.3
1570.73 23763.2
1570.77 23769.5
1572.18 23770.9
1572.32 23768.8
1573.29 23800.9
1573.37 23809.3
1573.2 23753.3
1574.26 23792.6
1574.26 23846.5
1574.27 23860.2
1574.92 23867
1574.91 23873.1
1575.02 23849
1575.06 23850.6
1575.47 23839.8
1575.28 23826.9
1576.76 23845.8
1577.15 23817
1577.66 23804.9
1577.6 23833.3
1577.59 23878.4
1577.2 23904.6
1577.51 23903.9
1577.51 23891.3
1577.26 23895.3
1577.41 23921.4
1577.44 24152.7
1577.94 24027.3
1578.36 24033.8
1578.38 24041.7
1578.48 24049.4
1578.5 24054
1578.55 24033.4
1578.99 24062.3
1578.99 24069.2
1579.26 24093.5
1579.42 24115.5
1579.65 24112.9
1579.65 24137.7
1579.89 24149.5
1579.87 24147.3
1579.92 24128.3
1579.91 24143.1
1580.32 24139.5
1580.66 24128.5
1580.64 24131.2
1580.86 24122.1
1581.56 24180.5
1581.58 24170.7
1583.74 24195.9
1583.72 24193.1
1583.93 24210.1
1583.78 24212.4
1583.82 24192.6
1584.16 24189.6
1584.46 24173.2
1584.47 24162.6
1584.54 24155.8
1584.45 24103.8
1585.6 24079.9
1586.58 24161.2
1586.73 24221.9
1587.18 24293.6
1587.49 24302.9
1587.44 24333.2
1587.43 24362.9
1587 24402.7
1586.55 24423.6
1586.72 24439.1
1586.65 24424.6
1586.67 24391.8
1586.78 24405.7
1587.28 24435
1587.4 24399.9
1587.8 24346.9
1587.8 24331.1
1587.82 24341.6
1589.76 24407.7
1589.77 24395.8
1589.77 24418.6
1589.68 24420.4
1589.58 24416
1589.43 24423.3
1589.52 24433.2
1589.63 24435.3
1589.7 24452
1589.86 24458.9
1590.83 24464.9
1590.82 24480.9
1592.14 24518.9
1592.56 24479.9
1593.87 24479.8
1594.05 24454.9
1595.05 24478.8
1594.99 24485.8
1595.11 24503.1
1595.21 24509.5
1595.42 24505.1
1595.46 24525.9
1595.38 24544.5
1595.88 24556.8
1596.42 24553.9
1596.46 24545.2
1597.16 24538
1598.09 24530.6
1598.01 24523.1
1597.95 24519.4
1597.96 24506.9
1598.15 24510.8
1598.12 24519.3
1598.11 24526.1
1598.37 24551
1598.37 24561.2
1598.44 24584.5
1598.57 24592.6
1600.15 24627.7
1600.18 24634.5
1600.2 24640.5
1600.36 24644.9
1600.47 24636.6
1600.78 24632.9
1600.69 24622.4
1600.69 24621.8
1600.75 24605.6
1601.27 24626.5
1601.27 24602
1601.28 24612.5
1601.27 24617.8
1601.92 24628.2
1601.76 24662.1
1601.78 24672.8
1601.75 24681.2
1602.14 24677.9
1601.79 24688.6
1601.82 24689.6
1601.77 24697.8
1601.75 24701.4
1602.56 24661.2
1602.55 24675.1
1603.44 24694
1603.43 24665
1604.08 24648.4
1603.69 24645.4
1605.31 24687.2
1605.7 24657.4
1606.05 24680.3
1606.04 24701.9
1606.58 24747.1
1606.45 24728.4
1606.31 24689.7
1606.35 24708.1
1606.45 24711
1606.46 24704
1608.1 24715.5
1608.11 24735
1607.98 24741.6
1607.97 24743.9
1608.07 24739.6
1608.09 24739.8
1607.82 24794
1607.79 24807.7
1608.76 24829.9
1608.9 24849.1
1608.82 24871.6
1608.84 24877.3
1608.99 24865
1609.1 24871.7
1609.09 24863.2
1609.12 24867.5
1608.85 24867.9
1608.99 24871.9
1608.98 24863.1
1609.16 24871
1609.14 24866.9
1609.22 24836.4
1608.6 24828.2
1610.12 24900.5
1610 24949.9
1611.05 24965.5
1611.18 24962
1611.2 24966.5
1611.19 24987.1
1611.2 25010.2
1611.17 25029.8
1611.26 25039
1611.15 25045.4
1611.08 25017.2
1611.25 25036.2
1611.26 25039.3
1611.26 25040.2
1611.29 25068.2
1611.17 25049.3
1611.12 25032.4
1611.06 24972.6
1610.93 24952.4
1610.66 24936.3
1610.77 24929.6
1610.43 24969.8
1610.42 25018.2
1610.4 25008.3
1610.31 25003.7
1610.3 25013.6
1610.25 25011.6
1610.19 25008.3
1610.02 25026.4
1610.17 25023.2
1610.24 25004
1610.82 25024.7
1610.93 25039.9
1610.9 25060.5
1610.97 25082.6
1611.48 25109.4
1611.54 25129.7
1611.86 25164.2
1612.69 25163.7
1612.93 25211.9
1612.92 25201.2
1612.96 25218.4
1614.39 25225.4
1614.8 25269.2
1614.78 25313.5
1614.41 25339.9
1614.13 25380.5
1614.32 25363.2
1614.28 25377.9
1614.01 25366.7
1614.01 25362.9
1614.05 25364.6
1614.02 25366.6
1614.16 25334.8
1614.16 25312.3
1614.93 25309.3
1614.93 25312.4
1614.74 25343.3
1615.42 25345.2
1615.42 25311.9
1615.4 25211.1
1615.36 25187.6
1615.4 25169.7
1615.35 25220.5
1616.73 25256.8
1616.71 25183.1
1616.68 25181.6
1616.69 25185.2
1616.95 25192.2
1616.93 25203.3
1616.94 25214.2
1616.98 25224.4
1617.06 25220.8
1616.99 25231.4
1617.7 25258.5
1617.77 25231.6
1618.01 25226.5
1617.98 25220.2
1617.86 25214.5
1617.72 25226.2
1617.37 25229.2
1616.96 25242.2
1615.5 25317.3
1615.56 25429.4
1616.22 25415.3
1616.21 25405.3
1616.69 25428.3
1616.81 25446.1
1617.08 25457.6
1617.09 25454
1617.73 25459.5
1617.88 25448.7
1617.99 25454.4
1618.08 25430.6
1618.16 25434.1
1618.12 25416.1
1618.15 25414.2
1618.19 25422.1
1618.12 25449.5
1618.86 25475.4
1619.05 25479.1
1619.11 25457.1
1619.34 25449.4
1619.42 25456.7
1619.49 25457.3
1619.47 25458.7
1619.48 25460.5
1620.14 25478.8
1620.13 25508.6
1620.26 25495.9
1620.3 25504.1
1620.25 25508.8
1620.29 25514
1620.58 25524.6
1621.51 25497.1
1621.82 25533.5
1621.8 25534.5
1621.63 25535.9
1621.77 25545.3
1622.34 25562.8
1622.29 25552.2
1622.29 25551.9
1622.81 25560.9
1622.81 25567.4
1622.99 25567.5
1622.98 25577.5
1623.16 25586.5
1623.17 25588.2
1623.37 25576
1623.64 25551.4
1624.05 25557.3
1623.94 25577.6
1625.68 25576.9
1625.69 25587.2
1626.34 25569.3
1626.12 25546.2
1626.2 25549.1
1626 25554.6
1626.26 25564
1626.63 25545.2
1626.64 25544.7
1626.73 25551.4
1626.96 25557.8
1626.94 25554
1626.94 25553.4
