176.571 0
228.175 0
246.723 0
383.975 4.49788
507.462 7.85856
524.296 7.83229
558.392 7.82271
640.561 8.17797
641.004 8.17448
645.054 9.95393
725.634 15.0593
740.164 15.0262
764.158 15.0213
812.317 17.397
814.969 17.3814
820.401 17.3771
839.895 17.3728
844.227 17.3704
886.838 34.8238
890.83 36.0197
899.627 35.4907
1368.27 1977.22
1396.72 1699.07
994.845 1070.59
1039.92 1123.36
1069.77 780.472
1079.55 718.697
1095.95 665.466
1101.79 585.862
1104.24 529.266
1138.06 780.647
1132.25 964.091
1131.74 1007.11
1133.06 985.962
1129.46 986.669
1161.35 979.356
1175.27 960.088
1188.13 969.14
1213.48 964.142
1218.42 946.936
1252.8 988.624
1252.82 986.295
1256.31 973.024
1264.29 964.667
1259.92 1130.35
1291.54 1246.04
1301.78 1288.49
1301.84 1309.73
1300.42 1336.26
1302.49 1343.35
1305.77 1250.7
1300.6 1294.49
1301.76 1338.35
1304.94 1555.12
1306.2 1549.44
1307.36 1554.05
1305.98 1738.46
1308.77 1841
1309.71 2026.89
1375.69 1962.23
1376.25 1927.04
1354.52 2287.2
1352.63 2628.48
1348.77 2611.68
1353.5 2540.26
1353.82 2495.3
1349.76 2485.2
1347.86 2469.08
1350.01 2466.23
1347.27 2478.39
1321.55 2622.67
1341.52 2783.87
1336.49 2756.87
1339.59 2516.8
1358.6 2595.96
1338.79 3185.49
1337.74 3265.06
1341.18 3319.88
1332.63 3509.6
1354.62 3633.92
1371.23 3881.47
1380.73 3901.4
1417.13 3747.28
1414.78 3974
1415.64 3916.31
1417.47 3900.8
1424.23 3880.18
1425.65 3896.36
1428.81 3888.35
1432.63 3883.97
1437.86 4007.44
1439.61 3989
1436.49 4008.33
1432.32 4049.7
1429.24 4155.66
1428.94 4110.69
1421.78 4754.7
1423.02 5159.01
1377.86 6416.11
1377.93 7569.5
1379.13 7252.5
1378.92 7143.76
1378.97 6999.73
1383.23 6918.09
1379.87 6749.99
1380.64 6755.55
1381.14 6677.33
1381.58 6613.93
1378.35 6566.21
1378.01 6624.41
1378.03 6659.81
1384.99 6701.03
1383.26 6703.15
1380.25 6712.46
1376.34 6741.06
1376.29 6797.33
1376.29 6894.62
1373.58 7070.75
1373.72 7193.47
1374.37 7297.24
1374.05 7369.2
1372.57 7397.77
1369.68 7731.84
1370.18 7795.01
1370.49 7811.68
1370.47 7864.77
1370.57 7880.44
1370.05 7826.78
1370.19 7774.57
1370.31 7716.71
1370 7669.12
1370.94 7733.62
1371.89 7735.17
1371.95 7734.01
1373.64 7626.76
1375.26 7607.84
1380.92 7615
1377.22 7662.38
1377.17 7704.99
1375.21 7734.94
1374.58 7765.95
1380.27 7881.55
1399.73 8324.09
1398.4 8375.91
1398.18 8331.12
1397.81 8304.51
1392.92 8252.2
1388.46 8287.32
1390.97 8281.08
1391.53 8280.71
1391.44 8292.97
1393.15 8281.32
1396.46 8362.02
1398.26 8330.49
1396.01 8626.12
1402.06 8705.92
1410.35 8492.11
1416.26 9395.54
1416.4 9556.63
1418.54 9500.32
1418.96 9491.5
1417.6 9498.13
1411.01 9623.64
1403.23 9716.78
1400.97 9750.53
1382.06 10358.1
1381.92 10589.8
1380.94 10427
1377.38 10040.7
1376.46 10018.5
1376.43 10021.5
1378.33 10066.7
1377.68 10049.8
1379.46 10158.6
1377.21 10113
1379.76 10209.2
1381.91 10268.3
1380.73 10329.9
1380.13 10348.1
1395.94 10428.8
1393.45 10409.8
1396.61 10344.1
1398.16 10308.1
1386.27 11219
1389.31 11061.1
1389.21 11040.6
1389.53 11123.4
1389.25 11079.2
1391.01 11236.9
1390.84 11230.5
1395.15 11426.5
1395.9 11368.7
1398.15 11502.2
1398.36 11456
1398.25 11516.6
1398.64 11498.3
1398.74 11424.4
1398.81 11369.5
1398.69 11347.8
1399.67 11383.6
1400.13 11381.1
1399.82 11367.2
1399.61 11391.8
1399.68 11395.2
1399.1 11319.5
1399.12 11273.6
1406.88 11192.9
1406.67 11189.6
1404.67 11229.9
1405.09 11353.4
1404.25 11342.8
1404.22 11338.4
1408.97 11336.4
1414.41 11326.6
1416.2 11346
1415.43 11337.3
1416.13 11307.2
1418.46 11376.3
1419.86 11421.1
1419.21 11464.3
1419.38 11472
1419.07 11502
1417.82 11504.4
1416.89 11446.8
1416.82 11437.7
1415.47 11434.1
1415.75 11390.4
1415.64 11359.4
1415.68 11351.5
1415.93 11353
1415.88 11364
1416.01 11367
1415.72 11361.7
1415.74 11361.5
1413.82 11394.4
1413.39 11389.1
1414.86 11414.4
1414.7 11401.3
1409.2 11437.9
1410.56 11569.7
1410.5 11587.3
1409.31 11567.1
1407.41 11621.7
1408.82 11622.8
1407.39 11589.6
1407.13 11626.9
1406.76 11644.1
1406.76 11618.4
1406.94 11668.3
1406.78 11677.6
1405.54 11620.1
1405.97 11663.4
1403.45 11655.6
1404.7 11683.3
1404.64 11821.4
1405.31 11875.5
1405.84 11896.9
1405.3 11930.6
1412.72 11863.7
1412.51 11945.7
1414.14 11960.7
1413.65 11921.5
1417.53 12036.2
1416.72 12135.5
1416.81 12177.4
1417.77 12142.3
1417.7 12199.2
1417.57 12201.9
1415.54 12254.5
1415.9 12254.3
1416.01 12285.2
1416.56 12341.6
1421.66 12354.9
1421.37 12374.4
1421.42 12386.5
1421.99 12434.8
1421.69 12449.2
1420.96 12527.6
1422.85 12588.5
1422.7 12635.6
1420.24 12717.8
1419.76 13096.1
1419.65 13136.9
1420.49 13062.5
1420.51 13018.1
1420.02 13016.6
1419.9 13018.7
1420.28 12919
1419.74 13064.2
1420.78 13117
1420.68 12995
1421.31 12938.6
1420.97 12911.4
1420.08 12893
1421.13 12870.5
1420.83 12871.8
1420.75 12859.6
1419.61 12858.3
1420.07 12880.7
1422.01 13039.7
1421.49 13040.4
1421.67 13090.3
1431.17 13102.2
1430.87 13146
1431.13 13128.2
1431.66 13117.9
1431.63 13087.2
1431.21 13054
1432.76 13001.2
1431.21 13046.7
1430.45 13056.8
1430.86 13151.4
1430.77 13177.5
1430.05 13075
1429.95 13013.2
1429.12 12983.9
1428.26 12967.5
1427.65 12969
1427.65 13012.4
1427.72 13026.6
1431.52 13004.7
1431.51 13114.9
1429.18 13080.8
1432.37 13195.2
1432.89 13212.9
1432.6 13365.3
1431.71 13400.5
1431.73 13353.6
1431.89 13284.3
1432.42 13272
1432.16 13263.2
1432.7 13230.9
1434.45 13270.8
1434.48 13246.4
1434.85 13228.7
1435.67 13193.5
1437.16 13242.7
1438.15 13288.3
1436.41 13354.6
1438.66 13434.9
1435.91 13469.5
1437.26 13521.4
1437.27 13557.7
1438.14 13564.7
1438.03 13536.7
1438.09 13536.4
1438.03 13541.5
1438.03 13544.9
1437.99 13555.5
1437.83 13468.3
1438.52 13387.3
1439.89 13354.9
1451.37 13637.3
1451.28 13746.3
1450.82 13781.4
1450.34 13785.5
1450.61 13765.4
1449.54 13769.6
1449.43 13799
1448.97 13775
1449.36 13782.3
1449.46 13779.8
1446.68 13515.2
1448.65 13483.6
1448.62 13479.2
1448.65 13488.4
1447.65 13505.5
1445.94 13580.8
1445.98 13587.2
1456.8 13782.3
1456.77 13787.3
1457.18 13806
1456.22 13806.3
1456.67 13820
1456.89 13801.7
1456.38 13784.6
1455.67 13827.8
1455.16 13858.4
1454.09 13874.1
1454.43 13850.8
1455.5 13891.6
1455.4 13901.8
1455.21 13944.3
1455.46 13907.9
1454.59 13889.6
1453.18 13861.7
1453.54 13854.1
1453.22 13849.4
1455.39 13857.9
1455.07 13858.6
1455.55 13834.8
1455.25 13815.3
1454.58 13776.7
1454.77 13790.2
1457.83 13728.6
1457.77 13711.2
1457.66 13693.9
1457.56 13675.6
1458.25 13651.9
1458.32 13622.3
1459.44 13544.3
1457.14 13545.4
1456.3 13486.3
1456.1 13521.8
1455.51 13516.6
1454.66 13538.8
1453.92 13548.3
1453.89 13562
1453.89 13565.2
1453.59 13577.2
1453.59 13594.5
1453.56 13585.4
1453.18 13639.4
1453.16 13706.8
1456.3 13795.9
1455.52 13803.8
1455.41 13799.1
1455.53 13807.2
1459.56 13771.6
1459.17 13681.5
1459.07 13689.9
1459.55 13669.4
1459.54 13641.9
1460.12 13628.7
1458.5 13641.1
1458.45 13657.2
1458.32 13667.5
1458.36 13659.9
1458.74 13673.1
1460.21 13637.7
1460.25 13665.2
1460.4 13689.8
1460.37 13709.5
1458.86 13793.9
1459.53 13918.5
1459.62 13882.2
1459.8 13836.6
1459.93 13801.4
1460.04 13808.7
1459 13791.2
1459.16 13746
1459.12 13989.8
1459.33 14000.9
1461.21 14044.9
1461.2 14110.2
1460.41 14117.1
1460.56 14144.9
1461.84 14179
1461.8 14189.7
1463.68 14257.6
1463.69 14257.3
1463.4 14283.6
1463.58 14288.8
1464.49 14302.1
1464.76 14352.1
1464.76 14335.1
1464.84 14472.1
1464.84 14458.8
1462.54 14426.8
1469.88 14420.6
1469.22 14465.9
1466.12 14499.8
1468.55 14508.6
1468.51 14507.2
1468.84 14652.9
1468.6 14635.6
1468.61 14623.7
1470.81 14686.5
1468.96 14710.9
1468.46 14706.7
1469.19 14741
1469.65 14751.4
1469.24 14794.5
1469.23 14808
1469.53 14785.4
1471.81 14772
1471.82 14799.8
1471.93 14790.8
1471.07 14830.4
1475.5 14811.8
1482.28 14875.6
1484.33 14980.3
1484.54 15069.1
1484.66 15104.8
1481.42 15160.2
1481.35 15223
1481.35 15245.7
1481.85 15253.1
1481.89 15256.2
1481.84 15267.1
1481.54 15277.8
1482.34 15489.8
1481.16 15482.7
1481.53 15468.5
1481.3 15415.6
1481.31 15376
1481.3 15331.4
1481.96 15306
1482.17 15306.6
1481.91 15336.8
1481.93 15349.4
1481.97 15346.7
1481.98 15342.3
1487.29 15337.8
1489.64 15438.3
1491.44 15494.4
1492.25 15482.8
1501.85 15546.2
1500.84 15578.9
1499.71 15566.8
1499.62 15607.5
1499.52 15583.3
1499.7 15543.1
1499.64 15530.4
1500.22 15516.2
1500.26 15502.5
1498.79 15498.4
1498.46 15471.2
1498.95 15475
1498.46 15444.4
1500.39 15407.8
1500.3 15382.3
1500.28 15358.2
1500.22 15344
1500.96 15402.2
1500.49 15377.1
1500.35 15349.7
1500.48 15338.6
1501.07 15323.4
1500.32 15347.4
1499.27 15439.8
1499.26 15495.8
1500.74 15513.6
1499.86 15456
1500.91 15357.1
1500.88 15354.2
1500.79 15390.8
1500.78 15393.7
1500.17 15365.4
1500.39 15354.6
1500.92 15354.7
1500.04 15369.5
1502.08 15366.9
1502.02 15361.2
1502.13 15366.9
1502.2 15351.9
1502.33 15350.5
1502.39 15342.3
1502.28 15245.4
1502.1 15245.1
1502.37 15284
1502.2 15296.7
1503.87 15326.7
1503.61 15374.7
1503.54 15343.7
1503.48 15295.5
1506.61 15325.3
1506.94 15284.4
1506.94 15211.7
1507.86 15177.4
1506.9 15176.8
1507.07 15191.2
1507.68 15219
1507.66 15213
1507 15219.8
1506.86 15230.4
1506.93 15254.2
1508.03 15282.1
1508.49 15278.5
1508.5 15275.7
1508.56 15260.6
1508.57 15215.8
1509.58 15217.2
1510.36 15180.2
1510.62 15199.6
1510.93 15207.8
1512.19 15283
1512.13 15306.1
1511.19 15276.8
1511.2 15263.9
1511.37 15252.3
1510.97 15273.7
1511.24 15291.2
1511.96 15278
1532.46 15245.2
1532.28 15303.6
1531.48 15363.3
1531.5 15400.9
1530.59 15475.2
1529.81 15522.9
1527.99 15578.7
1527.28 15627
1527.24 15611.6
1527.02 15590.6
1527.78 15566
1528.5 15567.3
1528.52 15608.1
1528.5 15651.7
1528.39 15680.2
1535.78 15587.7
1537.03 15546.4
1537.05 15523.1
1537.19 15489.2
1536.52 15473.7
1538.59 15472.9
1538.88 15449.8
1539.18 15471.6
1538.03 15497.6
1538.22 15495.9
1538.2 15493.4
1537.36 15502.8
1538.66 15502.4
1538.39 15522.3
1538.23 15522.7
1538.52 15530.8
1537.33 15600.1
1537.91 15578.1
1537.75 15587
1536.84 15632.7
1536.79 15620.1
1536.8 15607.3
1535.89 15602.5
1535.73 15602
1536.48 15632.6
1536.55 15628.9
1536.54 15635.9
1538.71 15703.8
1539.18 15661.7
1539.14 15625.5
1539.38 15600.9
1539.41 15595.6
1537.37 15582.6
1537.42 15615.2
1536.84 15606.8
1536.7 15668.4
1536.59 15614.3
1536.43 15555.6
1536.44 15530.3
1536.87 15483.2
1537.16 15466.6
1537.21 15467.2
1537.16 15468.4
1536.74 15480
1536.75 15476.4
1536.27 15453.9
1535.94 15452.3
1535.96 15430.4
1536.02 15434.7
1535.69 15401
1530.12 15294
1529.72 15283.7
1529.51 15291.8
1529.93 15313.9
1529.32 15375.2
1528.46 15403.1
1528.99 15430.1
1528.92 15410.3
1528.93 15403.8
1527.74 15437.9
1530.7 15521.8
1525.34 15768.2
1523.12 15782.9
1523.12 15741.7
1522.92 15722.4
1522.38 15708.4
1521.2 15683.5
1520.89 15671.9
1521.59 15637.6
1521.77 15649.3
1520.85 15642.6
1520.79 15655.8
1520.53 15637.9
1520.36 15636.7
1520.04 15640.3
1520.22 15641.4
1519.83 15659.2
1519.9 15662
1519.82 15666.3
1520.62 15681.4
1519.34 15632.1
1518.79 15629.8
1519.11 15627.3
1518.66 15564.4
1518 15553.7
1517.74 15608.6
1516.47 15710.1
1516.46 15744.5
1516.3 15768.3
1516.03 15769.3
1516.16 15821.7
1518.1 15822.4
1518 15825
1518.11 15816.9
1517.4 15875.5
1517.08 15912.3
1517.44 15881.8
1520.08 15859.8
1518.85 15881.4
1520.53 15807
1521.38 15769.6
1521.02 15757
1521.44 15754
1520.57 15746
1520.45 15762.5
1520.68 15810
1520.73 15788.7
1520.75 15785.2
1520.69 15796.8
1518.69 15826.3
1518.83 15869.8
1518.75 15877.4
1518.61 15878.8
1518.58 15868.6
1518.76 15890.3
1519.01 15900.5
1518.88 15901.1
1518.78 15900
1519.34 15929.5
1517.53 15978.7
1517.51 16010.9
1517.62 16035.9
1517.67 16046.3
1517.46 16060.7
1517.5 16052.4
1517.46 16073.4
1516.79 16097.4
1516.78 16146
1511.11 16176.3
1511.25 16189.2
1511.88 16251.7
1520.65 16254
1520.56 16305.1
1520.71 16300.5
1520.52 16288.6
1520.75 16302.5
1521.28 16300.1
1522.04 16304.3
1521.36 16295.4
1521.08 16304.2
1520.28 16304.1
1520.13 16296.2
1516.45 16096.2
1516.81 16172.3
1518.4 16179.2
1518.34 16167.5
1520.4 16317.4
1520.92 16358
1520.84 16324.6
1521.12 16352.7
1521.9 16345.2
1521.54 16368.2
1521.77 16370.4
1521.79 16368.6
1521.91 16367.4
1522.12 16371.2
1521.02 16363
1521.1 16372.6
1519.74 16389.8
1519.65 16417.8
1519.68 16406.7
1518.96 16437.9
1518.24 16472.8
1518.39 16473.7
1518.39 16474.4
1517 16481.9
1517.14 16449.2
1516.83 16436.1
1517.08 16405.1
1516.95 16392.5
1516.39 16405.6
1516.34 16410.6
1516.91 16438.1
1516.79 16402.5
1515.37 16437.7
1515.26 16396.4
1515.59 16382.9
1515.56 16372.9
1515.42 16424.6
1515.77 16448.8
1515.4 16465
1516.06 16523.4
1517.03 16766.2
1517.89 16761.6
1517.93 16786.8
1517.93 16835.3
1518.11 16817.1
1517.45 16788.9
1518.21 16827.2
1517.64 16964.3
1516.53 17178.8
1516.31 17272.6
1516.25 17179.3
1515.73 17155.9
1515.24 17135.4
1515.24 17117.9
1511.74 17099.6
1511.83 17058.9
1512.58 17051.4
1512.27 17047.9
1512.12 17091.5
1511.61 17073.7
1512.7 17005.8
1512.88 16962.3
1512.86 16936.4
1511.83 16881.6
1512.07 16908.2
1512.2 16852.1
1512.07 16697.3
1513.2 16642.2
1513.51 16653.5
1514.08 16664
1516.27 16735.8
1516.22 16684.3
1515.75 16830.8
1514.66 16862.4
1514.09 16877.9
1513.92 16899.7
1513.92 16919
1514.04 16910.1
1514.08 16896.3
1513.73 16901.3
1513.23 16875.2
1513.72 16850.9
1514.45 16851.9
1512.45 16861.6
1513.24 16862.8
1513.44 16839.7
1513.13 16881.6
1513.06 16961.5
1512.98 16976.3
1512.95 16950.4
1513.28 16939.5
1513.4 16953.5
1513.24 16963.6
1513.46 16979.2
1513.41 16957.2
1513.44 16963
1513.67 17000.7
1513.19 17001.8
1512.67 17016.2
1512.71 17009.4
1511.72 16970.4
1515.53 16947.9
1515.18 16955.1
1515.17 16953.4
1515.16 16948.5
1515.2 16943.5
1514.95 16933.4
1514.96 16922.3
1515.43 16939.4
1515.46 16960.3
1515.75 16962.7
1512.43 17002.3
1512.7 17174
1512.64 17251.1
1512.62 17306.1
1512.64 17320.7
1512.72 17341.7
1512.87 17336.7
1513.47 17329.6
1512.82 17327.3
1511.19 17336.1
1511.99 17397.1
1511.31 17325.7
1511.6 17261.6
1510.61 17232.6
1510.85 17217.9
1509.8 17263.4
1509.82 17282.4
1509.72 17321.3
1511.37 17357.7
1512.97 17435.4
1512.74 17425.2
1512.74 17347.3
1512.62 17281.9
1512.23 17308
1512.04 17338.6
1511.64 17465.8
1511.33 17474.9
1511 17474.2
1511.03 17526.3
1509.8 17469.3
1510.48 17334.3
1508.16 17325.3
1508.38 17333.9
1505.89 17350.4
1506.19 17346.2
1505.75 17339.3
1506.21 17358.7
1506.3 17346
1506.35 17341.9
1506.45 17336.2
1506.64 17310.2
1506.59 17315.4
1506.51 17329.1
1506.45 17340.5
1506.23 17347
1505.29 17423.9
1504.94 17390.7
1504.98 17394.4
1505.12 17403
1504.89 17383.8
1504.89 17376.7
1505.61 17376.9
1504.17 17370
1505.93 17404.9
1505.97 17409.8
1505.95 17385.4
1506.31 17460.3
1506.23 17302
1506.24 17260.6
1505.52 17242.2
1506.38 17228.8
1507.03 17225.6
1507.73 17197.5
1507.55 17168
1507.57 17160.3
1507.3 17160
1507.54 17153.5
1507.8 17144.8
1508.16 17039.6
1507.99 17075.9
1507.63 17153.9
1507.51 17165.8
1506.03 17154
1506.27 17202.4
1505.97 17217.3
1505.12 17203.6
1505.1 17217.1
1505.14 17259.9
1505.13 17309.7
1504.12 17317.7
1503.81 17389.2
1503.8 17406.2
1503.78 17428.9
1503.79 17460.6
1503.78 17473
1503.92 17481.8
1503.76 17480.8
1503.79 17478.9
1504.11 17428.1
1504.14 17431.4
1503.75 17429.2
1504.47 17429.2
1504.56 17434.7
1504.64 17442.4
1504.51 17447.6
1504.56 17447.1
1504.44 17439
1513.23 17399.8
1513.47 17384.2
1513.7 17449.3
1513.53 17461.8
1513.82 17463.1
1513.64 17469
1513.14 17474.1
1513.09 17491.6
1513.09 17509
1513 17571.2
1513.29 17572.5
1513.03 17604.6
1513.02 17593.1
1513.01 17570.5
1512.85 17547.7
1512.51 17555.9
1511.75 17565.2
1513.84 17616.2
1513.18 17618.6
1513.2 17631.1
1513.1 17649
1512.69 17672.7
1512.66 17662.9
1511.94 17642
1511.99 17630.3
1512.01 17604.9
1512.12 17566.5
1512.53 17593.6
1512.53 17612.9
1512.21 17629.4
1511.89 17614.2
1509.19 17623.1
1509.08 17647.5
1508.78 17660.2
1508.78 17660.9
1508.89 17650
1509.01 17654.5
1508.51 17674.8
1512.8 17664.5
1512.8 17704.1
1512.84 17697.1
1512.62 17664.4
1512.03 17644.1
1511.14 17681.3
1511.01 17750.6
1511.65 17817.2
1512.43 17812.9
1512.42 17775
1512.27 17764.3
1512.27 17780.9
