7.48911 0
131.183 0
132.971 0
190.991 0
199.348 0
316.864 0.670087
354.876 0.669965
370.554 0.669965
382.816 0.669965
453.945 106.306
472.575 88.1964
488.583 98.4252
655.909 117.22
757.09 193.374
757.314 185.374
767.146 181.812
769.385 178.713
793.924 232.759
792.149 257.773
808.633 242.444
811.048 233.384
819.311 252.731
821.979 277.476
849.016 265.132
847.927 270.719
831.433 379.163
832.962 418.393
886.802 374.29
889.114 372.718
889.248 369.81
891.645 366.961
889.384 368.278
919.505 368.85
919.616 372.184
922.171 407.452
963.509 491.882
969.26 549.793
969.336 561.018
968.46 577.682
1013.89 593.059
1001.03 604.278
1026.51 591.703
1057.99 1290.17
1093.95 1281.58
1098.02 1191.81
1102.79 1168.29
1108.61 1163.78
1109.57 1156.1
1130.07 1397.36
1151.55 1469.72
1155.32 1711.69
1197.07 1673.72
1197.47 1668.07
1195.16 1652.29
1179.14 1843.69
1181.07 1955.23
1183.21 2114.1
1189.22 2193.98
1196.2 2288.96
1193.59 2242.93
1224.78 2479.64
1225.56 2602.43
1230.66 2788.31
1230.06 2880.1
1264.79 4668.36
1263.56 4464.96
1248.83 4665.75
1238.4 4490.78
1234.01 4516.31
1234.34 4742.73
1238.38 4724.35
1243.21 4585.21
1248.49 4492.83
1248.5 4390.14
1273.36 4416.82
1268.2 4382.87
1284.38 4321.03
1292.03 4402.88
1286.28 4360.94
1286.3 4349.26
1286.62 4305.11
1289.34 4256.18
1316.99 4250.3
1317.22 4295.99
1332.9 4288.73
1323.92 4731.51
1324.15 4750.48
1324.39 4798.37
1329.71 4816.81
1326.13 4815.02
1326.38 4883.92
1327.23 4999.94
1329.1 5027.63
1330.3 5125.08
1329.48 5180.98
1343.69 5056.57
1351.19 4802.9
1354.36 4624.22
1353.33 4587.31
1352.89 4515.02
1331.13 4577.85
1331.2 4585.74
1333.11 4588.41
1331.84 4608.5
1327.86 4625.14
1286.41 4769.3
1287.44 4805.18
1284.6 4811.24
1293.73 4795.22
1283.99 4831.61
1291.41 4838.59
1296.61 4837.39
1355.23 5213.98
1353.39 5505.28
1354.16 5515.57
1354.43 5442.37
1354 5363.04
1354.79 5363.37
1355.71 5364.39
1356.07 5361.05
1354.11 5371.9
1354.2 5356.48
1353.89 5356.36
1354.15 5355.8
1358.33 5564.74
1368.61 5440.4
1348.28 5913.89
1348.19 6027.44
1344.93 6123.94
1346.86 6207.52
1350.12 6232.81
1348.98 6294.53
1348.45 6301.92
1350.5 6351.73
1333.32 6730.81
1351.02 6674.04
1351.78 6687.44
1351 6718.34
1347.84 6817.45
1346.71 6898.79
1346.06 7054.54
1345.82 7099.18
1340.91 7637.58
1340.42 7561.98
1337.23 7567.77
1338.77 7610.38
1338.98 7629.48
1330.48 7647.18
1332.08 7606.04
1332.1 7592.48
1322.38 7990.82
1321.35 7974.06
1321.93 8037.32
1322.68 8223.51
1323.59 8293.89
1336.54 8302.67
1336.56 8391.08
1336.72 8401.52
1334.13 8390.5
1333.1 8357.11
1329.18 8554.51
1328.26 8678.72
1328.24 8861.77
1330.8 8728.36
1342.35 8694.55
1340.04 8775.21
1360.98 8997.47
1362.07 9018
1363.79 9057.2
1359.7 9177.33
1360.28 8936.96
1357.47 8906.5
1357.5 8853.48
1357.76 8710.05
1356.77 8739.14
1358.35 8715.89
1359.27 8693.09
1361.57 8632.08
1360.24 9133.33
1375.34 9467.28
1389.52 9206.91
1379.95 9438.43
1381.05 9432.35
1381.91 9569.4
1381.28 9545.75
1384.78 9568.3
1391.19 10071.5
1389.76 10173.9
1393.69 10196.2
1394.54 10263.7
1395.91 10274.3
1394.42 10343.4
1394.39 10376.6
1391.98 10379.9
1395.57 10410.9
1395.94 10448.1
1385.95 10233.6
1385.92 10317.3
1386.15 10368.2
1387.33 10624
1388.12 10644.2
1387.4 10603.2
1392.11 10548.1
1396.04 10522.2
1395.7 10461.4
1395.59 10376.8
1399.97 10381.6
1418.92 10791
1421.86 10537.2
1424.66 10455
1423.52 10395
1423.53 10383.5
1420.77 10323.7
1420.9 10322
1421.18 10268.6
1420.53 10268.1
1418.94 10297.5
1419.75 10400.1
1420.57 10445.3
1413.29 10513.3
1404.49 10694.9
1434.78 10962
1435.74 10997.3
1437.33 11515.7
1440.64 11393.2
1440.46 11309.8
1439.53 11165.1
1438.02 11132.4
1436.9 11046.6
1436.48 11252.3
1436.18 11392.9
1433.93 11335.2
1433.58 11193.9
1433.88 11122.7
1431.18 11167.2
1430.85 11088.5
1417.92 11168.2
1418.68 11114.5
1414.52 11204.8
1414.44 11232.9
1413.09 11207.1
1413.44 11208.9
1411.98 11144.6
1409.72 11097.1
1409.83 11065.5
1410.9 11091.2
1412.94 11060.5
1413.14 11001.7
1413.16 10964.1
1413.12 10940.8
1411.79 10924.6
1413.87 10942.1
1413.16 11157.1
1412.14 11100.1
1409.3 11165.6
1414.64 11259.2
1408.1 11442.2
1407.08 11458.5
1407.02 11368
1403.43 11528.8
1403.87 11557.4
1404.14 11550.7
1403.63 11586.2
1403.92 11600.9
1405.28 11633
1405.37 11586.4
1412.94 11770.9
1411.4 11691.6
1416.18 11604.8
1415.89 11535.2
1415.68 11570.9
1412.55 11846.7
1411.5 11965
1415.27 11954.6
1415.92 11949.6
1414 11910.6
1414.75 11881.3
1416.24 11847.4
1416.57 11855.1
1416.16 11835.3
1415.04 11815.3
1413.68 11822.8
1413.55 11998.9
1412.91 12054.6
1412.51 12130.6
1413.47 12266.6
1414.66 12129.1
1416.34 12142.1
1416.11 12232.3
1415.9 12305.2
1416 12301.3
1415.46 12296.9
1415.62 12298
1415.92 12289.2
1415.88 12288.1
1418.04 12385.7
1416.92 12403.6
1415.19 12437.5
1415.38 12487.7
1415.39 12515.9
1415.52 12545
1415.56 12549.3
1415.96 12611.4
1415.31 12606.6
1417.38 12624.9
1418.72 12663.8
1417.97 12652.6
1418.33 12663.4
1418.87 12702.3
1418.87 12550.8
1419.69 12534
1419.38 12459.8
1421.55 12467.7
1420.42 12437.8
1421.37 12504.8
1422.22 12569.2
1422.27 12573.6
1420.59 12525.2
1425.11 12650.3
1425.06 12481.1
1422.16 12394.3
1422.12 12321.1
1421.92 12287.4
1421.92 12287.9
1421.99 12360.7
1424.72 12405.8
1425.12 12442.2
1424.48 12433.2
1424.5 12457.2
1423.24 12483.3
1425.2 12480.1
1425.13 12499.2
1426.04 12508.1
1427.4 12530.9
1428 12571.9
1428.12 12679
1425.24 12670.6
1424.71 12651.1
1424.66 12614.5
1422.93 12629.3
1423.82 12601.5
1423.5 12480.8
1423.06 12394.1
1424.2 12338.8
1429.01 12338.7
1429.04 12288.9
1429.11 12264.7
1437.59 12580.7
1439.49 12775.8
1437.82 12736.2
1448.07 12686.6
1448.2 12611.6
1449.1 12664.5
1449.42 12723.2
1450.29 12793.6
1450.22 12852
1450.38 12882.4
1451.04 12927.3
1456.55 13116.6
1456.27 13055.3
1455.35 13100.6
1456.11 13166.5
1454.29 13225.1
1458.03 13300.9
1458.17 13405.9
1458.52 13446.6
1458.1 13480.1
1458.02 13504.9
1458.59 13560.1
1458.79 13563.2
1458.64 13556.6
1458.14 13548.2
1458.47 13537.9
1458.53 13538
1458.64 13543.3
1458.74 13579.6
1458.83 13565.7
1458.55 13601.4
1457.61 13673.8
1460.09 13684.4
1459.64 13675.7
1459.69 13686.3
1459.6 13633.4
1459.68 13638.6
1459.59 13688.5
1459.89 13730.4
1459.95 13751
1459.66 13764.8
1459.66 13765.6
1459.77 13769.3
1459.48 13762.8
1459.21 13792.7
1457.84 13821.6
1458.31 13836.4
1458.73 13861
1458.27 13930.4
1458.29 13921.3
1458.4 13906.6
1458.24 13898
1459.53 13927.6
1459.43 13994.3
1450.31 13928.9
1457.88 14050
1458.32 13956.3
1458.71 13966.7
1458.65 13930.7
1456.32 13921.8
1455.8 13901.3
1455.04 13874.1
1454.81 13770.8
1454.48 13762.2
1454.82 13780
1454.72 13786.9
1454.49 13790.1
1453.9 13698.9
1456.27 13692.3
1456.68 13687.5
1456.86 13693.3
1457.17 13686.4
1457.21 13688.5
1455.71 13714.9
1455.37 13718.2
1453.53 13741.5
1453.52 13736.7
1450.37 13847.4
1449.88 14014.8
1449.19 13961.2
1449.04 13992
1448.57 14014.1
1448.98 14025.8
1450.48 14099.9
1450.14 14049.2
1450.7 14046.3
1450.88 14029
1449.29 13880.2
1450.67 13864.3
1452.16 13849.9
1452.23 13816.2
1452.1 13858.7
1453.05 13853.8
1451.64 13867.4
1450.63 13869.3
1451.47 13893.9
1450.76 14026.8
1450.86 13978.5
1450.71 13963.9
1450.55 13926.4
1450.01 13904.3
1448.35 13906.6
1448.32 13903.6
1448.5 13905.8
1448.61 13846.8
1448.08 13871.6
1448 13904.3
1447.9 13926.8
1448.73 13927.5
1448.33 13945.4
1445.59 13974.8
1443.21 13830
1443.72 13730.1
1444.08 13726.7
1444 13735
1444.25 13755.1
1443.7 13773.3
1444.54 13778.9
1444.16 13771.1
1442.06 13798
1441.8 13794.6
1441.91 13876.8
1441.9 13810.8
1441.55 13776.4
1442.36 13775.7
1440.84 13793.6
1440.63 13819.6
1439.84 13854.9
1439.93 13898.8
1439.74 13878.1
1442.48 13938
1443.25 14065.6
1442.14 14133.1
1442.2 14217.9
1442.4 14271.4
1441.93 14294.5
1442.62 14283.1
1441.06 14379.9
1440.66 14390.7
1441.76 14408.1
1441.55 14371.1
1442.36 14397.2
1443.33 14393.7
1443.08 14540.8
1443.31 14562.8
1443.3 14575.3
1444.94 14546.5
1448.45 14612.2
1448.96 14631
1447.91 14726.6
1447.59 14656.2
1448.44 14616.4
1447.76 14571.5
1447.66 14570.1
1446.23 14597.1
1447.33 14598.4
1447.58 14525.7
1447.27 14495.3
1447.1 14515.3
1447.26 14526
1446.94 14538.2
1446.73 14543.5
1446.54 14541.8
1446.95 14546.5
1448.94 14598.2
1449.86 14621.2
1450.45 14639.7
1450.46 14659.7
1450.39 14665.7
1451.07 14673.8
1450.92 14692.3
1450.41 14694.2
1448.55 15028.1
1448.41 14999.7
1448.06 14959.4
1449.27 15029.6
1450.22 15036.2
1450.01 14996.8
1449.74 15026.3
1449.76 15037.3
1450.37 15029.9
1452.6 15103.6
1452.48 15133.9
1454.83 15254.1
1454.84 15170.2
1453.73 15160.4
1453.62 15199.5
1453.69 15202.3
1453.6 15158.1
1453.72 15133.7
1453.42 15117.1
1453.31 15143
1453.24 15147.8
1453.04 15198.8
1453.05 15197.7
1453.27 15174.3
1452.4 15154.8
1452.61 15179.7
1454.38 15216.5
1453.46 15189.3
1453.73 15214.3
1453.8 15233.2
1454.44 15259.3
1454.64 15245.7
1455.06 15339.2
1456.7 15353.5
1456.74 15378.2
1456.57 15382.7
1456.51 15397.4
1456.17 15406.9
1456.17 15366.6
1459.71 15485.4
1458.78 15479.3
1459.55 15371.9
1459.05 15324.6
1459.01 15299.1
1459.05 15260.6
1459.02 15264
1459.02 15219.3
1456.29 15212.8
1455.9 15197.3
1456.23 15187
1455.49 15190.2
1457.4 15268.4
1457.14 15280
1456.89 15269.2
1456.7 15251.1
1459.09 15337.9
1457.65 15311.7
1457.93 15265.8
1457.98 15301.7
1460.81 15336.6
1461.72 15346.2
1463.01 15428.7
1462.91 15455.8
1462.27 15440.4
1462.59 15497.2
1463.14 15529.8
1463.93 15562.1
1466.1 15603.7
1466.22 15640.4
1465.87 15646.8
1465.62 15623.4
1466.87 15651.3
1466.03 15689.7
1466.57 15605.9
1466.62 15595.6
1467.23 15599.4
1467.92 15606.6
1468.37 15621.9
1469.24 15616.8
1469.34 15657.2
1467.41 15668.2
1471.91 15542.7
1471.78 15655.2
1471.64 15486.4
1471.83 15424.6
1474.76 15415.8
1475.47 15384.6
1477.77 15398.5
1478.04 15400.4
1478.11 15452.6
1477.66 15432.9
1477.66 15425
1476.83 15469
1476.59 15478.4
1477.4 15526.6
1477.5 15500.2
1477.05 15450.5
1477.06 15430
1477.24 15393.8
1474.04 15429.9
1473.46 15401.2
1473.25 15387.1
1473.27 15406.6
1473.36 15434.1
1472.95 15453.5
1473.17 15374.9
1473.89 15391.7
1473.82 15421
1473.44 15431
1473.52 15459.7
1473.37 15476.1
1472.97 15462.3
1470.98 15483.8
1469.15 15514.8
1469.35 15521.2
1469.34 15531.1
1468.06 15682.1
1470.3 15777.1
1468.36 15678.3
1467.28 15612.8
1469.91 15648
1469.89 15680.3
1471.47 15707.8
1472.55 15655.6
1472.5 15651
1472.46 15651.3
1472.09 15692.5
1477.28 15879.9
1477.65 15842.4
1477.83 15835.1
1482.63 15979.4
1482.78 15896
1482.61 15850.1
1477.65 15806.7
1477.14 15798.8
1477.17 15790.1
1478.8 15801.7
1479.67 15762.7
1479.68 15758.3
1479.51 15768.6
1479.7 15755.9
1476.1 15740.1
1475.75 15691.5
1475.84 15718.1
1478.41 15722.2
1480.14 15742.9
1479.54 15628.6
1479.51 15606.4
1483.6 15677.7
1484.34 15546
1484.27 15487.6
1484.29 15497.9
1484.83 15485.5
1485.06 15492.9
1483.37 15501.6
1485.07 15546.5
1485.36 15563.5
1486.04 15552.8
1486.03 15543.4
1486.06 15506.9
1487.71 15524.4
1487.74 15499.1
1487.64 15505.5
1487.64 15512
1488.03 15498.3
1486.83 15443.2
1487.37 15408.5
1487.02 15417.5
1487.18 15393.4
1486.98 15385.2
1486.98 15372.3
1487.1 15351.8
1487.71 15350.8
1487.71 15320.4
1487.76 15323
1487.74 15326.9
1487.88 15329.6
1487.85 15349.4
1487.8 15351.7
1487.18 15365.5
1487.31 15382.2
1487 15395.2
1486.32 15408.1
1486.17 15504
1487.24 15516.2
1487.78 15547.8
1488.34 15552.4
1487.06 15522.8
1488.34 15494.4
1488.36 15443.5
1488.24 15439.8
1487.63 15449
1487.71 15433.9
1486.88 15389.8
1485.76 15355.3
1485.7 15357.5
1486.3 15380
1486.35 15389.9
1486.5 15357
1486.36 15368.2
1486.35 15365.7
1485.85 15363.4
1485.91 15337.2
1485.2 15347.3
1485.18 15386.3
1485.02 15397.3
1484.84 15403.3
1485.06 15413.9
1485.09 15460.6
1485.12 15462.1
1485.37 15471
1485.1 15468.9
1485.03 15477.1
1485.03 15480.9
1485.19 15506.4
1485.81 15526.4
1485.73 15498.5
1486.15 15516.4
1486.11 15513.9
1486.13 15508.4
1486.63 15401.7
1486.41 15379.7
1485.55 15541.4
1485.84 15534
1483.85 15517.1
1483.84 15542.1
1483.93 15549
1483.65 15537.3
1483.94 15532.2
1483.95 15522.6
1483.67 15547.8
1483.58 15564.1
1484.04 15511.4
1483.78 15481.9
1486.04 15541.3
1489.7 15562.3
1489.6 15573.9
1489.59 15549.9
1489.57 15528.3
1489.91 15532
1489.69 15525.3
1488.27 15558.1
1489.54 15581.4
1490.79 15570.6
1491.37 15567.2
1492.68 15554.2
1492.95 15598.5
1493.54 15542.3
1494.62 15516.6
1495.84 15589.6
1495.85 15590.4
1496.38 15592.3
1496.11 15590.9
1496.7 15562.8
1496.71 15559.3
1496.59 15527.9
1496.52 15523.3
1496.37 15547.2
1496.53 15548.3
1496.93 15559
1496.83 15530.5
1495.6 15498.1
1496.49 15499.4
1494.9 15477.3
1495.15 15485.5
1494.59 15533.9
1495.51 15572.2
1496.2 15542.8
1496.32 15539.9
1496.28 15546.8
1496.25 15555.6
1496.24 15564
1496.17 15571.1
1496.79 15560.5
1494.09 15534.4
1496.05 15554.7
1496.08 15543.6
1495.92 15519.7
1495.81 15518.4
1496.19 15497.7
1496.08 15492.5
1495.86 15484.4
1496.06 15468.3
1495.83 15474.6
1496.33 15535.1
1496.19 15587.1
1496.44 15644.5
1495.23 15664.1
1495.42 15705
1495.28 15667.9
1498.68 15637.5
1497.44 15624.7
1497.82 15607.4
1498.18 15650.1
1498.27 15681.1
1498.34 15680.6
1498.17 15690.8
1499.16 15683.6
1499.59 15640.6
1498.84 15655.4
1498.66 15660.8
1498.99 15610.2
1498.93 15627.8
1498.84 15581
1499.52 15601.4
1499.29 15573.3
1498.85 15504.9
1498.86 15487.6
1499.1 15454.2
1499 15467.4
1498.5 15460
1498.09 15477.8
1497.79 15487.1
1497.38 15485.8
1497.28 15477.2
1497.3 15495.8
1497.85 15524.1
1497.47 15526.9
1497.73 15519
1499.78 15518.8
1499.63 15520.7
1501.72 15505.5
1502 15556.9
1501.15 15558.7
1501.19 15560.8
1501 15595.9
1495.58 15634
1495.82 15657.9
1495.84 15734.2
1495.9 15749.3
1495.03 15747.3
1495.03 15744
1494.07 15717.1
1494.07 15730.6
1495.49 15773.1
1495.37 15774.3
1495.06 15783.8
1495.06 15793.2
1495.65 15799.2
1495.52 15812.5
1495.43 15815.5
1495.89 15822.5
1496.35 15839.3
1496.15 15828.9
1495.87 15860.1
1495.86 15865.8
1495.85 15864.2
1495.34 15824.7
1492.32 15809.4
1491.47 15839.4
1494.73 15890.7
1494.64 15873.8
1494.54 15860.7
1494.44 15894.1
1491.63 15892.4
1491.65 15906.5
1493.37 15985.7
1492.96 15917.1
1493.38 15921.3
1493.57 15950.3
1493.56 15954.5
1492.86 15937.1
1491.88 15944.4
1491.11 15981.7
1491.15 16015
1490.68 16041.5
1490.95 16037.7
1490.94 16047.1
1489.65 15968.7
1489.65 15952.6
1489.82 15991.6
1489.61 15993.6
1489.93 16029.6
1490.38 16059.2
1490.72 16088.2
1489.38 16106.2
1489.74 16060.4
1491.95 16083.1
1492.66 16103.1
1492.68 16126.9
1492.7 16160.1
1492.45 16182.6
1490.81 16230.9
1490.67 16236.1
1490.98 16223.8
1490.89 16181.9
1490.92 16135.3
1491 16121.4
1490.28 16114.8
1490.62 16108.7
1492.25 16065.6
1491.9 16037.5
1491.8 16064.2
1492.21 16060.3
1492.29 16080.3
1492.21 16109.3
1491.98 16105.8
1491.33 16145.9
1491.35 16152.2
1491.47 16147.4
1491.24 16169.5
1491.21 16184.8
1491.21 16190.3
1491.53 16203.9
1490.85 16201.7
1491.21 16192.3
1491.27 16235.9
1490.97 16255.6
1492.84 16298.3
1492.63 16313.7
1491.27 16236.3
1491.51 16277.5
1492.78 16328.3
1492.83 16310.2
1492.98 16307.1
1493.19 16319.2
1493.35 16314.8
1494.38 16289.2
1494.44 16275.9
1494.44 16255.1
1496.17 16294.5
1496.1 16282.9
1496.03 16293.8
1496.03 16302.8
1497.3 16309.1
1497.33 16309.1
1497.39 16342.2
1496.99 16326.3
1497.03 16325.8
1498.63 16361.8
1499.61 16339
1500 16353.7
1499.99 16363.6
1499.87 16339.4
1499.82 16334.3
1499.81 16327.1
1499.74 16324.6
1499.19 16332.5
1499.04 16335
1500.72 16344.8
1500.72 16359.3
1500.64 16373.6
1500.78 16433.8
1502.92 16448.9
1503.21 16436.6
1503.53 16440.4
1504.25 16477.8
1504.3 16471.1
1504.22 16460.3
1504.17 16479.2
1504.24 16471.3
1504.24 16458.4
1504.14 16408.6
1504.01 16325
1503.75 16375.9
1503.78 16391.5
1503.77 16396.1
1503.98 16390.4
1504.62 16353.5
1504.83 16337.7
1504.86 16278.1
1505.27 16284.2
1505.59 16263.2
1506.68 16290
1507.36 16315.4
1507.27 16312.5
1507.17 16324.5
1507.52 16321.4
1507.52 16305.7
1507.25 16320.9
1508.35 16321.8
1508.31 16367.6
1508.2 16358.9
1507.32 16295.2
1507.59 16265.7
1507.6 16266
1507.83 16292.7
1508.01 16305.6
1508.06 16289.5
1507.88 16259.9
