604.529 42.0842
609.592 38.372
665.921 41.8296
839.947 50.8063
845.852 50.3131
976.816 73.0058
1003.74 105.505
1003.83 119.082
1008.74 121.66
1029.96 122.309
1109.02 178.292
1110.58 173.707
1126.39 172.044
1130.54 125.126
1133.77 120.36
1144.16 119.795
1148.58 119.731
1166.05 183.301
1226.09 202.088
1239.31 201.9
1231.94 201.84
1233.34 201.794
1308.16 236.017
1346.87 240.089
1364.35 272.254
1373.82 277.297
1421.73 272.202
1423.4 266.231
1427.73 269.731
1472.16 297.971
1539.54 323.433
1575.78 326.729
1635.87 1750.37
1772.99 2740.1
1778.05 3203.7
1825.13 3431.46
1836.15 3512.46
1835.79 3416.65
1857.8 3546.09
1857.83 3476.68
1878.49 3434.61
1877.5 3295.91
1898.86 4442.41
1926.81 4126.13
1926.49 3935.66
1965.96 3849.66
1965.84 3796.88
1993.78 4226.37
1997.37 4068.03
2000.61 3939.99
1979.24 3537.48
1973.56 3326.48
2006.93 3211.82
2013.32 3135.7
2008.91 3058.14
2057.93 3151.47
2058.19 3088.31
2058.18 3075.61
2440.25 11642.9
2441.26 9516.44
2441.22 8720.73
2443.08 8824.61
2432.58 8859.58
2414.26 8434.01
2412.9 7860.74
2463.81 7608.66
2467.12 7471.93
2465.74 7274.78
2459.71 8078.32
2467.12 7718.6
2468.28 7479.88
2521.72 7277.63
2521.87 7198.21
2519 7074.58
2517.25 7069.23
2517.37 7030.95
2542.82 7166.18
2541.83 7150.26
2542.07 7180.59
2539.88 7188.48
2236.68 16347.1
2244.83 23543.5
2253.65 21327.8
2253.6 18107.1
2253.21 16317.8
2228.37 15108.6
2229.88 14833.6
2225.77 14983.7
2233.41 14509.2
2227.25 13917.6
2235 13894
2232.7 13008.1
2230.14 12246.8
2228.72 11421.5
2223.06 11039
2215.28 10536.1
2211.1 10101.9
2210.37 9862.11
2212.74 9603.99
2214.8 9372.4
2212.54 9163.51
2210.42 8958.63
2188.3 16513.8
2194.1 15772.7
2194.71 14848.6
2193.13 13985.5
2191.2 13116.6
2231.72 12499.4
2235.45 11502.9
2237.32 12445.4
2236.4 11016.6
2230.57 10292.9
2229 9680.86
2226.97 9068.66
2228.07 7720.2
2232.08 6879.61
2232.24 6355.68
2232.79 5780.21
2237.72 5549.21
2237.38 5455.82
2236.67 5402.68
2242.43 5345.62
2237.12 5370.24
2239.86 5257.22
2239.6 5171.98
2240.48 5103.07
2240.58 4999.77
2236.35 4938.62
2235.36 4940.74
2235.9 4904.25
2233.53 4898.18
2228.91 4880.99
2229.14 4830.73
2230.22 4802.84
2228.94 4785.03
2229.1 4772.84
2228.35 4795.39
2227.49 4808.51
2225.69 4763.55
2224.9 4819.43
2226.06 4896.68
2222.1 4939.45
2230.52 4935.97
2232.75 4978.04
2233.4 4987.83
2234.13 5015.98
2234.45 5002.13
2237.51 5031.87
2240.58 4965.14
2239.77 4883.52
2239.84 4811.07
2240.55 4748.8
2234.35 4826.21
2231.17 4889.42
2229.38 4920.39
2228.03 4881.14
2228.13 4868.46
2226.2 4866.74
2226.17 4913.16
2229.17 4945.63
2227.6 4905.68
2228.37 4899.83
2232.53 4879.57
2231.88 4864.77
2232.32 4867.1
2231.79 4849.55
2233.36 4851.18
2231.58 4848.48
2230.79 4832.11
2230.75 4819.91
2231.64 4816.69
2231.63 4856.98
2228.69 4908.8
2231.01 4828.07
2231.95 4825.91
2231.54 4909.77
2230.84 4878.84
2230.4 4845.2
2232.42 4846.52
2235.3 4732.71
2237.38 4722.02
2238.16 4830.38
2237.24 4818.73
2235.27 4864.32
2235.45 4804.49
2236.9 4771.96
2235.22 4680.17
2232.77 4687.9
2231.85 4724.36
2230.59 4798.5
2230.3 4881.75
2231.53 4917.42
2232.52 4966.72
2233.41 4944.26
2233.6 4919.51
2237.45 4863.12
2234.18 4807.9
2234.5 4849.36
2234.95 4871.94
2234.52 4878.27
2234.37 4859.78
2246.63 5138.21
2245.14 4957.15
2245.43 4860.41
2245.26 4800.45
2245.46 4790.05
2247.89 4798.34
2249.01 4847.37
2249.68 5069.05
2249.66 5094.5
2249.54 5110.24
2249.24 5099.07
2248.13 5063.13
2248.15 5034.64
2247.42 5024.08
2246.53 5047.58
2244.77 5047.35
2244.81 5064.12
2244.91 5057.57
2246.18 5052.96
2245.58 5065.53
2244.87 5089.33
2243.35 5103.46
2243.05 5115.89
2245.05 5130.49
2244.94 5124.13
2239.11 5099.16
2239.19 5104.11
2239.98 5225.38
2240.31 5123.39
2240.55 5136.52
2239.65 5124.25
2240.78 5118.12
2240.76 5105.05
2240.49 5095.78
2240.46 5083.45
2245.13 5159.89
2244.47 5160.91
2244.83 5158
2243.64 5185.88
2243.67 5193.95
2242.9 5209.13
2241.17 5238.29
2241.3 5252.99
2240.51 5114.48
2237.79 5130.46
2236.8 5163.35
2236.13 5152.94
2237 5191.75
2237.1 5222.22
2237.67 5228.91
2237.08 5225
2239.22 5265.02
2239.53 5258.65
2239.7 5249.97
2240.19 5218.22
2240.19 5186.33
2241.1 5196.25
2238.88 5142.53
2237.76 5187.53
2238.16 5193.11
2238.92 5184.42
2238.91 5180.76
2238.96 5168.83
2238.45 5059.98
2236.23 5030.92
2235.83 4993.99
2234.69 4996.81
2235.53 4991.97
2235.52 4975.07
2235.71 4968.29
2234.89 4965.13
2235.49 4869.11
2235.08 4872.07
2235.08 4862.1
2235.07 4846.39
2234.87 4843.07
2234.85 4828.34
2234.94 4813.12
2234.96 4758.75
2235.2 4742.99
2234.91 4741.53
2234.29 4776.34
2234.37 4854.29
2234.81 4884.63
2235.02 4889.1
2233.18 4940.79
2233.13 4914.6
2232.61 4908.75
2232.02 4897.89
2232.98 4896.93
2232.65 4901.35
2232.66 4902.69
2235.68 4864.9
2235.67 4860.87
2240.31 4821.44
2241.24 4824.37
2241.3 4824.9
2238.35 4887.4
2236.56 4898.27
2235.63 4846.89
2235.08 4808.51
2235.76 4768.97
2235.71 4780.12
2235.47 4771.9
2236.6 4759.37
2234.96 4802.05
2235.1 4785.4
2236.41 4790.22
2237.54 4814.42
2237.4 4846.51
2237.54 4816.61
2237.84 4832.8
2237.54 4861.88
2237.88 4887.57
2237.88 4911.36
2237.63 4912.59
2237.88 4925.79
2239.1 4932.86
2239.6 4937.06
2240.53 4944.46
2240.31 4926.46
2239.41 4914.79
2238.71 4909.72
2238.69 4921
2238.63 4931.09
2238.68 4933.29
2238.73 4941.81
2238.93 4961.07
2238.6 4987.23
2238.56 5005.47
2238.54 5017.42
2239.29 4928.74
2239.29 4915.39
2239.27 4925.11
2240.59 4939.57
2240.74 4950.83
2240.64 4962.24
2240.25 4972.47
2239.39 4979.65
2238.35 4961.25
2238.37 4950.92
2237.79 4951.44
2237.34 4964.96
2237.05 4961.18
2237.41 4972.32
2237.74 4979.97
2237.58 4983.48
2237.62 4976.93
2238.04 4982.39
2236.82 4997.25
2236.73 5057.02
2235.9 5075.37
2236.44 5104.42
2237.48 5095.13
2238.13 5134.59
2237.96 5147.38
2238.15 5138.51
2240.48 5163.43
2238.06 5160.1
2237.91 5146.97
2237.71 5155.17
2237.2 5182.34
2237.6 5202.99
2238.01 5231.86
2236.68 5209.56
2235.49 5227.58
2235.96 5230.6
2236.04 5233.84
2235.38 5228.47
2236.02 5211.69
2235.81 5211.12
2235.81 5228.33
2235.79 5359.16
2235.25 5378.46
2235.47 5328.5
2234.75 5352.18
2236.56 5438
2237.16 5487.11
2237.49 5446.79
2237.28 5449.36
2237.31 5440.85
2237.71 5472.83
2237.86 5492.91
2237.85 5509.23
2237.28 5534.55
2236.14 5585.2
2236.18 5534.56
2236.68 5550.08
2237.25 5559.77
2237.74 5552.06
2236.93 5516.38
2236.85 5578.77
2233.94 5538.85
2233.06 5547.4
2233.24 5508.34
2234.15 5474.29
2235.94 5495.17
2235.44 5514.1
2235.15 5520.95
2235.14 5526.32
2235.23 5526.93
2232.13 5529.11
2231.42 5467.07
2230.08 5376.2
2230.95 5365.41
2230.75 5344.07
2227.79 5331.01
2228 5360.97
2227.8 5373.62
2227.76 5374.7
2227.08 5330.63
2226.38 5285.45
2226.67 5279.8
2226.13 5300.97
2225.72 5306.78
2223.97 5410.35
2222.59 5410.87
2224.02 5481.88
2224.06 5475.19
2224.84 5479.35
2224.9 5438.95
2222.99 5418.79
2222.8 5425.11
2222.37 5446.39
2222.27 5449.08
2223.68 5467.13
2223.74 5473.28
2224.68 5537.19
2223.82 5583.58
2223.77 5594.89
2223.79 5601.36
2221.54 5570.45
2221.58 5554.06
2221.51 5569.27
2221.37 5570.04
2220.87 5609.92
2223.65 5683.03
2223.68 5684.36
2222.1 5677.5
2223.8 5671.7
2223.83 5688.65
2227.61 5724.85
2226.88 5691.12
2226.81 5661.61
2226.75 5658.11
2224.7 5691.75
2225.93 5675.28
2225.77 5671.99
2225.28 5684.2
2225.41 5698.21
2225.5 5727.3
2225.53 5760.03
2224.62 5795.24
2224.62 5808.08
2223.08 5826.18
2223 5825.49
2220.49 5822.41
2220.07 5835.53
2219.95 5854.1
2221.03 5900.18
2221.14 5905.29
2221.78 5912.41
2222.51 5912.18
2220.81 5911.35
2220.98 5914
2221.69 5911.45
2222.63 5915.99
2222.62 5896.08
2222.61 5886.94
2224.01 5872.34
2222.44 5890.38
2221.91 5911.49
2222.62 5921.31
2222.63 6054.07
2222.78 6085.66
2223.2 6072.46
2223.3 6070.98
2223.21 6070.41
2222.02 6090.7
2220.06 6091.25
2220.66 6086.47
2220.92 6099.45
2220.74 6113.17
2220.3 6100.17
2219.38 6097.52
2219.28 6100.83
2217.88 6106.98
2217.92 6111.34
2219.75 6102.26
2219.89 6099.18
2220.83 6094.64
2223.82 6105.43
2223.4 6097.67
2222.96 6095.2
2222.74 6098.84
2222.91 6094.36
2226.89 6033.83
2227 6031.71
2226.54 6055.59
2226.38 6027.59
2225.26 6035.19
2225.79 6038.23
2226.58 6022.1
2228 6013.7
2229.19 6013.1
2229.67 6020.17
2229.77 6031.17
2229.62 6036.96
2229.51 6035.05
2230.23 6035.11
2230.5 6035.45
2229.99 6147.94
2230.17 6188.48
2229.62 6247.81
2227.79 6361.55
2227.73 6460.89
2227.76 6480.59
2228.05 6439.36
2227.55 6388.01
2227.95 6332.12
2228 6315.83
2227.84 6243.9
2227.85 6243.96
2228.18 6233.43
2228.93 6215.5
2230.03 6201.8
2229.39 6193.27
2229.36 6186.43
2228.38 6153.78
2228.78 6148.07
2229.24 6107.17
2229.39 6102.35
2229.35 6096.93
2229.35 6104.59
2229.42 6121.35
2229.17 6121.35
2229.07 6121.15
2227.65 6131.88
2227.65 6134.8
2227.48 6143.04
2227.13 6133.86
2227.17 6137.39
2226.28 6144.35
2226.51 6155
2226.17 6167.56
2226.23 6158.42
2226.16 6162.98
2231.34 6073.84
2230.95 6080.3
2230.68 6094.91
2230.97 6098.32
2230.56 6103.46
2228.45 6057.88
2228.11 6050.2
2228.16 6042.73
2226.61 6077.77
2227.43 6102.61
2227.52 6117.28
2227.56 6126.07
2227.4 6141.22
2226.6 6141.91
2226.43 6121.48
2226.61 6119.6
2226.56 6080.98
2226.02 6068.1
2226.09 6039.85
2227.05 6047.75
2225.86 6054.96
2225.9 6052.77
2226.11 6063.73
2225.54 6085.15
2225.08 6100.95
2223.91 6087.07
2223.53 6077.07
2218.96 6110.52
2218.39 6059.38
2218 6070.84
2216.03 6104.26
2216.2 6116.31
2216.38 6139.36
2216.65 6149.11
2214.58 6096.4
2214.43 6146.03
2214.04 6204.3
2213.98 6224.92
2214.67 6236.93
2213.65 6235.84
2213.82 6224.38
2213.51 6230.1
2212.52 6243.92
2212.59 6255.84
2212.55 6262.29
2212.52 6261.95
2212.6 6214.75
2211.94 6220.7
2212.25 6216.78
2212.57 6221.23
2212.79 6226.8
2212.65 6441.96
2213.19 6460.47
2213.98 6457.26
2214.47 6443.33
2214.72 6444.72
2215.5 6437.12
2216.45 6429.2
2214.93 6422.45
2213.34 6425.58
2213.2 6402.02
2213.18 6383.51
2213.06 6389.01
2213.95 6375.86
2215.85 6365.77
2213.36 6392.38
2213.37 6383.47
2213.43 6434.58
2213.31 6462.86
2212.63 6354.09
2212.68 6392.17
2213.07 6350.79
2213.17 6326.58
2213.78 6317.42
2213.91 6310.02
2213.87 6316.08
2213.68 6317.84
2215.23 6311.35
2213.75 6322.82
2213.95 6312.34
2214.03 6302.13
2214.31 6296
2214.56 6282.42
2216.15 6288.57
2216.37 6287.04
2217.2 6279.55
2216.96 6264.38
2216.93 6251.97
2217.3 6232.48
2215.89 6220.84
2216.05 6210.92
2216.1 6209.58
2216.11 6196.49
2215.93 6193.28
2215.76 6199.54
2215.91 6197.18
2215.69 6201.66
2215.6 6205.52
2215.81 6207.06
2216.19 6212.22
2216.88 6160.96
2217.75 6199.24
2217.41 6219.11
2217.61 6238.73
2218.86 6269.1
2218.5 6293.05
2218.4 6293
2218.81 6314.87
2219.09 6326.61
2218.96 6327.67
2219.43 6342.26
2219.13 6360.86
2219.11 6359.1
2219.21 6351.96
2219.35 6372.81
2219.37 6364.62
2219.37 6360.46
2219.42 6353.21
2219.33 6352.61
2219.18 6355.36
2219.19 6348.4
2223.44 6364.35
2222.97 6305.73
2222.49 6308.42
2222.81 6276.11
2224.8 6261.55
2224.57 6264.55
2224.34 6274.32
2224.22 6280.68
2224.22 6283.17
2223.82 6291.83
2223.82 6299
2224.29 6302.26
2224.31 6306.68
2224.12 6309.93
2223.59 6308.6
2223.95 6322.7
2223.96 6338.54
2224.08 6352.01
2223.55 6369.18
2223.56 6370.14
2223.45 6391.13
2222.68 6450.18
2222.62 6467.8
2222.71 6463.14
2222.86 6463.42
2223.3 6476.25
2223.89 6493.1
2222.94 6513.02
2223.11 6536.65
2223.59 6542.84
2224.97 6530.75
2224.48 6524.38
2224.69 6519.55
2224.82 6514.48
2224.66 6505.85
2224.84 6503.01
2225.17 6500.03
2225.24 6500.89
2225 6468.34
2225.69 6483.2
2226.73 6497.64
2226.67 6502.39
2226.99 6495.73
2226.85 6494.18
2226.24 6508.01
2226.46 6510.12
2227.24 6500.14
2226.64 6507.58
2225.95 6519.31
2226.05 6508.37
2226.09 6494.43
2226.07 6482.1
2225.25 6440.53
2225.25 6424.63
2223.75 6423.87
2223.94 6466.88
2222.39 6496.31
2222.27 6496.11
2222.34 6496.94
2222.56 6498.13
2222.28 6496.05
2222.26 6502.71
2222.47 6508.39
2222.6 6510.99
2222.58 6504.63
2222.59 6501.98
2223.23 6501.32
2223.69 6500.44
2224.12 6497.09
2224.42 6481.3
2222.75 6478.79
2222.29 6471.32
2222.62 6467.85
2222.63 6466.11
2222.7 6451.78
2223.45 6453.43
2223.41 6442.26
2223.7 6432.61
2223.47 6434.97
2222.96 6433.95
2223.19 6422.51
2222.76 6437.04
2222.06 6437.22
2222.17 6439.08
2221.69 6441.67
2221.68 6439.83
2222.97 6444.29
2223.94 6461.55
2224.01 6456.72
2223.89 6453.5
2223.91 6453.25
2223.87 6427.02
2223.76 6395.86
2223.81 6382.71
2220.72 6298.25
2221.08 6291.3
2221 6299.93
2219.97 6276.41
2219.56 6258.46
2218.83 6227.52
2218.68 6219.33
2218.32 6221.77
2218.41 6228.88
2218.47 6232.49
2218.05 6251
2217.38 6262.25
2217.13 6268.08
2216.92 6276.99
2217.82 6273.92
2218.01 6276.78
2217.94 6275.17
2217.03 6273.54
2216.95 6264.53
2217.07 6249.45
2216.43 6250.06
2216.7 6242.18
2216.37 6194.15
2216.82 6149.37
2216.87 6125.73
2217.78 6128.8
2218.05 6130.36
2217.25 6142.18
2217.09 6147.48
2217.54 6145.69
2218.11 6149.65
2218.72 6158.47
2218.84 6152.85
2218.74 6141.64
2218.75 6144.45
2218.11 6168
2217.84 6183.24
2218.05 6195.62
2217.92 6190.49
2218.31 6193.85
2217.98 6196.64
2219.11 6188.26
2218.52 6184.63
2218.34 6181.98
2218.52 6198.4
2218.69 6199.69
2218.63 6193.35
2218.82 6194.73
2218.99 6199.04
2218.66 6190.41
2218.72 6172.75
2218.08 6172.9
2218.02 6185.07
2217.95 6179.03
2221.69 6195.91
2221.69 6195.84
2221.83 6184.42
2222.3 6176.42
2222.61 6182.45
2222.31 6180.85
2222.64 6179.43
2222.7 6179.23
2220.85 6176.96
2220.46 6167.96
2220.36 6146.35
2220.64 6148.05
2220.8 6147.6
2220.67 6171.71
2219.78 6184.85
2219.31 6206.71
2219.23 6193.58
2219.22 6193.48
2217.99 6206.32
2218.08 6229.16
2217.01 6258.75
2217.5 6289.58
2217.52 6281.72
2217.52 6277.98
2217.51 6267.94
2218.9 6223
2218.96 6215.56
2217.78 6174.92
2217.8 6175.2
2217.7 6184.52
2217.4 6176.37
2218.33 6187.01
2218.03 6190.78
2219.41 6207.45
2218.81 6206.73
2215.7 6172.39
2216.02 6181.55
2217.28 6209.68
2217.05 6215.06
2217.23 6209.71
2217.45 6200.31
2217.43 6188.89
2217.73 6187.54
2217.36 6179.52
2217.57 6150.39
2217.4 6142.15
2217.55 6157.84
2217.46 6168.69
2217.63 6179.75
2219.17 6161.72
2219.16 6162.51
2219.15 6171.16
2219.79 6175.91
2219.68 6157.44
2219.8 6167.59
2220.03 6160.45
2219.97 6165.56
2220.47 6117.61
2220.91 6114.61
2221.05 6120.18
2220.53 6112.9
2220.75 6110.28
2220.49 6104.87
2220.23 6095.06
2217.91 6074.67
2217.27 6069.38
2217.56 6072.88
2217.56 6071.17
2218 6094.84
2217.95 6092.82
2217.63 6097.46
2216.78 6089.45
2216.43 6103.1
2216.14 6094.59
2215.44 6090.84
2215.44 6121.35
2214.97 6125.79
2215.31 6118.8
2216.04 6133.24
2215.61 6138.48
2214.83 6138.79
2215.01 6126.63
2215.06 6114.86
2215.15 6126.9
2215.07 6125.45
2214.52 6130.09
2214.98 6074.92
2214.87 6074.76
2214.1 6077
2214.35 6070.33
2213.91 6064.2
2214.19 6080.71
2214.26 6076.28
2214.29 6073.51
2214.21 6064.66
2214.95 6053.85
2215.07 6051.63
2215.33 6049.88
2215.32 6046.38
2215.31 6045.56
2215.72 6048.08
2215.06 6077.42
2214.23 6079.89
2213.95 6082.34
2213.8 6093.42
2214.48 6087.24
2214.19 6066.44
2213.6 6064.84
2213.43 6061.75
2213.16 6064.18
2212.69 6067.4
2212.54 6064.26
2213.18 6049.25
2213.12 6070.71
2212.81 6078.1
2213.05 6066.16
2212.97 6062.07
2212.5 6063.53
2212.64 6067.44
2212.73 6075.49
2212.7 6063.27
2212.73 6063.17
2212.32 6060.58
2212.33 6058.41
2212.34 6052.6
2212.92 6044.55
2213.54 6041.46
2213.79 6042.34
2213.32 6064.72
2213.32 6049.43
2213.31 6035.42
2213.02 6035.62
2212.77 6033.9
2212.96 6036.09
2213.5 6040.18
2214.02 6065.75
2213.45 6108.38
2213.4 6164.3
2213.31 6170.65
2213.36 6176.84
2213.42 6185.07
2213.3 6185.62
2213.47 6183.91
2213.16 6198.52
2213.21 6228.71
2213.16 6237.05
2213.92 6222.83
2213.96 6223.09
2213.31 6230.66
2213.23 6233.91
2213.22 6238.29
2213.49 6230.49
2213.83 6216.41
2214.17 6202.97
2214.75 6185.77
2212.3 6200.8
2212.63 6195.69
2211.68 6200.27
2211.43 6202.28
2211.57 6193.59
2211.67 6196.63
2211.36 6198.37
2211.39 6200.49
2211.01 6198.37
2211.26 6200.12
2211.26 6194.85
2212.17 6176.85
2212.93 6169.27
2213.31 6167.52
2213.37 6179.14
2213.14 6196.92
2213.77 6200.41
2213.81 6209.63
2213.99 6204.13
2214.07 6213.47
2214.11 6223.31
2214.04 6245.01
2213.53 6251.25
2213.53 6259.49
2213.68 6272.38
2213.74 6277.57
2213.74 6276.69
