42.9179 0
204.794 0
383.874 6.20103
542.667 20.7293
547.179 20.3888
659.161 33.2208
707.374 32.8116
710.286 32.6969
835.317 114.384
844.542 110.112
846.645 108.232
881.878 113.589
882.512 113.668
884.603 113.66
972.05 157.461
1471.57 4831.92
1495.37 3775.56
1508.38 2987.85
1507.08 2623.48
1611.58 2815.52
1646.51 2634.19
1663.36 2484.54
1663.1 2405.17
1665.62 2345.56
1667.67 2291.61
1701.8 2256.56
1726.05 2225.7
1770.64 2257.89
1750.87 6328.14
1509.79 6262.97
1521.58 5107.39
1548.03 4477.03
1564.88 4146.38
1564.01 3840.61
1562.06 3431
1606.85 6405.53
1610.81 5521.85
1617.23 5020.94
1618.95 4764.11
1637.66 4470.07
1703.71 4302.8
1758.55 4228.52
1757.18 4073.51
1757.9 3921.83
1769.95 4639.75
1774 4392.02
1789.37 4184.36
1847.95 3913.47
1847.84 3627.29
1845.8 3487.27
1870.3 3311.2
1871.84 3122.86
1875.36 2973.11
1899.33 2781.94
1905.17 2643.79
1903.3 2519.4
1935.06 2588.7
1970.68 2506.98
1970.36 2388.93
1970.43 2287.66
1964.53 2222.15
1964.74 2159.86
1965.9 2092.93
1966.58 2216.98
1965.93 2051.81
2001.12 1992.3
2012.68 1913.93
2016.89 1924.5
2016.59 1910.4
2016.5 1860.53
2019.91 1884.34
2022.21 1959.27
2021.82 1982.81
2020.94 1991.77
2023.6 1967.65
2029.63 1818.66
2034.43 1826.82
2034.79 1827.47
2036.93 1843.61
2036.8 1862.57
2035.33 1873.04
2033.81 1892.1
2034.13 1897.76
2031.64 1957.95
2031.86 1947.81
2025.98 2012.26
2028.79 2034.68
2025.76 2010.33
2030.09 2000.93
2027.68 2082.91
2031.34 2210.03
2033.8 2222.64
2034.11 2246.07
2033.64 2293.1
2034.29 2306.22
2033.84 2250.96
2034.04 2237.33
2039.92 2387.79
2027.41 2313.67
2028.66 2370.07
2030.65 2425.81
2030.37 2454.64
2030.39 2474.49
2032.71 2460.28
2033.43 2454.6
2036.61 2451.07
2035.24 2515.02
2042.99 2545.51
2051.27 2525.6
2051.9 2506.66
2059.93 2534.27
2060.07 2517.29
2056.69 2566.17
2057.58 2608.57
2059.6 2687.72
2060.23 2747.03
2059.54 2805.21
2059.71 2828.68
2059.42 2859.36
2062.13 2965.33
2066.15 2982.71
2066.37 2925.52
2067.02 2876.49
2067.02 2861.76
2079.33 2906.5
2078.07 2916.64
2077.45 2907.18
2069 2944.45
2069.06 3152.91
2073.49 3285.17
2083.76 3401.3
2084.13 3343.84
2087.69 3257.85
2089.13 3223.44
2088.31 3212.21
2087.44 3230.48
2087.29 3236.97
2090.03 3236.59
2090.16 3247.14
2093.59 3288.14
2093.75 3295.2
2108.29 3260.77
2107.46 3291.69
2106.18 3310.68
2106.22 3317.15
2105.45 3315.22
2117.39 3390.62
2114.68 3424.73
2114.41 3439.35
2118.7 3547.55
2118.23 3602.07
2118.84 3575.74
2124.24 3651.71
2124.66 3643.72
2124.68 3612.99
2124.23 3601.74
2103.86 3645.61
2105.66 3657.82
2113.02 3582.22
2112.6 3558.66
2109.67 3561.23
2113.84 3594.68
2113.95 3578
2116.85 3561.17
2115.68 3567.88
2115.79 3580.89
2115.89 3602.13
2114.83 3609.69
2114.53 3612.69
2114.48 3608.53
2110.35 3667.54
2110.28 3644.86
2109.87 3624.67
2109.8 3632.5
2108.99 3638.36
2109.06 3659.94
2108.72 3672.48
2107.63 3715.5
2104.28 4026.34
2105.68 4189.39
2113.15 4266.44
2114.36 4197.21
2115.74 4208.47
2115.34 4175.82
2116.34 4158.09
2116.38 4131.72
2116.78 4125.25
2115.91 4120.83
2116.34 4085.33
2117.46 4055.36
2117.44 4039.81
2115.89 4023.78
2115.54 4018.14
2114.35 4022.05
2115.95 4072.32
2115.71 4085.04
2110.81 4118
2112.76 4124.34
2112.56 4109.65
2111.44 4109.78
2112.04 4094.45
2111.32 4042.11
2111.04 4090.06
2110.88 4120.94
2111.33 4116.47
2111.32 4116.29
2112.75 4136.48
2111.22 4117.04
2111.33 4103.89
2111.65 4117.34
2111.57 4103.33
2115.02 4155.28
2115.31 4219.18
2120.24 4543.12
2119.41 4334.91
2120.01 4171.75
2119.61 4191.48
2116.13 4218.39
2115.97 4247.33
2115.77 4265
2115.03 4285.09
2117.13 4320.4
2117.15 4362.96
2115.76 4379.07
2116.03 4416.53
2115.14 4423.62
2114.86 4458.43
2115.05 4481.16
2116.76 4556.97
2116.86 4569.93
2116.54 4639.73
2115.47 4598.47
2114.94 4545.75
2116.49 4530.1
2116.25 4565.17
2116.07 4603.21
2116.62 4634.11
2116.07 4646.52
2116.49 4670.52
2116.51 4715.63
2117.32 4778.5
2118.11 4793.83
2117.9 4826.38
2118.2 4838.54
2118.26 4838.54
2120.23 4836.31
2119.86 4813.63
2120.96 4812.21
2120.96 4806.57
2120.1 4798.97
2120.08 4786.52
2120.2 4787.6
2120.68 4787.35
2120.48 4793.21
2119.95 4813
2118.87 4807.88
2118.15 4789.77
2118.09 4776.73
2117.57 4741.16
2117.21 4754.96
2116.92 4750.23
2117.39 4743.46
2117.36 4751.26
2116.51 4766.09
2116.56 4779.07
2116.56 4785.18
2116.51 4785.02
2117.29 4786.1
2117.53 4786.63
2117.83 4781.76
2118.17 4769.52
2115.94 4770.21
2116.75 4780.16
2116.79 4777.78
2116.73 4781.87
2117.11 4762.78
2116.48 4755.74
2116.57 4763.39
2116.48 4761.11
2116.93 4760.2
2117.01 4748.02
2117.44 4778.11
2117.72 4821.79
2117.03 4836.43
2117.47 4846.87
2117.45 4832.68
2117.04 4810.95
2116.88 4793.61
2116.88 4802.04
2119.55 4818.89
2120.03 4829.3
2119.83 4844.06
2120.24 4817.48
2120.27 4828.92
2120.31 4835.9
2119.44 4826.78
2119.79 4809.78
2119.28 4818.54
2119.28 4819.24
2119.29 4808.91
2119.08 4803.93
2120.37 4783.69
2120.36 4805.11
2120.47 4812.9
2119.59 4830.56
2120.12 4820.59
2121.19 4844.75
2121.15 4851.45
2120.87 4838.4
2120.35 4822.59
2120.87 4814.06
2120.67 4799.64
2121.71 4811.12
2121.75 4834.83
2121.83 4822.97
2121.36 4813.27
2121.09 4803.43
2120.72 4800.38
2118.8 4829.38
2119.03 4834.23
2118.99 4826.63
2118.97 4829.26
2119.48 4841.15
2119.47 4829.09
2117.54 4847.54
2118.02 4853.44
2117.89 4838.59
2117.7 4834.25
2117.76 4841.37
2117.77 4846.72
2118 4852.06
2118.06 4847.11
2118.22 4841.22
2117.67 4843.97
2117.04 4850.67
2118.53 4852.6
2118.91 4858
2118.49 4856.27
2118.27 4855.08
2118.04 4854.9
2117.64 4835
2116.88 4823.85
2117.24 4807.27
2117.08 4825.89
2116.78 4833.7
2116.83 4820.38
2116.12 4826.57
2116.07 4815.64
2115.69 4813.58
2116.77 4808.81
2117.02 4836.86
2117.02 4840.26
2116.69 4825.9
2116.69 4821.12
2116.73 4821.25
2116.44 4819.62
2116.61 4830.36
2114.95 4812.28
2115.29 4821.87
2115.07 4823.52
2115.1 4851.46
2115.52 4921.23
2116.52 4944.36
2115.79 5006.6
2114.84 5036.09
2115.05 5055.16
2114.82 5078.07
2114.49 5094.23
2111.95 5110.78
2112.04 5131.81
2111.95 5128.11
2112.1 5108.25
2111.71 5073.1
2111.78 5064.79
2111.41 5057.3
2110.9 5087.19
2111.23 5083.46
2111.56 5074.92
2110.96 5072.8
2111.38 5072.63
2112.1 5089.1
2112.31 5110.97
2111.86 5122.1
2111.79 5119.26
2111.83 5123.1
2111.53 5112.13
2111.28 5108.45
2110.96 5091.26
2111.25 5096.28
2109.5 5130.93
2109.74 5139.58
2105.58 5146.24
2105.88 5183.16
2105.79 5199.47
2105.76 5216.35
2104.97 5206.13
2105.05 5206.63
2106.87 5204.63
2106.31 5207.1
2105.97 5227.34
2105.95 5198.06
2105.89 5177.68
2105.8 5178.04
2105.98 5183.37
2105.61 5176.25
2105.48 5174.22
2106.36 5150.04
2106.34 5162.98
2105.96 5148.07
2105.89 5143.3
2106.02 5138.12
2106.01 5131.47
2106.98 5133.58
2106.94 5122.87
2107.13 5139.07
2107.13 5126.49
2107.15 5123.33
2107.6 5144.34
2107.63 5046.14
2107.85 4980.96
2107.96 4970.2
2109.69 4932.18
2109.49 4970.12
2109.56 4973.61
2108.54 5008.34
2107.97 5013.71
2106.8 5014.79
2107.54 5005.2
2107.66 4992.17
2108.39 5102.89
2108.29 5113.04
2109.23 5124.49
2109.2 5128.04
2108.9 5111.16
2108.47 5100.02
2108.43 5086.52
2108.18 5073.12
2107.72 5025.93
2107.05 4996.7
2107.2 4981.83
2107.23 4968.31
2107.4 4958.06
2106.75 4959.53
2107.1 4946.81
2107.11 4927.63
2106.66 4921.6
2106.69 4915.16
2106.77 4911.43
2107.31 4917.32
2108.68 4888.05
2108.31 4907.79
2108.53 4908.32
2108.5 4904.2
2108.18 4901.21
2108.24 4897.05
2108.29 4890.95
2108.63 4868.51
2108.4 4852.42
2109.8 4849.67
2109.75 4852.42
2109.59 4859.51
2110.08 4873.96
2110.1 4894.7
2114.42 4965.07
2114.48 5004.25
2112.15 5023.64
2111.27 5032.98
2111.45 5030.43
2111.35 5044.16
2111.21 5051.85
2111.13 5063.3
2110.74 5059.98
2110.39 5065.5
2110.01 5067.89
2109.59 5066.74
2109.33 5074.57
2109.58 5093.95
2109.45 5095.24
2109.21 5095.22
2109.09 5115.08
2109.44 5125.83
2109.67 5118.41
2109.3 5101.05
2109.58 5088.4
2109.68 5079.95
2109.58 5083.55
2109.42 5131.44
2109.23 5140.98
2109.25 5140.91
2109.38 5132.8
2109.31 5131.44
2109.22 5144.62
2109.02 5175.89
2107.49 5177.9
2107.17 5200.91
2107.08 5214.53
2107.2 5225.17
2107.22 5314.61
2107.15 5349
2106.81 5366.17
2106.61 5384.13
2107.49 5420.74
2107.84 5448.96
2107.73 5507.82
2107.73 5513.52
2107.72 5510.59
2107.61 5518.91
2107.39 5529.28
2106.58 5501.1
2106.58 5446.51
2105.87 5446.25
2105.89 5450.32
2105.93 5447.36
2105.97 5456.57
2105.88 5457.44
2105.64 5449.47
2105.78 5451.12
2105.96 5461.2
2105.85 5460.56
2104.99 5476.36
2105.03 5478.96
2104.99 5473.04
2106.23 5426.49
2105.78 5415.49
2105.66 5405.67
2105.64 5399.63
2106.01 5363.42
2105.98 5356.34
2106.38 5349.66
2105.72 5367.35
2106.69 5374.78
2107.02 5405.3
2107.47 5398.11
2108.82 5396.69
2108.83 5402.63
2108.74 5416.82
2109.44 5445
2109.41 5464.28
2110.83 5468.43
2110.11 5465.56
2110.24 5462.5
2110.28 5424.32
2110.46 5395.79
2110.47 5402.22
2110.31 5414.63
2110.41 5419.41
2110.45 5415.14
2110.96 5412.15
2114.67 5431.94
2115.89 5449.75
2115.67 5456.83
2114.48 5454.89
2114.33 5422.95
2112.32 5355.99
2112.32 5323.07
2112.97 5303.88
2112.9 5297.4
2112.76 5279.02
2112.45 5319.01
2112.32 5303.86
2112.19 5281.09
2112.01 5273.52
2111.96 5274.16
2111.26 5285.73
2112.89 5330.18
2112.86 5337.98
2112.27 5353.38
2112.34 5367.36
2112.44 5395.95
2112.39 5404.98
2112.39 5415.46
2113.19 5308.85
2113.15 5354.01
2113.31 5398.61
2113.38 5427.99
2113.29 5458.32
2113.32 5465.16
2113.42 5456.92
2113.42 5448.43
2113.63 5444.73
2114.64 5453.73
2115.03 5451.74
2114.9 5436.91
2116.27 5460.56
2116.27 5485.74
2116.72 5481.24
2117.63 5498.79
2117.56 5487.45
2118.05 5490.23
2117.76 5512.34
2117.79 5490.19
2117.19 5478.66
2117.49 5510.74
2117.36 5521.58
2116.7 5528.59
2116.18 5545.33
2116.4 5556.45
2116.49 5567.93
2116.73 5561.73
2118.56 5578.74
2118.43 5609.86
2118.37 5611.05
2116.8 5611
2116.68 5602.05
2116.6 5594.34
2116.82 5585
2116.8 5593.07
2116.92 5577.81
2117.31 5560.2
2117.3 5551.48
2117.23 5525.57
2116.8 5513.53
2116.62 5523.04
2116.34 5549.91
2116.4 5549.06
2114.29 5571.67
2114.52 5579.51
2114.36 5596.32
2114.1 5595.87
2114.07 5599.6
2114.06 5608.07
2113.89 5612.36
2114.12 5608.38
2113.84 5614.3
2112.73 5640.28
2115.3 5646.08
2114.35 5624.58
2114.21 5610.94
2114.21 5607.41
2114.19 5612.87
2114.21 5615.49
2112.88 5603.53
2113.66 5608.16
2113.71 5629.2
2113.32 5667.37
2113.53 5672.66
2113.56 5684.7
2113.88 5676.99
2113.66 5673.26
2113.46 5655.56
2114.82 5633.34
2114.52 5618.12
2114.22 5608.59
2114.19 5594.81
2114.13 5587.62
2114.21 5582.67
2114.23 5579.75
2114.2 5583.98
2114.2 5592.35
2114.51 5563.11
2113.25 5493.79
2113.64 5486.49
2113.75 5483.58
2113.78 5481.23
2113.79 5480.16
2113.83 5479.03
2113.17 5497.16
2113.06 5502.39
2113.08 5507.12
2112.19 5527.91
2112.06 5531.2
2112.26 5555.4
2113.47 5540.25
2114.73 5561.03
2110.85 5576.08
2111.2 5575.63
2111.33 5582.26
2111.31 5585.03
2111.26 5590.04
2111.41 5587.19
2112.14 5598.81
2112.06 5605.36
2112.3 5597.4
2112.35 5610.2
2112.03 5608.94
2112 5604.81
2112.76 5587.49
2113.59 5581.71
2113.41 5583.54
2113.93 5600.48
2114.1 5593.49
2114.14 5597.56
2113.73 5605.42
2112.02 5682.3
2112.42 5726.96
2112.48 5728.2
2112.51 5704.28
2112.53 5681.25
2112.48 5671.16
2112.6 5666.58
2111.07 5610.26
2110.73 5647.65
2110.43 5662.5
2110.4 5675.3
2110.41 5678.66
2110.41 5673.76
2110.44 5668.45
2110.77 5670.84
2111.25 5681.78
2112.05 5710.38
2112.32 5732.27
2112.33 5664.88
2112.26 5666.04
2112.26 5666.21
2112.25 5667.23
2112.22 5664.09
2112.25 5656.86
2113.37 5660.66
2113.29 5664.49
2113.86 5656.97
2113.12 5685.66
2113.46 5676.91
2113.39 5691.37
2113.52 5703.53
2118.82 5647.15
2119.43 5643.2
2119.22 5626.31
2118.99 5611.55
2118.64 5624.7
2118.54 5628.14
2118.47 5609.67
2116.79 5636.82
2115.17 5653.32
2115.6 5675.04
2111.06 5738.78
2112.15 5725.46
2111.82 5717.86
2111.85 5716.97
2111.73 5702.2
2111.73 5692.36
2111.26 5671.43
2111.24 5672.4
2111.19 5664.1
2111.48 5660.71
2112.66 5698.59
2112.89 5700.75
2112.81 5694.05
2112.79 5687.59
2112.96 5682.32
2112.89 5683.71
2112.89 5690.72
2112.84 5704.01
2112.54 5709.64
2112.53 5707.69
2112.32 5701.4
2112.7 5697.21
2112.78 5690.51
2112.65 5691.59
2112.67 5687.61
2112.56 5686.71
2112.61 5689.62
2112.44 5696.86
2112.02 5733.3
2112.27 5722.49
2112.22 5707.61
2111.93 5735.79
2112.49 5755.34
2112.42 5734.02
2112.42 5745.72
2112.45 5742.31
2111.29 5744.65
2111.16 5746.27
2111.09 5762.13
2111.82 5770.01
2111.48 5778.57
2111.32 5792.34
2111.1 5793.53
2111.05 5798.88
2111.43 5809.17
2110.69 5833.48
2110.83 5854.3
2111.55 5860.2
2112.91 5848.55
2115.96 5880.6
2115.98 5893.39
2116.32 5899.9
2115.29 5898.13
2115.26 5882.94
2115.37 5869.32
2115.54 5857.94
2115.72 5821.16
2115.72 5825.26
2115.48 5826.54
2115.5 5837.27
2115.55 5854.86
2114.68 5861.25
2114.58 5868.57
2114.59 5862.43
2114.42 5862.22
2114.34 5873.66
2115.08 5874.81
2114.81 5872.51
2114.87 5879.54
2115.12 5889.63
2115.22 5901.68
2114.99 5895.99
2114.98 5911.28
2115.24 5940.03
2115.25 5950.29
2115.14 5958.64
2115.14 5956.39
2115.02 5961.42
2116.03 5966.4
2116.64 5973.35
2116.76 5959.92
2116.54 5971.05
2117.4 5984.32
2118.08 6021.08
2118.18 6048.37
2118.37 6063.51
2118.34 6064.16
2117.42 6067.63
2117.41 6083.36
2117.37 6077.7
2117.33 6031.99
2117.43 6018.65
2117.3 6005.26
2120.03 6009.96
2121.13 5987.04
2121.2 5974.76
2121.55 5946.04
2121.3 5945.51
2123.37 5965.18
2123.89 5995.4
2123.84 6013.98
2124.05 6011.49
2124.46 6011.55
2124.21 6009.04
2124.13 6002.85
2124.16 5974.27
2123.02 5946.2
2123 5926.3
2123.2 5925.89
2123.34 5918.52
2123.41 5917.07
2123.88 5916.62
2123.81 5893.14
2123.32 5850.83
2123.57 5827.75
2123.48 5804.08
2123.44 5778.11
2123.41 5775.69
2126.16 5781.38
2126.37 5765.73
2126.92 5714.24
2126.93 5696.19
2126.83 5685.81
2126.21 5678.08
2127 5652.51
2126.81 5634.24
2126.96 5625.78
2127.08 5627.62
2127.14 5594.66
2127.05 5578.97
2127.41 5571.81
2127.89 5558.54
2127.95 5554.87
2128.19 5573.86
2128.07 5539.76
2128.09 5542.7
2128.04 5543.11
2128.77 5562.01
2128.68 5571.59
2128.66 5583.69
2128.65 5589.51
2129.02 5583.94
2129.01 5585.17
2128.97 5587.24
2128.75 5587.85
2128.71 5589.19
2128.9 5634.64
2128.52 5637.7
2128.52 5632.04
2128.73 5631.7
2129.15 5640.75
2128.91 5661.47
2128.86 5674.68
2128.89 5679.37
2128.9 5677.9
2128.89 5679.35
2128.9 5678.08
2128.9 5678.58
2128.48 5674.71
2128.17 5670.84
2128.98 5693.18
2128.97 5695.04
2128.64 5695.6
2128.89 5693.16
2128.94 5701.52
2129.01 5710.55
2128.62 5719.03
2128.74 5719.22
2128.62 5719.09
2128.48 5713.98
2128.24 5700.39
2128 5668.32
2128 5665.2
2127.98 5681.54
2127.84 5687.69
2127.92 5691.8
2126.57 5690.14
2126.55 5689.12
2126.47 5690.57
2126.48 5687.12
2126.38 5682.15
2126.55 5674.27
2127.64 5660.97
2127.22 5663.75
2126.25 5684.48
2126.07 5682.5
2125.96 5684.33
2126.4 5685.24
2126.32 5698.32
2126.2 5707.88
2126.22 5714.31
2126.38 5715.95
2126.93 5735.4
2126.75 5732.56
2126.92 5730.88
2126.85 5725.61
2126.85 5725.41
2126.88 5725.41
2126.89 5720.63
2126.44 5720.91
2126.51 5713.46
2127.17 5710.28
2127.43 5708.82
2127.72 5715.17
2129.57 5733.18
2129.55 5734.6
2129.56 5739.04
2129.67 5758.28
2129.77 5768.91
2129.66 5751.7
2129.61 5745.85
2127.94 5740.06
2127.89 5739.03
2130 5739.18
2130.07 5723.94
2130.09 5715.86
2130.14 5713.18
2131.47 5680.68
2131.46 5670.14
2130.66 5676.12
2130.65 5672.09
2130.77 5667.23
2131.07 5625.7
2132.11 5610.95
2132.09 5609.72
2131.33 5613.75
2130.81 5631.43
2130.82 5637.42
2130.48 5648.43
2130.41 5653.83
2130.45 5656.21
2129.97 5666.87
2133.99 5697.5
2133.14 5693.24
2133.26 5640.95
2132.91 5646.62
2132.86 5629.88
2133.08 5608.02
2133.48 5612.15
2133.36 5623.94
2133.57 5624.97
2133.46 5622.01
2133.58 5611.12
2133.62 5613.52
2133.62 5609.49
2133.73 5606.47
2133.76 5618.62
2133.76 5619.47
2133.76 5626.01
2133.93 5621.28
2133.86 5624.57
2133.9 5622.01
2133.3 5610.38
2132.27 5696.67
2132.86 5710.13
2132.79 5720.27
2132.74 5741.23
2132.6 5752.45
2132.6 5723.17
2132.38 5736.07
2132.17 5747.64
2131.93 5756.84
2131.97 5761.68
2130.44 5742.38
2130.43 5739.39
2130.66 5745.7
2130.43 5740.87
2130.7 5748.28
2130.72 5747.67
2131.03 5746.33
2131.02 5749.88
2131.44 5751.63
2131.44 5748.58
2131.75 5760.06
2131.65 5766.28
