49.3072 0
50.1629 0
171.657 0
265.06 0
265.096 0
278.046 0
517.228 12.3066
581.507 23.9472
670.065 30.3077
693.58 53.1752
735.195 81.1601
754.808 93.085
805.239 97.6503
817.4 98.7449
823.308 99.3767
822.75 97.5208
850.442 97.0899
885.312 98.7188
897.17 101.898
916.187 101.655
933.211 101.524
966.283 104.86
967.891 105.135
1039.7 166.792
1038.98 163.671
1067.77 166.646
1173.61 264.583
1184.2 306.275
1182.21 292.136
1186.08 281.131
1230.9 360.907
1237.64 365.717
1263.59 390.611
1315.71 396.314
1322.52 387.888
1323.03 383.689
1338.76 381.244
1348.17 374.266
1402.16 379.439
1448.74 498.039
1449.47 546.885
1440.15 876.923
1466.39 1172.03
1467.17 1310.31
1491.24 1352.19
1500.1 1394.49
1498.33 1438.43
1497.5 1498.87
1522.88 2235.19
1507.71 2205.95
1515.64 2255.51
1537.08 2258.27
3914.17 11781.1
3914.13 10618.6
3915.68 9914.32
3923.35 9863.45
3929.59 9550.07
3942.48 9200.09
3132.67 7716.53
3133.26 6835.24
3140.68 6761.5
1698.51 6047.09
1708.39 6732.92
1702.41 6960.43
1704.67 6750.61
1703.55 6263.93
1705.95 5866.27
1709.13 5418.18
1709.95 5579.18
1713.79 5577.22
1739.5 5537.39
1759.54 5752.32
1758.14 5783.33
1739.12 5828.01
1734.49 5861.45
1740.81 5882.93
1740.78 5951.15
1733.93 6045.32
1735.35 6134.43
1753.27 6172.86
1768.54 6379.62
1756.46 6482.09
1757.2 6426.05
1756.65 7132.9
1756.78 7407.86
1754.89 7315.6
1727.61 7100.95
1726.68 6972.34
1727.03 6859.94
1734.06 7044.25
1735.11 6999.99
1735.12 7017.71
1726.05 7208.21
1723.11 7507.61
1716 7882.96
1717.01 8182.6
1719.46 8310.48
1690.36 8369.22
1689.53 8456.31
1692.32 8488.73
1692.95 8518.84
1691.94 8503.79
1690.61 8509.73
1693.14 8552.5
1689.97 8599.98
1689.76 8565.86
1705.02 8683.92
1705.99 8649.09
1706.44 8627.48
1714.37 8633.94
1714.72 8625.67
1715.34 8638.52
1714.69 8550.27
1710.33 8535.17
1711.16 8566.92
1711.47 8549.84
1709.75 8712.94
1768.92 8728.15
1773.82 8664.84
1927.35 9557.91
1969.55 9647.95
1953.67 9352.11
1954.48 9370.12
1954.28 9362.88
1953.92 9311.87
1925.35 9583.57
1924.97 9580.81
1927.67 9565.02
1925.44 9569.81
1927.26 9536.54
1920.97 9475
1914.41 9335.95
1935.65 9791.31
1934.84 9737.31
1932.59 9719.35
1935.21 9758.21
1939.2 9731.07
1939.32 9619.71
1938.71 9449.19
1938.82 9440.65
1936 9349.97
1937.15 9329.59
1931.4 9362.41
1931.17 9398.98
1922.62 9239.48
1921.19 9068.57
1913.82 9333.82
1916.68 9506.08
1916.12 9610.66
1924.01 9681.93
1924.01 9686.01
1923.81 9616.3
1928.11 9608.81
1928.13 9545.99
1924.04 9465.23
1920.6 9601.91
1921.66 9707.6
1921.6 9719.34
1913.83 9655.4
1911.37 9635.68
1911.49 9645.38
1911.98 9644.03
1911.77 9689.65
1909.95 9826.31
1913.96 9918.35
1914.05 9910.13
1914.19 9947.25
1914.22 10004.4
1914.24 10006.8
1912.62 10031.8
1911.3 9961.33
1909.62 9983.17
1907.72 9970.46
1904.98 9974.5
1905.05 9967.17
1915.58 9983.73
1916.93 9969.74
1916.26 9964.6
1915.74 9984.16
1916.13 9974.29
1915.49 9945.63
1915.03 9991.38
1914.79 9980.73
1912.73 9997.78
1912.49 9999.39
1912.49 10009.1
1912.38 9946.11
1912.79 9932.81
1917.08 9895.13
1917.58 9900.76
1918.68 9869.93
1918.7 9854.94
1916.2 9928.78
1916.15 9942.98
1917.37 9993.46
1917.34 10021.6
1912.1 10060.6
1911.11 10073.3
1911.26 10081.6
1913.32 10010.7
1913.52 9976.89
1905.94 10202.5
1906.4 10228.8
1906.09 10193.9
1906.05 10196.6
1906.47 10335.6
1906.84 10432.5
1907.46 10461.9
1906.54 10448.6
1906.6 10445.1
1904.47 10474.6
1904.12 10430.2
1902.83 10406
1903.63 10411.6
1903.61 10432.8
1903.8 10450.8
1904.56 10475
1904.64 10429
1904.66 10356.4
1904.64 10373.6
1905.28 10399.5
1905.31 10418.6
1905.86 10475.6
1905.74 10486.5
1905.71 10510.8
1905.35 10525.6
1906.1 10539
1906.22 10571.9
1909.81 10649.4
1910.54 10680.7
1909.06 10673.3
1906.49 10720.2
1909.02 10801.2
1908.87 10818.6
1908.82 10829.3
1909.6 10815.1
1909.72 10838.3
1909.73 10847.6
1908.77 10899.4
1908.1 10912.1
1908.1 10937.7
1907.69 10961.7
1904.88 11047.7
1907.97 11133.1
1907.73 11184.9
1907.76 11174.5
1907.73 11207.8
1909.74 11233
1909.7 11225.7
1909.16 11217.7
1909.41 11223.9
1909.43 11234.1
1909.25 11227.7
1909.6 11219.1
1908.75 11279.9
1905.78 11332.9
1905.7 11312.5
1905.83 11340.3
1906.88 11347.6
1906.85 11339.2
1907.1 11352.2
1907.19 11345.5
1905.93 11335.7
1906.13 11322.5
1906.25 11303.1
1907.67 11358.6
1906.51 11361.4
1908.3 11351.1
1909.82 11275.3
1908.57 11272.4
1908.57 11364.1
1909.91 11406.4
1909.88 11381.3
1909.69 11360.9
1909.75 11346.6
1909.47 11367
1909.47 11356.4
1909.5 11364.2
1910.17 11411.7
1910.82 11427.9
1910.7 11434.4
1910.68 11434.8
1923.34 11438.9
1923.31 11503.4
1923.28 11512.2
1924.57 11577.9
1926.91 11775.1
1926.78 11860.1
1930.28 11856
1939.13 11724
1938.97 11694.3
1938.16 11666
1938.15 11637.9
1938.21 11668.1
1940.33 11705.3
1936.76 11896.9
1936.41 12072.2
1936.81 12108.4
1937.61 12123.3
1937.61 12223.9
1945.91 12215.3
1946.01 12292.1
1946.42 12253.7
1941.46 12265.8
1942.05 12295.6
1942.94 12322.7
1941.61 12332.6
1942.78 12340.2
1943.25 12333.8
1943.16 12332.3
1944.2 12320.8
1944.52 12327
1943.09 12374.6
1942.98 12420.1
1942.41 12447.9
1942.4 12477.4
1942.39 12487.7
1962.41 12469
1962.47 12497.2
1967.75 12650.4
1967.72 12589.5
1967.71 12593.7
1967.73 12561.8
1961.52 12627
1959.05 12627.9
1959.12 12611.9
1959.11 12600.1
1959.34 12578.6
1959.36 12583.5
1959.19 12578.2
1959.58 12566.9
1960.03 12559.9
1959.61 12546.8
1965.76 12727.4
1967.09 12735.7
1966.96 12694.8
1967.53 12653.8
1967.55 12607.7
1967.7 12565.6
1964.12 12657.7
1964.24 12674.3
1963.61 12677
1963.78 12675.5
1963.64 12675.6
1963.32 12641.2
1963.66 12637.6
1963.33 12607.7
1963.4 12594.8
1965.29 12600
1965.66 12604.3
1965.45 12605.8
1968.22 12584.6
1969.11 12591.8
1974.57 12675.8
1976.06 12602.8
1975.88 12618.3
1976.03 12681.2
1976.03 12711.7
1970.9 12768
1972.45 12785.1
1973.2 12782.1
1983.74 12965.9
1983.32 12987.2
1984.09 12953
1983.45 12936.1
1982.05 12889.7
1982.46 12767.7
1982.49 12783.6
1981.34 12801.2
1980.77 12866
1980.76 12764
1980.63 12718.6
1977.15 12904.7
1977.69 13022.6
1977.86 13083.1
1979.36 13164.3
1991.79 13251.6
1991.81 13278.2
1990.66 13313.9
1990.73 13321.7
1990.28 13283.7
1990.1 13322.7
1989.85 13301.8
1990.95 13358.3
1990.99 13433
1990.86 13339.5
1991.08 13321.3
1991.81 13332.5
1995.09 13393.6
1992.93 13423.6
1993.19 13450.1
1992.97 13466.1
1993.36 13467.9
1993.24 13470.7
1990.88 13488.2
1990.91 13534.8
1990.79 13592.3
1988.23 13611
1993.55 13686.3
1993.45 13668.9
1993.46 13661.6
1994.87 13679
1994.74 13664.4
1994.16 13673
1993.98 13722
1992.43 13689.6
1992.45 13669
1993.28 13679.3
1993.39 13689.2
1994.28 13672.8
1994.28 13687
1992.48 13704.8
1992.69 13732.2
1991.67 13765.9
1991.65 13779.1
1992.13 13767.7
1993.11 13792.7
1993.84 13802.3
1994.13 13821.3
1994.03 13869.2
1994.27 13840.6
1993.88 13870.2
1993.88 13883.3
1994.15 13868.6
1994.19 13852.9
1994.15 13859.2
1994.4 14045.4
1994.43 14079
1994.12 14121.5
1994.43 14118.5
1993.92 14120.3
1993.98 14110.5
1993.9 14115.9
1994 14103.2
1995.07 14096.3
1994.69 14109.6
1994.8 14105.6
1998.24 14237.7
1995.64 14233.8
1995.5 14206.9
1994.75 14208.8
1996.81 14287
1997.13 14255.9
1997.15 14229.2
1996.74 14211.6
1996.64 14203.8
2008.27 14425.4
2008.35 14492.4
2008.44 14534.3
2008.74 14513.5
2008.74 14499.5
2009.32 14473.2
2009.19 14481.5
2009.07 14444.2
2008.85 14414.4
2008.55 14403.4
2008.61 14380.6
2008.75 14351.6
2008.24 14340.7
2008.24 14332.9
2008.31 14338
2010.84 14378.3
2003.41 14263.2
2003.49 13964.4
2002.78 14033.4
2003.1 14076.6
2002.91 14114.2
2003.22 14094.7
2003.25 14078.1
2003.19 14073.7
2003.73 14079.1
2003.11 14100.1
2003.23 14102.9
2001.82 14111.2
2001.83 14118.3
2000.55 14127.2
2000.89 14146.6
2000.88 14105.6
2000.7 14081.8
2000.82 14073.6
2001.18 14089.7
2001.29 14095.2
2000.92 14088.3
2000.44 14095.1
2001.44 14058.4
2001.5 14082
2001.24 14105.9
2001.49 14126.7
1998.84 14141
1998.84 14134.3
2001.43 14167.2
2006.64 14244
2006.08 14285
2006.61 14295
2006.48 14310.3
2006.64 14346.1
2006.66 14361.6
2006.74 14377.4
2007.06 14419.4
2007.11 14411.5
2007.11 14417.6
2007.29 14436.2
2004.91 14451.5
2002.54 14508
2002.86 14529.5
2002.84 14550.1
2000.97 14559.8
2000 14535.6
1999.93 14531
1999.71 14523.9
1999.71 14514.4
1999.66 14508.4
2000.23 14595.4
2000.08 14621.2
1999.45 14655.9
1999.89 14775
1999.72 14857.7
1998.07 14867.5
1997.85 14882.4
1996.07 14958
1996.13 14971.5
1997.01 14969.6
1996.36 14885.1
1996.62 14833.3
1996.72 14725.8
1996.46 14702
1996.23 14739.8
1996.14 14777.1
1996.18 14767
1997.38 14741.6
1997.34 14744.2
1997.71 14767.4
1997.32 14781.3
1997.52 14799
1997.51 14811.5
1997.3 14790.1
1997.87 14781.1
1998.3 14778.6
1998.71 14799.9
1999.27 14784.5
1999.3 14777.4
1999.26 14769.1
1999.35 14753.1
2000.46 14764.9
2000.56 14748.6
2001.28 14757.1
2001.4 14765.5
2000.67 14773.4
2000.55 14780.1
2003.92 14881.2
2003.98 14896.8
2004.09 14893.2
2003.85 14883.8
2003.48 14876
2001.44 14791.8
2001.72 14753.1
2001.79 14728.3
2001.78 14735.1
2002.22 14783.9
2002.37 14809.2
2003.27 14820.6
2003.92 14854.5
2003.48 14869.4
2004.27 14920.4
2004.3 14949
2005.46 14992.5
2004.87 15016
2005.62 15042.5
2005.92 15070.7
2005.85 15085.8
2005.89 15107.7
2005.91 15091.1
2005.99 15091.6
2005.76 15092.5
2005 15091.6
2004.97 15084.1
2005.05 15083.5
2005.02 15085.2
2005.19 15083.4
2005.35 15081.1
2005.41 15086.2
2005.42 15092.8
2005.28 15049.3
2004.78 15065.9
2004.02 15030.1
2004.03 14992.9
2005.4 14981.8
2005.42 14940.6
2004.8 14933.5
2004.85 14949.7
2004.76 14943.6
2004.75 14945.6
2004.75 14931
2004.56 14931.5
2004.31 14942.2
2004.2 14943.6
2004.36 14927.4
2005.5 14865.8
2005.43 14885.4
2003.74 14881.4
2003.69 14888.5
2003.57 14910.7
2003.58 15013
2002.94 15040.5
2002.98 15062.4
2003.04 15056.3
2002.91 15045.1
2002.55 15072.6
2002.61 15059.8
2002.58 15063.7
2002.58 15062.8
2001.14 15103.1
1999.61 15130.9
1999.65 15135.1
2000.01 15142.7
1999.98 15123.4
1999.89 15106.6
1999.76 15057.9
1999.78 15031.6
1999.89 15027.9
1998.59 15314.1
1998.02 15231.4
1998.04 15224.3
1998.05 15227.5
1997.39 15205.1
1996.71 15224.3
1995.96 15265.2
1995.97 15273.8
1990.69 15354.4
1990.69 15352.1
1990.42 15298.1
1990.95 15290.5
1990.94 15236.1
1990.95 15233.3
1990.78 15229.5
1990.86 15248.9
1990.78 15254.8
1990.55 15233.4
1990.4 15217.5
1990.4 15186.3
1990.4 15163.7
1990.71 15167.9
1990.51 15184.7
1990.51 15201.4
1989.46 15215
1989.13 15208.7
1989.58 15197.8
1988.88 15225.6
1989.18 15234
1989.05 15242.4
1989.3 15231.6
1989.2 15226.5
1988.55 15233.2
1989.24 15241
1989.2 15251.3
1989.85 15305.7
1989.45 15352.2
1989.57 15385.4
1991.95 15441.5
1991.98 15453.1
1991.52 15461.8
1990.65 15452.3
1991.34 15458.5
1987.18 15490.4
1987.17 15550.8
1987.32 15562.8
1987.32 15583.7
1985.52 15609.4
1985.47 15630.5
1985.13 15625.5
1985.11 15636.9
1984.57 15622.2
1984.68 15627
1984.54 15629.3
1984.31 15639.5
1984.31 15671.3
1981.99 15678
1982.57 15681.4
1982.59 15650.5
1983.89 15664.3
1983.93 15654.2
1983.89 15676.1
1983.76 15689.3
1983.59 15686.7
1983.18 15700.4
1983.03 15728.1
1983.1 15734
1984.09 15732.6
1984.09 15734.6
1984.04 15728.3
1982.45 15722.5
1982.42 15697.3
1982.84 15658.6
1982.95 15657.9
1982.96 15642.8
1982.83 15614
1982.83 15587.9
1982.05 15623.1
1981.01 15633.8
1980.12 15611
1980.23 15637.5
1980.14 15637
1980.11 15641.3
1979.52 15592.5
1979.5 15589.4
1979.39 15613.2
1979.78 15664.9
1979.57 15654.7
1980.04 15643
1980.03 15665.2
1979.44 15680.4
1979.46 15688
1979.51 15712.3
1979.51 15713.1
1979.77 15716.5
1979.83 15724.2
1980.17 15736
1980.43 15741.9
1980.43 15731.4
1980.17 15675.7
1979.77 15692.2
1979.77 15707.1
1979.79 15722.9
1979.83 15725.7
1979.77 15732.2
1979.86 15741
1979.58 15764
1978.84 15781.8
1978.77 15791.5
1978.72 15786.4
1978.7 15792
1978.24 15793.7
1976.99 15810
1977.08 15833.6
1977.07 15827.8
1977.04 15829.7
1967.87 15795.4
1967.22 15844.1
1967.18 15847.6
1967.06 15831.6
1966.96 15815.1
1965.84 15813.9
1965.7 15810.3
1966.28 15821
1966.31 15816
1966.28 15811.8
1965.6 15836.1
1965.61 15848.6
1965.83 15861.7
1966.35 15853.4
1966.08 15822
1966.13 15807.1
1966.13 15776.3
1966.14 15746.1
1965.85 15721.2
1966.02 15710.3
1965.77 15708.8
1965.68 15694.9
1968.46 15700.1
1968.61 15723.2
1968.86 15725.4
1968.34 15700
1968.13 15714.5
1969.29 15732.5
1968.88 15717.2
1968.61 15733.9
1967.55 15745.6
1967.4 15751.4
1967.39 15733
1967.34 15712.5
1966.98 15693.5
1967.23 15700.1
1967.43 15692.9
1970.1 15724
1969.63 15749.6
1969.59 15768.4
1970.31 15761.1
1970.16 15737.8
1977.97 15740.6
1978.05 15735.4
1978.27 15764.2
1978.24 15779.5
1978.2 15826.8
1978.06 15867
1978.09 15869.5
1978.15 15860.5
1978.27 15836.4
1978.25 15822.9
1978.39 15811.1
1978.35 15801.5
1978.39 15800
1978.83 15783.4
1977.7 15752.7
1977.3 15772.8
1976.52 15740.6
1977.37 15714.9
1977.34 15698.3
1977.42 15673.9
1977.77 15671.3
1979 15672
1978.76 15693.4
1978.77 15686.2
1978.83 15651.9
1979.74 15635.9
1979.7 15633
1979.67 15624.5
1979.57 15633
1979.62 15625.1
1980 15609.9
1979.94 15603.2
1979.82 15601.3
1979.97 15596.7
1979.96 15612.2
1979.57 15612.4
1979.64 15624.1
1979.28 15627.3
1979.21 15626.7
1979.21 15625.7
1979.2 15637.2
1979.32 15640.6
1979.39 15638.2
1979.39 15635.9
1979.54 15633.6
1979.79 15641.8
1979.37 15644.1
1979.29 15691.4
1979.46 15705.8
1979.49 15687.9
1979.41 15635.7
1980.31 15666.3
1980.34 15693.4
1973.9 15714.4
1974.1 15713.7
1974.1 15725.2
1974.6 15737
1974.72 15715.3
1975.09 15691
1975.43 15694.5
1976.53 15721.3
1976.59 15742.6
1976.66 15757.8
1976.55 15775.5
1976.56 15768.8
1977.89 15760.1
1978.13 15766.7
1978.11 15739.8
1981.38 15754.4
1981.48 15738.9
1981.51 15732.9
1981.29 15724.2
1981.33 15725
1981.39 15716.1
1981.59 15812.7
1981.7 15806.8
1981.77 15801.9
1981.61 15802.3
1981.53 15795.1
1981.5 15796
1979.72 15803.2
1977.07 15807.4
1977.06 15812.3
1977.07 15800.8
1976.73 15760.2
1976.64 15727.1
1977.77 15746.9
1978.27 15737.2
1978.06 15729.7
1980.14 15794.6
1979.37 15828.3
1979.72 15839.5
1979.49 15844.3
1978.33 15838.3
1977.98 15811.1
1982.35 15846.2
1982.47 15858.3
1983.46 15860.1
1983.13 15856.7
1983.23 15858.2
1984.01 15866.7
1985.72 15912.8
1985.13 15937.9
1985.08 15920.1
1985.06 15916.9
1985.07 15911.9
1985.04 15900.4
1984.82 15885.9
1984.99 15870.6
1983.95 15890.2
1983.89 15876.5
1984.23 15900.8
1984.23 15876.8
1979.34 15952.6
1979.02 15925.2
1978.71 15910.3
1978.78 15904.5
1978.76 15900.9
1978.72 15852.4
1981.55 15878.5
1981.83 15898.2
1981.81 15863.1
1981.85 15865.3
1981.85 15873.9
1981.58 15870
1981.56 15866
1981.23 15872.7
1981.92 15875.3
1981.68 15880
1982.47 15867.4
1982.45 15880.7
1982.4 15855.8
1982.56 15861.2
1982.43 15861.4
1982.43 15865.2
1980.96 15883.3
1980.4 15907.1
1980.74 15909.6
1980.76 15911
1980.64 15957.2
1980.9 15947
1980.65 15934.8
1980.74 15924.7
1980.93 15946.3
1981.34 15943.7
1979.58 16045.4
1980.1 16106
1979.99 16137
1980.35 16167.2
1980.8 16191
1980.82 16211.9
1978.58 16218.9
1978.66 16212.8
1978.42 16180.8
1977.43 16171.2
1977.79 16218.2
1977.84 16223.3
1977.99 16230.1
1978.02 16246.7
1978.16 16250.7
1978.23 16255.9
1978.25 16260.9
1977.93 16258.9
1977.77 16295.4
1976.74 16310.5
1976.81 16319.6
1977.54 16337
1977.18 16369.7
1977.28 16403.3
1977.29 16388.5
1977.24 16385.5
1977.29 16412.9
1977.42 16393.2
1977.22 16409.8
1977.29 16422.9
1977.27 16440.1
1977.39 16446.2
1977.88 16466.9
1977.6 16453
1977.41 16443.1
1977.63 16432.4
1977.64 16426.2
1977.12 16408.1
1977.12 16402.1
1977.21 16424.6
1977.14 16442.5
1977.21 16451
1977.38 16450.3
1977.46 16481.6
1977.53 16418
1977.62 16380.4
1977.66 16355.4
1977.88 16342.1
1978 16340.5
1978.18 16356.2
1978.16 16372.9
1978.1 16395.9
1979.41 16401.8
1979.48 16414
1979.45 16420.4
1979.44 16425.2
1979.44 16432.6
1979.45 16447.4
1977.23 16483.9
1977.22 16483.9
1977.02 16471.5
1976.78 16456.1
1977.51 16480.6
1977.7 16472.6
1977.81 16474
1978.89 16415.2
1978.92 16379.7
1979 16365.7
1978.64 16360.6
1978.6 16356.1
1978.52 16353.3
1978.6 16357.3
1978.15 16346.3
1978.14 16352.8
1978.42 16366.9
1978.58 16373.5
