189.126 0
224.079 0
225.763 0
324.832 0.10114
572.216 20.4681
598.636 19.9991
657.545 31.6199
760.27 34.173
865.725 48.7534
931.468 60.973
932.244 60.5441
950.279 64.8818
950.307 64.7775
1020.66 76.2259
1139.59 132.512
1164.48 203.621
1171.77 192.498
1766.54 4535.46
1791.92 3956.52
1792.12 3656.51
1817.22 3660.52
1822.5 3509.41
1834.53 3361.75
1844.33 3302.12
1885.89 3226.09
1895.94 3125.55
1916.68 3034.83
1917.27 2982.37
1925.02 2926.61
1917.8 2970.77
1921.28 2978.13
1939.74 2961.99
1995.06 3223.25
1999.78 3189.61
2003.3 3167.48
2003.95 3090.77
2004.52 3062.57
2013.14 3043.54
2003.44 3092.06
2021.63 3118.71
2021.74 3127.16
2021.1 3114.18
2055.79 3405.54
2056.12 3330
2052.01 3286.75
2054.16 3317
2066.89 3335.44
2066.86 3307.75
2074.44 3284.47
2072.6 3224.31
2072.63 3190.52
2086.73 3321.15
2088.29 3426.31
2088.43 3509.67
2097.86 3501.92
2091.38 3509.5
2110.77 3774.25
2119.28 3786.01
2105.19 3795.95
2152.2 4011.11
2174.17 4058.12
2175.85 3977.25
2169.88 4053.73
2175.49 4026.06
2176.48 4052.02
2176.41 4123.63
2213.19 4223.85
2213.16 4192.7
2227.13 4206.44
2227.38 4163.91
2208.88 4120.61
2214.13 4099.66
2212.36 4072.03
2224.46 4636.54
2216.04 4966.69
2195.06 6733.3
2197.51 6907.41
2094.83 6402.72
2147.42 7602.33
2144.08 7164.18
2144.75 7292.32
2170.34 7448.36
2177.15 7509.08
2172.98 7413.55
2187.75 7340.16
2191.58 7691.92
2198.62 7784.54
2198.74 7501.99
2174.34 7540.62
2174.95 7686.79
2170.22 7788.6
2169.98 7835.43
2180.99 7803.88
2198.06 7807.98
2202.17 7737.95
2198.15 7948.62
2215.23 8034.8
2216.19 8215.36
2169.23 8080.13
2170.38 7969.04
2173.64 7901.43
2179.07 7820.45
2170.44 7718.09
2167.77 7673.75
2163.54 7612.19
2157.73 7603.39
2169.19 7716.58
2161.89 8087.91
2161.07 8121.69
2156.42 8114.75
2168.94 8209.79
2165.96 8296.62
2166.98 8180.41
2167.58 8226.23
2169.09 8152.17
2166.03 8201.14
2166.11 8180.13
2167.67 8367.75
2155.22 8453.96
2156.07 8498.67
2142.53 8578.49
2142.01 8701.62
2160.49 9008.69
2187.83 9205.71
2186.49 9342.53
2182 9383.85
2181.43 9411.99
2172.11 9541.97
2172.7 9653.89
2176.59 9782.91
2178.29 9736.17
2177.8 9732.38
2180.66 9753.95
2180.46 9746.42
2181.72 9870.35
2181.75 9732.9
2179.37 9746.87
2180.65 9787.67
2180.62 9791.77
2180.41 9759.57
2199.45 9968
2196.98 10275.6
2197.5 10474.9
2197.3 10530.6
2198.27 10498.5
2206.9 10548.9
2206.57 10501.7
2208.72 10588.5
2225.18 10630.5
2227.97 10718.9
2227.69 10809.7
2228.51 10818.7
2232.54 11121.1
2234.99 10940.4
2234.8 10971.7
2235.79 10949.5
2235.84 10961.1
2231.21 10980.3
2232.13 10965.2
2240.1 11062.5
2232.28 11250.9
2233.11 11379.4
2243.85 11426.3
2245.48 11483.3
2247.37 11476.7
2243.65 11635.2
2242.1 11694.3
2243.42 11682.9
2240.69 11627.7
2242.4 11634.3
2241.85 11612.7
2258.09 11660.2
2258.17 11741.8
2265.9 11769.8
2267.19 11829.2
2265.23 11889.3
2281.29 11705.3
2281.51 11673.9
2282.69 11608.4
2283.41 11533.6
2283.4 11479.6
2282.7 11449.6
2288.32 11417.4
2291.77 11459.9
2289.19 11483.3
2289.82 11537.5
2171.7 11495.4
2171.95 11715.7
2172.92 11915.4
2179.05 11958.6
2181.26 12179.8
2179.37 12319.4
2185.96 12458.8
2185.7 12538.2
2175.45 12682.6
2175.47 12834.2
2173.34 13257.9
2173.34 13237.8
2172.42 13084.5
2172.75 12994
2175.18 12882
2179.5 12893.8
2177.99 12780
2185.53 12665.8
2185.87 12563.7
2195.42 12511.7
2195.03 12357.5
2195.58 12271.5
2187.92 12204.2
2187.48 12179.6
2187.64 12219.5
2189.89 12240.7
2198.08 12286.2
2207.42 12317.2
2211.78 12277.1
2211.07 12311.3
2209.63 12355.3
2210.67 12392.3
2210.17 12391.2
2211.51 12382.8
2211.05 12367.5
2223.56 12441.1
2221.43 12460.6
2225.97 12557
2228.43 12560.1
2228.05 12502.3
2226.26 12468.5
2223.59 12503.1
2223.38 12518.7
2223.63 12520.7
2231.62 12553.4
2234.02 12517
2233.91 12503.5
2239.43 12516.2
2239.89 12510
2240.74 12496.7
2241.06 12503.9
2239.87 12517.4
2239.87 12532.4
2239.71 12552.9
2240.21 12594.9
2243.72 12651.6
2243.19 12606.8
2243.3 12640.4
2243.31 12695.2
2242.7 12728.6
2246.11 12798.8
2246.12 12853.7
2246.2 12841.9
2246.28 12848.8
2245.78 12860.6
2246.67 12863.7
2246.56 12870.2
2252.28 12885.6
2255.2 12885.9
2254.97 12880.1
2254.91 12871.1
2254.96 12874.4
2250.89 12889.5
2250.34 12907.4
2249.91 12953.8
2249.82 12948.1
2249.85 12945.4
2250.45 12960.6
2251.52 12895.8
2251.24 12927.1
2251.83 12871.2
2252.86 12843.5
2254.49 12854
2254.17 12879
2254.51 12864.7
2255.06 12847.3
2256.69 12835.2
2258.42 12825.5
2258.59 12842.6
2258.93 12890
2259.46 12943.7
2259.61 12926.3
2263.41 13031.8
2263.47 12992.2
2262.77 12961.9
2262.85 12949.9
2263.23 12949.8
2263.34 12943.4
2264.31 12944.4
2262.89 12952.6
2263.98 12957.6
2271.7 12983.2
2271.72 12982.8
2271.73 12979.4
2272.85 12976.5
2272.9 12973.1
2273.65 12955
2272.25 12974.1
2272.31 12969.1
2271.91 12960.2
2272.17 12956.3
2272.24 12951.9
2272.76 12945.8
2278.82 13028.4
2278.58 13038.6
2278.01 13038.8
2277.91 13056.5
2277.86 13072
2277.83 13077.3
2277.76 13144.1
2277.92 13237.6
2285.98 13280.6
2285.37 13299.5
2283.49 13327.1
2282.11 13346.7
2283.24 13399.8
2283.29 13397
2283.19 13437.5
2283.07 13497.5
2281.48 13442.4
2282.25 13463.6
2281.19 13489.8
2280.85 13504.2
2281.43 13497.3
2281.23 13496.3
2281.16 13492
2280.06 13486.8
2284.05 13444
2283.5 13428.4
2283.44 13434
2283.68 13440.3
2277.19 13418.9
2276.51 13440.6
2276.52 13479.6
2277.98 13501.4
2275.64 13428.1
2275.54 13505.3
2277.93 13559.5
2277.53 13514.2
2277.68 13515.9
2274.57 13564.1
2274.81 13595.8
2274.82 13612.6
2270.75 13629.5
2270.77 13634.6
2270.62 13605.3
2270.35 13571.2
2268.62 13601.9
2268.95 13640.2
2272.39 13718
2272.12 13719.4
2272.26 13745.5
2271.55 13754.7
2273.22 13749.3
2272.33 13868
2278.83 13941.7
2278.66 14018.8
2279.13 14046.4
2278.99 14082
2278.87 14105.3
2292.43 14367.9
2292.19 14272.6
2282.76 14303.6
2282.65 14344.2
2282.56 14370.5
2281.72 14400.2
2281.11 14521.3
2281.25 14567.6
2281.34 14574.9
2281.85 14588.5
2281.33 14600.1
2280.85 14594.4
2280.12 14633.7
2280.13 14644.1
2279.55 14677.8
2279.81 14682.5
2279.61 14696
2280.39 14738
2284.47 14771.9
2285.14 14797.2
2284.83 14805.1
2284.96 14822.3
2287.33 14850.7
2287.41 14836.2
2286.68 14876.7
2286.48 14906.4
2286.54 14906.9
2290.58 14988.9
2289.38 14992.1
2291.51 14980.7
2291.58 14977.9
2289.72 14965.5
2289.51 14976.6
2289.48 14979.2
2289.67 14955.6
2288.87 14979
2290.19 14992.3
2291.93 15048.2
2291.44 15060.3
2291.52 15061.4
2291.73 15060.3
2288.15 14995.7
2287.84 14959.2
2287.97 14990.3
2287.57 14969.1
2286.89 14955.7
2286.75 14953.8
2286.8 14968.7
2286.47 14975.2
2287.6 14964.5
2275.71 15125.1
2275.47 15209
2275.43 15228.9
2275.25 15225.5
2275.29 15206.7
2275.22 15204
2274.89 15178.6
2275.24 15201.7
2276.59 15221.4
2278.25 15236.8
2278.29 15243
2277.17 15248.1
2276.91 15311.9
2276.49 15284
2274.41 15267.4
2272.17 15349
2273.58 15449
2273.63 15462.5
2273.63 15465.3
2273.88 15483.6
2275.7 15488.4
2275.68 15476.2
2276.75 15538.5
2276.76 15533.4
2276.76 15544.1
2276.77 15565.2
2269.21 15581.8
2268.52 15592.2
2268.53 15599.3
2268.55 15611
2268.52 15594.5
2267.39 15597.6
2267.16 15600.2
2267.22 15597
2268.52 15580.4
2270.08 15586
2269.93 15608.8
2270.52 15592.2
2270.21 15605.5
2271.36 15655.8
2273.01 15675.9
2272.94 15659.1
2275.55 15629.4
2275.25 15617.1
2274.39 15655.8
2270.23 15681.4
2269.66 15706.2
2273.15 15701.7
2272.38 15687
2272.08 15676.6
2272.14 15661.1
2270.32 15705.6
2271.16 15770.2
2270.95 15820.2
2271.03 15862.8
2271.08 15869.4
2271.07 15867.3
2273.07 15879.3
2272.62 15861.9
2272.16 15872
2272.67 15884
2270.39 15912.9
2270.56 16000.6
2270.21 16064.1
2270.63 16069.1
2270.6 16058.5
2271.3 16046.2
2270.74 16010.2
2271.87 16000.3
2270.86 15963
2273.85 15964
2272.62 15963.1
2272.32 15946.9
2272.25 15935.6
2272.24 15928.7
2274.37 15939.9
2274.12 15926.8
2274.11 15907.5
2274.11 15905.5
2274.63 15911.6
2274.62 15863
2274.67 15831.9
2279.48 15851.6
2279.81 15875.9
2279.54 15854.6
2278.28 15852
2279.53 15868.9
2279.5 15886.1
2279.56 15880.3
2282.75 15877.3
2282.83 15858.7
2282.27 15860.7
2282.72 15826.8
2282.64 15821.2
2283.36 15843.5
2282.61 15839.3
2282.45 15840.8
2283.79 15857
2283.87 15851
2284.06 15851.7
2283.33 15858.5
2283.16 15856.2
2283.28 15836.7
2283.48 15852.6
2280.44 15850.6
2281.41 15796
2281.73 15783.7
2281.68 15765.7
2277.43 15726.8
2277.1 15727.4
2277.6 15731.7
2280.8 15720.6
2280.88 15711.6
2281.03 15701
2280.91 15688.1
2279.22 15676.6
2279.65 15651.5
2279.96 15576.8
2279.31 15565.8
2279.3 15566.2
2279.27 15573.2
2279.32 15611.4
2279.32 15617.1
2279.19 15584.9
2279.21 15571.9
2279.23 15567.2
2279.05 15557.8
2278.5 15530
2279.31 15517.7
2279.26 15505.4
2275.96 15493.7
2275.85 15469.8
2276 15424.8
2276.7 15390.7
2276.95 15374.2
2277.02 15360
2276.66 15346.8
2276.7 15351.8
2276.7 15359.4
2275.72 15367.1
2274.44 15352.5
2274.14 15352.3
2274.16 15377.6
2272.73 15391.9
2273.77 15415.5
2274.07 15436.8
2276.89 15455.5
2278.1 15465.5
2278.16 15448.1
2272.58 15453
2272.1 15457.8
2272.34 15465.3
2272.51 15483.1
2273.49 15535.3
2273.4 15562.3
2274.02 15607.1
2274.06 15625.7
2274.05 15637
2274.14 15607.9
2274.47 15621.1
2274.65 15627
2275.85 15624.8
2274.73 15625.3
2274.43 15626.3
2274.54 15652.4
2274.76 15678
2274.95 15694
2273.42 15676.9
2272.03 15630.3
2271.49 15673
2270.32 15690.1
2270.8 15739.3
2270.78 15754.1
2271.64 15765.9
2271.49 15813.2
2270.81 15872
2270.69 15874.3
2267.9 15900.6
2268.1 15898.8
2268.2 15900.4
2268.18 15911.9
2268.21 15914.3
2268.23 15914.9
2268.8 15906.2
2269.86 15901.1
2270.17 15851.7
2270.27 15856.4
2272.53 15853.3
2272.79 15866
2272.89 15877.7
2272.88 15887.5
2272.92 15894.8
2272.84 15882.2
2272.83 15883.3
2272.94 15878.3
2273.05 15855
2272.92 15832.8
2272.65 15832
2272.52 15829.7
2273.54 15783.9
2273.46 15790.1
2272.03 15781.1
2270.24 15748.8
2269.08 15785.4
2269.91 15787.7
2270.19 15782.2
2270.5 15816.5
2270.33 15853
2270.15 15847.7
2269.5 15856.7
2269.32 15875.1
2269.31 15887.3
2268.73 15899.1
2268.89 15926.7
2268.59 15933.8
2268.63 15938.5
2269.53 15969.2
2270.35 16076.8
2266.82 16097.2
2266.64 16112.6
2267.32 16095.4
2267.1 16097.5
2267.18 16100
2266.49 16117.4
2266.65 16120.3
2266.5 16122.4
2266.74 16134.3
2267.13 16137.8
2266.84 16149.6
2266.64 16157
2266.79 16148.5
2264.38 16143.1
2264.08 16122.7
2264.01 16143
2260.74 16188.1
2260.86 16211
2260.89 16228.3
2260.98 16249.5
2257.99 16316.9
2257.96 16335.8
2257.98 16337.1
2258.63 16334.9
2258.91 16329.5
2258.78 16322.7
2262.76 16389.6
2263.24 16427.6
2263.93 16416.6
2263.95 16411.5
2263.91 16372.7
2263.9 16390.9
2263.88 16410.3
2263.43 16416.1
2264.58 16438.8
2262.18 16417.9
2262.35 16396.2
2262.89 16386
2262.75 16366.6
2262.52 16365.1
2262.52 16365.2
2262.27 16350.4
2263.48 16358.1
2263.52 16374.5
2263.86 16373.5
2263.63 16343.8
2262.45 16337
2262.49 16287.5
2261.61 16270.4
2261.74 16284.5
2260.59 16314.8
2260.51 16325.4
2261.31 16253.3
2260.87 16227
2259.38 16262.2
2259.39 16274.1
2259.42 16282.5
2259.95 16282.6
2258.81 16289.3
2258.98 16290
2259.5 16267.4
2259.48 16251.8
2259.09 16259.4
2259.59 16261.6
2258.03 16264.6
2258.23 16271.4
2258.18 16255.8
2257.8 16274.4
2257.66 16268.5
2257.68 16291.3
2257.53 16307.8
2257.12 16299.6
2257.64 16302.8
2257.65 16313.1
2258.58 16325.9
2258.25 16331.6
2262.8 16340.1
2261.42 16431.4
2261.44 16459.3
2261.06 16460.9
2259.92 16442.5
2259.87 16420.1
2260.77 16449.1
2260.77 16450.8
2260.96 16447.3
2261.05 16451.4
2262.93 16471.5
2262.84 16460.6
2263.51 16469.7
2269.24 16525.7
2268.75 16518.9
2268.28 16519.5
2265.08 16526
2264.68 16504.8
2264.21 16505.2
2264.68 16497.9
2264.64 16491.2
2265.16 16480.7
2265.19 16433.9
2265.24 16414.6
2264.12 16398.2
2264.22 16380
2267.68 16374.6
2267.42 16397.2
2267.42 16418.8
2267.42 16428.2
2267.39 16440.9
2267.65 16441.4
2267.59 16443.5
2267.31 16438.9
2269.23 16460.7
2269.2 16466
2270.26 16483.9
2271.52 16454.1
2271.32 16453.3
2271.29 16434.8
2272.09 16406.9
2272.1 16371.4
2271.33 16352.2
2271.77 16329.8
2271.75 16329.8
2271.81 16328.9
2271.89 16284.3
2271.86 16286.7
2272.66 16309.7
2273.12 16375.5
2273.27 16409.4
2273.12 16426.3
2271.91 16439.2
2271.71 16445.8
2271.97 16449.9
2271.79 16455
2274.33 16448.3
2278.61 16471.9
2278.42 16477.7
2278.6 16478.1
2278.81 16477.4
2278.5 16463.6
2277.87 16499.6
2277.35 16505.8
2278.05 16529.9
2279.05 16516.6
2279.04 16514.3
2279.29 16523.9
2280.1 16524.9
2280.19 16529.7
2280.06 16513.8
2280.08 16506.7
2280.36 16515.2
2278.85 16503.3
2278.07 16487.3
2282 16455.9
2282.11 16459.3
2285.96 16451.3
2285.9 16457.5
2285.9 16429.5
2285.77 16454.8
2285.77 16472.5
2285.56 16472.3
2285.5 16508.8
2285.61 16511.2
2286.21 16506.1
2285.86 16505.9
2285.93 16518.7
2286.47 16566.1
2288.64 16584.8
2288.46 16595.5
2288.25 16608.9
2287.3 16609
2284.98 16602.9
2283.35 16586.5
2283.69 16611.5
2284.99 16609.9
2285.8 16618.3
2285.72 16566
2285.75 16536.3
2286.35 16542.6
2285.88 16549.5
2290.07 16647.5
2289.88 16680.9
2289.93 16667.6
2290.41 16667.8
2290.76 16669.5
2292.34 16677.9
2292.26 16681.5
2291.07 16653
2291.09 16650
2291.08 16665.9
2291.17 16643.2
2291.43 16636.3
2291.07 16578.4
2290.56 16561
2289.41 16545.6
2289.42 16522.4
2289.38 16429.1
2289.67 16416
2291.25 16456
2291.78 16476.7
2292.63 16466.6
2293.88 16435.1
2294.01 16436.7
2294.05 16449.6
2294.09 16449.3
2294.14 16500.7
2291.35 16483.1
2290.79 16441.8
2291.31 16440.8
2292.28 16470.2
2292.45 16468.5
2293.1 16469.6
2293.15 16469.1
2294.99 16484.3
2293.83 16491.5
2293.94 16478.1
2291.56 16479.1
2291.57 16459.6
2291.54 16452.6
2292.18 16463.1
2291.47 16475.4
2292.99 16449.3
2293.37 16443.1
2293.89 16435.1
2293.95 16433.3
2294.03 16426.6
2293.78 16430
2293.74 16428
2293.78 16436.4
2293.79 16448
2293.77 16491
2293.86 16531
2293.95 16538.5
2294.2 16541.1
2293.72 16516.4
2292.8 16510.7
2292.86 16505.9
2292.4 16493
2292.58 16482.4
2290.77 16467.8
2290.96 16482
2290.92 16475.2
2288.49 16456.4
2288.57 16442.4
2288.68 16445.8
2288.76 16453.8
2288.72 16452.5
2288.53 16434.5
2288.55 16439.1
2288.55 16436.4
2289.53 16438.6
2289.35 16433.8
2289.32 16418
2289.06 16434
2287.73 16434.8
2287.74 16437.8
2287.7 16430.4
2286.96 16428.5
2286.87 16422.5
2287.08 16425
2287.04 16396.4
2287.47 16435.7
2287.45 16461.2
2289.57 16475.5
2289.6 16479.1
2289.78 16463.8
2289.62 16468.3
2290.29 16477.3
2290.58 16473.7
2290.56 16458.3
2291.99 16470.8
2290.15 16483.9
2289.79 16496.9
2290.14 16602.2
2290.2 16633.5
2290.92 16656.2
2291.7 16675.5
2291.81 16671.8
2291.84 16676.1
2291.09 16667.5
2291.11 16673.1
2291.09 16673.7
2290.94 16686.3
2291.04 16687.9
2290.15 16654.9
2290.68 16640.2
2289.92 16634.1
2289.63 16619
2289.45 16611.7
2289.37 16608.2
2289.84 16608.8
2289.97 16612.8
2289.64 16617.2
2286.94 16603.3
2288.22 16602.3
2288.28 16600.9
2288.94 16582.1
2290.05 16589.5
2285.75 16745.2
2284.87 16760
2285.04 16761.6
2285.24 16743
2285.11 16731.4
2284.08 16699
2284.24 16690.2
2284.09 16667.6
2283.73 16599.2
2283.59 16628
2283.94 16624.1
2283.99 16620.9
2284.4 16646.4
2284.57 16644.5
2284.57 16656.4
2287.35 16658.4
2287.46 16653
2287.32 16651.1
2287.38 16647.3
2287.66 16643.8
2287.6 16640.6
2287.53 16632.5
2287.26 16632.4
2287.22 16636.4
2287.56 16631.6
2287.33 16621.7
2287.34 16614.5
2285.69 16611.4
2288.35 16619
2287.98 16613.2
2288.66 16630.2
2289.22 16632.2
2289.96 16649.4
2289.96 16647.7
2290.07 16646.6
2292.5 16659
2292.81 16658.3
2292.98 16640.6
2293.3 16654.4
2293.73 16652
2293.75 16662.6
2294.05 16669.4
2295.15 16695.6
2295.29 16687.5
2295.35 16691.2
2295.58 16702.2
2295.79 16717.5
2294.98 16731.2
2295.67 16751.1
2295.76 16748
2295.97 16753.3
2296 16691.2
2296.34 16670.7
2296.71 16653.4
2296.69 16642
2297.05 16647.7
2296.53 16653.1
2295.81 16666.1
2297.2 16695.9
2297.38 16695.7
2300.13 16707.6
2300.55 16721.6
2300.29 16732
2302.75 16711.7
2302.87 16693.9
2302.96 16656.4
2303.8 16644.5
2303.86 16632.4
2305.34 16633.9
2305.03 16608.4
2304.81 16607
2305.12 16614.5
2305.28 16598.3
2304.91 16600.5
2302.68 16649.8
2302.76 16677
2302.64 16657
2299.73 16657
2299.96 16660.4
