238.855 0
348.616 4.01045
385.981 4.01045
423.346 4.01045
425.13 4.01045
482.012 4.01045
512.685 4.01045
543.606 4.01045
566.181 4.01045
566.4 4.01045
631.228 9.24811
635.351 9.17161
700.915 9.14198
728.594 10.3728
752.421 28.5815
790.842 29.0677
810.712 35.2055
837.123 34.8089
884.56 56.7008
887.307 56.4882
905.071 56.4101
961.909 83.002
981.083 85.3494
982.276 85.068
982.635 84.8346
987.131 85.3494
1016.61 85.3493
1036.97 105.402
1041.52 105.486
1050.44 104.883
1110.7 107.732
1111.64 119.508
1167.86 243.842
1186.95 288.249
1190.93 316.373
1190.98 338.114
1190.94 352.663
1218.69 362.421
1237.95 390.968
1244.72 437.753
1250.95 523.287
1253.28 558.376
1254.3 568.022
1266.21 560.373
1257.21 919.262
1281.06 1050.55
1274.78 1018.24
1274.34 972.897
1273.86 949.174
1276.54 978.941
1277.65 964.469
1292.86 951.505
1308.61 954.297
1310.79 953.033
1309.94 958.076
1310.37 956.864
1319.38 993.916
1320.88 1005.12
1318.81 1006.44
1316.93 1011.93
1318.19 1017.13
1315.29 1012.82
1304.94 1185.89
1301.23 1401.76
1301.58 1557.08
1301.97 1629.88
1309.76 1707.78
1305.2 1776.84
1304.21 1908.53
1303.62 2067.19
1305.01 2157.22
1293.26 2219.78
1314.34 2256.9
1308.87 2246.15
1301.72 2230.18
1313.47 2246.12
1316.52 2336.96
1329.85 2626.08
1325.8 2512.56
1324.82 2392.67
1325.88 2285.77
1324.44 2221.66
1326.34 2175
1326.26 2185.92
1335.78 2244.46
1335.66 2233.29
1335.33 2276.93
1339.42 2296.03
1342.53 2314.93
1341.72 2321.98
1343.25 2347.84
1352.11 2379.15
1349.79 2400.31
1348.38 2449.39
1345.14 2497.72
1343.39 2466.67
1345.17 2451.68
1344.92 2459.75
1340.13 2515.46
1342.08 2555.73
1365.69 2576.33
1359.08 2622.98
1359.04 2639.42
1355.05 3152.36
1357.86 3158.24
1352.7 3112.23
1348.69 3064.38
1371.63 2968.15
1367.69 3036.1
1362.9 2998.37
1379.96 3068.44
1383.33 3134.39
1383.69 3099.15
1383.65 3035.77
1384.93 2932.81
1390.93 2910.18
1391.25 2887.67
1399.3 2935.18
1399.16 2922.5
1402.53 2899.59
1399.98 2891.63
1401.05 2854.57
1398.81 2841.02
1398.75 2842.68
1398.82 2854.81
1398.85 2876.65
1398.7 2895.62
1411.1 2958.33
1411.68 2912.46
1412.18 2910.94
1411.63 2888.47
1410.95 2865.38
1410.09 2867.99
1409.4 2904.14
1411.06 2919.24
1411.32 2906.45
1411.25 2934.28
1411.18 2949.28
1411.26 2957.8
1410.36 2993.03
1409.95 3029.17
1410.88 3033.74
1410.5 3043.44
1410.22 3042.94
1415.67 3131.15
1414.43 3247.94
1429.09 3461.59
1428.76 3490.22
1429.26 3497.59
1428.07 3494.96
1428.21 3498
1429.32 3537.96
1428.72 3523.48
1428.66 3515.87
1429.3 3467.41
1432.63 3517.03
1430.56 3757.88
1422.93 3916.03
1422.37 4038
1428.35 4169.89
1439.37 4321.56
1440.9 4311.9
1440.56 4316.8
1446.51 4267.6
1445.37 4340.64
1444.52 4343.46
1450.98 4309.07
1451.09 4365.54
1450.04 4417.91
1453.33 4476.52
1453.2 4550.69
1451.77 4615.46
1453.98 4551.41
1453.82 4603.59
1452.24 4692.89
1452.25 4793.53
1452.64 4858.27
1463.86 4880.3
1463.94 4921.74
1456.38 4911.74
1457.98 5027.39
1445.74 5079.01
1445.3 5039.9
1449.26 5150.97
1448.67 5216.68
1448.04 5268.12
1447.73 5330.55
1447.84 5368.64
1448.38 5401.67
1448.33 5418.35
1445.46 5503.8
1448.49 5515.25
1445.16 5427.27
1459.93 5464.79
1457.67 5623.81
1459.07 5709.19
1459.62 5733.52
1459.79 5749.41
1459.57 5734.06
1460.82 5709.79
1463.18 5671.12
1463.21 5635.34
1463.76 5582.91
1461.86 5585.86
1466.2 5545.88
1464.95 5535.76
1466.06 5523.16
1467.25 5516.55
1467.54 5554.7
1467.71 5575.18
1467.76 5586.57
1468.16 5608.45
1468.18 5639.25
1468.53 5688.01
1466.77 5744.41
1466.48 5709.49
1466.48 5671.56
1468.14 5671.82
1468.4 5652.27
1470.6 5610.88
1470.92 5584.03
1470.78 5583.84
1470.57 5565.97
1469.92 5551.31
1471.54 5543.71
1477.21 5619.17
1476.61 5611.09
1478.43 5638.06
1478.43 5695.86
1477.08 5735.94
1481.43 5814.61
1483.01 5862.22
1482.99 5835.87
1482.45 5830.66
1482.5 5842.37
1479.69 5859.2
1479.62 5883.76
1479.63 5858.95
1479.64 5838
1479.48 5843
1479.44 5852.83
1480.49 5868.22
1480.62 5864.44
1479.8 5851.75
1480.68 5886.67
1481.36 5867.95
1483.35 5838.34
1484.08 5791.07
1484.49 5775.21
1482.55 5747.92
1483.24 5755.07
1481.57 5750.33
1476.98 5779.2
1476.88 5737.9
1476.87 5743.11
1475.2 5784.41
1471.64 5835.04
1475.02 5857.38
1475.1 5859.72
1474.42 5859.8
1474.82 5897.53
1473.44 5916.41
1473.45 5938.86
1476.22 5944.21
1476.22 5965.28
1476.33 5983.95
1476.74 5998.8
1476.73 6003.08
1478.05 5982.67
1477.9 5962.28
1478 5945.71
1476.59 5978.07
1477.48 5945.7
1478.23 5939.51
1481.02 5929.14
1482.69 5989.79
1482.8 6032.21
1503.57 6372.24
1503.51 6621.15
1485.22 6623.81
1485.4 6301.25
1485.41 6369.67
1484.95 6356.99
1484.94 6365.26
1485.14 6355.18
1485.29 6356
1485 6343.8
1484.98 6334.84
1484.95 6324.46
1485 6321.33
1486.29 6336.53
1486.29 6340.76
1487.2 6343.63
1487.43 6360.4
1489.99 6363.21
1488.91 6410.68
1489.67 6416.94
1489.65 6442.28
1487.11 6401.61
1487.54 6357.99
1487.38 6344.91
1488.66 6331.11
1488.39 6332.86
1487.91 6370.35
1486.66 6244.94
1486.43 6222.3
1486.43 6224.44
1488.09 6296.64
1487.98 6336.02
1487.97 6353.48
1487.72 6371.76
1487.45 6355.18
1488.25 6351.53
1490.75 6334.17
1493.54 6339.41
1496.24 6351.58
1497.94 6357.34
1498.25 6423.36
1498.18 6476.21
1498 6426.09
1501.59 6489.25
1500.96 6456.79
1501.18 6468.48
1502.5 6499.58
1502.23 6513.76
1500.61 6505.61
1500.81 6483.98
1499.85 6495.04
1498.53 6491.35
1498.75 6485.31
1495.9 6494.33
1496.33 6468.78
1496.36 6485.89
1496.22 6517.68
1496.79 6524.41
1496.84 6533.32
1496.98 6534.23
1496.5 6562.76
1496.33 6573.83
1496.53 6575.78
1496.51 6582.09
1496.33 6576.68
1495.54 6571.6
1495.43 6573.99
1495.1 6570.68
1495.82 6554.07
1495.81 6556.98
1496.53 6562.81
1496.23 6569.08
1495.43 6572.18
1497.66 6618.02
1498.88 6608.31
1496.66 6607.23
1496.69 6564.82
1497.62 6534.81
1497.44 6519.87
1499.99 6501.95
1492.54 6539.78
1492.74 6495.57
1492.79 6537.92
1493.15 6457.35
1492.88 6492.59
1491.81 6508.99
1491.2 6489.07
1491.94 6503.78
1489.84 6475.77
1493.23 6472.31
1493.36 6463.55
1492.92 6482.11
1492.9 6477.38
1493.41 6462.19
1494.01 6484.77
1494.13 6464.93
1493.39 6603.85
1492.72 6616.17
1492.66 6649.59
1490.41 6670.56
1490.31 6659.52
1490.62 6599.21
1491.75 6552.89
1491.6 6563.42
1491.64 6566.34
1491.52 6570.56
1492.81 6587.69
1493.02 6606.42
1492.95 6629.19
1492.42 6624.75
1491.89 6597.93
1489.06 6605.83
1488.77 6631.06
1487.04 6654.48
1486.88 6805.23
1486.71 6811.4
1486.68 6843.16
1484.81 6811.55
1484.42 6790
1483.56 6788.16
1479.2 6823.72
1479.01 6854.42
1478.28 6891.89
1476.15 6894.97
1475.15 6907.73
1475.43 6933.09
1475.43 6943.68
1474.89 6962.48
1474.92 6984.73
1477.31 7015.86
1475.38 7042.58
1475.93 7067.98
1476.21 7053.38
1477.11 7043.03
1477.14 7064.05
1477 7078.3
1476.43 7143.37
1476.13 7205.44
1476.69 7215.83
1476.16 7222.01
1473.88 7248.52
1473.68 7268.35
1473.49 7260.77
1472.38 7275.73
1472.58 7305.94
1472.19 7344.38
1472.92 7423.27
1477.66 7459.04
1477.81 7456.63
1478.06 7474.73
1478.52 7474.9
1478.53 7478.52
1466.3 7564.86
1465.93 7579.14
1465.9 7590.12
1468.46 7610.88
1468.48 7615.75
1468.46 7521.39
1468.65 7484.52
1469.06 7453.48
1468.47 7440.4
1470.79 7429.84
1469.78 7477.68
1469.15 7431.16
1476.1 7427.98
1475.7 7391.74
1475.86 7426.13
1477.46 7493.18
1477.75 7536.04
1477.41 7562.42
1476.22 7575.5
1476.11 7614.71
1474.83 7614.56
1475.01 7623.8
1477.9 7665.81
1478.36 7678.46
1478.98 7689.43
1478.55 7679.5
1478.39 7678.86
1478.37 7671.23
1478.91 7671.89
1478.97 7658.76
1477.8 7725.41
1478.56 7745.8
1478.21 7762.94
1478.14 7779.14
1478.13 7760.55
1478.54 7679.59
1478.37 7649.46
1478.05 7602.71
1477.25 7577.89
1477.38 7604.97
1476.66 7598
1476.93 7594.49
1476.43 7581.38
1476.46 7575.13
1478.91 7593.79
1479.11 7579.44
1478.97 7594.53
1487.43 7686.92
1489.49 7732.28
1489.61 7742.59
1491.35 7763
1490.62 7757.77
1490.67 7806.31
1491.3 7815.54
1491.3 7818.67
1491.27 7803.49
1492.1 7807.77
1491.85 7825.44
1491.24 7767.73
1491.19 7879.82
1491.33 7844.58
1492.54 7876.31
1491.26 7858.32
1491.37 7869.04
1491.48 7874.5
1491.66 7831.44
1491.92 7875.32
1491.81 7861.74
1492.03 7845.73
1492.03 7834.35
1491.61 7838.09
1491.63 7826.76
1491.94 7834.42
1491.47 7843.17
1488.8 7866.63
1488.42 7880.4
1489.19 7920.1
1483.15 8021.43
1483.01 8073.59
1482.87 8108.71
1482.87 8144.64
1482.87 8168.02
1484.48 8205.43
1484.37 8256.61
1484.96 8268.31
1480.37 8265.01
1481.59 8341.89
1481.35 8356.36
1479.03 8365.22
1479.08 8400.5
1479.13 8427.19
1479.11 8462.32
1478.97 8519.45
1478.95 8474.07
1478.17 8467.88
1481.28 8494.35
1480.7 8496.29
1480.79 8532.39
1481.03 8543.9
1480.87 8516.02
1481.11 8500.26
1481.47 8480.47
1481.13 8484.53
1480.93 8486.99
1481.83 8556.93
1481.91 8587.09
1481.02 8580.88
1479.34 8583.73
1479.62 8571.3
1480.5 8536.05
1480.79 8531.89
1481.51 8525.36
1481.51 8534.92
1481.54 8528.67
1481.23 8529.72
1481.08 8523.93
1481.14 8526
1480.8 8534.94
1481.35 8532.98
1480.99 8542.76
1481.58 8558.85
1481.53 8591.12
1481.45 8615.5
1481.29 8615.29
1481.35 8633.53
1483.26 8616.04
1483.27 8604.61
1483.34 8582.05
1483.52 8575.47
1483.53 8563.91
1483.02 8564.95
1483.65 8491.23
1483.57 8487.22
1483.6 8472.3
1483.6 8435.26
1484.12 8423.61
1483.55 8426.51
1483.57 8414.68
1481.15 8311.84
1480.17 8333.78
1480.17 8358.68
1480.54 8396.14
1481.33 8491.19
1482.09 8576.93
1482.23 8587.67
1482.93 8598.27
1482.3 8563.93
1485.67 8558.86
1486.49 8514.35
1485.42 8491.41
1484.8 8450.85
1484.32 8443.61
1484.71 8424.89
1483.93 8390.32
1483.66 8393.25
1486.83 8504.15
1486.91 8528.99
1490.67 8597.44
1489.74 8609.56
1488.8 8638.41
1487.92 8674.36
1487.31 8686.82
1488.06 8744.63
1488.36 8718.3
1487.92 8730.03
1487.93 8725.06
1487.93 8729.08
1487.53 8738.47
1487.82 8754.35
1487.49 8777.37
1487.52 8781.15
1487.45 8785.6
1489.02 8780.36
1489.53 8785.18
1489.5 8781.93
1490.31 8714.65
1490.02 8631.88
1490.01 8680.37
1489.91 8661.96
1490.09 8605.35
1489.79 8603.3
1489.87 8598.08
1490.01 8601.81
1491.68 8608
1490.32 8579.97
1491.09 8551.5
1490.51 8566.79
1489.98 8578.05
1490.01 8549.89
1490.26 8548.3
1490.24 8536.94
1490.13 8564.55
1490.36 8528.69
1490.49 8523.46
1489.38 8488.79
1489.51 8484.76
1489.25 8470.93
1489.16 8452.01
1488.84 8436.93
1489.31 8415.65
1489.29 8402.72
1489.3 8383.73
1489.11 8435.29
1488.33 8472.29
1487.84 8576.56
1485.12 8593.14
1485.01 8628.73
1486.08 8614.05
1485.63 8609.19
1484.08 8618.23
1484.07 8619.11
1483.38 8574.6
1483.68 8562.04
1483.69 8563.16
1483.94 8527.12
1484.04 8548.03
1484.04 8561.76
1484 8544.99
1486.35 8522.5
1486.37 8498.28
1486.19 8497.43
1486.39 8476.21
1486.11 8481.88
1485.85 8452.57
1485.84 8459.72
1485.92 8452.6
1486.12 8457.14
1486.04 8522.88
1485.99 8547.39
1485.7 8533.99
1485.71 8514.75
1484.54 8507.05
1484.51 8482.39
1484.58 8488.53
1484.48 8499.14
1484.62 8490.41
1484.43 8489.38
1484.81 8476.61
1484.21 8474.36
1484.2 8469.4
1483.95 8464.96
1484.42 8475.6
1485.03 8468.47
1484.75 8482.92
1484.89 8480.11
1484.66 8476.37
1484.84 8474.41
1484.84 8484.63
1484.85 8490.86
1484.58 8494.26
1483.47 8457.5
1485.86 8414.11
1486.7 8424.68
1486.52 8444.11
1486.43 8456.13
1486.74 8456.25
1488.3 8482.37
1488.27 8496.17
1487.71 8523.14
1488.39 8505.8
1487.68 8482.35
1487.58 8480.93
1487.32 8480.23
1483.78 8574.03
1484.7 8539.48
1484.97 8527.1
1484.93 8531.71
1485.12 8510.65
1482.55 8455.64
1484.23 8450.25
1483.91 8468.06
1482.2 8453.54
1483.27 8443.75
1483.25 8431.67
1483.34 8425.86
1483.35 8429.49
1483.42 8431.97
1483.72 8408.06
1483.76 8420.91
1484.34 8417.12
1486.57 8449.72
1486.34 8440.33
1486.77 8433.24
1487.12 8439.3
1487.07 8442.18
1486.99 8440.6
1486.98 8514.09
1488.44 8566.48
1488.26 8588.11
1488.14 8608.25
1487.82 8613.33
1488.63 8618.74
1486.63 8604.36
1486.86 8608.74
1486.25 8608.7
1485.95 8606.68
1486.53 8585.33
1486.33 8610.92
1486.47 8615.71
1486.86 8628.4
1488 8652.52
1487.93 8654.43
1487.93 8661.29
1486.73 8658.67
1487.16 8661.84
1487.57 8670.79
1487.07 8668.12
1488.75 8720.11
1488.63 8736.25
1489.05 8661.51
1489.16 8636.09
1489.31 8633.71
1489.42 8638.29
1490.12 8677.02
1490.09 8684.45
1490.1 8690.47
1490.01 8707.67
1490.21 8691.05
1489.9 8687.81
1490.2 8732.19
1491.27 8756.99
1491.5 8794.8
1491.76 8919.77
1492.34 8918.74
1492.79 8944.41
1493.85 9000.85
1493.96 9032.81
1494.64 9063.63
1494.49 9062.81
1495.2 9062.19
1495.18 9066.21
1495.16 9067.94
1495 9066.53
1496.77 9073.34
1495.23 9112.41
1495.23 9140.17
1495.37 9162.36
1495.39 9166.4
1495.34 9176.3
1495.16 9179.32
1495.05 9191.53
1495.14 9225.58
1494.97 9190.55
1494.44 9187.24
1493.84 9176.59
1493.42 9179.6
1493.47 9176.78
1493.22 9152.24
1493.78 9135.31
1494.7 9120.31
1494.47 9118.38
1494.79 9103
1494.78 9094.01
1494.48 9079.16
1494.27 9060.51
1494.34 9056.04
1494.87 9041.96
1494.16 9074.24
1493.57 9078.87
1493.65 9081.77
1494.01 9117.65
1493.57 9106.3
1493.38 9141.47
1496.01 9141.01
1496.34 9126.87
1497.11 9136.72
1497.34 9134.4
1496.51 9135.36
1496.64 9116.08
1496.8 9083.52
1496.16 9057.58
1496.11 9056.11
1493.25 9051.35
1494.46 9155.23
1492.3 9202.15
1492.37 9252.76
1492.89 9267.79
1492.78 9240.8
1492.83 9198.27
1492.61 9175.43
1492.6 9163.65
1492.65 9157.91
1492.71 9142.34
1492.51 9149.11
1495.28 9201.31
1493.81 9229.32
1494.44 9225.59
1493.57 9220.8
1493.56 9213.6
1494.17 9223.05
1494.29 9204.83
1494.23 9207.5
1494.22 9206.46
1494.04 9196.07
1493.73 9258.86
1493.85 9238.17
1494.09 9188.59
1493.37 9151.98
1493.2 9159.15
1493.21 9161.68
1493.13 9160.26
1492.63 9163.77
1492.57 9165.82
1490.23 9197.85
1490.13 9240.96
1490.53 9274.4
1490.42 9271.09
1491.11 9244.05
1491.18 9209.38
1491.2 9233.77
1491.82 9231.91
1491.79 9245.34
1491.08 9242.3
1491.08 9246.67
1490.98 9228.91
1491.01 9248.67
1490.97 9257.44
1490.95 9261.87
1490.82 9262.98
1491.57 9207.78
1491.63 9165.19
1491.58 9151.05
1491.12 9157.01
1494.13 9182.78
1492.63 9202.82
1493.36 9184.55
1489.18 9183.83
1489.16 9204.24
1489.14 9217.7
1489.01 9212.73
1489 9210.18
1488.37 9228.68
1488.49 9243.42
1488.2 9246.24
1488.18 9259.98
1488.19 9264.59
1480.98 9311.48
1481.02 9348.69
1480.88 9352.31
1480.98 9353.91
1480.7 9354.89
1480.18 9331.17
1480.37 9351.39
1480.35 9357.55
1480.31 9361.78
1480.34 9317.84
1479.73 9311.01
1480.12 9302.67
1479.96 9301.28
1480.8 9267.27
1480.79 9290.8
1480.65 9319.4
1480.55 9329.34
1482.57 9331
1483.15 9332.58
1483.2 9359.24
1482.8 9357.46
1482.98 9351.94
1482.94 9359.03
1482.85 9356.95
1482.93 9359.47
1481.34 9406.7
1483.27 9411.98
1483.3 9404.9
1483.72 9393.76
1483.76 9402.98
1483.95 9387.33
1483.43 9308.24
1483.52 9297.44
1482.96 9290.26
1483.83 9280.31
1483.75 9304.39
1484.48 9312.8
1484.3 9330.38
1484.45 9332.52
1484.26 9332.4
1484.23 9328.93
1479.48 9314.84
1479.24 9363.99
1479.28 9376.76
1479.51 9374.04
1485.01 9465.34
1485.51 9458.38
1485.46 9464.09
1485.51 9464.39
1485.5 9475.68
1484.9 9479.79
1484.85 9494.99
1484.76 9480.61
1487.15 9402.23
1487.19 9334.47
1487.31 9336.48
1487.1 9324.46
1487.04 9354.28
1487 9354.87
1485.72 9366.16
1486.3 9359.55
1486.41 9362.08
1491.28 9385.08
1491.28 9406.28
1491.28 9416.61
1491.34 9431.3
1491.38 9442.98
1491.43 9444.76
1491.7 9451.97
1491.96 9470.93
1492.36 9456.82
1492.01 9440.52
1493.83 9443.41
1496 9542.2
1497.68 9562.22
1498.24 9675.45
1491.69 9768.6
1492.52 9736.25
1492.4 9763.03
1495.28 9722.45
1494.98 9774.33
1494.21 9768.03
1494.59 9761.62
1494.78 9731.61
1494.53 9717.34
1494.54 9697.43
1495.34 9652.75
1495.1 9610.13
1495.38 9588.2
1496.63 9552.14
1496.53 9554.88
1496.56 9562.37
1498.21 9564.02
1498.5 9575.78
1498.77 9575.62
1499.15 9569.44
1499.26 9573.76
1497.35 9599.33
1497.39 9509.1
1497.88 9524.68
1497.38 9527.24
1496.66 9538.3
1497.97 9554.64
1497.64 9557.58
1497.58 9558.02
1497.8 9544.05
1498.78 9534.01
1498.71 9525.75
1498.45 9526.02
1497.94 9520.51
1498.6 9526.57
1498.65 9528.53
1498.48 9514.21
1498.57 9504.8
1498.45 9505.43
1498.03 9505.71
1495.55 9548.74
1495.5 9521.66
1495.2 9533.98
1494.44 9542.12
1494.52 9562.44
1494.52 9564.37
1495.09 9585.63
1495.07 9598.4
1495.98 9620.75
1496.13 9617.06
1496.47 9632.84
1496.49 9630.19
1496.3 9635.19
1496.19 9645.86
1495.71 9646.95
1496.93 9696.89
1500.05 9735
1500 9724.54
