383.203 38.8036
468.092 41.3894
473.862 40.8796
648.696 53.6861
663.665 53.5099
781.731 116.217
813.808 112.376
814.536 111.211
833.077 110.046
833.336 109.999
838.656 109.999
844.155 109.999
853.317 109.999
881.531 109.999
934.831 118.47
987.227 134.16
1063.08 144.015
1097.21 146.985
1097.72 146.807
1161.04 167.124
1359.2 406.74
1383.42 411.642
1399.87 421.041
1452.08 431.327
1474.92 447.042
1502.1 516.337
1515.14 539.299
1527.12 539.639
1555.21 556.179
1584.88 517.663
1649.69 524.337
1650.02 503.741
1652.31 501.948
1653.76 503.996
1747.85 591.343
1832.5 704.135
1834.03 749.764
1851.69 800.896
1857.37 832.378
1874.3 843.097
1886 841.636
1885.09 751.216
1888.6 945.457
1946.18 2823.63
1949.17 3232.02
1906.21 2849.84
1888.34 2757.77
1907.48 2649.09
1908.33 2585.11
1908.21 2483.85
1911.9 2457.87
1912.03 2382.99
1913.52 2336.15
1999.58 4464.82
2009.73 3903.54
2009.81 3766.92
2020.38 3606.25
1994.45 3493.72
2011.72 3400.23
2063.86 3647.53
2064.5 3621.32
2073.69 3433.81
2064.82 3476.09
2105.45 3662
2137.71 3611.79
2126.76 3531.5
2129.46 3646.97
2125.03 3650.72
2124.35 3700.88
2122.45 3676.05
2125.99 3748.57
2127.42 3853.64
2153.68 3935.81
2158.07 3989.41
2161.67 4034.25
2161.84 4015.23
2159.89 4045.03
2161.01 4263.74
2164.23 4376.59
2164.24 4353.51
2171.45 4352.02
2169.95 4411.18
2167.96 4555.39
2164.88 4497.1
2161.55 4472.83
2162.55 4508.32
2162.56 4540.92
2162.26 4550.38
2207.1 4522.54
2206.93 4477.93
2260.23 4855.5
2260.87 4775.13
2291.72 4834.76
2306.26 4841.24
2303.58 4976.36
2302.87 5008.4
2302.99 5015.82
2300.7 4987.15
2299.65 4890.59
2299.87 4821.3
2298.72 4759.04
2301.49 4733.41
2300.81 4729.04
2298.96 4756.94
2300.94 4749.82
2300.48 4757.15
2280.71 4750.17
2283.42 4743.3
2282.8 4749.79
2283.06 4768.7
2283.75 4798.58
2281.94 4824.08
2281.71 4825.27
2281.81 4828.44
2283.37 4836.49
2291.37 4847.03
2297.12 4882.02
2297.36 4888.28
2298.27 4871.75
2304.4 4909.82
2302.24 4927.87
2293.29 4895.81
2293.24 4848.08
2293.29 4769.94
2381.58 5368.93
2381.52 5032.15
2380.85 5049.49
2380.82 5161.92
2377.09 5223.36
2368.59 5283.06
2357.35 5335.66
2356.08 5305.64
2353.27 5274.72
2350.86 5248.35
2350.28 5224.11
2348.3 5194.27
2347.11 5222.8
2353.42 5221.84
2353.57 5279.63
2353.62 5303.69
2357.25 5308.02
2358.2 5255.02
2357.95 5244.78
2360.31 5204.79
2355.84 5146.87
2355.26 5099.17
2355.7 5080.47
2356.86 5059.95
2357.14 5053.07
2357.75 5044.78
2358.71 5043.53
2359.61 5073.55
2357.37 5103.04
2358.86 5127.39
2359.15 5155.01
2382.23 5162.01
2379.35 5246.04
2377.53 5295.86
2377.22 5309.88
2354.86 5455.22
2355.03 5420.57
2348.7 5401.57
2348.26 5350.83
2349.55 5279.15
2348.29 5223.47
2347.47 5181.85
2347.74 5163.8
2346.95 5102.27
2345.71 5083.07
2344.5 5072.82
2345.61 5070.4
2344.64 5075.14
2344.32 5070.08
2344.12 5064.32
2342.34 5077.8
2343.33 5086.05
2343.33 5076.18
2340.04 5045.39
2339.89 5031.77
2338.19 5030.35
2339.45 5083.77
2339.72 5082.9
2334.22 5098.39
2330.37 5092.04
2329.57 5103.52
2328.98 5092.28
2324.51 5332
2324.56 5542.47
2324.56 5615.84
2323.39 5664.31
2323.56 5693.68
2322.57 5702.28
2315.61 5681.89
2315.52 5678.87
2315.95 5681.94
2315.82 5689.92
2315.97 5693.3
2313.25 5658.36
2314.01 5691.83
2313.37 5700.59
2313.5 5618.8
2313.49 5535.27
2312.1 5564.87
2312.2 5572.18
2311.92 5563.48
2293.05 5909.65
2293.32 6024.88
2293.38 5971.06
2293.52 5962.94
2294.4 5982.94
2294.56 6019.33
2292.18 6046.41
2293.1 6077.74
2292.01 6070.89
2292.92 6082.35
2292.72 6084.67
2292.6 6077.57
2287.55 6084.63
2283.08 6059.85
2281.89 6053.6
2281.8 6065.75
2282.83 6047.05
2283.84 6036.15
2283.65 6024.01
2283.07 6011.99
2282.32 6026.5
2281.64 6029.66
2281.86 5961.53
2281.71 5987.55
2278.73 5984.71
2278.28 5967.09
2278.08 5953.13
2278.34 5962.85
2278.26 5985.24
2275.91 6015.37
2272.96 5989.23
2273.35 5968.69
2275.64 5963.88
2275.96 5967.78
2275.54 5967.59
2275.89 5955.61
2275.84 5939.92
2275.62 5932.87
2273.78 5925.23
2273.27 5920.08
2273.02 5914.16
2274.91 5915.09
2274.95 5913.52
2274.54 5903.35
2275.37 5899.12
2275.45 5904.73
2275.37 5904.51
2275.26 5886.55
2276 5896.96
2275.87 5911.9
2276.58 5877.05
2276.96 5861.34
2275.71 5855.22
2276.88 5854.05
2276.72 5856.88
2276.8 5857.35
2276.73 5853.68
2276.53 5838
2275.15 5851.91
2268.77 5851.92
2266.02 5793.92
2266.83 5785.31
2266.78 5779.43
2266.61 5773.7
2266.53 5763.22
2266.54 5767.26
2266.6 5764.07
2265.92 5740.41
2265.16 5771.81
2265.16 5779.38
2265.03 5779.27
2264.51 5770.48
2264.24 5765.85
2264.85 5763.74
2264.16 5715.76
2264.14 5775.45
2267.37 5796.91
2267.83 5788.61
2268.1 5832.09
2268.05 5844.96
2268.05 5854.75
2267.92 5852.85
2267.6 5856.91
2267.54 5860.72
2268.02 5880.02
2268.02 5886.12
2267.97 5883.9
2268.01 5893.25
2266.19 5878.72
2266.65 5883.95
2265.26 5880.31
2263.59 5890.68
2263.73 5886.88
2262.82 5877.23
2262.52 5874.38
2262 5872.2
2262.04 5868.9
2261.89 5863.2
2261.9 5862.94
2262.16 5866.78
2262.9 5856.74
2261.62 5866.45
2262.04 5886.85
2261.96 5890.43
2262.15 5897.56
2262.15 5899.08
2262.52 5906.18
2262.41 5910.97
2261.65 5912.42
2261.63 5911.52
2261.73 5928.37
2262.16 5933.2
2260.96 5953.25
2261.01 5960.51
2260.38 5961.13
2260.48 5963.95
2260.76 5952.75
2260.65 5953.64
2261.18 5956.21
2260.78 5967.82
2260.46 5980.02
2260.38 5976.85
2260.5 5999.24
2261.19 6022.4
2260.49 6027.03
2260.24 6036.03
2260.24 6044.53
2258.7 6031.99
2259.05 6001.27
2258.76 5988.5
2272.13 6242.69
2272.39 6206.45
2272.66 6152.1
2271.21 6150.37
2270.97 6137.83
2271.13 6135.48
2270.97 6145.92
2270.27 6151.68
2270.71 6156.83
2270.51 6139.5
2270.62 6149.69
2270.62 6138.19
2270.62 6136.04
2270.77 6141.2
2270.86 6146.53
2269.28 6140.36
2268.16 6131.92
2268.19 6115.84
2268.1 6088.34
2269.69 6050.27
2269.66 6049.99
2269.81 6026.21
2270.03 6021.92
2269.92 6030.63
2269.89 5962.5
2268.14 5928.81
2268.15 5921.59
2267.73 5914.12
2266.76 5900.22
2266.76 5896.18
2266.8 5888.85
2269.51 5895.62
2269.63 5892.62
2269.66 5878.08
2269.75 5862.64
2269.29 5829.35
2269.9 5788.61
2269.13 5769.73
2268.84 5758.74
2268.88 5775.52
2268.87 5796.84
2268.21 5805.19
2266.86 5800.59
2266.51 5799.24
2266.56 5804.19
2266.44 5804.59
2266.57 5810.21
2265.27 5845.07
2265.57 5836.17
2265.4 5821.26
2265.23 5822.82
2265.16 5820.91
2265.07 5818.56
2265.55 5822.27
2264.43 5799.68
2265.71 5801.76
2265.96 5785.09
2266.01 5767.68
2266.68 5757.7
2266.63 5761.02
2266.77 5760.96
2266.75 5761.68
2266.91 5755.19
2267.07 5749.87
2270.8 5755.63
2270.86 5709.75
2271.09 5710.88
2271.35 5714.6
2271.33 5708.18
2271.62 5713.95
2272.88 5674.81
2272.93 5676.25
2272.67 5671.86
2272.56 5705.73
2271.94 5728.81
2272.56 5736.82
2272.56 5757.25
2272.4 5775.18
2272.56 5791.39
2272.44 5795.05
2272.98 5795.26
2272.76 5801.68
2272.53 5771.18
2272.54 5767.6
2272.43 5767.27
2273.12 5748.87
2273.63 5732.46
2273.58 5723.21
2272.73 5717.98
2272.88 5714.09
2272.53 5700.66
2272.47 5682
2272.86 5678.7
2273.11 5678.81
2273.65 5678.88
2273.04 5673.28
2274.51 5712.92
2274.29 5717.51
2274.12 5711.44
2273.74 5711.82
2273.64 5699.36
2273.47 5682.72
2273.53 5677.86
2273.58 5713.45
2274.78 5684.12
2275.35 5671.23
2274.88 5644.74
2274.86 5629.44
2274.86 5564.23
2274.46 5506.76
2274.42 5483.09
2273.92 5466.11
2273.94 5448.23
2273.98 5432.44
2274.1 5423.29
2274.11 5418.35
2274.24 5422.52
2274.35 5427.84
2273.76 5429.84
2273.87 5428.12
2274.06 5428.16
2273.98 5427.74
2273.71 5444.7
2274.26 5467.02
2274.14 5471.59
2273.84 5475.81
2273.94 5477.92
2274.2 5481.94
2274.03 5482.81
2273.87 5485.65
2273.88 5489.91
2274.52 5480.02
2273.12 5489.74
2272.71 5495.17
2272.43 5503.45
2272.19 5510.98
2272.2 5509.47
2272.19 5513.9
2272.25 5517.31
2272.71 5521.57
2272.68 5529.36
2272.9 5531.14
2272.64 5569.31
2273.56 5554.77
2273.17 5547.05
2273.38 5538.66
2273.34 5542.76
2273.28 5538.85
2273.25 5533.09
2273.96 5534.09
2273.83 5529.63
2273.78 5525.23
2272.48 5525.07
2272.4 5527.38
2272.96 5531.63
2272.97 5530.41
2272.85 5544.27
2272.72 5533.55
2272.92 5544.1
2273.91 5521.61
2274.01 5520.16
2275.34 5556.96
2275.36 5534.73
2275.7 5518.61
2277.62 5487.98
2277.56 5473.96
2277.65 5460.25
2277.33 5450.54
2277.42 5452.93
2276.48 5448.83
2276.07 5441.3
2276.23 5431.1
2277.67 5435.01
2277.67 5432.44
2277.47 5430.55
2276.8 5434.45
2276.04 5442.44
2276.26 5450.03
2275.7 5459.71
2274.49 5434.11
2274.61 5429.22
2274.71 5429.35
2274.71 5431.63
2274.7 5434.4
2274.74 5432.93
2274.49 5451.59
2274.65 5453.8
2274.53 5468.71
2274.45 5478.9
2274.82 5490.06
2274.8 5507.16
2274.31 5510.63
2274.35 5517.62
2273.95 5513.28
2274.01 5507.92
2274.1 5511.68
2274.1 5521.97
2273.7 5530.5
2273.74 5537.16
2273.7 5543.3
2273.09 5568.5
2273.1 5568.9
2272.75 5566.91
2272.57 5569.09
2272.21 5579.19
2271.38 5564.45
2270.91 5567.23
2271.49 5562.42
2271.51 5562.4
2271.21 5562.59
2275.43 5507.68
2275.22 5519.05
2275.26 5536.8
2276.02 5544.82
2282.66 5656.59
2282.74 5676.45
2283.07 5678.58
2283.11 5678.93
2282.76 5677.33
2282.57 5682.71
2282.61 5681.91
2282.49 5674.38
2282.52 5665.21
2282.54 5662.95
2283.13 5653.54
2282.3 5637.14
2281.83 5630.13
2281.69 5633.86
2281.4 5643.45
2292.76 5630.86
2292.73 5626.45
2293.64 5606.88
2293.01 5613.4
2292.85 5619.36
2292.86 5620.93
2293 5614.5
2293.28 5606.56
2293.3 5603.48
2293.14 5608.76
2293.17 5604.84
2293.37 5595.33
2293.88 5586.46
2293.81 5601.78
2293.9 5615.06
2293.3 5607.16
2293.31 5610.49
2293.12 5610.72
2292.74 5645.04
2292.69 5598.57
2292.25 5580.53
2292.09 5570.6
2292.1 5574.14
2292.17 5577.12
2291.55 5556.2
2291.2 5570.43
2292.39 5555.08
2292.11 5581.81
2291.96 5585.4
2291.87 5589.41
2298.13 5671.37
2297.6 5718.65
2298.07 5732.84
2298.06 5735.25
2298.09 5743.94
2298.78 5743.72
2297.99 5747.01
2298.51 5745.63
2298.36 5742.12
2297.9 5726.57
2297.8 5717.45
2297.61 5705.84
2297.53 5679.8
2299.34 5711.85
2299.62 5735.38
2298.28 5717.61
2297.92 5708.19
2298.04 5712.22
2297.8 5725.93
2298.99 5734.11
2298.99 5726.7
2297.77 5716.3
2297.81 5711.02
2297.74 5711.49
2297.41 5708.9
2297.76 5644.51
2297.75 5610.04
2297.7 5592.83
2297.87 5594.36
2296.89 5566.92
2297.13 5559.45
2297.2 5549.05
2297.18 5546.32
2297.4 5551.65
2297.41 5558.22
2297.8 5558.24
2297.61 5565.65
2297.69 5566.03
2297.71 5567.2
2297.02 5564.05
2296.31 5561.04
2295.76 5575.31
2295.53 5581.04
2295.5 5580.03
2295.35 5557.55
2295.88 5562.47
2295.77 5572.1
2295.56 5553.38
2295.36 5557.99
2295.44 5557.55
2295.5 5559.69
2296.29 5568.23
2296.3 5546.79
2296.21 5542.32
2296.73 5561.42
2296.66 5563.17
2296.29 5554.06
2296.25 5517.44
2296.07 5497.29
2296.26 5493.26
2296.27 5555.15
2296.24 5559.34
2295.21 5532.48
2294.95 5511.03
2294.33 5500.44
2293.99 5499.58
2293.33 5486.98
2293.23 5489.35
2292.81 5485.71
2292.87 5501.07
2292.69 5520.91
2292.46 5523.55
2292.95 5508.77
2294.86 5458.01
2294.73 5475.51
2292.47 5481.61
2292.6 5456.91
2292.67 5455.4
2292.9 5452.4
2292.9 5451.81
2292.92 5459.85
2292.52 5475.42
2291.77 5488.6
2291.73 5485.3
2290.89 5484.59
2290.67 5487.23
2290.75 5486.1
2291.43 5499.38
2291.4 5500.53
2291.2 5478.28
2290.73 5486.88
2290.29 5486.43
2290.13 5482.94
2289.85 5476.9
2289.5 5474.47
2289.44 5481.57
2289.12 5489.67
2289.14 5483.23
2289.3 5493.97
2289.5 5505.33
2289.49 5513.35
2289.05 5514.34
2291.97 5561.18
2292.16 5519.32
2292.16 5492.79
2292.14 5415.88
2291.65 5435.81
2291.66 5453.57
2292.07 5448.93
2292.27 5463.63
2292.23 5467.67
2292.17 5469.88
2292.21 5469.49
2292.36 5465.35
2292.1 5461.32
2292.39 5456.75
2292.21 5451.16
2292.18 5432.6
2291.98 5436.3
2291.69 5432.41
2291.74 5427.57
2291.62 5422.1
2291.35 5479.03
2291.29 5474.12
2291.22 5471.46
2291.33 5475.48
2292.21 5493.72
2291.11 5480.76
2291.7 5459.78
2291.65 5449.35
2291.75 5456.08
2291.78 5460.05
2291.81 5463.53
2291.87 5474.9
2292.08 5488.26
2292.18 5489.43
2292.17 5492.41
2291.14 5472.78
2291.16 5477.87
2290.74 5484.41
2290.69 5498.57
2290.3 5512.17
2290.3 5508.69
2289.66 5497.92
2289.75 5504.45
2291.86 5502
2291.84 5514.26
2292.88 5476.58
2292.9 5493.09
2294.31 5534.5
2294.32 5557.76
2294.21 5497.3
2294.22 5481.79
2294.07 5471.3
2294.13 5473.38
2293.95 5493.15
2294.12 5486.96
2294.1 5482.02
2293.94 5481.06
2293.97 5474.16
2294.29 5494.38
2294.61 5502.34
2294.53 5508.19
2294.44 5511.01
2294.44 5514.13
2294.97 5515
2295.01 5522.91
2294.31 5523.05
2294.77 5524.07
2294.89 5534.53
2294.51 5551.51
2294.11 5554.91
2294.16 5558.29
2293.92 5558.9
2293.9 5562.17
2293.99 5568.98
2293.93 5570.32
2293.89 5566.95
2293.89 5565.59
2292.92 5545.91
2292.69 5539.95
2292.62 5538.64
2292.58 5529.33
2292.47 5539.76
2292.26 5539.11
2292.25 5535.46
2292.7 5543.79
2293.22 5534.96
2293.3 5533.17
2294.04 5518.35
2293.97 5516.66
2293.92 5513.17
2293.82 5480.36
2293.95 5463.3
2292.51 5463.52
2292.71 5467.59
2293.38 5473.43
2292.65 5466.04
2292.44 5461.44
2292.73 5477.77
2292.36 5479.1
2292.53 5487.83
2291.73 5495.64
2291.98 5508.67
2292 5521.61
2292.07 5522.34
2292.64 5551.39
2280.14 5607.08
2280.1 5627.9
2280.15 5636.17
2279.97 5614.57
2280.3 5625.14
2280.03 5637.12
2279.88 5631.55
2280.02 5633.21
2280.05 5624.72
2280.7 5620.11
2280.75 5621.44
2280.39 5627.62
2280.36 5640.38
2280.47 5646.01
2280.43 5646.25
2280.72 5649.36
2280.67 5651.37
2280.5 5649.16
2280.31 5645.15
2280.27 5631.85
2280.21 5626.62
2280.19 5619.65
2280.2 5615.04
2280.44 5615.24
2280.38 5613.24
2280.47 5611.8
2280.56 5611.26
2280.62 5620.89
2280.58 5630.03
2280.55 5633.46
2279.92 5643.84
2280.41 5665.19
2280.53 5657.59
2279.1 5675.84
2278.07 5668.2
2277.93 5655.18
2277.87 5641.72
2276.36 5656.39
2276.37 5660.6
2275.72 5668.59
2275.85 5675.87
2275.4 5679.29
2275.41 5694.83
2275.31 5701.82
2275.14 5698.22
2275.34 5702.96
2275.35 5696.88
2275.29 5699.35
2275.02 5701.81
2274.54 5693.66
2274.9 5691.21
2274.81 5696.55
2274.72 5700.95
2274.81 5710.25
2274.55 5727.94
2274.71 5737.54
2274.66 5737.59
2275.2 5742.48
2275.34 5749.59
2275.3 5760.58
2275.3 5768.43
2275.33 5764.6
2275.39 5766.95
2275.55 5773.39
2275.45 5779.26
2275.57 5724.17
2275.46 5704.4
2275.37 5702.14
2275.19 5700.36
2275.03 5697.05
2276.4 5704.24
2276.26 5707.32
2276.05 5712.19
2277.32 5700.48
2277.37 5700.01
2277.58 5710.61
2276.88 5709.05
2276.84 5708.27
2276.78 5702.06
2277.04 5669.11
2277.01 5665.29
2276.53 5658.69
2275.91 5601.22
2275.69 5604.01
2275.62 5593.1
2275.91 5570.21
2275.74 5564.45
2276.51 5555.44
2276.7 5553.43
2275.93 5540.05
2275.92 5542.62
2275.79 5543.9
2275.75 5553.51
2275.52 5537.24
2275.56 5534.91
2275.38 5529.19
2275.34 5529.81
2275.06 5529.28
2274.87 5523.11
2274.83 5523.22
2274.44 5509.56
2274.09 5532
2274.14 5529.17
2274.16 5528.91
2273.35 5553.81
2272.53 5572.54
2271.67 5567.45
2271.37 5558.64
2271.43 5553.78
2271.35 5553.01
2271.36 5536.77
2270.86 5530.51
2271.18 5525.94
2269.26 5527.8
2269.33 5526.83
2269.12 5527.39
2268.21 5528.43
2268.2 5514.65
2268.21 5530.81
2268.35 5542.9
2268.63 5551.96
2268.63 5554.17
2268.59 5559.14
2268.53 5566.57
2268.34 5570.44
2268.71 5579.68
2268.63 5588.12
2268.61 5589.1
2268.74 5591
2268.45 5582.77
2268.51 5580.73
2268.58 5580.31
2268.74 5581.28
2267.82 5585.45
2267.74 5594.37
2267.78 5598.32
2267.64 5594.59
2267.64 5595.89
2267.54 5603.8
2267.69 5609.71
2267.66 5616.59
2268.01 5620.78
2267.9 5621.71
2267.77 5623.03
2267.79 5624.11
2270.87 5603.46
2270.75 5603.83
2270.86 5584.06
2270.83 5563.9
2270.73 5550.23
2270.84 5545.17
2270.86 5543.82
2270.95 5540.06
2270.89 5541.73
2268.46 5546.27
2268.45 5563.29
2268.63 5570.85
2267.84 5586.87
2267.68 5584.32
2267.69 5573.43
2267.32 5567.15
2267.28 5565.43
2267.73 5551.33
2268.12 5580.83
2268.13 5597.92
2270.95 5613.58
2271.1 5609.94
2271.17 5597.52
2271.33 5591.09
2271.41 5599.91
2271.33 5609.22
2271.95 5641.38
2272.34 5656.15
2272.38 5657.66
2272.48 5659.27
2272.59 5665.8
2272.61 5665.07
2272.23 5654.28
2272.57 5631.57
2272.94 5645.42
2272.82 5652.39
2272.8 5649.89
2274.16 5632.03
2274.45 5634.61
2274.55 5636.39
2274.32 5640.89
2273.97 5632.99
2273.93 5621.94
2272.76 5622.12
2272.78 5621.08
2272.68 5617.63
2272.79 5616.83
2272.84 5612.17
2272.69 5616.16
2273.58 5635.95
2273.42 5651.28
2273.4 5653.52
2273.37 5658.05
