40.4949 0
45.6451 0
150.274 0
410.654 10.3009
428.205 10.3009
428.261 10.3009
561.951 23.5487
562.131 23.2492
564.198 23.2492
582.122 23.2492
608.599 25.6349
613.13 26.9137
623.186 26.9137
624.097 26.9137
640.91 26.9137
771.26 46.9071
808.596 627.476
871.155 693.435
892.411 619.222
908.545 645.004
1077.26 761.682
1082.95 799.536
1084.13 817.032
1084.33 819.789
1095.75 811.452
1219.5 1044.81
1243.88 1217.84
1257.01 1260.17
1293.54 1208.77
1309.82 1212.27
1359.81 1224.85
1361.92 1214.44
1372 1202.79
1395.24 1198.81
1409.2 1771.54
1409.28 1711.65
1415.1 1659.08
1414.53 1617.14
1409.89 1585.5
1410.61 1640.68
1414.48 1814.04
1427.87 1751.11
1429.95 1763.23
1450.5 1948.64
1483.26 1858.88
1508.16 2320.95
1526.13 2350.84
1526.3 2392.04
1527.22 2412.19
1524.35 2420.41
1498.25 3541.8
1687.47 28587.9
1711.82 25324
1716.88 21825.9
1705.23 18767.9
1708.93 16375.4
1712.17 14519.8
1721.56 28057
1710.17 53273.8
1706.12 143559
1713.52 73006.6
1694.63 93918.4
1554.27 65109.8
1559.87 76227.6
1621.64 71455.8
1636.46 73553.7
1671.74 75610.9
1677.03 74388.8
1678.59 72679.5
1675.12 69061.7
1683.73 66557.2
1682.35 64667.2
1682.99 66912.9
1682.78 82388.3
1686.97 80787.9
1692.24 78071.9
1701.15 70611.2
1698.76 63919.7
1725.3 58215.3
1768.86 116409
1791.77 118151
1790.36 124764
1796.8 138616
1781.92 134903
1793.08 147340
1795 136665
1796.67 126703
1858.23 116664
1828.78 107145
1828.68 99203.4
1826.12 93308.7
1832.06 89395.8
1832.34 86216
1831.86 82790.7
1831.54 79378.5
1831.56 92265.1
1826.69 102594
1828.95 91036.5
1821.28 85055.8
1824.34 80536.7
1822.68 75155.7
1829.56 74214.5
1834.55 70367.3
1831.05 68700.8
1852.93 75313.6
1851.93 92142.8
1849.53 89579.9
1844.7 86512.9
1847.49 85507.9
1846.04 80507.4
1861.09 77324.5
1860.53 73440.5
1861.4 69248.6
1858.21 65246.4
1860.27 63718.7
1866.02 58828.4
1884.7 53417.2
1900.37 48459.1
1920 43960.3
1917.71 44546.8
1918.26 41520.4
1915.52 39382.1
1907.64 37974
1841.98 36214.8
1849.8 34519.9
1866.68 35470.3
1866.59 33244.6
1867.09 31698.8
1868.24 30271.3
1867.33 29033.9
1867.35 27932.7
1868.17 27011.4
1872.81 26123.4
1872.42 25111.2
1872.21 24127.3
1871.06 23249
1885.53 23918.7
1883.41 22756
1885.32 21811.8
1887.74 20983.3
1887.54 20303.9
1889.36 19657.7
1889.39 19035.3
1889.22 18438.7
1885.95 17925.2
1895.39 18615.6
1898.67 18118.2
1904.48 17722.5
1914.53 17280.1
1921.44 16747.3
1927.37 16404.7
1926.33 16629.7
1924.83 16609.5
1923.67 16744.2
1920.25 16930.8
1920.78 16760.8
1920.66 16529.3
1941.37 16334.8
1941.13 15917.7
1942.67 15666.3
1942.24 15404.8
1941.72 15250.6
1946.22 15191.8
1944.83 15148.4
1949.82 15011
1954.73 14845
1954.84 14720.7
1971.47 14544.5
1981.38 14382
1978.45 14233.5
1977.35 14166
1975.92 14100.5
1976.23 14043.6
1979.59 13993.8
1982.56 14000
1960.57 14431.9
1967.34 14849
1967.86 14907.3
1967.39 15103.9
1967.45 15270.3
1963.4 15435.3
1963.33 15387.1
1972.11 15404.6
1972.39 15461.3
1980.18 15790.7
1980.28 15909.7
1997.97 16119.9
1997.32 16058.8
2016.54 16515.4
2017.38 16426.8
2017.27 16345.2
2017.51 16236.4
2015.03 16260.7
2014.96 16270.2
2025.33 16543.3
2020.37 16463.6
2024.07 16391.5
2020.81 16400.8
2010.61 16397.3
2010.53 16406.2
2010.59 16404.8
2012.1 16362.5
2007.81 16396.4
2010.54 16396.1
2012.36 16437.4
2012.33 16453.3
2011.77 16455.7
2009.48 16453.9
2008.94 16434.9
2009.49 16446.6
2006.33 16515.6
2005.65 16562.3
2007.2 16591.6
2003 16618.9
2005.18 16678.1
2010.14 16822.2
2009.16 16779.3
2009.2 16760.7
2009.33 16849.1
2009.3 16871.9
2008.12 16913
2007.54 16890.7
2006.61 16910.2
2005.99 16940.1
1998.09 16940.4
2002.28 17027.6
2005.17 17061.5
2005 17037.8
2008.06 17061
2006.48 17039.2
2006.51 17028.5
2006.83 17044.7
2006.61 16988.2
2006.14 17006.3
2012.82 17062.7
2012.88 16998.9
2014.32 16988.1
1999.3 17469.4
2004.61 17368.2
2013.64 17539.8
2013.62 17417.7
2013.24 17354.9
2013.48 17334.1
2020.24 17467.7
2021.83 17492.9
2020.78 17504.1
2024.99 17500.9
2029.66 17548.8
2027.46 17545.6
2028.22 17507.5
2027.1 17475.2
2028.51 17470.2
2028.43 17469.5
2028 17442.7
2031 17596.5
2031.11 17449.4
2030.01 17400
2028.11 17360.9
2028.24 17365
2027.65 17349.7
2027.68 17330.1
2030.34 17305.3
2030.54 17308.4
2029.75 17303.1
2012.04 17392.9
2012.08 17476.2
2015.67 17534.6
2015.39 17535
2013.28 17529.3
2011.23 17523.9
2011.12 17539.2
2011.94 17538.4
2011.04 17481.7
2011.49 17617
2011.83 17681.4
2012.08 17778.5
2013.46 18121.5
2011.62 17977
2011.76 18025.3
2010.55 18035.8
2011.03 18042
2011.13 18042.2
2013.07 18019.2
2013.92 17974.6
2014.12 17930.2
2013.14 17890.8
2014.18 17875.8
2014.43 17848.3
2015.67 17821.3
2015.73 17814.2
2015.77 17816.4
2013.86 17839.9
2014.27 17799.5
2014.28 17809.1
2014.67 17875.7
2014.62 17903.6
2006.28 17814.8
2005.95 17769
2007.52 17768.9
2008.81 17714.7
1996.31 16977.4
1996.42 16904.2
1999.41 16860.9
1998.31 16787.1
1998.3 16820.3
1994.29 16894.2
1993.36 16927.7
1994.16 16961.8
1993.83 16983.1
1993.3 16958.4
1992.17 16976.3
1992.16 17005.3
1993.99 17009.1
1993.3 17138.9
1996.56 17161.8
1996.8 17127
1996.55 17098.1
1998.48 17117.6
1997.69 17050.9
1998.87 17039.5
1999.09 17014.8
1998.33 16979.1
1999.1 16956.8
1998.46 16953.4
1998.49 16932.6
1998.1 16930.8
1999.87 16960.7
1999.87 16920.2
2002.6 16961.7
2003.06 16984.3
2004.85 17012.6
1994.38 16862.5
1994.81 16874.1
1994.98 16845.1
1993.92 16848.3
1994.2 16826.3
1992.15 16801.8
1999.96 16886.9
2000.8 16867.3
2000.72 16823.7
2000.76 16798.7
1998.96 16791.9
1999.21 16779
1999.71 16797.7
1999.8 16813.7
1999.63 16805.8
2000.71 16802.6
1998.85 16804.8
1998.99 16811.8
1999.24 16804.4
1999.25 16791.1
1999.29 16774.2
2000.13 16770.7
2000.66 16773.8
2000.53 16761.2
1999.7 16763.9
2000.42 16778.9
2000.22 16749.9
1998.12 16813
1997.72 16878.9
1998.15 16896.7
1998.14 16903.7
1997.9 16907
1999.07 16941
1999.02 16949.8
1999.02 16944.4
1998.16 16973.7
2001.01 16980.2
1999.92 17069.2
2000.87 17053.7
1999.8 17029
1999.8 17026.4
1999.69 17005.6
1997.61 16760.7
1997.72 16750.5
1997.71 16747.2
1999.52 16741.9
1999.49 16728.6
2000.2 16758.2
1997.48 16762.4
1997.48 16890.6
1997.98 16946.3
1997.03 16937.3
1997.81 17020.4
1997.97 17028
1997.62 16939.9
1994.39 16929.6
1995.52 17018.6
1995.7 17011.4
1995.81 17006.5
1998.51 16986.2
1998.52 17016.5
1998.52 16981.8
1998.47 16968.7
1995.88 16908.1
1995.59 16905.6
1995.67 16908
1995.45 16905.3
1995.36 16896.2
1996.46 16925.8
1996.42 16935.9
1996.44 16920.5
1999.36 16929.8
1999.5 16914.2
2005.26 16930.9
2003.66 16892.9
2006.91 16963.9
2007.41 17040.2
2007.64 17035.3
2007.5 17011.9
2007.08 17010.5
2007.51 16998.1
2009.8 16984.7
2009.55 16992.5
2008.61 16987.2
2009.09 17010.4
2009.05 17009.3
2009.04 17001.3
2009.04 16994.3
2009.1 16987
2007.73 16941.4
2006.67 16958.3
2006.72 16958.8
2006.7 16960.5
2006.76 16959.1
2005.26 16952.4
2006.44 16952.8
2001.21 16974.9
1999.31 16929.7
1999.34 16881.1
2003.93 16911.2
2003.87 16891.3
2003.68 16862.1
2003.59 16823.7
2003.34 16802.4
2003.31 16781.1
2003.43 16765.1
2003.49 16755.9
2003.57 16715.6
2001.85 16753.3
2001.8 16747
2001.96 16756.1
2001.83 16761.1
2001.85 16762.1
1998.87 16766.2
1999.98 16763.6
2000.38 16749.2
2000.47 16754.5
2000.52 16750.8
2000.47 16743
2000.19 16745.7
2000.65 16740.7
2001.3 16734.9
2001.18 16731.7
1999.67 16725.3
2000.55 16770.2
2000.58 16766.8
2000.78 16779.5
2001.56 16799.6
2000.24 16859.2
2000.33 16893.3
2000.99 16917.8
2000.78 16929.7
2000.09 16943.8
2000.62 16984
2002 16944.4
2002.08 16925.9
2001.94 16912
2001.99 16895.8
2000.32 16831.7
2002.49 16772.8
2003.9 16783.5
2003.86 16798.1
2004.89 16816.5
2000.97 16931.3
2002.62 16958.4
2002.73 16899.7
2000.9 16829.8
2000.95 16793.2
2000.16 16835.8
1999.97 16835.7
2000.02 16836.5
1999.88 16869.5
1999.04 16863.6
1999.25 16861.2
1999.34 16830.9
1999.32 16817.9
2000.31 16819.6
2000.7 16819.8
2000.65 16806.6
2000.72 16796.9
2000.82 16780.7
1999.59 16765.7
1999.12 16776.7
1999.53 16783.8
1999.36 16779.4
2001.72 16821.3
2004.44 16867.8
2004.72 16893.6
2004.8 16888.9
2003.08 16871.3
2002.49 16877.9
2000.68 16868.4
2000.53 16895.4
2000.41 16921.8
2000.51 16939.3
2000.59 16936.6
2000.38 16935.8
2000.56 16942
2000.59 16939.7
2000.53 16945.5
2002.39 16960.1
2002.35 16957.6
2003.2 16966
2003.94 16951.1
2003.99 16947.9
2004.32 16949.4
2005.8 16934.3
2006.83 16922.3
2009.42 16924.7
2009.72 16940.3
2009.59 16936.9
2010.27 16941.6
2010.58 16961.9
2010.84 16977.4
2010.64 16967.5
2010.2 16963.9
2010.18 16960.6
2009.65 16959.3
2008.79 16840
2010.76 16804.8
2011.68 16786.1
2011.7 16784.1
2011.7 16782.2
2011.24 16780.5
2009.85 16750.4
2009.47 16673.1
2009.48 16651.3
2009.05 16637
2009.18 16662.6
2010.74 16704.2
2010.81 16738.9
2011.28 16760.9
2012.58 16767.8
2012.8 16767.4
2012.75 16758.8
2012.69 16744.5
2013.58 16746.6
2013.15 16752.6
2013.31 16727.2
2013.25 16716.1
2013.32 16708
2012.69 16716.4
2012.96 16741
2011.75 16750.2
2011.72 16744.7
2012.05 16781.4
2012.34 16764.3
2012.3 16744.2
2012.12 16751.2
2012.44 16762.1
2012.89 16751.8
2012.89 16742.9
2012.89 16736.7
2012.23 16731.6
2012.16 16730.9
2011.87 16744.3
2012.11 16741.7
2011.88 16709.5
2011.46 16723.3
2010.47 16719.7
2010.54 16719.8
2010.55 16728.1
2009.7 16718.9
2009.69 16717.6
2010.28 16793.9
2010.42 16775
2010.3 16774.2
2008.71 16778.4
2009.21 16751.2
2009.83 16739.3
2009.79 16710.2
2009.25 16702.5
2010.01 16690.5
2010.55 16678.8
2014.3 16695.4
2013.76 16714
2014.44 16724.5
2016.2 16748
2016.02 16730.8
2015.97 16711.3
2015.87 16704.2
2020.29 16754
2020.33 16769.3
2021.21 16756.3
2021.63 16758
2021.2 16749.5
2021.56 16736.3
2021.56 16722.6
2021.56 16689.4
2021.55 16691.1
2021.55 16676.5
2021.6 16669.5
2021.35 16650.2
2021.36 16631.9
2021.26 16686.2
2021.29 16690.9
2021.48 16726.1
2020.88 16695
2021.07 16685.7
2020.98 16658.9
2020.44 16682.6
2020.39 16692.3
2019.93 16699.5
2020.84 16727.1
2021.01 16708.5
2021.24 16700.4
2021.19 16699.9
2021.18 16708.3
2021.12 16709.3
2021.13 16711.6
2022.32 16665
2022.29 16657.3
2023.78 16647.7
2023.78 16662.4
2023.82 16665.9
2023.81 16661.4
2024.18 16656.7
2023.72 16629.3
2023.61 16603.6
2026.73 16593.1
2026.59 16571.6
2026.39 16528.6
2026.21 16523.3
2025.84 16537.4
2025.71 16520.1
2025.69 16517
2026.7 16510.2
2026.34 16513.8
2026.6 16539.2
2026.57 16531
2026.65 16527.3
2026.99 16514.4
2027.42 16501.2
2027.54 16490.2
2027.68 16507.6
2027.62 16508.7
2028.24 16529.7
2028.27 16534.4
2028.45 16551.2
2028.42 16559.7
2029.26 16556.8
2029.42 16562.1
2029.66 16591.7
2029.03 16607.4
2028.79 16634.5
2028.9 16656.1
2028.88 16669.8
2028.78 16695.7
2028.24 16704
2028.25 16717.6
2027.36 16719.6
2027.38 16731.8
2027.5 16740
2026.95 16766.8
2028.1 16776.9
2027.74 16751
2026.08 16717.7
2024.76 16666.5
2024.69 16699.3
2024.67 16695.1
2024.1 16683.8
2024.6 16672.7
2025.1 16691.5
2024.56 16678.8
2024.45 16700.1
2023.42 16658.5
2022.18 16656.1
2021.61 16646.1
2021.45 16636.2
2021.4 16651.8
2021.74 16653.4
2021.72 16675.8
2021.73 16678.4
2020.18 16675.5
2020.22 16695.6
2020.51 16715.8
2020.44 16726.8
2020.41 16666.7
2020.41 16643.3
2020.76 16629
2021.13 16615.9
2020.1 16624.6
2017.61 16565.1
2017.59 16580.5
2017.87 16575.2
2018.31 16586.6
2017.17 16612.6
2018.96 16638.5
2018.89 16644.6
2018.72 16648.1
2018.66 16643.1
2018.87 16638.1
2018.84 16637.4
2017.79 16653.3
2017.75 16692.7
2017.69 16684.8
2017.93 16714.1
2017.96 16696.3
2017.65 16706.5
2017.53 16715.7
2016.21 16692.1
2016.22 16693.3
2016.57 16675.4
2017.02 16689.8
2017.31 16696
2017.05 16689.8
2017.03 16658.5
2017.14 16627.4
2017.02 16603.8
2017.02 16586.5
2016.76 16570.3
2017.21 16568.3
2017.02 16559.7
2016.43 16592.3
2016.57 16614.5
2016.42 16621.9
2016.5 16627.6
2015.93 16634
2016.1 16651.2
2016.07 16659.9
2016.29 16678.3
2015.68 16686.3
2015.75 16681.5
2015.68 16720.6
2015.81 16743.4
2016 16782.7
2016.56 16800.9
2016.69 16803.8
2016.54 16806.9
2017.96 16821.8
2017.85 16851.6
2017.7 16856.8
2017.82 16852.7
2017.72 16875.5
2017.72 16877.7
2017.88 16882.3
2017.89 16886.9
2019.85 16915.2
2020.26 16960.2
2020.48 16985.8
2020.46 17005.1
2020.51 17005.6
2019.98 17013.5
2019.35 17033.9
2019.53 17043.8
2019.91 17040.8
2019.79 17027.6
2018.37 16979.8
2018.38 16997.4
2018.22 17005.7
2018.23 17007.1
2018.23 16997
2017.91 16988.2
2017.94 16956.2
2018.19 16957.3
2018.59 16927.1
2018.59 16883
2015.83 16941.1
2015.88 16939.7
2016.15 16947.2
2016.24 16964.1
2016.33 16958.4
2016.4 16956.5
2016.42 16955.5
2016.04 16957.1
2016.03 16932.4
2016.9 16932.3
2017.02 16923.3
2016.66 16928.5
2016.99 16934.9
2016.9 16908.3
2016.98 16908.1
2017.76 16986.2
2017.05 16903
2017.06 16896.3
2018.48 16885.4
2018.73 16894
2018.71 16912.4
2018.73 16940
2018.75 16937.6
2019.33 16947.7
2020.22 16970.3
2020.77 16964.2
2021.05 16981.9
2021.05 16992.6
2021.3 17005.6
2021.5 17009.5
2022.77 17071.1
2022.62 17052.3
2022.33 17035
2021.46 17031.8
2020.96 17047.1
2020.82 17045.1
2021.26 17052.7
2022.35 17038.6
2022.43 17051.5
2022.6 17084.5
2022.93 17072.4
2023.73 17024.7
2023.77 17075
2020.7 17153.6
2020.76 17244.2
2020.45 17252.9
2020.49 17259.8
2021.16 17369.2
2021.33 17379.7
2020.99 17426.5
2021.13 17427.5
2021.06 17424.5
2020.22 17433.4
2020.24 17429.5
2020.3 17427.1
2020.24 17420.8
2020.47 17409.9
2019.94 17674
2019.89 17726.2
2019.83 17722.3
2019.74 17709.3
2019.73 17693.9
2019.79 17696.1
2020.02 17682.6
2020.12 17673.8
2020.14 17681.9
2020.28 17694.1
2020.18 17691.7
2020.6 17707.1
2020.78 17708.7
2020.63 17705.3
2020.69 17705
2020.66 17709.4
2020.36 17716.1
2020.43 17723.1
2021.63 17787.6
2021.61 17775
2022.23 17786.1
2022.26 17781.9
2021.2 17759
2021.16 17769
2026.61 17805.5
2026.69 17830.1
2028.59 17828.5
2028.59 17816.9
2028.65 17829
2028.67 17826.8
2028.7 17823.7
2027.4 17855.1
2027.09 17859.5
2027.09 17860.5
2026.88 17846.4
2026.9 17821.9
2026.12 17839.2
2026.03 17821.4
2026.01 17833.1
2026.11 17854.9
2026.17 17872.9
2026.24 17886.4
2028.13 17885.4
2029.62 17894.8
2029.36 17888.3
2029.51 17892.1
2028.86 17935.2
2029.44 17920.9
2029.07 17913.8
2029.27 17926.4
2029.14 17914.2
2029.41 17920.3
2028.77 17865.3
2028.8 17878.9
2028.67 17867.1
2028.87 17872.5
2030.81 17826.8
2033.27 17879
2033.26 17820.1
2033.21 17804.7
2032.46 17754.3
2032.38 17757.6
2032.53 17757
2032.56 17740.9
2032.78 17741.8
2032.86 17692.1
2032.86 17706
2032.85 17733.5
2032.91 17727.5
2032.9 17731.5
2032.84 17741.5
2032.84 17737.8
2032.19 17741.4
2032.29 17742.4
2032.42 17734.3
2032.65 17749.7
2032.59 17744.8
2032.03 17713.6
2032.14 17641.8
2032.17 17630.9
2032.84 17655.2
2032.45 17659.7
2033.08 17607.5
2033.47 17624.9
2033.47 17653.2
2033.5 17645.4
2032.82 17668.6
2032.78 17648.1
2032.77 17622.5
2033.01 17609.6
2033.05 17597.2
2033.06 17588.3
2032.64 17618.5
2032.67 17597.2
2035.13 17589.6
2035.27 17479.9
2035.21 17453.6
2035.2 17439.5
2035.58 17454.8
2035.75 17457
2035.62 17447.7
2035.62 17450.5
2035.58 17435.6
2035.54 17428.2
2035.54 17429.4
2035.67 17427.9
2035.69 17425.9
2035.58 17423.5
2035.42 17425.3
2036.01 17411
2036.16 17389.8
2036.25 17394.7
2035.68 17387.5
2035.5 17310
2035.49 17302.7
2035.49 17307
2035.54 17312.1
2035.41 17318.3
2035.37 17323.9
2035.21 17317.6
2035.03 17268.4
2035.03 17278.3
2034.16 17294.8
2034.11 17295.6
2034.1 17280.6
2034.06 17284.1
2034.52 17295.4
2034.54 17295.4
2034.58 17304.3
2034.61 17302.8
2034.56 17313.1
2034.82 17308.4
2034.83 17321.3
2034.83 17283.9
2034.28 17248.3
2034.52 17246.8
2035.38 17249.2
2035.38 17273.4
2035.22 17267.2
2035.98 17297.7
2035.97 17294.4
2035.55 17265
2035.84 17296.6
2036.85 17330.8
2036.83 17306.4
2036.89 17293.5
2037.12 17282.1
2037.03 17282.4
2037.02 17263
2036.06 17256.7
2036.14 17256.3
2036.28 17260.7
2036.93 17241.3
2036.46 17227.7
2035.45 17220.7
2035.63 17232.1
2035.94 17227
2035.82 17233.2
2035.86 17239.8
2036.03 17251.4
2036.05 17245
2036.03 17247.4
2036.56 17272.2
2036.75 17279.5
2036.74 17274.1
2036.31 17268.6
2036.74 17265.5
2036.81 17261.7
2036.9 17257.6
2036.95 17254.2
2036.85 17290.3
2036.7 17283.2
2038.17 17278.4
2038.28 17299.7
