299.635 4.13964
389.087 7.14852
400.915 7.14852
416.201 7.14852
421.366 4.31007
421.425 4.9558
497.533 5.0988
507.017 5.13047
540.961 5.13748
569.214 5.13903
601.828 5.13938
602.999 5.13945
732.601 24.9053
794.553 32.8919
799.746 35.5627
807.381 35.373
809.759 112.734
847.617 121.187
871.07 112.455
920.924 113.466
924.956 128.485
940.632 162.317
970.332 153.957
1023.56 182.093
1023.97 179.696
1036.13 178.703
1039.4 180.597
1040.65 177.224
1075.98 178.77
1078.37 181.374
1204.6 349.907
1314.47 1166.83
1372.96 753.968
1505.54 2031.33
1515.67 1982.46
1537.55 1999.42
1539.77 2140.32
1548.28 2086.85
1587.08 2147.15
1597.24 2132.44
1590.34 2419.69
1593.51 2540.57
1598.62 2667.19
1600.73 2731.58
1683.71 3138.43
1682.02 3191.95
1703.24 3228.17
1703.99 3238.9
1753.18 3252.76
1752.65 3242.88
1753.94 3249.05
1771.46 3260.99
1734.55 3461.89
1735.07 3513.09
1736.96 3527.52
1746.77 3521.88
1756.6 3578.73
1752.48 3605.12
1754.53 3635
1522.82 5292.64
1524.08 5295.73
1525.28 5196.84
1521.59 5201.67
1515.35 5239.63
1517.57 5352.31
1516.65 5423.19
1480.62 5429.03
1481.02 5401.1
1564.52 5390.87
1539.12 5930.63
1547.63 6147.93
1545.08 6252.68
1553.28 6241.39
1583.33 6292.17
1574.32 6309.86
1574.65 6284.71
1527.02 6312.63
1522.36 6038.39
1547.28 5738.25
1630.76 6796.23
1631.02 6391.55
1623.26 6272.87
1648.53 6260.48
1682.04 6465.79
1687.33 6598.3
1673.78 6604.8
1673.63 6685.47
1659.91 6550.45
1647.67 6664.58
1647.6 6692.78
1647.93 6752.72
1645.24 7377.37
1645.08 7640.23
1628.72 7253.79
1619.28 7029.62
1652.12 7745.48
1662.3 8788.12
1662.19 8792.87
1652.25 9006.92
1651.96 8997
1653.75 8952.06
1654.79 8978.92
1657.01 8870.88
1657.94 8746.78
1621.64 8718.4
1620.08 8539.28
1650.69 9086.27
1625.73 8978.81
1624.32 8908.39
1624.3 8749.51
1629.69 8692.27
1626.87 9091.89
1624.96 9011.85
1600.86 8874.29
1600.35 8842.66
1621.34 9084.24
1595.73 9266.2
1596.64 9544.4
1668.64 10132.4
1665.23 9958.57
1666.67 9809.88
1653.28 10052.7
1655.31 10004.8
1658.25 9952.29
1680.84 10100.8
1669.86 9965.42
1673.89 10090.8
1672.41 10359.5
1685.11 10517.5
1683.92 10575.9
1676.36 10747.8
1676.51 10925.4
1685.75 11023.6
1685.77 11063.4
1685.77 11127.8
1754.41 11994.4
1754.28 11937.6
1791.26 12432.1
1783.47 12595.7
1788.76 12808
1805.66 12925
1806.79 13705.8
1804.14 13572.8
1804.68 13599.6
1804.63 13577.4
1804 13539.7
1813.89 13685
1803.48 13724.6
1802.14 13763.3
1777.77 13825.2
1778.39 13751.3
1778.39 13703
1779.25 13655.9
1779 13670.6
1778.83 13624.1
1786.53 13706.6
1781.7 13607.5
1791.02 13792.4
1791.31 13580.3
1791 13354.9
1786.94 14022
1786.35 13900.2
1786.42 13838.4
1812.9 14082.4
1811.14 13861.4
1812.48 13735.2
1812.22 13590.3
1816.28 13633.3
1816.31 13522.9
1815.6 13366
1817.18 13315.8
1816.07 13233.8
1816.58 13089.2
1814.43 12993.9
1816.76 13022.9
1816.91 13429
1808.84 13271.2
1808.08 13196.5
1808.1 13135
1815.8 13396.1
1811.75 13343.7
1811.86 13314.5
1811.25 13300.5
1814.56 13295.5
1814.79 13262.2
1823.62 13345.9
1823.09 13363.5
1820.87 13326.2
1820.88 13317.5
1821.22 13323.6
1818.81 13348.3
1818.49 13408.3
1814.28 13395
1811.77 13425.4
1812.71 13715.8
1812.33 13882.1
1809.81 13973.2
1807.98 14051.2
1821.93 14116
1822 14138.8
1821.34 14168.5
1822.49 14210.5
1831.05 14212.1
1830.96 14203.3
1820.77 14606.4
1817.01 14443.7
1816.66 14391
1815.98 14641.1
1812.71 14673.6
1812.84 14745.5
1826.83 14831.2
1832.73 14971.5
1843.97 15295.8
1842.79 15327.7
1843.38 15344.7
1845.92 15401.2
1845.98 15368.3
1849.18 15429.9
1854.91 15255.8
1855.39 15283.8
1852.76 15483
1848.05 15458.9
1847.76 15475.1
1849.48 15469.9
1850.03 15544
1853.14 15585.7
1854.48 15573.5
1853.59 15558.4
1840.95 15579.4
1849.99 15779.4
1849.75 15809.7
1849.78 15851.3
1827.01 16215.3
1825.84 16064.9
1828.44 16196.7
1828.02 16248.8
1828.48 16231.7
1832.18 16194.4
1833.21 16156
1832.96 16116.1
1831.23 16138
1831.23 16140.4
1831.28 16135.1
1829.81 16212.6
1828.96 16189.8
1828.67 16208.1
1823.54 16322.3
1823.72 16384.4
1822.62 16428.5
1816.59 16333.6
1815.5 16381
1814.93 16385.7
1815.96 16425.1
1817.9 16380.3
1819.72 16394.9
1809.42 16453.3
1809.18 16467.8
1813.82 16518.3
1812.69 16457
1812.19 16421.4
1810.47 16440
1814.25 16497.3
1816.86 16560.6
1813.79 16503.9
1813.74 16491
1812.79 16507.5
1814.04 16655
1814.04 16602.6
1814.63 16583.4
1816.28 16562.9
1816.1 16563.8
1816.15 16417.4
1815.07 16323
1814.79 16316.6
1805.78 16301.7
1797.55 16427.3
1807.46 17171.3
1809.19 17431
1809.46 17419.7
1809.21 17422.2
1810.97 17470.1
1810.28 17435.1
1809.31 17428.9
1809.52 17410.8
1813.79 17441.3
1819.32 17369.2
1815.03 17306.8
1814.62 17164
1813.57 17004.7
1813.56 16939.9
1813.23 16867.5
1815.34 16867.5
1820.27 17047.1
1819.36 17227.7
1817.89 17451.3
1817.85 17563.1
1793.22 17269.4
1793.4 17223.3
1793.25 17233.4
1786.61 16989.1
1755.35 17042.8
1755.73 17921.4
1756.18 17360.6
1756.92 17129.9
1760.35 16993.1
1760.88 16948.4
1760.81 16940
1759.42 16879.5
1760 16942.9
1757.52 16907.5
1757.59 16893.7
1758.37 16892.6
1756.56 16887.6
1757.41 16855.8
1756.23 16878.4
1755.81 16877
1753.45 16987.2
1760.37 17199.4
1761.99 17259.7
1761.98 17221.4
1762.34 17228.2
1760.87 17221.5
1760.77 17222.7
1764.24 17272.3
1764.12 17246.3
1759.94 17522.2
1761.99 17561.5
1761.43 17532
1748.78 17419.6
1748.51 17396.1
1752.89 17436.5
1752.7 17459.2
1753.04 17471.9
1753.68 17498.6
1753.57 17499.6
1753.42 17499.5
1750.93 17465.2
1750.9 17486.8
1751.5 17569.6
1751.15 17612.5
1751.56 17612
1751.53 17643
1752.54 17680.9
1750.56 17641.8
1753.65 17713.6
1753.11 17748.7
1752.86 17793
1751.97 17803.5
1751.76 17775.9
1751.87 17781.1
1751.88 17784.2
1752.33 17796.7
1750.37 17813.3
1750.32 17815
1743.87 18001.1
1743.88 17948.6
1739.04 17865.8
1738.32 17883.5
1738.64 17887.5
1738.63 17892.8
1738.78 17876.7
1737.62 17958.5
1736.57 17969.6
1734.37 17973.7
1736.27 18028.5
1744 18113.6
1746 18120.4
1749.79 18164.6
1749.75 18126.9
1750.69 18204.5
1755.38 18213.2
1755.05 18202.6
1755.02 18215.2
1755.73 18259
1754.27 18252.8
1754.23 18162.4
1755.65 18146.4
1756.17 18088.3
1753.52 18049
1758.85 18098.1
1758.23 18019
1758.19 18026.3
1759.1 18022.3
1758.86 18046.3
1759.23 18044.2
1759.52 18025.4
1759.78 18028.1
1760.96 17984.2
1761.92 17984.9
1762.36 17954.8
1762.48 17949.9
1763.07 17947
1763.7 17982.4
1763.51 17962.7
1763.49 17978.1
1763.16 18008.1
1763.7 18021.9
1763.67 18015.8
1760.98 18080.3
1757.38 18102.3
1759.85 18041.5
1758.79 18045.7
1761.49 18051.5
1752.46 17979.9
1752.4 17963
1752.44 17971.8
1752.39 17971.5
1752.47 17977.2
1754.04 18002.8
1754.03 18006.4
1756.31 18011
1754.71 17987.1
1757.34 17932.8
1755.32 17987.3
1756.04 18017.4
1758.58 18104.9
1758.5 18146.8
1756.7 18166.4
1756.8 18264.1
1756.87 18350.7
1755.05 18396.4
1755.5 18437
1755.51 18450.8
1755.67 18441.6
1756 18460.2
1758.49 18457.5
1757.58 18438.4
1757.56 18389.9
1756 18312.8
1756.78 18264.5
1756.96 18233.2
1757.16 18240.7
1759 18229.9
1760.73 18254
1762.42 18233.8
1762.48 18252.7
1758.29 18201.9
1757.87 18188.5
1760.98 18134.5
1761.05 18144.6
1761.06 18160.8
1761.67 18193.4
1761.74 18194.1
1762.35 18191.9
1760.69 18144.1
1760.71 18139
1760.59 18116
1760.58 18102.3
1760.06 18117.2
1760.07 18124.1
1758.93 18336.2
1754.41 18485.8
1754.55 18437.2
1754.69 18422.6
1753.45 18407.8
1753.08 18375.5
1755.02 18354
1754.55 18502.9
1754.54 18589.8
1754.91 18577.7
1754.83 18567.6
1754.61 18529
1753.85 18536.9
1754.41 18532.5
1754.58 18528.1
1752.61 18507.9
1751.58 18515.3
1751.57 18563.9
1751.54 18558.4
1752.13 18566.7
1752.34 18583.9
1754.88 18700.2
1752.8 18792.3
1752.66 18821
1751.31 18828.4
1751.41 19025.2
1755.19 19099.3
1755.43 19152.8
1755.25 19167.5
1753.67 19170.6
1753.65 19183.2
1754.42 19201.3
1754.83 19188.7
1754.25 19157.5
1754.27 19170
1753.82 19146.5
1753.82 19141.3
1753.29 19163.1
1754.13 19179.5
1754.19 19190.6
1752.83 19196.7
1753.01 19183.8
1750.79 19278.2
1751.06 19302
1760.34 19413.1
1751.82 19793.3
1751.63 19673.6
1751.62 19382.6
1751.2 19255.2
1745.51 18873.3
1745.41 18997.9
1745.41 18946.9
1743.65 18910.7
1746.43 18898.7
1746.46 18890.4
1746.89 18896.3
1747.01 18873.9
1749.73 18952.4
1749.43 18949.3
1749.08 18937.3
1748.94 19049.4
1748.04 18985
1748.16 19010.7
1748.11 19021.9
1747.03 19025.2
1746.52 19015.4
1746.61 19040.6
1746.43 19040.7
1746.35 19046.2
1746.13 18990.7
1746.09 18984.5
1746.95 19018.6
1747.07 19027.7
1746.61 19050
1724.62 18975
1726.24 19000.5
1726.22 18984.1
1726.21 19010.8
1727.29 19005.2
1726.92 18999.8
1727.7 18990.5
1728.4 18984.6
1728.46 18981.8
1728.51 18994.9
1728.41 19037.5
1728.99 19287
1728.44 19470.5
1729.25 19562.8
1728.8 19576.9
1727.06 19529
1725.82 19527.1
1726.09 19378.3
1724.66 19346.6
1724.79 19342.7
1724.54 19345.3
1724.42 19369.8
1725.15 19178.4
1725.1 19106.2
1725.01 19118
1725.45 19137.6
1727.15 19187.9
1726.91 19165.1
1726.89 19159.1
1727.48 19184.4
1725.85 19152.9
1726.4 19190.1
1726.24 19188.3
1726.42 19157.3
1727.61 19157.8
1727.61 19169
1726.73 19159.7
1727.14 19171.2
1727.1 19169.3
1727.33 19199.1
1726.98 19171.6
1728.16 19204
1728.8 19206.9
1729.55 19285
1728.55 19267
1728.56 19322.2
1728.82 19365
1729.12 19381.1
1728.88 19413.7
1728.93 19461.8
1729.05 19470.7
1728.9 19513.5
1728.48 19641.6
1728.05 19672.1
1728.09 19736.8
1727.8 19736.2
1729.43 19739.6
1729.33 19713.9
1729.34 19709.9
1729.35 19715.1
1729.4 19729.5
1729.51 19722.9
1729.86 19743
1730.08 19739.3
1731.15 19729
1731.38 19726.9
1731.41 19723.4
1731.39 19727.4
1731.78 19773.9
1731.96 19760.3
1731.19 19754.9
1731.8 19750
1731.84 19761.5
1733.09 19786.2
1733.28 19754.9
1733.26 19727.4
1734.21 19781.9
1734.36 19807.7
1733.89 19826.8
1734.04 19839.6
1734.44 19849.5
1735.24 19885.8
1735.03 19868.1
1735.66 19910.4
1735.5 19927.9
1735.55 19941.1
1737.1 19977.4
1735.56 20070.9
1731.37 20142.9
1731.35 20205.4
1731.34 20226.2
1731.38 20217.5
1731.91 20208
1731.16 20206.5
1732.32 20158.4
1732.22 20125
1734.23 20093.3
1734.26 20080.4
1734.06 20057.5
1734.3 20042.2
1733.26 20061.8
1732.7 20069.9
1732.2 20074.7
1731.28 20084.7
1731.19 20099.2
1732.03 20091.6
1732.55 20100.1
1732.08 20107
1732.33 20105.3
1729.58 20141.8
1729.92 20153.7
1730.36 20145.2
1729.91 20157.5
1730.08 20155
1729.45 20103.3
1729.2 20162.6
1730.01 20205.9
1730.01 20203.9
1729.47 20217.3
1730.8 20214
1731.48 20264.7
1731.73 20271.9
1731.78 20269.1
1731.93 20247.7
1731.37 20278.3
1730.26 20272.2
1730.08 20210.1
1730.08 20193.6
1730.37 20163.2
1728.68 20238.6
1731.69 20262.7
1732.29 20296.3
1731.29 20241
1731.26 20282
1731.24 20289.4
1731.36 20285.9
1730.83 20283.9
1731.07 20281.2
1731.24 20267.3
1731.06 20268.5
1734.39 20308.2
1734.36 20315
1733.97 20280.1
1733.97 20286.1
1733.93 20289.2
1733.52 20274.7
1734.04 20273
1733.81 20260.6
1735.79 20257.4
1735.83 20283.3
1735.58 20277.5
1735.63 20280.8
1735.64 20282.2
1735.96 20274.4
1736.16 20285.4
1736.12 20302.3
1736.98 20375.1
1736.79 20429.3
1737.6 20409.3
1737.65 20416.8
1737.81 20438.7
1737.85 20426.2
1737.83 20443.5
1738.21 20449.5
1738.22 20457.8
1735.37 20450.9
1735.38 20457.6
1735.11 20537.8
1735.42 20518.2
1735.56 20497.7
1735.41 20485
1735.23 20453.6
1736.35 20452.1
1736.36 20455.8
1736.5 20460
1736.55 20441.9
1737.43 20428.1
1738.39 20457.8
1738.48 20462.5
1738.34 20469.9
1737.96 20438.5
1738.95 20452.5
1739.77 20458.6
1738.53 20475.6
1738.56 20477.6
1739.29 20562.6
1739.16 20549.1
1739.15 20458.4
1740.25 20422.4
1739.39 20404.4
1739.55 20426.2
1739.39 20428.5
1739.75 20431.1
1740.99 20435.6
1741.46 20461.5
1743.43 20481.7
1743.24 20572.7
1743.09 20586.4
1743.09 20594.8
1743.43 20632.1
1743.54 20616.2
1743.9 20639.5
1743.58 20656.5
1743.78 20657.1
1743.79 20654.4
1743.87 20632.7
1743.59 20636.6
1742.84 20622.8
1742.89 20625.6
1743.42 20622.4
1743.42 20597.5
1743.92 20579.8
1745.27 20580.9
1745.25 20577.7
1744.7 20582.6
1744.95 20594.1
1744.88 20611.2
1743.86 20632.3
1744.5 20635.6
1744.42 20644.9
1744.57 20634.9
1745.11 20455.1
1745.05 20459.8
1735.97 20424.3
1735.9 20467.1
1736.47 20473.1
1736.54 20464.8
1735.97 20535.3
1736.31 20602.2
1736.05 20608.7
1735.66 20773
1735.65 20703.4
1735.7 20704.8
1735.52 20723.2
1735.43 20745.4
1735.53 20757.5
1735.26 20771.5
1735.3 20778.4
1735.32 20765.5
1735.15 20765.4
1735.63 20761.7
1735.34 20760.1
1735.49 20760.8
1735.47 20758.7
1732.91 20746.2
1733.13 20750
1732.83 20752.5
1733.06 20762.8
1732.87 20782
1732.55 20762.9
1732.58 20770.5
1732.56 20793.3
1732.38 20771.4
1732.55 20786.2
1735.61 20851.7
1735.95 20831.7
1736.42 20804.6
1736.61 20785
1737.76 20777.3
1737.86 20786.2
1737.99 20778.9
1738.04 20774
1738.18 20769.2
1739.09 20760
1738.84 20702.2
1738.82 20704.3
1739.24 20709.9
1739.26 20704.7
1739.32 20711.3
1739.32 20723.6
1739.01 20748.4
1738.87 20765.4
1738.6 20755.6
1739.12 20765.4
1739.27 20772.7
1739.76 20772
1741.57 20794.6
1741.11 20804.2
1740.29 20802.7
1741.13 20820.9
1741.19 20850.2
1740.43 20864.6
1741.03 20890.1
1741.05 20879.4
1740.77 20872.9
1737.04 20817
1737.24 20798.7
1736.8 20849.8
1736.92 20855.7
1736.76 20866
1736.74 20868.6
1729.79 20870.4
1731.01 20869.7
1730.7 20864.5
1730.95 20855.8
1731.23 20859.6
1731.22 20858.4
1731.47 20849.6
1731.61 20858.1
1731.49 20860.6
1731.68 20867.1
1732.3 20852.6
1731.71 20860.2
1732.17 20875.7
1731.82 20871.4
1731.79 20866.7
1731.46 20857.3
1729.7 20789.1
1729.85 20830.6
1730.05 20850.5
1730.03 20862.1
1730.25 20871.8
1730.94 20872.8
1731.16 20871.7
1731.23 20852.7
1730.47 20878
1731.02 20872
1732.05 20869.2
1731.82 20865.9
1721.59 21010.2
1721.85 20824
1721.73 20803.1
1721.75 20798.7
1724.49 20805.6
1724.59 20816.8
1724.71 20824.7
1724.68 20827.2
1725.32 20820.2
1724.64 20774.5
1724.62 20855.1
1725.49 20870.9
1725.61 20876.8
1726.47 20881.8
1726.5 20877.8
1726.16 20852.8
1725.82 20833.7
1725.75 20831.7
1725.42 20825.2
1725.52 20838.6
1725.23 20857.6
1724.12 21056.7
1723.75 20965
1723.38 20923.7
1723.13 20934.7
1722.84 20932.1
1722.72 20957.2
1722.11 20965.1
1721.55 20965.2
1721.79 20969.6
1721.85 20966.2
1722.13 20965.6
1722.19 20970.6
1722.19 20964.8
1723.22 21087.3
1723.57 21088.2
1724.15 21097
1724.31 21086.2
1724.83 21097.8
1725.71 21123.2
1725.7 21124.1
1725 21164.7
1726.41 21187.1
1726.42 21206.5
1725.88 21226.1
1726.84 21224
1725.38 21211.7
1725.24 21217.7
1724.17 21271.1
1724.17 21278
1723.71 21279.3
1723.93 21278.5
1723.98 21296.8
1723.8 21226.8
1723.8 21213.4
1724.21 21225.5
1724.44 21237.4
1724.02 21252.7
1724.1 21262.4
1724.44 21246.5
1724.44 21240
1724.45 21250
1724.43 21256.4
1724.41 21257.4
1724.84 21244.8
1725.15 21239.8
1726.39 21200.9
1727.42 21203.3
1727.49 21192.8
1724.09 21163.8
1724.05 21200.3
1724.01 21209.4
1716.95 21167.5
1716.87 21149.6
1713.58 21256.2
1713.44 21247.2
1713.44 21264.2
1713.49 21257.8
1713.98 21273.2
1713.71 21269.3
1713.87 21253.3
1712.35 21325
1712.8 21358.5
1712.77 21356
1712.54 21355.7
1712.6 21356.3
1712.58 21344.8
1712.76 21346.2
1712.79 21340.3
1712.88 21400.2
1714.1 21303.3
1715.13 21336.3
1715.31 21349.6
1714.63 21306.7
1714.47 21335.5
1714.24 21361.2
1714.13 21344
1713.98 21396.2
1713.88 21335.6
1713.91 21316.6
1714.82 21295.5
1714.83 21281.5
1715.26 21282.4
1712.95 21232.9
1712.86 21277.9
1712.83 21268.4
1712.76 21294.2
1711.9 21269.1
1712.35 21293.7
1712.09 21302.5
1715.44 21318
1715.48 21299
1715.5 21321
1715.28 21310.4
1715.3 21309
1715.28 21312
1714.21 21306.5
1715.96 21299.7
1715.86 21314.5
1715.92 21328.1
1715.91 21309
1715.89 21307
1715.19 21312.1
1715.19 21325.8
1715.23 21329.9
1714.66 21319.4
1714.69 21326.3
1715.01 21334.3
1714.93 21331.6
1714.58 21350.6
1714.65 21353.2
1714.59 21359.5
1714.58 21354.3
1712.79 21341.8
1712.76 21343.7
1712.92 21341
1712.94 21330
1713.06 21355.2
1713.23 21337.8
1713.77 21287.8
1713.73 21259.5
1713.32 21264.4
1713.92 21272.8
1713.8 21270.5
1714.69 21297.5
1714.77 21294.1
1714.81 21293.1
1714.77 21296.7
1719.09 21327
1719.03 21340.5
1719.3 21352.3
1719.46 21356.6
1719.63 21369.2
1720.25 21334.9
1720.42 21327.2
1720.53 21304.4
