350.125 7.22504
362.21 7.15646
421.228 7.13471
432.359 7.12364
435.369 7.11716
627.649 46.1913
627.789 46.1879
647.421 46.1846
696.284 49.5072
798.944 60.8368
798.944 60.6149
902.891 81.7997
919.249 92.1161
932.866 91.3963
938.922 91.0631
976.978 94.6961
984.83 93.1794
1028.01 103.611
1028.25 103.383
1089.29 98.3673
1147.68 205.939
1170.93 215.348
1187.55 221.449
1187.6 227.769
1229.42 170.224
1277.59 177.252
1275.01 184.921
1338.75 249.81
1343.95 256.832
1342.29 273.973
1388.46 279.972
1424.89 316.68
1444.95 357.901
1459.56 360.072
1460.97 505.811
1501.7 495.752
1497.74 520.516
1502.46 494.234
1515.85 564.025
1516.84 656.312
1512.56 665.023
1545.43 684.815
1548.93 753.369
1546.74 693.327
1614.43 698.964
1617.08 699.212
1661.74 756.188
1693.63 708.118
1722.85 657.147
1721.42 697.828
1753.08 759.232
1750.36 803.065
1753.61 837.737
1753.8 838.14
1754.46 832.056
1753.73 820.624
1753.6 772.051
1753.48 806.951
1768.38 815.301
1768.67 807.434
1773.19 873.178
1785.29 906.539
1789.59 906.464
1786.38 927.957
1824.45 934.994
1825.18 930.824
1836.08 1016.53
1833.03 998.527
1846.22 1151.92
1847.49 1129.6
1853.19 1211.52
1865.57 1228.32
1865.94 1231.9
1862.28 1231.08
1861.87 1283.12
1890.11 1347.69
1882.09 1480.36
1877 1555.1
1877.41 1628.73
1877.11 1700.51
1876.88 1730.05
1916.84 1958.92
1920.73 1975.3
1921.17 1968.05
1920.64 1964.63
1921.53 1928.54
1923.45 1951.29
1929.04 1956.23
1922.86 1901.77
1925.83 1931.19
1925.21 1968.04
1923.77 1968.37
1934.05 1953.9
1933.89 1967.51
1934.22 1968.5
1948.83 2065.77
1967.47 2240.19
1967.24 2326.35
1966.66 2367.83
1966.71 2465.31
1966.03 2445.16
1966.25 2450.25
1973.41 2545.89
1970.63 2566.15
1972.46 2480.37
1972.45 2456.48
1972.57 2471
1971.87 2494.02
1996.95 2476.15
1997.02 2455.91
1995.26 2438.84
1995.92 2479.17
1998.6 2508
2002.96 2531.14
2009.26 2678.44
2009.31 2719.28
2007.98 2765.89
2019.03 3086.43
2018.82 3030.46
2022.56 3133.09
2025.06 3123.88
2025.58 3175.87
2024.11 3260.63
2028.35 3382.83
2031.61 3415.87
2043.28 3498.26
2042.06 3366.94
2041.81 3335.48
2041.46 3377.8
2039.16 3456.03
2040.28 3527.2
2037.88 3559.86
2040.22 3576.3
2022.22 4163.22
2022.38 3673.73
2025.26 3398.48
2022.62 3378.08
2020.35 3322.85
2018.3 3298.37
2020.97 3285.63
2020.94 3278.77
2021.64 3267.14
2021.27 3276.03
2037.46 3330.81
2037.22 3351
2037.25 3354.24
2038.06 3458.8
2038.33 3440.71
2038.67 3416.13
2040.75 3429.61
2040.57 3433.72
2039.58 3436.04
2041.49 3488.52
2041.73 3496.07
2044.01 3482.93
2044.04 3478.3
2043.54 3484.82
2043.6 3485.34
2043.82 3470.77
2043.93 3453.75
2049.01 3361.19
2047.08 3344.59
2044.51 3358.89
2046.16 3402.15
2046.46 3407.72
2047.81 3443.92
2047.73 3451.79
2047.66 3496.9
2048.27 3506.31
2047.13 3508.51
2073.86 3565.01
2075.56 3568.18
2075.56 3568.91
2076.45 3602.32
2076.53 3614.41
2076.55 3637.99
2075.94 3652.54
2078.83 3669.72
2076.34 3680.37
2076.36 3688.73
2079.37 3582.62
2079.72 3562.24
2080.37 3579.14
2079.23 3572.93
2079.67 3572.21
2079.49 3574.93
2079.34 3589.57
2079.46 3623.81
2082.56 3623.44
2085.38 3637.06
2085.35 3615.99
2084.27 3618.58
2087.13 3592.78
2087.21 3569.2
2088.87 3517.5
2089.17 3484.2
2088.97 3469.97
2088.43 3461.14
2089.62 3456.55
2090.56 3406.78
2090.85 3406.43
2090.73 3392.55
2091.1 3391.94
2091.39 3387.58
2091.44 3395.16
2091.94 3400.67
2091.31 3402.85
2092.43 3423.63
2091.16 3444.01
2091.42 3444.79
2092.15 3449.66
2091.63 3448.16
2090.74 3457.78
2091.02 3461.61
2091.12 3469.41
2094.85 3505.87
2094.96 3538.38
2094.64 3559.27
2095.15 3559.46
2095.09 3506.77
2097.43 3465.47
2097.21 3430.7
2096.77 3413.55
2096.76 3402.16
2096.36 3397.48
2095.93 3396.98
2095.77 3400.74
2095.89 3402.3
2095.89 3374.86
2095.89 3356.93
2095.59 3346
2095.97 3347.71
2096.29 3335.19
2096.36 3321.73
2096.42 3310.97
2095.02 3300.42
2094.78 3267.88
2094.78 3262.37
2095.07 3246
2095.56 3239.76
2098.98 3263.16
2098.86 3266.49
2098.89 3289.42
2100.28 3293.19
2100.11 3303.82
2099.85 3315.33
2100.86 3319.06
2099.57 3326.14
2100.02 3324.36
2100.2 3333.24
2098.18 3367.06
2098.2 3388.55
2096.8 3415.39
2097.24 3397.98
2097.54 3396.82
2097.48 3397.27
2096.91 3445.28
2097.26 3450.93
2096.75 3430.02
2098.36 3396.57
2100.98 3289.82
2101.43 3204.53
2100.47 3171.45
2099.85 3158.54
2100.08 3185.37
2099.63 3192.24
2099.24 3192.84
2099.06 3232.22
2098.59 3249.63
2100.12 3264.84
2101.09 3292.73
2100 3320.13
2100.17 3342.13
2101.57 3362.4
2101.38 3371.56
2102.69 3378.41
2102.63 3384.83
2102.56 3405.41
2102.66 3417.1
2102.65 3417.81
2102.68 3437.9
2102.56 3460.33
2103.04 3480.53
2103.52 3476.1
2103.89 3488.79
2103.44 3495.81
2105 3502.16
2105.26 3495.8
2104.2 3503.36
2104.2 3511.65
2104.78 3513.7
2104.08 3521.79
2104.43 3561.67
2104.55 3583.21
2102.55 3533.51
2103.75 3547.43
2104.49 3553.51
2104.58 3564.4
2105.6 3586.15
2104.68 3592.18
2104.62 3575.4
2104.87 3579.64
2104.81 3582.65
2104.98 3584.81
2104.73 3582.21
2104.77 3579.13
2104.93 3576.9
2104.84 3577.13
2104.87 3581.04
2105.04 3586.39
2105.03 3588.55
2106.62 3561.78
2106.43 3545.98
2105.24 3563.42
2105.29 3592.15
2107.25 3595.69
2107.38 3610.18
2107.94 3622.91
2107.63 3601.26
2107.58 3576.66
2107.53 3581.25
2106.92 3604.33
2107.32 3623.87
2107.34 3643.15
2103.49 3688.79
2103.64 3753.22
2103.63 3782.21
2103.71 3796.99
2103.96 3809.22
2103.83 3813.57
2104.98 3822.43
2104.5 3822.14
2105.49 3846.83
2105.08 3858.13
2105.12 3881.26
2103.04 3923.67
2103.08 3929.1
2102.73 3925.92
2103.27 3914.34
2103.15 3905.49
2102.36 3864.96
2102.75 3780.46
2102.72 3745.93
2102.67 3722.95
2102.83 3698.31
2102.8 3692.17
2102.94 3700.32
2102.49 3691.83
2108 3693
2108.07 3710.63
2107.49 3746.4
2107.56 3768.65
2107.89 3784.76
2108.48 3800.87
2108.89 3811.13
2109.93 3816.99
2108.33 3819.58
2107.96 3829.72
2108.09 3843.2
2108.23 3843.53
2108.05 3841.08
2108.35 3851.8
2108.07 3844.14
2108.06 3845.64
2108.06 3841.25
2107.07 3844.92
2105.12 3851.68
2105.09 3897.38
2105.11 3886.68
2105.06 3869.68
2102.93 3862.79
2102.93 3827.29
2103.05 3810.9
2102.55 3812.28
2102.41 3813.99
2102.61 3818.76
2103.18 3832.99
2102.54 3862.2
2104.12 3874.73
2104.65 3890.91
2104.03 3919.45
2103.99 3940.82
2104.09 3956.09
2104.67 3969.91
2106.03 3971.63
2106.01 3974.26
2106.05 3989.21
2106.02 3989.4
2107.36 3985.03
2107.34 3985.9
2107.34 3985.12
2107.41 3982.42
2107.69 3979.97
2106.35 3985.6
2106.43 4012.89
2106.31 4019.28
2105.67 4025.43
2105.59 4019.36
2105.58 4001.25
2106.15 4019.73
2104.89 4012.86
2105.11 4028.2
2104.9 4037.2
2104.9 4046.4
2104.86 4044.53
2105.27 4044.71
2106.94 4038.57
2107.06 4047.93
2107.11 4050.14
2107.85 4052.43
2107.92 4065.18
2108.05 4069.14
2106.88 4069.75
2106.56 4062.53
2106.84 4060.71
2108.17 4046.82
2108.19 4028.86
2108.06 4051.73
2108.13 4041.44
2107.98 4014.97
2107.32 3993.69
2107.88 3992.5
2108.09 3986.45
2107.3 3973.09
2107.1 3975.02
2107.32 3982.99
2107.27 4001.44
2107.83 4012.2
2107.84 4022.68
2107.85 4027.55
2107.78 4029.13
2108.26 4019.11
2107.91 4022.93
2107.88 4025.34
2108.74 4020.43
2108.53 4012.55
2108.48 4022.69
2108.15 4021.1
2108.5 4028.25
2107.55 4054.29
2108.03 4074.99
2108.24 4083.99
2108.27 4094.52
2108.27 4089.35
2108.39 4091.83
2108.31 4098.51
2108.13 4109.71
2108.78 4111.25
2109.44 4123.21
2108.7 4126.24
2109.3 4133.94
2106.79 4197.33
2106.6 4224.59
2106.43 4242.49
2105.81 4276.73
2106.52 4282.81
2106.4 4277.4
2106.39 4278.23
2104.92 4286.08
2104.94 4267.97
2104.92 4261.86
2107.73 4284.64
2107.75 4274.81
2107.94 4272.49
2107.55 4278.75
2107.84 4269.37
2107.21 4273.76
2106.68 4250.9
2106.87 4252.07
2107.31 4260.51
2107.22 4262.2
2107.22 4259.08
2107.05 4232.2
2107.29 4214.16
2105.77 4246.58
2106.25 4247.89
2106.36 4249.68
2105.83 4251.46
2105.74 4259.8
2103.11 4303.06
2103.75 4298.08
2101.9 4281.21
2101.97 4290.07
2101.67 4284.76
2102.9 4275.49
2102.61 4304.39
2102.61 4312.17
2102.67 4312.9
2102.75 4322.76
2103.07 4336.19
2103.11 4338.06
2103.07 4339.62
2103.11 4349.07
2103.12 4352.53
2103.11 4352.46
2103.13 4352.79
2104.21 4371.82
2104.2 4380.4
2104.36 4370.79
2104.33 4372.11
2104.25 4380.47
2104.25 4388.32
2104.11 4383.07
2104.02 4374.33
2104.02 4366.52
2103.94 4354.64
2104.02 4342.03
2103.69 4304.16
2103.73 4306.38
2103.58 4280.32
2103.87 4274.93
2103.07 4268.21
2103 4255.38
2103.02 4258.77
2103.49 4264.01
2103.53 4274.76
2103.61 4268.65
2103.07 4277.5
2101.63 4280.05
2101.59 4287.15
2101.85 4299.95
2101.8 4313.3
2101.79 4322.61
2101.8 4332.04
2101.79 4341.02
2101.77 4344.99
2099.8 4337.26
2100.05 4351.56
2099.71 4354.64
2099.13 4348.7
2099.06 4345.94
2099.06 4343.11
2099.12 4340.64
2099.07 4341.51
2097.14 4381.96
2096.6 4391.88
2096.71 4392.12
2096.01 4370.37
2096.08 4349.78
2096.08 4341.6
2096.08 4343.17
2096.14 4342.94
2095.06 4337.43
2095.2 4351.71
2095.78 4358.74
2095.86 4356.59
2095.79 4348.58
2095.74 4345.02
2096.56 4354.02
2096.58 4377.27
2096.78 4383.15
2096.69 4380.78
2096.76 4377.88
2096.72 4372.34
2096.68 4361.48
2097.66 4349.89
2097.9 4328.67
2097.93 4320.9
2096.51 4324.02
2096.5 4328.42
2096.31 4326.66
2096.32 4323.81
2095.37 4333.86
2094.81 4356
2094.19 4316.54
2094.48 4282.7
2094.57 4271.68
2094.09 4254.59
2094.16 4246.79
2094.38 4250.51
2094.38 4250.14
2094.4 4250.96
2093.53 4253.31
2094.18 4279.73
2094.19 4284.11
2094.51 4293.11
2094.19 4286.35
2094.36 4297.08
2093.24 4316.1
2093.49 4322.57
2093.93 4336.75
2093.86 4338.67
2093.99 4343.92
2093.92 4351.08
2094.61 4365.53
2094.94 4363.26
2095.23 4365.2
2093.56 4389.62
2093.41 4395.04
2093.17 4392.34
2092.84 4378.84
2092.98 4373.64
2092.86 4364.63
2091.53 4362.23
2091.25 4353.98
2091.26 4341.1
2091.46 4345.39
2091.95 4364.61
2092.44 4380.05
2092.5 4395.12
2094.13 4384.93
2094.32 4367.69
2094.78 4365.78
2094.55 4368.33
2094.56 4365.73
2094.54 4366.64
2094.3 4370.26
2094.33 4358.18
2094.32 4354.82
2093.92 4361.2
2093.9 4359.3
2093.32 4354.81
2093.14 4355.07
2093.53 4354.79
2093.46 4356.92
2093.53 4351.35
2093.53 4346.36
2093.54 4339.69
2093.91 4346.86
2093.94 4342.47
2093.64 4326.17
2093.42 4326.11
2093.86 4316.86
2093.58 4318.24
2093.95 4323.37
2093.93 4331.93
2094.03 4336.19
2093.71 4335.42
2093.97 4320.81
2093.97 4299.41
2093.97 4292.15
2094.15 4287.45
2094.07 4288.17
2094.06 4287.23
2093.53 4301.49
2093.43 4308.06
2093.03 4280.55
2092.86 4272.83
2092.7 4310.91
2092.71 4319.9
2092.7 4327.46
2092.93 4329.85
2092.78 4342.87
2092.26 4366.49
2092.23 4376.52
2091.8 4374.07
2091.8 4372.95
2091.7 4380.48
2091.35 4379.04
2091.12 4389.87
2093.15 4403.26
2092.97 4414.51
2093.23 4413.04
2093.08 4423.56
2092.77 4422.68
2093.04 4422.26
2093.08 4410.17
2092.35 4435.71
2092.35 4441.92
2092.35 4438.52
2092.43 4435.57
2095.12 4433.01
2095.12 4408.62
2095.02 4400.54
2095.25 4424.39
2095.22 4409.48
2095.16 4391.71
2095.11 4377.95
2095.14 4373.37
2095.2 4343.04
2095.68 4323.47
2095.62 4268.33
2096.22 4272.38
2096.24 4279.25
2096.26 4278.04
2095.11 4285.47
2095.17 4275.63
2094.88 4261.41
2094.92 4256.06
2094.77 4254.75
2095.23 4226.97
2093.82 4202.45
2094.47 4150.59
2093.99 4124.52
2093.13 4116.69
2093.1 4111.2
2092.98 4114.13
2093.08 4153.52
2093.31 4157
2093.37 4156.95
2093.93 4163.62
2094.57 4158.31
2095.02 4174.81
2094.86 4167.97
2095.24 4148.2
2095.21 4161.87
2095.47 4068.79
2094.49 4040.37
2094.24 4050.86
2093.97 4076.61
2093.88 4097.11
2093.9 4111.61
2094.03 4119.64
2094.06 4124.9
2093.92 4131.63
2093.86 4149.87
2093.82 4160.81
2093.93 4161.08
2093.93 4165.51
2093.98 4174.83
2095 4187.93
2094.61 4168.02
2094.68 4162.27
2094.44 4176.57
2094.08 4194.6
2094 4209.83
2093.28 4225.75
2093.36 4230.72
2093.24 4237.39
2093.39 4240.29
2093.58 4234.94
2093.61 4209.21
2093.62 4201.23
2093.81 4194.48
2093.67 4192.01
2093.5 4202.64
2093.57 4209.85
2093.72 4213.61
2093.85 4211.12
2094.72 4202.35
2094.82 4199.03
2094.29 4214.61
2094.41 4209.48
2094.37 4207.21
2094.56 4236.05
2095.12 4259.06
2094.39 4300.08
2094.32 4296.27
2094.52 4308.77
2094.59 4319.31
2094.83 4338.95
2094.84 4347.57
2094.87 4348.47
2094.84 4346.17
2095.05 4349.11
2095.22 4344.19
2095.16 4335.36
2095.46 4312.82
2095.09 4302.8
2095.09 4310.68
2095.11 4314.32
2093.71 4339.73
2093.71 4357.79
2093.76 4365.41
2093.63 4367.21
2093.63 4375.4
2093.57 4368.6
2093.19 4373.03
2093.22 4380.25
2092.82 4381.72
2093.34 4371.09
2093.41 4355.85
2093.31 4354.11
2093.14 4360.67
2092.75 4364.85
2092.02 4378.59
2092.35 4406.38
2092.18 4421.7
2091.59 4413.27
2091.51 4434.08
2091.46 4439.89
2091.77 4446.7
2091.79 4445.97
2092 4445.52
2091.95 4444.98
2091.86 4440.63
2091.35 4406.77
2091.18 4392.08
2091.69 4378.16
2090.92 4386.36
2091.21 4390.56
2091.17 4396.62
2090.55 4410.18
2089.92 4488.04
2089.83 4533.62
2089.84 4558.31
2089.61 4544.94
2089.62 4519.92
2089.6 4518.64
2090.49 4517.59
2089.54 4519.46
2089.19 4514.23
2089.23 4506.86
2089.43 4491.4
2089.15 4489.33
2091.42 4504.66
2091.55 4507.19
2091.45 4503.57
2091.47 4495.11
2091.58 4483.16
2091.46 4478.98
2092.03 4481.65
2092.5 4471.92
2092.46 4427.82
2091.06 4410.7
2091.18 4381.04
2091.16 4380.27
2091.15 4366.46
2092.01 4355.15
2092.02 4347.21
2092.06 4345.59
2092.1 4347.11
2092.86 4349.73
2092.88 4342.33
2092.65 4341.42
2092.59 4339.58
2092.53 4338.39
2092.84 4350.04
2092.99 4358.23
2093.02 4358.3
2092.69 4367.93
2092.97 4363.46
2093.77 4383.88
2092.79 4386.89
2092.92 4382.18
2093.01 4378.03
2092.77 4379.61
2092.77 4383.51
2094.13 4403.51
2094.3 4405.81
2094.36 4405.77
2094.61 4406.59
2094.32 4410.02
2094.45 4413.56
2095.32 4428.78
2095.37 4434.72
2095.37 4437.01
2095.57 4438.08
2095.44 4451.54
2095.63 4457.54
2095.6 4460.15
2095.75 4460.1
2096.23 4454.51
2096.28 4454.77
2096.33 4448.24
2096.51 4445.94
2096.46 4447.54
2096.23 4448.22
2096.22 4447.72
2096.57 4451.6
2095.86 4423.47
2095.6 4401.19
2095.66 4398.5
2095.6 4387.51
2095.7 4382.66
2095.79 4381.9
2095.61 4378.39
2096.57 4426.21
2096.73 4431.37
2096.67 4418.58
2097 4427.07
2096.56 4435.82
2096.56 4446.29
2096.37 4461.83
2097.44 4478.01
2097.66 4482.28
2097.51 4495.87
2097.45 4507.54
2097.58 4510.84
2097.09 4506.89
2096.45 4529.5
2096.37 4536.55
2096.38 4529.98
2096.38 4520.94
2096.11 4510.1
2096.75 4509.81
2096.84 4495.29
2096.87 4493.26
2097.03 4490.62
2096.61 4494
2096.7 4484.28
2096.87 4473.28
2097.53 4483.65
2097.52 4485.38
2097.2 4485.67
2096.95 4476.11
2096.91 4444.89
2096.94 4436.38
2097.08 4435.76
2096.87 4428.41
2097 4425.45
2097.05 4421
2097.11 4412.58
2097 4404.17
2096.92 4399.56
2097.01 4399.9
2097.34 4392.16
2097.36 4419.53
2097.39 4421.89
2096.77 4405.74
2096.77 4391.58
2096.38 4381.67
2096.42 4370.34
2096.53 4364.15
2096.99 4362.62
2096.98 4361.82
2096.77 4337.81
2097.15 4348.26
2097.05 4336.51
2098.39 4330.64
2098.43 4318.97
2098.41 4310.05
2098.37 4308.78
2097.53 4324.62
2097.52 4322.03
2097.53 4320.35
2097.46 4323.94
2097.85 4338.09
2097.94 4344.58
2099.04 4316.12
2099.43 4328.73
2099.43 4328.91
2099.83 4330.11
2099.27 4355.76
2099.22 4348.07
2099.03 4339.14
2099.1 4332.89
2099.57 4316.34
2099.5 4325.94
2099.63 4323.48
2100.17 4325.04
2100.16 4329.43
2100.19 4330.04
2100.17 4331.17
2100.08 4325.37
2100.48 4365.25
2100.54 4376.61
2100.63 4386.42
2100.45 4387.55
2100.43 4391.92
2100.42 4397.36
2099.46 4432.01
2099.5 4468.97
2099.52 4479.18
2099.53 4498.37
2099.3 4509.73
2100.28 4495.7
2099.63 4485.19
2099.64 4484.28
2099.64 4472.56
2099.64 4472.95
2099.61 4476.98
2099.63 4479.73
2099.62 4478.72
2100.01 4503.87
2100.55 4479.78
2101.3 4473.84
2101.2 4471.8
2101.23 4475.26
2100.97 4475.35
2100.97 4485.47
2100.75 4485.54
2100.73 4483.01
2100.86 4481.97
2100.99 4478.46
2101.31 4490.33
2100.61 4511.69
2100.6 4520.67
2100.6 4523.19
2100.52 4517.26
2100.49 4517.58
2100.65 4527.06
2100.84 4544.49
2100.83 4550.54
2100.87 4550.44
2100.84 4550.2
2100.67 4534.98
2100.67 4524.65
2100.67 4517.73
2100.47 4514.4
2100.47 4505.06
2100.44 4506.32
2100.25 4505.12
2100.85 4499.16
2100.65 4489.77
2100.72 4492.87
2100.62 4486.95
2100.72 4484.13
2100.67 4479.7
2100.74 4481.81
2100.77 4481.29
2101.93 4480.48
2101.99 4458.05
2102 4442.22
2101.97 4428.3
2101.92 4415.94
2101.96 4411.62
2101.48 4412.91
2101.78 4394.83
