85.5271 0
161.239 0
263.663 0
514.294 20.6413
515.435 19.7321
827.075 42.7484
829.636 55.9476
923.675 84.3096
949.211 89.0098
955.008 105.396
958.859 125.574
1005.01 172.942
1068.53 184.123
1073.79 230.784
1078.57 222.82
1153.86 230.595
1158.17 218.532
1158.6 222.739
1168 225.265
1203.99 271.951
1208.26 296.254
1252.16 357.975
1257.62 369.566
1260 371.659
1260.89 370.001
1321.3 415.281
1403.3 436.34
1407.68 436.314
1435.55 440.465
1432.5 438.433
1434.93 653.484
1440.07 561.925
1440.29 542.472
1473.03 509.693
1465.5 480.47
1465.73 474.888
1474.43 428.736
1473.45 403.413
1492.73 403.428
1545.6 434.943
1563.52 433.471
1565.49 450.626
1566.97 458.651
1583.17 557.594
1604.23 1652.54
1633.98 1513.53
1665.17 1349.43
1674.15 1290.38
1674.17 1265.59
1654.78 1260.41
1657.27 1247.41
1673.89 1250.32
1679.47 1261.23
1692.48 1188.4
1719.45 1196.37
1728.85 1181.4
1725.95 1231.1
1734.76 1201.17
1736.42 1186.05
1737.08 1185.1
1737.78 1201.89
1737.79 1187.94
1782.69 1292.83
1785.27 1293.52
1825.76 2351.2
1826.42 1894.53
1844.01 1791.89
1843.38 1709.5
1845.54 1904.83
1867.55 2004.02
1864.95 2051.41
1866.85 2111.62
1873.62 2111.59
1861.06 2075.71
1859.21 2050.25
1857.15 1966.17
1857.38 1973.07
1870.04 1930.39
1873.67 1926.71
1874.21 1963.13
1874.5 1946.48
1875.74 1958.72
1876.03 1951.33
1874.94 1965.01
1874.97 1930.11
1873.97 1940.28
1896.62 1956.59
1896.2 1993.79
1895.19 2007.9
1898.6 2034.12
1898.08 2097.71
1898.24 2043.93
1900.34 2046.01
1899.75 2023.64
1898.44 1992.43
1920.24 2052.53
1921.64 2000.57
1952.16 2151.3
1952.17 2144.01
1964.82 2202.01
2028.46 3190.03
2027.21 2584.05
2028.1 2617.9
2029.82 2627.01
2013.52 2589.41
2012.54 2479.25
2004.83 2411.15
1998.95 2400.81
1996.54 2408.23
1997.27 2379.39
1997.92 2363.45
1996.66 2345.37
1996.47 2343.12
1997.16 2339.2
1987.35 2397.85
1988.8 2358.64
1988.86 2346.21
1987.44 2404.03
1985.91 2533.39
1986.54 2679.11
1985.95 2802.11
1983.62 2833.97
1986.9 2794.37
1987.25 2726.8
1987.35 2753.25
1987.57 2745.96
1988.86 2841.34
1989.71 2834.04
1988.92 2790.62
1987.77 2772.66
1988.29 2781.37
1990.78 2724.52
1991.85 2775.16
1990.04 2803.21
1989.5 2803.33
1988.79 2777.13
1988.85 2771.51
1990.14 2770.76
1990.11 2770.67
1988.27 2660.09
1997.67 2507.35
1997.64 2508.32
1997 2528.1
1997.16 2531.79
1996.45 2520.45
1997.8 2539.27
1997.81 2521.23
2000.67 2501.76
2000.51 2502.46
2000.51 2500.61
1999.94 2493.74
1999.64 2500.88
1999.39 2507.15
1999.33 2507.76
1999.31 2508.86
1999.38 2505.69
1999.74 2493.91
1999.21 2506.72
1999.1 2534.52
1998.69 2537.65
1997.61 2581.85
1997.83 2603.15
1998.11 2614.97
1999.27 2598.76
1999.22 2597.05
1998.89 2588.91
2001.51 2591.58
2001.47 2608.83
2004.54 3500.66
2003.42 3371.18
2003.35 3283.66
2003.09 3227.6
2003.26 3226.28
2003.21 3270.18
2007.56 3281.35
2006.72 3286.32
2006.99 3278.8
2005.54 3264.97
2003.09 3269.11
2002.47 3223.23
2003.99 3159.53
2002.15 3152.59
2000.43 3121.21
2000.04 3135.07
2001.99 3098.14
1999.58 3035.46
1998.85 3026.97
1998.91 3032.18
1998.62 3057
1998.18 3063.23
1996.43 3066.02
1996.45 3079.21
1996.11 3081.34
1994.43 3119.28
1993.36 3150.7
1993.74 3147.84
1990.61 3182.94
1990.46 3188.27
1989.65 3205.63
1989.65 3215.28
1989.51 3219.82
1988.88 3237.29
1986.71 3270.5
1985.81 3274.86
1985.89 3261.53
1986.31 3249
1986.03 3243.98
1985.78 3239.35
1985.27 3227.63
1985.53 3220.06
1983.82 3218.17
1983.96 3205.14
1984.21 3194.35
1984.77 3202.89
1984.79 3195.09
1984.47 3181.88
1984.51 3179.75
1983.43 3207.59
1982.05 3259.25
1982.19 3267.9
1982.64 3259.36
1984.33 3165.92
1983.91 3167.64
1984.29 3174.48
1984.17 3190.16
1983.16 3218.31
1982.03 3227.89
1981.56 3217.28
1981.52 3208.12
1981.52 3200.38
1981.56 3201.31
1981.41 3216.1
1981.52 3228.75
1981.96 3248.87
1981.82 3229.9
1981.78 3210.68
1981.5 3203.49
1985.05 3189.74
1985.94 3170.29
1987.46 3152.61
1987.5 3152.48
1987.69 3156.96
1987.41 3161.81
1987.43 3162.27
1987.1 3164.28
1986.99 3164.21
1986.01 3166.9
1982.93 3112.03
1982.12 3145.21
1981.88 3155.83
1980.25 3149.22
1979.98 3159.11
1979.97 3138.87
1979.97 3131.31
1980.55 3130.34
1980.77 3126.61
1980.82 3115.51
1981.68 3118.67
1981.61 3113.04
1981.73 3135.85
1981.61 3141.03
1980.71 3135.32
1980.82 3118.18
1979.92 3139.1
1979.34 3148.09
1979.09 3157.17
1979.64 3175.03
1979.75 3155.24
1979.21 3150.01
1979.7 3130.59
1979.71 3118.5
1979.66 3105.76
1979.48 3099.78
1978.92 3082.29
1978.48 3076.27
1978.01 3069.72
1977.98 3056.13
1977.58 3053.88
1977.58 3045.11
1977.05 3064.72
1977.31 3065.48
1976.96 3059.15
1976.58 3064.03
1976.8 3073.82
1977.07 3066.87
1977.5 3053
1977.43 3040.43
1975.86 3038.58
1975.87 3040.5
1976 3018.77
1975.43 3021.89
1975.24 3014.9
1973.55 3007.67
1973.59 3004.32
1972.74 3026.34
1973.31 3054.15
1973.32 3068.89
1973.51 3069.45
1975.32 3073.54
1976.63 3062.18
1976.47 3048.89
1977.47 3048.44
1977.45 3045.71
1978.99 3021.83
1979.1 3006.55
1979.12 2989.47
1979.16 2968.74
1979.14 2957.02
1979.77 2962.41
1980.06 2978.05
1980.35 3001.98
1981.25 3006.81
1988.03 3072.79
1991.08 3137.13
1989.99 3150.15
1989.97 3164.18
1989.98 3167.53
1989.52 3190.34
1989.29 3186.69
1989.32 3170.93
1989.52 3167.18
1989.49 3166.34
1989.32 3171.32
1989.29 3178.52
1989.32 3193.89
1989.66 3218.03
1989.86 3227.65
1989.51 3227.25
1989.22 3222.8
1989.22 3224.77
1989.23 3225.85
1988.58 3216.49
1989.38 3234.62
1988.35 3253.37
1987.69 3282.52
1987.64 3292.25
1987.49 3305
1986.72 3302.72
1986.33 3297.55
1986.42 3299.13
1986.08 3293.31
1988.62 3314.32
1988.67 3300.53
1989.31 3298.46
1989.57 3329.02
1989.62 3332.6
1989.8 3335.71
1991.09 3348.13
1991.55 3356.78
1991.57 3353.46
1992.31 3382.72
1991.74 3371.56
1991.66 3387.41
1991.27 3408.54
1991.29 3416.43
1991.64 3418.46
1991.57 3418.28
1991.55 3419.65
1990.35 3406.99
1990.48 3387.12
1991.32 3375.67
1991.46 3367.75
1991.43 3362.21
1991.06 3347.61
1990.92 3340.98
1991.03 3342.47
1990.74 3339.51
1990.48 3323.5
1991 3329.1
1990.55 3325.18
1990.41 3311.91
1989.39 3317.69
1989.7 3319.08
1989.7 3315.3
1989.86 3303.58
1989.42 3310.66
1989.81 3321.18
1989.33 3328.71
1990.76 3353.34
1990.94 3357.02
1991.31 3365.87
1991.67 3367.93
1991.7 3369.56
1992.4 3377.28
1992.15 3379.71
1992.32 3376.67
1992.75 3410.41
1993.02 3427.64
1993.22 3418.09
1993.05 3405.1
1993.23 3408.79
1993.63 3418.49
1993.59 3435.77
1993.81 3440.28
1994.38 3451.1
1994.12 3453.45
1994.22 3465.4
1994.39 3476.75
1994.37 3480.86
1994.3 3486.77
1994.15 3478.32
1994.26 3484.95
1994.31 3486.97
1994.25 3486.55
1993.87 3492.87
1993.8 3485.89
1994.23 3501.77
1994.26 3514.12
1993.45 3535.07
1994 3570.03
1993.75 3589.56
1993.31 3600.7
1993.77 3601.51
1993.28 3593.95
1993.26 3587.14
1993.1 3561.44
1992.23 3561.57
1992.28 3554.46
1992.53 3569
1992.12 3581.44
1992.32 3591
1992.6 3586.83
1992.98 3597.01
1992.68 3585.33
1996.08 3559.87
1996.12 3557.69
1995.95 3545.94
1996.15 3559.06
1996.03 3560.32
1999.92 3565.08
1999.94 3561.53
2000.43 3564.61
2000.6 3546.05
1999.13 3536.15
1999.78 3531.59
2000.24 3542.41
2000.19 3545.57
1999.98 3547.05
1999.95 3549.22
2000.2 3550.38
1999.73 3546.4
1998.26 3539.06
1996.56 3520.94
1996.57 3526.44
1996.66 3523.65
1995.92 3524.08
1995.93 3520.16
1996.55 3520.86
1996.34 3515.23
1995.93 3513.12
1995.54 3514.59
1996.34 3529.11
1996.39 3534.99
1996.39 3536.97
1996.34 3537.77
1996.43 3538.43
1997.19 3561.75
1997.05 3571.94
1997.07 3573.81
1996.74 3545.69
1996.66 3530.17
1995.81 3517.11
1995.81 3512.82
1995.95 3513.72
1996.06 3515.6
1994.84 3538.2
1994.67 3551.15
1994.27 3550.71
1994.23 3557.32
1994.38 3551.89
1994.39 3548.29
1994.48 3542.01
1999.14 3541.62
1999.51 3547.52
1999.53 3548.68
1999.72 3541.41
1999.68 3536.38
2000.46 3523.19
2000.47 3518.38
2000.74 3529.74
2000.59 3520.94
2000.57 3518.78
2000.66 3516.8
2000.58 3512.41
1999.54 3488.27
1999.3 3482.39
1999.1 3491.47
1999.39 3488.76
1999.44 3493.13
1998 3458.13
1998.02 3474.23
1998 3481.83
1997.99 3480.77
1998.53 3480.58
1998.43 3465.91
1998.07 3470.55
1998.15 3472.79
2001.41 3501.06
2001.31 3492.77
2000.57 3499.79
2000.11 3494.52
2000.08 3480.51
2000 3474.49
1999.88 3471.77
1999.86 3455.61
2000.06 3424.03
2000.18 3423.2
2000.76 3416.46
2000.48 3413.42
2000.25 3411.58
2000.56 3413.51
2000.6 3417.76
2000.88 3431.32
2000.89 3435.17
2001.02 3436.65
2000.97 3434.02
2000.76 3435.8
2000.43 3430.89
2000.23 3429.53
2000.38 3435
1999.9 3433.26
1999.9 3441.22
2000.11 3449.82
2000.21 3456.51
2000.19 3461.44
1999.85 3453.91
1999.48 3489.73
1999.61 3512.98
1999.89 3541.9
1996.38 3462.69
1996.24 3470.3
1996.34 3472.22
1995.97 3467.71
1995.67 3473.05
1995.48 3478.04
1994.98 3504.89
1994.97 3513.49
1994.91 3515.09
1994.97 3511.09
1994.91 3508.11
1994.86 3514.24
1994.55 3539.56
1994.7 3535.97
1994.76 3506.18
1994.4 3478.85
1994.58 3467.1
1994.44 3459.99
1994.43 3447.23
1994.34 3444.99
1994.6 3429.56
1994.69 3433.87
1994 3426.89
1993.34 3432.03
1993.27 3440.79
1993.38 3443.24
1993.32 3443.3
1993.57 3436.89
1993.88 3434.87
1995.55 3439.3
1995.5 3439.91
1999.24 3441.06
1999.24 3433.08
1999.72 3430.61
1999.79 3432.57
1999.87 3429.21
2000.3 3433.92
2000.01 3432.33
1999.99 3447.55
1999.91 3456.34
2001.65 3609.62
2002.1 3632.27
2001.75 3618.19
2001.74 3611.73
2001.79 3615.5
2001.8 3622.8
2002.05 3626.11
2001.77 3623.85
2002.24 3635.13
2002.3 3640.46
2002.33 3618.52
2002.66 3621.94
2002.33 3630.17
2002.95 3649.32
2003.82 3637.83
2003.97 3622.31
2003.73 3619.26
2003.08 3614.71
2003.1 3617.86
2002.01 3569.69
2001.92 3579.22
2002.25 3581.94
2002.23 3580.24
2002.06 3575.47
2002.18 3582.84
2001.99 3575.25
2001.68 3571.35
2000.49 3547.94
1998.87 3559.45
1999.24 3554.75
1999.48 3559.3
1999.43 3564.66
1999.48 3577.91
1999.15 3589.42
2000.03 3607.71
2000.03 3617.97
1999.24 3625.86
1998.76 3613.02
1998.74 3622.18
1998.54 3606.94
1998.54 3611.89
1998.65 3621.1
1998.39 3641.59
1997.85 3656.36
1997.85 3663.83
1997.05 3633.68
1997.36 3624.8
1997.36 3621.41
1997.38 3626.09
1997.3 3632.77
1997.67 3668.69
1997.44 3677.89
1997.49 3684.29
1997.46 3691.37
1997.4 3690.69
1998.31 3697.46
1998.19 3703.94
1998.16 3705.99
1998.18 3709.15
1997.36 3721.11
1997.3 3713.83
1997.14 3710.34
1997.06 3713.57
1996.39 3663.59
1996.41 3651.88
1996.39 3663.97
1996.39 3658.64
1996.16 3648.95
1996.55 3656.16
1996.6 3667.24
1996.59 3673.49
1996.16 3680.39
1998.19 3677.37
1998.08 3645.44
1998.82 3649.39
1998.95 3639.43
1998.92 3633.24
1998.73 3632.66
1998.5 3624.03
1998.48 3627.68
1998.24 3624.22
1997.72 3629.6
1997.98 3707.53
1997.84 3713.16
1998.02 3721.32
1998.01 3723.55
1998.05 3723.89
1998.22 3733.66
1998.98 3704.47
1998.89 3687.29
1999.05 3688.8
1998.92 3680.09
1999.78 3678.12
1999.34 3674.02
1998.91 3632.91
1998.85 3635.3
1998.35 3656.49
1998.09 3670.24
1998.14 3674.74
1998.2 3686.14
1998.1 3692.85
1997.95 3700.09
1998 3699.43
1996.75 3699.49
1996.78 3706.1
1996.82 3712.34
1996.84 3710.59
1996.9 3706.3
1996.69 3714.93
1996.69 3730.49
1996.6 3731.02
1996.65 3727.2
1996.61 3724.88
1996.29 3722.3
1997.06 3699.22
1997.04 3693.44
1997.56 3705.46
1997.64 3712.36
1997.02 3715.93
1997.29 3693.81
1997.27 3688.71
1997.41 3690.35
1997.38 3673.06
1997.42 3672.67
1997.43 3673.67
1997.34 3673.82
1996.02 3733.88
1996.01 3750.72
1995.81 3742.71
1995.71 3738.39
1995.89 3743.5
1994.45 3618.58
1994.31 3603.18
1994.08 3597.63
1994.14 3605.46
1994.77 3614.99
1994.67 3611.91
1994.64 3613.38
1994.25 3592.87
1994.2 3592.6
1994.68 3587.72
1994.76 3589.96
1994.81 3591.69
1995.39 3613.14
1994.89 3615.97
1994.89 3612.11
1994.89 3609.36
1995.1 3592.92
1995.78 3582.26
1996.07 3580.22
1996.12 3577.94
1996.14 3566.32
1996.45 3562.01
1996.01 3541.42
1996.14 3563.85
1996.6 3569.05
1997.47 3564.11
1997.52 3571.6
1997.46 3592.76
1997.24 3590.47
1998.7 3588.97
1998.12 3601.28
1998.09 3608.25
1997.86 3620.03
1997.78 3630.44
1997.71 3626.78
1997.5 3615.57
1997.34 3614.45
1997.3 3618.6
1997.22 3615.93
1998.04 3614.45
1997.67 3595.52
1997.66 3590.71
1997.75 3585.12
1999.46 3574.32
1999.98 3572.51
1999.94 3562.2
1999.97 3556.32
2000.08 3551.83
1999.65 3539.6
2000.32 3576.88
2000.36 3596.4
1999.74 3597.34
1999.11 3579.71
1999 3581.07
1999.21 3597.37
1999.23 3604.23
1999.19 3604.49
2001.16 3609.15
2001.23 3614.26
2001.13 3610.94
2001.24 3615.01
2001.21 3621.05
2001.08 3628.63
2001.07 3631.57
2000.45 3636.61
2002.07 3629.27
2002.1 3624.81
2002.11 3626.21
2002.11 3629.82
2001.17 3625.51
2001.29 3632.29
2001.31 3645.29
2001.14 3655.2
2000.91 3657.66
2000.94 3656.43
2000.76 3665.38
2000.1 3677.48
2000.15 3684.44
2000.13 3687.58
2000.57 3682.82
2000.49 3682.93
2000.2 3662.85
1999.65 3668.2
2000.1 3651.54
1999.9 3638.34
2000.17 3635.48
2000.32 3626.79
2000.5 3628.24
2000.51 3622.37
2000.59 3624.29
2001.44 3634.91
2001.71 3639.75
2001.33 3642.77
2001.33 3647.85
2001.98 3666.66
2002.63 3691.66
2002.58 3666.07
2002.5 3677.69
2002.59 3687.85
2002.74 3690.95
2002.38 3684.01
2003.23 3661.11
2003.62 3647.54
2003.62 3643.39
2003.65 3640.29
2003.54 3634.64
2003.73 3627.22
2003.67 3618.07
2003.85 3625.92
2003.95 3626.98
2004.34 3649.64
2004.25 3650.29
2004.03 3626.33
2003.84 3593.97
2003.41 3580.05
2003.4 3592.15
2003.41 3590.79
2003.2 3591.9
2003.22 3584.51
2003.29 3584.64
2003.29 3580.73
2004.1 3586.91
2004.07 3590.17
2004.14 3584.65
2004.19 3583.13
2003.9 3584.81
2003.43 3542.77
2002.83 3538.74
2002.76 3540.63
2002.67 3545.06
2002.5 3532.53
2001.94 3521.37
2002.22 3515.48
2002.01 3519.31
2002.3 3523.82
2002.29 3526.26
2002.34 3528.96
2002.37 3530.76
2002.91 3509.02
2002.3 3486.81
2002.4 3482.17
2002.56 3475.19
2001.64 3481.28
2000.92 3462.88
2000.75 3462.49
2001.04 3462.26
2001.26 3468.78
2001.47 3463.49
2001.14 3464.98
2001.41 3467.42
2001.39 3514.44
2001.62 3532.64
2001.52 3539.85
2001.62 3545
2001.56 3550.76
2001.86 3554.82
2001.86 3546.34
2001.84 3548.93
2001.87 3553.37
2001.87 3554.6
2002.34 3553.27
2002.96 3563.74
2003.04 3552.07
2004.13 3540.77
2003.99 3536.84
2002.88 3547.45
2003.17 3565.41
2003.6 3577.13
2003.76 3584.32
2003.5 3587.23
2002.74 3565.7
2002.94 3563.49
2002.82 3564.43
2002.54 3564.92
2002.64 3568.42
2002.65 3572.45
2002.81 3576.7
2002.77 3578.7
2002.32 3568.82
2001.99 3573.32
2002.82 3571.31
2002.84 3572.06
2002.98 3553.19
2003.32 3551.17
2003.3 3545.98
2003.1 3536.26
2003.07 3525
2003.18 3517.1
2003.66 3512.17
2004.67 3476.73
2001.46 3518.21
2001.77 3519.1
2001.83 3524.07
2001.69 3510.39
2001.78 3518.69
2001.67 3526.58
2001.4 3516.71
2001.62 3512.26
2001.71 3504.59
2001.37 3505.65
2001.25 3502.45
2001.23 3508.1
2001.74 3505.27
2001.66 3503.77
2001.49 3502.1
2001.34 3501.46
2001.12 3487.83
2001.28 3485.6
2001.32 3486.85
2001.34 3485.29
2002.51 3484.98
2002.39 3485.02
2003.55 3491.62
2004.53 3480.38
2005.06 3478.09
2004.81 3452.59
2004.63 3456.5
2004.63 3454.32
2004.75 3453.98
2004.58 3459.54
2004.34 3454.42
2004.24 3458.47
2004.12 3453.85
2003.85 3448.91
2004.07 3449.02
2003.86 3461.97
2002.87 3468.57
2004.78 3491.26
2004.39 3483.36
2004.22 3478.46
2004.21 3469.27
2004.54 3499.61
2004.82 3565.33
2005.27 3559.76
2005.61 3557.86
2005.53 3554.62
2004.71 3549.37
2004.95 3551.99
2004.97 3538.73
2004.8 3534.56
2004.65 3531.18
2004.4 3548.59
2005.38 3555.01
2005.4 3561.5
2005.22 3568.52
2005.58 3595.45
2005.36 3581.55
2005.35 3589.18
2005.5 3585.23
2005.72 3568.71
2005.66 3562.6
2005.74 3560.26
2006.17 3563.95
2006.21 3560.61
2006.8 3513.01
2006.73 3523.78
2006.84 3529.99
2006.47 3532.66
2006.36 3535.55
2005.24 3516.11
2005.49 3521.73
2005.49 3526.84
2005.59 3535.82
2005.56 3543.94
2005.47 3547.47
2006.97 3520.73
2008.04 3471.93
2007.94 3457.16
2007.92 3446.04
2007.92 3438.36
2007.72 3432.64
2007.66 3432.14
2007.71 3440.14
2007.61 3442.22
2007.8 3445.84
2007.99 3444.06
2007.91 3444.37
2007.91 3443.44
2007.78 3441.1
2008.47 3516.72
2008.24 3511.84
2008.65 3506.72
2008.7 3540.4
2008.46 3532.06
2008.47 3525.44
2008.92 3524.22
2008.94 3526.29
2009.16 3525.95
2009.14 3520.47
2009.08 3522.52
2009.1 3528.07
2008.65 3538.76
2008.74 3539.02
2008.7 3561.94
2008.74 3564.47
2008.65 3566.95
2009 3571.52
2009.16 3575.55
2009.22 3568.52
