337.87 10.2181
415.204 10.0329
472.556 19.8972
475.701 16.8757
480.133 16.9585
581.201 53.3804
625.443 55.5114
631.3 68.4235
660.406 68.3299
677.721 68.3125
683.697 68.3125
684.098 68.3125
688.06 65.7015
721.058 67.1856
836.357 78.006
836.184 58.1854
836.326 57.2321
836.437 56.7127
844.546 59.171
875.926 62.8869
876.547 66.1205
923.457 79.6891
925.725 85.9976
942.106 84.4763
949.454 75.8223
953.695 1108.65
994.703 1037.8
995.259 894.366
1004.25 773.62
1006.71 712.88
1027.38 665.055
1039.5 624.774
1052.18 600.669
1051.77 585.497
1060.48 573.875
1068.52 566.162
1090.02 860.638
1091.54 885.832
1091.44 912.873
1139.99 951.759
1141.84 935.195
1142.83 867.572
1142.48 861.502
1248.86 1072.62
1266.19 1103.28
1271.26 1170.12
1373.34 10330.1
1358.12 8299.01
1358.31 6119.76
1362.2 5492.6
1384.51 4973.89
1390.46 4266.41
1362.68 4183.92
1360.85 3942.48
1366.67 3592.37
1379.76 3210.56
1389.56 3027.9
1420.74 2880.08
1420.79 2862.57
1433.1 3163.7
1440.36 3169.18
1501.84 3662.43
1397.96 3896.33
1366.86 3670.61
1363.36 3306.1
1395.84 3136.52
1392.55 3056.16
1408.7 3230.9
1411.42 2977.47
1412.18 2944.51
1397.38 3440.91
1375.33 3686.95
1377.59 3434.01
1389.2 3223.51
1394.69 3196.92
1388.17 3125.76
1388.19 3099.31
1391.36 3058.16
1381.93 3057.43
1428.91 3129.66
1440.95 3156.3
1441.61 3252.5
1464.32 3343.79
1459.07 3580.37
1470.26 3820.7
1482.59 4225.46
1518.35 4523.83
1548.01 4761.52
1548.09 4788.8
1550.96 4744.83
1550.2 4720.85
1530.6 4836.93
1530.08 5128.65
1544.44 5089.01
1542.58 4985.54
1542.54 4919.23
1541.25 4857.15
1538.7 4895.18
1535.39 4848.23
1533.87 4941.78
1538.35 4926.95
1534.75 5187.92
1552.27 5499.12
1550.97 5766.26
1551.41 5898.47
1553.99 5890.33
1554.23 6021.53
1555.24 6006.1
1553.48 6120.35
1550.03 6023.5
1553.2 6001.19
1552.2 5992.24
1551.67 6037.84
1552.17 6163.86
1556.46 6295.03
1556.43 6377.56
1555.01 6521.89
1555.93 6688.08
1547.66 7135.7
1547.2 7095.44
1547.25 7149.25
1548.97 7053.09
1549.06 7002.75
1553 6939.62
1552.72 6907.5
1553.38 6878
1547.33 6899.4
1542.67 6927.13
1541.99 6961.11
1571.45 7385.88
1541.99 7091.36
1541.46 7048.4
1543.93 7068.9
1546 7155.52
1556.54 7453.33
1557.13 7621.93
1558.16 7667.72
1555.83 7648.08
1554.55 7707.08
1555.51 7695.26
1556.04 7678.2
1557.1 7671.99
1562.88 7652.91
1568.22 7646.46
1571.22 7644.62
1571.5 7615.94
1572.85 7672.71
1573.06 7652.52
1573.19 7672.21
1573.33 7683.01
1581.56 7685.8
1581.69 7592.62
1585.74 7603.65
1585.23 7616.73
1571.99 7676.27
1573.41 7691.2
1569.47 7535.75
1567.32 7786.6
1564.65 7649.77
1557.62 7845.66
1557.5 7996.09
1557.34 8031.67
1551.31 8091.96
1552.71 8073.96
1553.82 8049.03
1554.86 8006.51
1558.76 8055.35
1561.03 7975.81
1565.61 7950.64
1565.5 7931.46
1572.11 7943.74
1572.69 7977.17
1574.23 8019.1
1573.01 8019.6
1573.82 8066.1
1574.14 8069.15
1575.18 8154.97
1575.06 8171.84
1575.15 8166.29
1576.66 8117.46
1579.06 8128.18
1579.23 8172.77
1579.69 8140.74
1579.61 8097.11
1579.53 8094.84
1588.87 8118.91
1588.38 8085.92
1588.17 8083.42
1588.15 8032.48
1592.56 8138.81
1592.88 8332.82
1605.58 8513.32
1605.45 8561.61
1604.05 8465.67
1603.81 8478.16
1604.49 8432.37
1601.16 8450.15
1587.43 8663.22
1585.94 8676.78
1585.19 8623.91
1595.61 8968.96
1594.78 8973.23
1615.77 9200.27
1616.99 9189.06
1615.44 9120.35
1616.01 9112.32
1616.56 9052.02
1616.59 8974.87
1617.7 8979.9
1618.92 8969.15
1624.81 8962.58
1628.67 8902.59
1635.48 8878.46
1643.75 8922.02
1644.31 8885.84
1643.46 8830.24
1643.49 8809.31
1643.57 8777.15
1643.93 8767.77
1643.98 8756.5
1652.41 9012.81
1652.77 9012.96
1649.85 8972.09
1636.59 9176.03
1637.82 9154.5
1643.23 9125.64
1642.09 9073.66
1641.95 8984.1
1643.26 9540.22
1643.72 9581.33
1643.57 9399.35
1643.6 9353.77
1645.65 9361.94
1654.49 9288.23
1655.03 9368.66
1655.83 9380.19
1656.9 9588.8
1657.6 9580.25
1657.15 9568.63
1662.01 9529.77
1661.93 9381.23
1662.05 9338.73
1664.59 9364.73
1667.26 9377.35
1664.07 9364.65
1669.97 9331.49
1674.59 9458.45
1672.44 9260.78
1671.83 9128.47
1671.89 9053.64
1671.77 9066.63
1672.73 9091.47
1673.6 9046.95
1674.48 8910.57
1674.47 8907.83
1674.99 8928.25
1675.53 8934.78
1679.01 8954.39
1679.93 8985.91
1675.94 8949.48
1675.97 8876.31
1676.75 8871.11
1676.89 8889.1
1677.29 8943.8
1677.16 8959.47
1672.75 9120.57
1672.91 9184.92
1672.69 9222.63
1672.64 9179.59
1671.57 9203.37
1674.35 9227.19
1674.78 9206.69
1673.35 9305.3
1673.79 9353.32
1673.73 9213.74
1678.32 9237.03
1678.42 9256.54
1678.37 9250.49
1678.92 9259.69
1678.16 9288.41
1679.1 9470.87
1679.7 9505.04
1680.85 9528.22
1681.14 9552.17
1679.85 9592.18
1679.55 9561.99
1679.46 9597.66
1678.89 9634.13
1678.65 9670.64
1678.74 9694.96
1678.94 9713.77
1678.67 9723.27
1678.54 9709.62
1680.14 9616.41
1680.24 9601.88
1679.64 9651.96
1683.04 9688.45
1685.43 9699.5
1685.09 9665.55
1684.57 9717.88
1684.46 9733.88
1684.07 9743.51
1684.03 9782.32
1683.95 9777.86
1683.27 9760.8
1683.24 9763.92
1681.79 9691.35
1682.21 9646.08
1682.7 9636.28
1683.16 9680.84
1682.19 9719.81
1681.3 9800.32
1681.46 9859.73
1681.39 9909.2
1689.73 9874.49
1692.33 9946.78
1692.35 9973.98
1691.87 9987.62
1692.25 9999.29
1692.31 10036.1
1692.32 10082.6
1692.43 10087.7
1692.38 10161.9
1693.1 10292.7
1692.6 10253.5
1693.39 10274.8
1693.72 10271.7
1694.9 10324.6
1693.7 10571.7
1700.96 10641.9
1700.62 10567.4
1700.76 10552.9
1700.97 10605
1701.25 10612.8
1701.25 10570.2
1698.88 10544.9
1705.18 10515.5
1705.6 10494.3
1705.53 10483
1706.86 10469.7
1707.66 10465.2
1707.6 10427.3
1707.27 10416.5
1706.84 10388.2
1706.07 10368.7
1706.77 10370.4
1716.52 10864.2
1716.44 10947.1
1721.06 11016
1721.62 10712.3
1723.45 10710.6
1722 10693
1722.65 10703.6
1729.85 10752.5
1729.4 10778.2
1729.39 10768.5
1728.75 10735.7
1730.59 10785.9
1731.44 10782.4
1732.17 10820.4
1732.15 10816.8
1732.35 10828.8
1732.82 10829.9
1732.93 10898.4
1734.06 10993
1737.29 11268
1736 11015.5
1736.79 10975.6
1738.13 11047.2
1737.33 11243.9
1736.27 11220.8
1735.63 11255.4
1735.84 11248.9
1735.79 11244.3
1736.67 11243.6
1736.81 11229.8
1736.59 11221.1
1736.69 11034.1
1736.8 10904.9
1737.57 10915.4
1737.59 10930.2
1738.86 10883.5
1739.04 10855.2
1738.62 10842.4
1738.6 10823.3
1738.25 10783.2
1737.39 10771
1737.96 10749.8
1737.59 10771.5
1738.29 10793.4
1738.61 10763
1738.88 10737.2
1738.75 10725.2
1739.48 10692.8
1739.69 10681.4
1741.17 10611.7
1742.55 10601.4
1742.9 10602.1
1742.74 10618.7
1742.35 10631.3
1739.87 10705.9
1739.17 10667.5
1739.41 10658
1739.42 10654.2
1739.56 10624.4
1740.92 10670.8
1742.14 10776.6
1742.12 10820.3
1743.07 10857.4
1744.81 10908.4
1743.35 10905.1
1741.45 10915.1
1742.1 10915.6
1742.66 10936
1742.95 10914.7
1741.76 10924.7
1741.59 10977.6
1741.85 10992.5
1742.51 11036.9
1742.75 11055.4
1744.68 11114.5
1746.46 11113.4
1748.35 11124.4
1748.48 11101.5
1748.46 11090.1
1747.77 11119.2
1748.64 11106.6
1748.49 11095.9
1747.95 11084
1746.73 11081.4
1745.98 11111.3
1746.01 11079.2
1745.51 11033.2
1745.68 11004
1745.54 11003.6
1745.68 10966.9
1749.22 11013.9
1750.05 11080.6
1749.57 11085.8
1749.59 11100.1
1749.79 11115.9
1751.29 11155.1
1749.6 11172.6
1749.63 11136.8
1750.23 11220.3
1750.22 11267.6
1747.42 11302.6
1747.95 11296.3
1747.72 11302.6
1749.13 11326.2
1749.13 11289.9
1749.37 11297.4
1749.29 11303.5
1749.24 11304.4
1749.87 11306.5
1750.23 11247.1
1750.25 11258
1750.48 11206.5
1749.68 11218.3
1751.01 11255.7
1751.94 11336.1
1751.99 11353.3
1751.97 11367.2
1751.94 11420.5
1751.76 11373.1
1751.98 11329.5
1754.84 11401
1754.9 11471.2
1755.64 11454.1
1756.57 11493.7
1757.51 11476
1757.47 11511.5
1756.21 11579.3
1756.56 11389.6
1759.28 11426.5
1759.77 11519.8
1760.94 11590.8
1760.81 11603.5
1761.49 11610.1
1761.68 11614.8
1761.82 11572.4
1761.65 11499.8
1761.06 11448.1
1761.04 11450.9
1762.19 11456.7
1762.13 11442.4
1768.81 11474
1769.42 11521.5
1769.18 11538.2
1767.57 11553.9
1767.67 11624
1767.99 11671.3
1767.89 11675.5
1768.28 11715.4
1769.56 11745.3
1769.56 11753.1
1769.61 11746.4
1770.1 11713.9
1775.33 11710.5
1776.17 11737.5
1775.38 11724.6
1775.14 11720.7
1775.57 11717.7
1775.7 11704.6
1775.7 11689.8
1776.4 11659.6
1775.52 11633.9
1775.2 11654
1777.9 11631.2
1776.54 11670.1
1776.22 11646
1775 11700.5
1775.01 11756.1
1774.51 11738.5
1774.34 11723
1774.58 11707
1774.96 11685.5
1775.74 11642.7
1775.73 11626.9
1776.32 11632.6
1779.97 11631.1
1780.23 11630.9
1780.06 11625.9
1780.46 11645.5
1780.69 11677.2
1780.52 11699.6
1780.66 11717.1
1780.16 11705.8
1780.63 11690.4
1780.65 11690.5
1780.57 11689.2
1781.58 11674.4
1782.84 11672.2
1782.73 11650.8
1782.87 11633.4
1783.2 11618.4
1783.18 11632.2
1783.18 11647.4
1783.67 11657.4
1780.31 11754.9
1779.24 11860.8
1779.22 11864.3
1782.41 11787.9
1782.54 11823.2
1782.54 11811.2
1781.89 11946.9
1781.89 11961.1
1781.9 11968.3
1782.93 11895.2
1784.54 11947.8
1785.4 12001.7
1784.69 11986.2
1784.96 11980.3
1784.66 11985.9
1784.33 11988.5
1785.5 11993.4
1784.92 11972.6
1784.86 11980.4
1785.3 11969.7
1784.5 11993.8
1784.26 12034.7
1784.5 12071
1791.07 12049.8
1791.15 12047.8
1788.75 12063.7
1788.76 12065.2
1788.76 12058.5
1789.42 12093.7
1789.4 12116
1791.93 12143.5
1791.87 12227.6
1791.21 12233
1791.57 12224.3
1791.57 12197
1791.34 12207.2
1790.97 12284.8
1791.36 12227.6
1791.53 12208.4
1791.58 12202.1
1792.55 12203.6
1792.74 12206.6
1792.54 12186
1792.76 12183.4
1794.09 12190.2
1795.01 12196
1795.32 12182.1
1795 12209.4
1795.1 12238.9
1795.3 12231.5
1795.49 12233.8
1795.41 12217.6
1795.27 12214.4
1794.62 12196
1795.17 12226.5
1795.34 12218.4
1797.12 12312.8
1797.04 12430.1
1810.04 12543.6
1810.38 12649.6
1810.2 12617.3
1809.51 12632.4
1809.53 12641.5
1812.01 12645.7
1812.24 12671.5
1813.45 12684.6
1813.08 12691.8
1813.14 12731.4
1813.19 12710.7
1812.4 12697.3
1813.26 12707.2
1814.35 12720.1
1814.66 12726
1814.8 12723.5
1815.15 12727.2
1814.79 12732.6
1814.58 12746.7
1814.87 12715.3
1815.37 12774.6
1814.52 12799.2
1815.4 12806.9
1815.77 12808.5
1815.74 12787.8
1816.33 12838.8
1816.31 12833.5
1816.9 12780.6
1816.71 12820.2
1816.52 12786.8
1816.56 12771.2
1816.73 12775.6
1816.38 12750.5
1816.04 12729.2
1817.48 12668.1
1817.25 12635.1
1817.25 12639.7
1817.61 12657.9
1817.32 12683.6
1817.33 12694.2
1814.08 12722.2
1814.09 12728.5
1814.09 12756.6
1813.26 12802.8
1813.16 12825.2
1813.21 12824.6
1814.57 12830.7
1814.84 12821
1816.54 12856.4
1816.46 12825.5
1816.35 12770.9
1813.1 12767.6
1812.85 12744.4
1813.66 12751.3
1813.64 12763.5
1813.05 12794.3
1813.07 12820.1
1813.07 12847.2
1812.98 12850.6
1814.76 12843.1
1814.86 12843.5
1814.66 12847.6
1813.16 12865.2
1813.29 12891.2
1813.71 12889.6
1813.72 12857.3
1814.78 12879.3
1814.72 12868.5
1814.63 12863
1818.68 12868
1819.1 12897.1
1820.03 12957.5
1819.91 12992.4
1819.75 13017.6
1819.24 13032.5
1819.45 13097
1819.26 13081.1
1819.48 13082
1819.54 13082.4
1819 13077.7
1819.26 13062.3
1819.27 12995
1819.13 12983.4
1819.18 12978.3
1819.2 12969.5
1818.64 12944.4
1818.86 12975.5
1818.88 12960.1
1819.18 12967.1
1817.93 12936.5
1817.99 12937.7
1817.79 12936.4
1818.03 12944.2
1817.49 12945.3
1817.4 12953
1817.4 12962.7
1817.43 12968.1
1819.14 12978.3
1819.98 12958.9
1819.46 13109.3
1819.3 13154.1
1819.3 13144.6
1819.31 13132.4
1819.08 13121.9
1819.19 13080.3
1819.2 13057.3
1820.72 13105.3
1821.37 13114.8
1821.88 13100.6
1821.75 13108.3
1823.59 13151.4
1823.82 13200.1
1823.76 13204.4
1823.53 13205.1
1823.58 13209.5
1823.55 13175
1823.63 13175.8
1824.36 13180.7
1824.38 13161.7
1826.15 13203.1
1824.76 13168.6
1826.16 13226.3
1826.55 13244
1828.09 13254.1
1826.5 13318.1
1826.32 13371.9
1826.06 13336.9
1825.8 13327.9
1826.77 13354.3
1826.8 13338
1827.13 13329.5
1827.1 13318.3
1827.18 13331
1827.72 13341.9
1827.71 13299.9
1829.35 13364.1
1829.27 13342.4
1828.9 13346.8
1828.85 13316.3
1828.38 13308.4
1830.05 13333.3
1830.11 13347.1
1830.07 13342.8
1830.47 13335.5
1830.46 13315.1
1830.38 13306.6
1831.32 13349.4
1830.65 13361.7
1829.14 13412
1830.18 13493.8
1830.17 13510.7
1829.97 13546.9
1829.97 13546.9
1830.87 13575.5
1830.77 13538.5
1830.61 13539.3
1830.41 13551.3
1831.05 13527.3
1831.6 13510.8
1831.66 13495.2
1831.84 13527.2
1831.05 13533.4
1831.45 13506.8
1832.7 13530.3
1832.91 13540.5
1832.59 13536.4
1833.71 13577.1
1833.75 13565
1833.63 13546.7
1833.6 13533.4
1833.51 13523.7
1834.38 13518.9
1834.25 13523
1834.21 13507.7
1833.78 13483.1
1834.06 13541
1833.4 13556.2
1833.44 13533
1835.61 13573.7
1835.82 13582.6
1835.79 13576.2
1835.21 13622.5
1835.25 13719
1835.07 13698.5
1835.02 13704.5
1835.12 13707.7
1835.56 13748.9
1835.92 13740.6
1836.41 13759.6
1836.91 13778.2
1836.58 13770.6
1836.06 13775.8
1836.16 13750
1836.33 13791.3
1836.3 13810.1
1836.38 13816
1836.37 13781
1836.33 13784.6
1836.3 13762.6
1836.37 13745.3
1837.28 13739
1837.45 13721.8
1837.52 13641.7
1838.19 13606.8
1838.26 13602.6
1838.66 13594.9
1838.7 13582.5
1838.9 13575.8
1838.71 13567.1
1838.68 13575.5
1838.23 13616.6
1838.39 13600
1838.56 13674.3
1840.14 13651
1840.33 13626.4
1840.6 13606
1840.17 13614.2
1840.14 13614.2
1839.53 13634.8
1839.53 13712.8
1836.97 13749.3
1837.04 13704.3
1837.74 13681.7
1837.76 13660.5
1838.75 13698.5
1838.75 13687.7
1839.06 13672.3
1839.08 13668.9
1839.51 13668.2
1838.86 13664.8
1838.6 13681.3
1839.24 13625.5
1839.23 13658.9
1838.93 13679.4
1839.55 13694.1
1839.51 13689.4
1839.14 13670.6
1838.34 13675.9
1838.34 13673.6
1838.41 13663.7
1838.27 13606.5
1838.33 13584.9
1839.75 13606.8
1839.84 13615.2
1840 13611.2
1840.17 13591.6
1840.73 13577.3
1841.55 13572.1
1843.28 13552.1
1843.4 13534.2
1843.35 13523.8
1850.39 13570.4
1850.47 13564.7
1850.03 13599.5
1850.03 13591.8
1850.01 13584.1
1850.04 13597.2
1852.5 13570.2
1852.52 13540.8
1851.91 13547.8
1852.02 13560.5
1852.06 13569.4
1852.18 13588.7
1852.17 13571.8
1852.76 13587.3
1853.45 13561.2
1855.24 13542
1855.36 13543.3
1855.43 13549.9
1855.06 13550
1855.06 13545.5
1855.73 13546.9
1855.75 13568
1856.47 13569.1
1856.36 13577.1
1855.2 13583.8
1853.66 13642.2
1853.69 13611.6
1853.56 13665.2
1853.28 13598
1853.43 13603.2
1853.46 13571.3
1853.28 13567.2
1853.04 13569.2
1853.03 13574.6
1856.35 13721.5
1853.66 13744.8
1854.02 13843.5
1854.13 13896.2
1854.13 13881.1
1853.59 13852.4
1852.93 13839.2
1853.01 13832.5
1852.94 13840.7
1853.09 13848.8
1852.51 13843.5
1853.21 13815.7
1853.12 13811.4
1853.22 13810.6
1852.79 13805.4
1853.67 13800.1
1853.15 13752.7
1853.5 13752.8
1852.73 13760.3
1852.97 13802.8
1851.98 13836.4
1852.02 13847.4
1851.77 13913.7
1851.67 13932
1851.42 13961.7
1851.32 13970.8
1851.19 13955.3
1852.13 13974.2
1852.51 13949.6
1852.19 13921.3
1852.04 13940.6
1851.78 13929.4
1850.18 13926.1
1850.29 13925.3
1850.7 14031.7
1850.45 14022.6
1853.76 14071.6
1853.68 14083
1854.02 14104.8
1854.05 14123.4
1854.04 14112.4
1854.06 14104.3
1854.18 14096.2
1854.13 14091.3
1854.15 14101.4
1855.49 14070.3
1854.86 14042.7
1855.15 14034.2
1855.28 14021.8
1855.6 13909.7
1856.61 13834.5
1856.27 13796.6
1855.79 13803.2
1856.26 13806.8
1856.12 13850.4
1855.99 13867.5
1856.09 13881
1855.31 14016.2
1855.3 14043.4
1854.71 14061.3
1854.6 14074.1
1853.22 14051.3
1852.77 14092.9
1853.36 14050.1
1853.93 14050.3
1853.37 14013.1
1851.94 13999.9
1851.74 13965.3
1851.89 13970.4
1852.09 13974.4
1852.26 13962.1
1852.41 13950.6
1852.44 13947.8
1853.69 13934.2
1854.02 13939.7
1854.02 13909.6
1854.14 13909.6
1854.34 13951.7
1853.94 13916
1854.43 13887.8
1854.35 13878.6
1854.34 13854.9
1854.35 13803.9
1853.89 13755.4
1852.33 13723.3
1852.83 13690.7
1852.5 13657.6
1852.39 13628
1854.92 13695.1
1854.96 13734.1
1854.96 13741.7
1854.92 13748.2
1855.42 13734.9
1855.3 13732.7
1855.81 13744.7
1855.52 13750.5
1855.55 13739.2
1854.72 13740.5
1854.7 13734.1
1855.98 13755.4
1858.4 13778.5
1858.03 13777.3
1856.91 13785.8
1856.44 13975.8
1857 13993.9
1856.79 13964.2
1855.56 13937.8
1855.57 13909.5
1855.31 13894.9
1855.21 13900.7
1855.21 13884.5
1855.1 13895.9
1854.04 13916.4
1854.04 13922.7
1853.79 13948.2
1853.69 13951.9
1853.76 13958.6
