42.4409 0
265.644 1.29455
265.672 1.29455
266.078 1.29455
307.95 1.29455
530.491 36.3885
535.888 33.9035
545.408 32.9998
570.439 32.5246
581.845 32.305
598.587 32.1742
598.571 32.0966
695.429 44.4652
751.362 45.0122
770.749 44.9346
776.645 44.857
786.116 44.6508
786.465 44.6508
788.335 44.6508
832.885 68.3201
834.814 68.8703
860.412 69.0758
862.623 69.1246
865.102 76.1864
894.153 79.5407
887.019 523.732
905.355 489.311
963.104 489.03
965.778 435.167
969.098 429.19
996.048 419.392
1008.3 417.531
1008.19 407.486
1009.05 396.12
1013.75 403.623
1018.29 433.089
1031.58 437.682
1032.99 435.286
1033.66 432.976
1036.04 430.257
1037.12 426.77
1039.94 416.265
1039.77 420.495
1050.99 437.074
1056.61 442.662
1066.98 616.796
1067.31 614.596
1064.79 681.298
1360.37 3145.39
1358.16 2668.03
1242.3 7336.64
1244.96 5212.02
1261.2 4442.67
1289.49 4099.48
1289.93 3349.21
1299.13 3017.6
1306.02 2743.9
1308.14 2496.02
1319.22 2252.41
1349.97 2084.66
1374.99 1903.83
1335.01 1889.31
1337.98 1804.39
1345.79 1792.4
1380.31 2365.06
1357.72 2428.67
1336.83 2536.08
1353.61 2463.21
1336.75 2483.01
1339.98 2523.61
1344.69 2693.52
1345.36 2669.16
1344.07 2646.43
1346.77 2634.6
1348.17 2665.76
1348.34 2639.05
1348.04 2623.4
1337.48 2706.04
1338.64 2807.45
1355.94 2856.44
1355.95 2886.37
1354.51 3002.97
1375.73 3131.19
1376.25 3188.68
1376.45 3255.36
1378.96 3420.93
1373.73 3504.56
1367.7 3527.52
1366.62 3533.15
1368.83 3589.96
1390.54 4168.62
1389 3915.56
1384.13 4013.24
1384.95 4001.54
1361.7 4144.85
1363.53 4153.08
1365.13 4170.39
1366.24 4172.12
1362.31 4199.48
1361.7 4199.64
1360.94 4218.35
1364.73 4160.08
1356.35 4186.29
1370.25 4281.27
1372.33 4309.39
1372.25 4301.88
1371.87 4285.02
1376.35 4235.85
1378.62 4647.33
1376.09 4848.86
1366.94 5014.26
1369.92 4991.01
1370.9 5031.25
1372.86 5039.75
1380.7 5106.88
1372.31 5147.54
1353.17 5452.31
1354.08 5811.26
1354.69 5955.73
1356.3 6042.11
1356.5 6085.6
1354.79 6103.03
1354.51 6109.27
1359.03 6097.9
1359.12 6034.47
1358.6 6023.96
1358.67 5996.84
1356.64 6047.1
1359.22 5992.07
1358.3 5994.56
1346.92 6205.34
1342.32 6105.46
1348.27 6103.88
1350.67 6210.36
1344.95 6185.88
1345.4 6244.38
1341.72 6340.72
1341.23 6472.32
1338.82 6469.3
1338.84 6478.22
1339.98 6550.89
1346.96 6720.32
1346.56 6797.49
1342.45 6719.26
1338.19 6827.62
1337.18 6864.59
1337.16 6866.35
1328.81 6906.27
1326.88 6958.24
1326.12 6998.44
1324.85 7001.21
1324.71 6971.47
1326.08 6831.93
1321.66 6807.64
1321.69 6894.67
1321.22 6847.88
1319.03 6834.98
1322.38 6961.41
1326.13 7029.2
1327.72 7089.09
1326.21 7150.17
1325.84 7176.65
1325.2 7165.93
1330.32 7208.6
1330.37 7187.14
1330.8 7233.44
1329.94 7281.34
1329.86 7306.39
1316.18 7642.26
1315.75 7763.21
1313.05 7724.32
1313.77 7681.63
1312.87 7596.21
1315.21 7648.01
1313.4 7585.2
1313.78 7570.71
1313.65 7572.86
1314.78 7615.49
1314.05 7625.25
1311.73 7617.69
1309.94 7605.92
1311.2 7631.35
1309.75 7556.52
1307.59 7497.82
1303.8 7471.76
1303.15 7480.1
1304.07 7485.59
1301.27 7544.69
1299.11 7595.11
1299.12 7619.33
1298.96 7556.05
1298.25 7569.73
1298.35 7580.33
1298.35 7592.32
1299.87 7614.81
1300.1 7571.84
1298.95 7722.26
1298.72 7722.99
1298.51 7695.94
1298.47 7682.12
1299.62 7668.16
1301.69 7640.12
1301.01 7617.47
1301.82 7647.6
1301.86 7657.52
1302.68 7653.91
1302.81 7669.25
1302.74 7684.12
1303.13 7633.85
1303.26 7630.66
1304.33 7738.75
1311.7 7881.79
1313.02 7917.27
1316.65 7929.44
1316.75 7828.11
1318.62 8032.72
1319.96 7967.11
1319.69 7929.03
1317.5 7830.55
1317.43 7698.75
1317.26 7735.24
1317.21 7729.88
1314.43 7685.09
1314.65 7638.08
1313.64 7688.41
1313.34 7699.6
1313.6 7706.04
1313.85 7746.91
1314.34 7776.69
1314.16 7822.09
1313.71 7837.87
1313.92 7846.7
1314.84 7870.57
1315.02 7877.38
1315.32 7936.06
1316.47 7954.06
1316.11 7985.49
1316.65 8075.98
1317.07 8046.36
1318.21 8125.51
1322.46 8150.78
1325.13 8194.73
1324.91 8221.29
1324.28 8309.84
1324.53 8430.27
1324.78 8448.29
1324.88 8451.85
1325.76 8405.03
1325.68 8379.91
1325.82 8438.09
1327.05 8556.18
1330.54 8502.9
1328.45 8583.9
1328.29 8602
1329.05 8632.46
1329.01 8632.36
1331.21 8638
1330.9 8666.02
1330.38 8725.75
1330.35 8757.52
1330.72 8783.96
1328.17 8825.37
1328.11 8874.57
1324.16 8873.11
1324.3 8937.3
1325.61 8955.99
1325.61 8962.67
1325.34 8956.86
1320.43 8973.16
1321.07 8913.64
1321.31 8984.48
1321.31 8986.91
1324.02 8928.81
1324.11 8937.6
1323.78 8942.59
1324.4 8959.04
1341.83 8981.38
1344.67 8975.62
1344.69 8973.01
1342.42 8962.25
1342.85 9012.23
1343.29 9035.6
1343.71 8843.9
1344.01 8748.92
1345.16 8753.34
1345.58 8751.93
1345.92 8759.39
1345.37 8713.98
1344.81 8731.01
1344.66 8770.84
1344.56 8802.9
1348.04 8911.03
1348.14 8988.85
1348.28 8999.64
1348.19 9009.14
1348.43 9008.48
1349.36 9007.51
1350.2 8998.84
1349.95 9057.43
1349.98 9127.98
1350.23 9142.4
1351.27 9184.74
1351.28 9217.45
1352.01 9238.52
1351.52 9246.37
1351.37 9246.55
1351.36 9264.86
1351.81 9282.85
1351.97 9278.74
1352.82 9273.02
1353.2 9307.57
1353.14 9306.98
1353.15 9311.04
1351.23 9318.66
1354.4 9444.26
1355.98 9630.3
1356.65 9632.56
1357.82 9612.68
1357.82 9525.3
1354.92 9450.45
1355.24 9562.43
1355.14 9608.09
1352.49 9533.55
1352.8 9441.3
1352.56 9437.34
1352.66 9410.06
1351.61 9327.37
1351.48 9304.9
1352.35 9269.44
1351.84 9236.59
1351.86 9288.05
1353.13 9355.25
1352.97 9415.23
1352.73 9434.63
1352.67 9423.86
1352.19 9414.68
1355.72 9397.84
1354.21 9316.38
1354.12 9324.83
1354.43 9318.09
1354.66 9347.19
1354.63 9345.31
1355.62 9307.26
1355.69 9306.54
1355.7 9308.86
1355.67 9307.75
1357.29 9297.61
1357.21 9309.24
1356.8 9304.77
1358.89 9323.92
1358.95 9410.5
1358.84 9411.58
1360.42 9463.45
1361.13 9491.2
1362.29 9498.91
1362.25 9486.33
1362.21 9468.33
1362.53 9495.93
1362.51 9469.21
1362.73 9452.49
1367.6 9622.08
1368.01 9676.91
1360.19 9852.31
1360.14 9833.53
1360.6 9895.65
1361.14 9935.17
1360.94 9976.36
1360.76 10013.9
1360.87 10022.1
1359.59 10042.3
1360.56 10101.3
1360.36 10095.8
1360.36 10092
1360.94 10077.6
1360.83 10078
1361 10054.4
1360.78 10112.8
1360.69 10127.6
1360.27 10145
1360.54 10169.2
1361.07 10203.8
1361.81 10254.1
1362.17 10293.9
1369.86 10379.8
1370.36 10425.2
1366.4 10329.7
1366.27 10356.8
1366.47 10403.9
1366.49 10400.4
1366.86 10394.4
1366.27 10396.9
1365.8 10416.8
1366.55 10412.3
1366.06 10386.1
1366.24 10360.4
1366.23 10358.5
1366.84 10340.6
1371.36 10382.2
1363.29 10507.7
1361.68 10502.1
1360.79 10571.3
1359.01 10548.6
1359.06 10470.8
1359.02 10403
1358.78 10374.7
1359.12 10364.8
1358.81 10345.1
1358.12 10331.1
1359.45 10323.5
1359.38 10330.8
1359.8 10364.2
1361.68 10472.3
1360.07 10424
1358.97 10430
1356.13 10487.2
1353.2 10552.1
1353.1 10526.4
1354.16 10522
1354.16 10500.8
1353.07 10504.1
1353.36 10442.5
1353.68 10396.1
1353.65 10394.4
1354.11 10416.5
1353.77 10444.1
1353.53 10457
1353.46 10458.4
1351.27 10525.5
1352.46 10560.5
1352.24 10686.5
1351.03 10680.3
1351.08 10709.5
1356.22 10774.8
1356.24 10838.1
1356.23 10768.4
1356.08 10728.2
1355.96 10717.9
1355.64 10702.3
1355.83 10686.8
1355.88 10662.1
1355.84 10685.6
1355.16 10675.6
1354.63 10648.5
1353.49 10638.5
1353.88 10655.4
1353.91 10698.7
1354.78 10689.6
1353.99 10690.2
1353.87 10654
1354.02 10649.8
1353.85 10648.6
1354.13 10688.2
1353.91 10664
1353.9 10631.7
1354.93 10624.3
1354.87 10579.2
1354.9 10566.6
1360.52 10579.6
1360.7 10567.2
1360.9 10656.4
1365.87 10725.6
1366.59 10802.1
1366.28 10881
1366.09 10981.3
1365.7 11037.5
1365.29 11055.2
1364.7 11091.8
1370.91 11118.5
1371.05 11144.5
1370.43 11183.9
1369 11110.7
1370.61 11096.9
1372.15 11102.8
1372.55 11071.3
1371.45 11045.2
1372.02 11063.9
1370.32 11067
1368.68 11036.8
1368.67 11101.8
1368.11 11158.9
1368.22 11236.7
1368.52 11254.5
1368.54 11280.5
1369.17 11286.8
1369.23 11285.9
1371.82 11285.9
1371.8 11278.2
1371.45 11293.4
1370.03 11281.4
1371.01 11291.4
1371.11 11308.6
1372.42 11327.6
1372 11312.2
1371.98 11319.4
1371.92 11316.9
1371.15 11332.9
1360.95 11380.8
1361.26 11329.2
1361.03 11323.1
1360.68 11333.7
1360.82 11358.1
1361 11381.2
1360.98 11390.6
1360.62 11428.4
1359.53 11446.1
1359.32 11433
1359.26 11453.6
1359.06 11451.4
1359.14 11440.8
1357.59 11487.9
1357.95 11508.5
1357.87 11457.8
1357.78 11461
1357.9 11431.9
1358.23 11407.5
1358.12 11424.7
1354.93 11456.4
1354.67 11418.1
1354.04 11382.2
1354.03 11378.1
1352.81 11372.9
1349.74 11389.5
1350.74 11429
1350.3 11415.3
1348.78 11386.7
1348.78 11395.2
1351.72 11385.3
1350.64 11450.2
1350.61 11487.2
1350.9 11510.1
1349.79 11591.2
1349.85 11619.2
1349.8 11635.7
1349.74 11646.5
1350.87 11587.1
1350.89 11581.1
1350.92 11607.2
1350.84 11592.6
1350.89 11615.7
1349.99 11579.4
1352.27 11536.3
1351.95 11440.2
1350.32 11336.3
1350.49 11331.6
1350.49 11297.8
1350.67 11258.2
1350.69 11211
1348.14 11220.5
1347.38 11262.8
1347.45 11288
1347.55 11318
1346.55 11379.4
1346.48 11378.2
1346.57 11383.8
1346.87 11364.1
1347.04 11356.5
1346.96 11373.5
1347.04 11356.3
1348.8 11366.7
1348.87 11371
1349.35 11363.8
1349.32 11330.9
1350.29 11468.6
1350.23 11568.1
1349.62 11585.3
1349.47 11619.3
1349.24 11666.1
1348.46 11692.3
1348.47 11732.9
1348.06 11821.7
1348.02 11802.7
1348.04 11810.8
1348.13 11824.8
1348.5 11836.7
1349.01 11841.6
1349.01 11842.1
1349 11837.5
1349.61 11817.4
1349.63 11806.1
1350.25 11800.3
1350.37 11812.8
1349.53 11807.3
1350.64 11839.7
1349.8 11810.9
1349.08 11813.6
1348.73 11818.1
1348.44 11809.7
1348.08 11763.4
1347.51 11713.8
1347.12 11679.6
1342.36 11801.2
1342.7 11868.4
1342.21 11862.8
1343.39 11866
1343.33 11856.9
1349.69 11920
1349.97 11945.1
1350.17 11882.8
1350.02 11857.1
1350.02 11828.5
1349.05 12023.6
1348.45 11970.6
1347.59 12218.8
1347.91 12276.6
1358.47 12435.7
1358.47 12379.4
1359.1 12319.1
1362.71 12298
1363.68 12288.1
1364.24 12306
1363.93 12264.8
1363.82 12241.1
1363.98 12246.6
1364.68 12277.6
1366.62 12256.9
1369.63 12245.5
1369.8 12298.4
1369.79 12301.6
1369.8 12314.5
1369.53 12300.9
1370.21 12286.9
1369.76 12297.5
1369.85 12326.7
1370.34 12299.3
1371.33 12281.3
1371.31 12252.7
1371.27 12227.7
1371.79 12236.5
1364.88 12258
1365.58 12294.5
1365.52 12299.4
1365.47 12290.3
1365.55 12291.6
1364.82 12235.7
1364.73 12257.2
1364.86 12333.8
1365.74 12373.2
1364.95 12439.5
1364.94 12528.4
1365.02 12570.5
1364.7 12609.5
1364.8 12650.7
1364.46 12673.8
1363.29 12687.6
1363.91 12779.1
1363.74 12837.6
1364.61 12876.7
1364.75 12884.7
1364.46 12929.6
1367.6 12676.7
1367.39 12652.9
1367.15 12673.4
1367.17 12710.3
1365.53 12735.9
1366.98 12711.7
1366.97 12758.9
1367.22 12878.8
1367.25 12918.9
1367.16 12909.2
1365.36 12968.3
1365.35 12984.2
1365.51 13043
1365.64 13044.4
1365.83 13050.6
1364.67 13071.9
1365.13 13090.2
1364.87 13071.4
1365.05 13047.3
1364.83 13031.4
1365.31 13019.9
1365.31 13018.6
1365.31 13020.4
1365.62 12992
1366.07 12997.3
1365.34 13008.2
1363.53 13070.2
1364.52 13110.6
1364.52 13126.8
1363.3 13104.3
1364.18 13079.5
1364.14 13081.1
1363.85 13083.7
1363.87 13089
1363.38 13075.9
1363.22 13057.8
1362.25 13064.8
1362.55 13074.2
1364.45 13088.6
1364.45 13114.7
1364.22 13121.1
1364.2 13135.7
1366.27 13140
1363.19 13169.8
1363.24 13184.4
1363.3 13191.9
1363.47 13209.9
1362.64 13227.2
1362.62 13272
1362.57 13327.8
1362.32 13369.6
1362.37 13414.4
1359.18 13441.1
1358.08 13467.5
1358.35 13471.6
1359.77 13533.6
1359.17 13544.7
1359.24 13574.3
1359.89 13573.8
1359.53 13599
1359.86 13604.8
1358.06 13715.3
1356.4 13827.5
1356.36 13879.4
1356.87 14013.1
1356.94 13969.3
1357.03 13912.7
1357.06 13842.9
1357.18 13803.5
1356.6 13804.7
1356.86 13801.6
1356.6 13812.7
1356.68 13699.2
1357.47 13602.1
1354.38 13517.9
1355.82 13443.3
1355.36 13397.1
1353.63 13422.7
1353.57 13462.1
1353.57 13439.1
1352.41 13356.9
1354.59 13351.5
1354.47 13363.7
1354.48 13376.6
1354.94 13368.5
1354.87 13408.1
1355.23 13401.7
1354.16 13418.7
1354.21 13434.9
1354.45 13433.6
1355.04 13460.6
1357.77 13517.3
1358.33 13524.6
1359.62 13493
1360.56 13477.8
1359.81 13491.4
1360.07 13479.7
1360.03 13478.3
1360.59 13432.7
1359.83 13428.3
1359.28 13414.1
1359.44 13413.4
1359.56 13433.1
1359.74 13435.1
1357.93 13406.8
1357.87 13396.6
1359.15 13342.1
1362 13303.6
1363.96 13351
1363.91 13346.1
1363.88 13348
1363.79 13355.6
1363.72 13352.7
1362.1 13320.8
1362.33 13328.9
1362.48 13337.5
1362.32 13331.1
1363.84 13364.5
1364.19 13381.1
1364.6 13390.4
1365.64 13408.5
1365.85 13538.5
1365.88 13503.4
1365.7 13504
1366.65 13516.7
1366.32 13537.8
1370.01 13517.3
1370.23 13539.4
1369.97 13553.9
1370.23 13543.7
1369.33 13546.3
1368.19 13558.2
1367.23 13587.1
1367.19 13604.7
1367.88 13596.7
1367.92 13599.4
1367.76 13586.4
1367.73 13605.7
1367.71 13611.8
1367.84 13595
1367.79 13576
1369.67 13608.9
1369.58 13620.5
1369.65 13623.5
1369.78 13621.4
1370.06 13612.2
1369.74 13604.3
1369.39 13620
1369.58 13625.5
1369.49 13635.5
1369.45 13648.6
1369.73 13657.6
1370.58 13651.4
1370.65 13661
1370.64 13680.9
1370.17 13688.1
1370.27 13707.8
1370.26 13738.3
1370.24 13735.8
1369.94 13717.3
1369.48 13679.8
1369.91 13655.7
1368.17 13654.4
1368.14 13642.9
1368.12 13653
1368 13659.1
1368.71 13666.3
1368.7 13654.4
1368.21 13668.7
1367.91 13670.6
1367.82 13680
1368.69 13698.3
1368.61 13707.6
1368.85 13708.4
1368.01 13725.1
1368.2 13721.4
1367.43 13771
1367.68 13787.5
1367.96 13786.5
1368.22 13811.8
1368.23 13828.6
1368.34 13835.4
1368.07 13841.8
1368.44 13833.7
1368.44 13820.3
1371.21 13832.8
1371.15 13831.7
1371.15 13827.9
1371.11 13765.8
1371.11 13760
1369.6 13770.2
1370.01 13746.6
1370.09 13768.7
1370.1 13789.6
1370.22 13790.4
1369.99 13785
1370.16 13778.5
1370.35 13752.9
1370.19 13738.9
1370.27 13732
1370.09 13728.8
1370.59 13726
1370.53 13716.1
1369.76 13704.8
1369.58 13717.5
1369.86 13725
1369.59 13737
1369.12 13753.3
1369.41 13757.5
1369.03 13721.1
1369.36 13696.2
1369.3 13709.5
1368.96 13750.1
1368.95 13668.4
1369.16 13656.4
1369.18 13668.9
1368.78 13664
1368.5 13652.2
1368.56 13665.8
1369.64 13710.2
1369.47 13725.6
1369.5 13711.4
1369.87 13714.1
1369.72 13717.2
1369.36 13721.8
1369.32 13727
1369.4 13724.2
1368.86 13727.4
1368.95 13729.2
1368.95 13736.1
1369.02 13747.1
1370.27 13750
1370.31 13753.2
1369.74 13740.7
1369.76 13738.1
1369.7 13731
1369.71 13701.4
1369.88 13719.2
1370.75 13727.4
1371.03 13735.7
1368.8 13760.8
1367.55 13799.4
1369.38 13801.7
1369.4 13806.4
1369.55 13830.1
1369.58 13833.8
1369.12 13838.7
1369.5 13849.3
1369.54 13824.2
1368.88 13832.3
1368.75 13841.1
1368.7 13839
1368.66 13849.1
1365.44 13836.9
1365.85 13815.1
1366.48 13790.7
1366.36 13781.6
1366.27 13759.7
1367.19 13802.5
1367.58 13859.4
1368.43 13883.6
1368.38 13910.4
1368.58 13937.5
1371.99 13945.3
1372.04 13960.4
1372.28 13974.8
1373.16 13977.4
1373.52 13974
1374.3 13968.8
1374.58 13966.4
1375.01 13962.6
1374.99 13978.2
1374.93 13979.4
1374.12 13990.7
1373.99 13972.9
1373.98 13995.6
1375.85 14034
1376.52 14000.6
1376.22 13976.9
1376.51 13965.2
1375.21 13951.3
1375.15 13949.6
1375.01 13949
1374.9 13964.1
1375.05 13978.8
1375.08 13978.8
1374.7 13973.9
1374.82 13993.2
1374.88 14015.4
1375.03 14021.7
1376.12 14048.2
1376.38 14060.8
1376.54 14078.2
1375.06 14114
1375.22 14120.2
1373.53 14144.9
1373.65 14131.5
1373.82 14133.7
1373.79 14128.2
1373.57 14117.9
1374.34 14146.1
1374.42 14184.3
1374.25 14210.6
1373.5 14204.6
1373.06 14195.8
1372.77 14191.5
1372.9 14213.4
1372.47 14236.9
1372.42 14239.8
1373.14 14258.7
1373.24 14255.8
1372.88 14235.5
1373.33 14235.9
1373.64 14243
1373.98 14262.5
1373.96 14244.4
1375.41 14231.8
1375.91 14288.4
1375.8 14291.9
1376.78 14269.2
1376.18 14268.5
1376.33 14271.9
1376.17 14266.9
1375.49 14246.1
1372.68 14137.5
1372.75 14111.3
1372.68 14183.1
1372.57 14233.3
1373.55 14237.5
1373.32 14262.4
1373.33 14270.9
1373.57 14274.3
1374.38 14274.5
1374.92 14283.3
1374.97 14291.4
1375.03 14307.2
1374.99 14316.1
1374.99 14312.3
1374.82 14317.3
1374.69 14324
1374.73 14331
1374.94 14345.9
1375.33 14357
1378.09 14430.1
1379.51 14436.5
1379.51 14449.8
1379.78 14457.9
1380.01 14441.4
1380.45 14440.8
1379.87 14417.5
