6.0979 0
285.132 3.42359
532.644 12.1742
594.263 17.3286
620.294 17.2185
677.687 18.4271
722.417 18.4035
815.389 59.9813
838.428 69.6291
944.999 57.4407
959.218 58.1755
993.232 65.6624
1004.78 64.6457
1009.22 66.7345
1066.4 68.7896
1070.21 69.1952
1082.66 69.5202
1151.3 75.9105
1156.78 76.138
1163.42 76.4021
1318.92 3167.99
1353.42 2365.16
1431.19 2101.71
1450.13 2756.54
1465.97 2029.66
1486.93 1652.14
1548.62 1366.23
1550.08 1173.59
1551.38 1000.76
1580.01 860.37
1583.32 788.915
1644.6 1091.42
1651.98 1271.57
1679.67 1346.31
1698.22 1325.03
1699.56 1292.97
1718.75 1248.42
1736.79 1229.75
1737.84 1226.18
1741.28 1208.31
1742.12 1192.28
1732.47 8000.33
1765.66 8008.91
1767.67 7294.01
1767.74 6498.44
1779.69 6972.25
1781.33 5756.94
1804.78 5035.01
1774.11 6029.44
1768.69 6162.57
1788.55 4966.4
1781.51 4290.29
1783.99 3840.9
1780.21 3542.15
1779.58 3377.36
1781.61 3174.91
1791.11 3084.07
1835.06 3097.29
1837.81 3118.78
1837.05 3166.3
1844.69 3198.75
1850.74 3206.97
1848.35 3229.3
1835.4 3316.6
1835.45 3361.89
1835.69 3657.61
1835.48 3760.46
1840.98 3923.2
1818.32 4054.6
1821.57 3851.73
1853.58 3982.56
1856.24 3400.84
1849.58 3232.76
1845.36 4058.28
1833.79 4888.17
1834.92 4514.33
1835.08 4306.58
1836.22 4072.68
1833.54 3961.18
1835.45 3951.62
1835.52 3947.79
1841.43 3946.66
1851.68 4765.89
1851.81 4369.49
1852.7 4173.43
1852.44 4030.09
1851.26 3946.73
1851.86 3919.95
1988.97 6165.61
1988.96 6474.15
1989.68 6886.8
1992.45 7376.65
1993.76 7860.37
1990.48 8414.3
1990.61 8592.87
2017.78 8540.96
2017.45 8478.07
2018.04 8556.38
2045.56 8378.45
2046.83 8156.22
2047.69 8056.4
2055.03 8255.31
2054.51 8431.01
2061.2 9909.46
2059.29 9634.78
2061.55 9454.79
2061.77 9408.84
2063.42 9285.47
2063.94 9122.27
2055.43 8915.04
2053.27 8674.99
2053.73 8534.57
2051.73 8387.28
2051.35 8262.07
2051.6 8160.45
2052.21 8139.39
2053.92 7992.1
2054.82 7913.16
2042.52 8322.45
2043.1 8196.25
2042.56 8093.8
2041.7 8092.48
2039.26 8176.51
2034.24 8177.15
2034.08 8170.37
2034.22 8138.7
2034.06 8098.35
2034.59 8054.28
2034.66 8018.82
2034.15 7999.06
2038.3 7999.52
2037.99 7925.7
2038.48 7901.76
2038.12 7880.43
2036.89 7860.57
2039.76 7874.81
2040.87 7936.17
2040.74 7944.32
2039.49 7918.32
2039.44 7909.11
2039.36 7893.22
2037.99 7937
2038.32 7935.13
2036.67 7969.19
2038.31 7998.08
2035.68 7988.26
2035.35 8013.69
2035.68 8007.55
2035.96 8033.22
2036.34 8049.5
2030.94 8033.07
2035.8 7954.02
2035.62 7924.41
2036.74 7966.36
2035.27 8006.57
2035.4 8022.46
2035.06 8002.96
2036.41 8012.73
2036.19 8006.31
2036.07 8019.66
2035.26 8023.42
2034.96 8027.84
2034.93 8041.66
2034.93 8063.56
2036.13 8070.62
2037.44 8092.01
2037.6 8129.25
2050.87 8392.13
2050.95 8423.54
2050.79 8436.82
2050.8 8444.21
2049.48 8465.35
2053.49 8488.04
2053.33 8492.63
2052.88 8518.37
1968.38 10350.3
1967.7 9917.11
1967.4 9704.78
1967.92 9506.11
1970.2 9217.17
1970.04 8872.12
1970.57 8580
1970.41 8428.67
1970.47 8321.94
1968.89 8178.19
1969.95 8118.88
1968.96 8101.9
1970.08 8168.95
1970.18 8183.8
1969.83 8226.76
1969.83 8265.1
1971.35 8267.92
1971.37 8295.71
1971.44 8297.83
1971.71 8301.51
1971.58 8313.31
1969.28 8401
1970.17 8449.76
1970.2 8438.4
1970.74 8425.25
1970.64 8478.86
1972.04 8526.67
1972.37 8584.06
1974.19 8611.03
1979.43 8689.15
1979.43 8641.6
1979.5 8630.92
1976.06 8666.15
1976.54 8702.16
1976.76 8688.59
1976.8 8717.33
1977.3 8737.59
1977.08 8750.28
1977.07 8754.35
1976.2 8759.88
1976.29 8745.98
1976.69 8695.76
1977.81 8713.63
1977.36 8752.01
1977.39 8729.95
1974.77 8721.86
1974.78 8729.33
1974.63 8742.29
1974.57 8775.51
1974.89 8794.35
1975 8825.8
1974.42 8849.26
1975.41 8847.77
1976.31 8896.97
1976.03 8920.14
1976.22 8947.7
1976.11 8994.81
1975.15 9003.86
1975.27 9022.1
1976.33 9057.91
1992.51 9743.31
1992.2 9373.85
1991.06 9817.15
1991.98 9648.85
1992.56 9468.14
1992.97 9462.24
1992.43 9574.64
1992.62 9546.62
1992.3 9564.54
1992.29 9517.85
1992.24 9519.39
2023.92 9568.63
2023.92 9396.01
2018.85 9447.99
2018.89 9453.06
2020.35 9482.54
2021.96 9384.58
2021.38 9358.64
2021.1 9349.34
2021.2 9332.8
2019.14 9306.24
2018.75 9283.5
2018.7 9268.35
2016.53 9270.37
2015.27 9264.43
2012.38 9241.2
2017.53 9238.89
2044.27 9032.54
2039.85 8937.09
2040.94 9090.58
2041.25 9004.64
2040.98 8942.03
2041.04 8900.47
2040.35 8850.82
2040.53 8829.97
2040.19 8796.81
2040.25 8752.45
2040.67 8728.33
2040.45 8716.17
2041.23 8710.22
2041.47 8711.34
2058.26 8459.85
2058.26 8632.76
2059.01 8684.99
2058.89 8717.68
2058.1 8714.4
2058.13 8695.88
2057.63 8703.29
2057.57 8682.58
2057.58 8707.54
2056.09 8754.91
2056.07 8773.5
2055.76 8768.68
2055.99 8715.31
2056.43 8700.81
2057.38 8724.65
2015.4 8908.59
2015.26 8960.41
2014.93 8960.68
2017.52 8964.43
2017.56 8967.77
2011.51 9270.4
2012.25 9161.94
2012.22 9100.11
2012.26 9065.46
2012.29 9050.4
2011.77 9054.98
2021.01 9315.37
2020.61 9324.56
2020.51 9332.74
2020.62 9323
2020 9321.73
2020.42 9318.02
2020.02 9289.88
2019.62 9268.77
2020.46 9288.82
2020.45 9284.31
2020.33 9264.52
2020.33 9269.56
2020.19 9221.75
2020.63 9236.61
2020.93 9257.51
2021.07 9255.52
2020.92 9253.8
2020.87 9251.23
2020.71 9287.96
2021.07 9254.55
2020.26 9259.37
2021.65 9208.79
2021.7 9196.64
2022.54 9216.13
2022.23 9205.74
2022.28 9202.74
2021.45 9236.31
2021.4 9244.24
2022.02 9255.14
2021.56 9227.96
2021.23 9206.36
2020.79 9203.65
2020.81 9202.22
2020.83 9202.91
2020.82 9213.74
2020.66 9239.22
2021 9242.21
2020.81 9239.37
2020.61 9256.64
2021.91 9273.03
2021.56 9284.42
2021.33 9237.24
2024.31 9198.39
2024.18 9199.69
2024.88 9213.52
2022.58 9245.64
2022.68 9244.04
2023.79 9209.75
2023.78 9201.45
2024.04 9181.44
2021.37 9142.84
2020.5 9142.59
2018.92 9180.1
2019.12 9175.63
2016.9 9195.04
2016.85 9208.77
2017.02 9250.64
2016.18 9358.85
2016 9358.6
2016.3 9381.95
2019.07 9292.83
2018.81 9349.77
2017.8 9363.12
2017.6 9364.35
2017.6 9361.01
2017.77 9353.6
2018.32 9338.21
2015.38 9378.27
2013.57 9393.14
2013.37 9379.24
2013.28 9351.61
2013.67 9335.17
2015.29 9431.38
2015.13 9485.67
2015.06 9540.27
2015.07 9490.96
2014.88 9490.54
2014.67 9459.79
2014.59 9491.37
2018.48 9394.43
2025.87 9337.49
2026.11 9304.97
2026.32 9315.92
2026.46 9348.29
2026.26 9341
2026.32 9344.17
2026.28 9348
2026.38 9334.17
2025.03 9333.54
2025.67 9339.19
2026.52 9355.05
2026.36 9352.9
2027.24 9354.85
2027.32 9242.73
2028.18 9244.8
2028.14 9255.85
2027.4 9261
2027.62 9285.75
2027.12 9269.87
2024.63 9296.41
2022.39 9255.11
2022.91 9239.96
2022.63 9250.04
2022.48 9253.25
2022.54 9248.32
2022.78 9239.13
2022.52 9211.22
2022.33 9220.38
2022.24 9222.86
2022.06 9220.92
2021.97 9226.89
2021.19 9213.97
2021.01 9202.5
2020.61 9199.57
2020.59 9194.38
2021.04 9197.13
2020.96 9192.84
2020.91 9189.97
2020.95 9183.12
2025.03 9147.66
2024 9226.17
2024.17 9204.61
2025.79 9209.03
2025.57 9197.49
2025.49 9189.22
2025.21 9182.49
2024.52 9188.45
2024.43 9181.72
2026.27 9218.67
2026.17 9224.36
2026.11 9295.41
2025.95 9300.87
2028.03 9258.99
2027.56 9317.9
2026.18 9315.85
2025.93 9314.5
2026.58 9304.68
2026.56 9309.44
2026.63 9325.33
2027.03 9326.42
2027.08 9331.67
2028.3 9346.18
2028.32 9341.8
2030.03 9334.19
2030.03 9330.32
2030.07 9347.95
2029.37 9348.73
2028.93 9321.81
2029.04 9288.08
2029.08 9275.4
2029.11 9268.79
2029.12 9254.89
2029.04 9266.66
2034.79 9253.5
2035.55 9257.17
2035.61 9253.33
2033.64 9257.68
2033.58 9269.33
2033.58 9276.02
2033.7 9291.43
2033.7 9292.73
2033.58 9302.97
2033.37 9279.09
2035.13 9253.26
2035.03 9197.47
2032.32 9203.64
2031.56 9205.12
2030.47 9205.52
2029.06 9209.99
2029.62 9242.29
2021.45 9391.69
2022.24 9365.48
2021.89 9333.08
2021.79 9322.78
2024.05 9232.31
2023.68 9191.43
2024.21 9227.42
2024.14 9246.11
2024.27 9260.65
2024.16 9266.85
2024.46 9288.29
2024.43 9277.63
2024.71 9275.34
2024.76 9291.8
2024.71 9282.13
2023.62 9252.83
2033.78 9278.41
2034.22 9159.06
2034.13 9131.78
2034.17 9130.63
2035.58 9147.28
2035.59 9164.66
2035.2 9177.85
2035.48 9451.25
2035.53 9332.61
2035.38 9320.65
2035.37 9309.69
2034.06 9285.86
2033.9 9267.48
2033.93 9250.62
2034.71 9217.83
2036.35 9204.43
2036.15 9198.4
2036.53 9196.07
2035.58 9206.6
2032.8 9223.71
2032.28 9219.5
2032.17 9217.85
2031.69 9180.16
2031.68 9160.99
2033.67 9145.69
2033.74 9142.07
2036.08 9122.85
2036.31 9134.22
2035.36 9154.17
2035.36 9182.89
2035.35 9199.67
2035.36 9208.72
2035.3 9215.82
2035.11 9218.92
2035.28 9198.99
2035.26 9197.71
2035.47 9151.89
2035.37 9138.46
2035.64 9127.59
2035.18 9138.25
2035.38 9136.15
2035.42 9150.1
2035.24 9157.44
2035.28 9172.69
2035.5 9155.11
2035.69 9146.71
2035.67 9141.45
2033.28 9176.71
2033.36 9164.31
2036.86 9096.66
2036.81 9141.18
2035.75 9120.99
2036 9075.65
2035.87 9049.43
2035.83 9047.66
2035.85 9056.98
2035.7 9066.73
2035.78 9065.21
2036.03 9042.6
2036.02 9031.61
2033.69 9025
2033.57 9018.87
2033.31 9055.02
2032.38 9052.69
2031.35 9071.88
2031.06 9051.3
2031.77 9079.34
2031.54 9145.14
2031.57 9119.37
2031.23 9088.87
2031.28 9091.01
2032.83 9036.57
2032.26 9006.29
2028.54 9015.7
2028.59 9000.44
2028.48 8998.97
2028.98 9007.52
2029.44 9028.43
2029.45 9060.59
2029.4 9083.78
2029.42 9084.52
2029.33 9086.76
2029.31 9092.18
2029.3 9059.99
2028.96 9031.8
2029.21 9055.55
2029.21 9065.56
2027.98 9102.84
2027.99 9109.02
2028 9101.97
2027.99 9105.03
2027.73 9117.32
2027.86 9101.33
2027.59 9128.62
2027.51 9103.89
2027.68 9099.57
2028.15 9078.1
2028.11 9081.08
2027.48 9092.91
2027.36 9105.27
2024.99 9135.17
2025.04 9148.78
2024.82 9161.67
2023.67 9170.34
2023.26 9194.68
2023.55 9233.4
2023.25 9231.84
2023.49 9222.91
2023.57 9229.82
2023.65 9252.72
2023.84 9264.8
2023.59 9265.41
2023.5 9270.56
2023.68 9270.34
2023.67 9260.37
2023.69 9261.65
2023.74 9248.99
2022.46 9272.21
2022.45 9278.69
2022.37 9272.62
2021.61 9288.06
2021.9 9267.66
2021.96 9269.6
2020.58 9344.24
2020.85 9354.94
2020.86 9346.85
2020.49 9348.01
2020.16 9344.37
2020.02 9350.12
2018.21 9355.75
2018.17 9354.81
2018.04 9411.85
2017.79 9420.23
2017.71 9420.39
2017.77 9407.35
2017.86 9404.77
2017.6 9386.19
2016.98 9341.89
2019 9344.01
2018.99 9313.04
2026.12 9279.49
2027.95 9267.15
2027.88 9263.68
2029.02 9314.81
2029.04 9348.59
2028.98 9360.21
2028.89 9364.07
2028.87 9364.33
2027.9 9365.51
2027.88 9363.91
2029.04 9430.91
2029.02 9437.41
2029.22 9428.38
2029.29 9440.48
2028.97 9461.23
2028.77 9484.83
2028.74 9484.72
2027.78 9479.89
2027.79 9462.58
2027.97 9446.43
2022.59 9433.37
2023.91 9416.55
2024.28 9442
2025.03 9589.59
2025.02 9514.54
2025.13 9556.49
2025.7 9568.23
2027.6 9564.4
2029.17 9531.31
2029.4 9512.48
2030.16 9537.14
2030.98 9536.49
2030.44 9512.99
2030.67 9526.65
2030.38 9516.6
2029.88 9486.95
2029.93 9479.14
2029.84 9474.86
2029.52 9475.98
2029.45 9485.69
2029.43 9485.31
2032.34 9477.69
2033.09 9500.21
2034.03 9480.01
2033.93 9491.55
2033.89 9503.39
2033.5 9497.22
2033.77 9482.03
2033.67 9472.67
2033.87 9466.49
2033.8 9489.76
2033.55 9510.37
2033.39 9484.07
2033.07 9485.15
2032.72 9490.44
2032.98 9471.92
2032.91 9471.17
2033.21 9459.79
2032.87 9461.87
2032.68 9469.94
2032.57 9483.68
2032.59 9490.34
2032.45 9493.04
2032.67 9500.66
2032.39 9507.54
2032.38 9513.48
2032.43 9522.88
2031.79 9532.08
2032.06 9520.38
2032.01 9512.34
2031.93 9501.19
2031.9 9499.47
2031.85 9505.82
2032.11 9499.59
2035.43 9503.98
2035.98 9496.45
2036.02 9501.66
2035.94 9507.54
2035.24 9494.83
2034.02 9528.87
2034.36 9507.04
2034.45 9493.41
2034.38 9494.79
2033.3 9500.4
2033.93 9519.65
2033.86 9542.71
2034.13 9559.36
2034.16 9567.06
2033.7 9582.12
2033.89 9587.91
2033.83 9604.06
2034.3 9606.54
2034.24 9607.66
2033.44 9611.18
2036.67 9604.19
2036.73 9607.13
2036.78 9607.18
2036.86 9600.75
2036.85 9597.06
2036.97 9600.09
2037 9601.28
2037.32 9598.6
2037.33 9598.81
2037.34 9603.44
2037.79 9600.75
2037.35 9566.06
2037.54 9566.73
2037.52 9571.72
2037.38 9575.15
2037.38 9568.29
2037.35 9571.83
2037.32 9577.14
2037.1 9581.93
2034.41 9586.51
2034.28 9599.61
2034.28 9623.35
2034.28 9624
2035.43 9617.81
2034.55 9611.44
2033.97 9801.4
2033.73 9618.62
2033.8 9598.88
2037.69 9616.65
2038.04 9680.54
2037.81 9595.77
2037.73 9557.27
2037.52 9578.3
2034.67 9579.07
2030.38 9679.25
2030.68 9665.23
2038.78 9650.16
2038.74 9610.63
2038.84 9599.18
2038.46 9586.91
2038.44 9578.48
2038.22 9562.7
2039.18 9556.32
2039.27 9555.04
2039.2 9547.33
2039.05 9545.1
2039.06 9550.87
2039.07 9556.84
2046.83 9613.04
2046.2 9615.07
2046.2 9634.1
2045.9 9652.78
2045.88 9682.21
2045.87 9690.12
2043.66 9702.19
2043.39 9711.98
2043.44 9716.07
2043.29 9723.23
2043.14 9701.1
2043.06 9704.16
2042.75 9705.71
2042.75 9706.04
2042.8 9701.64
2042.83 9698.63
2043.36 9691.71
2042.46 9690.32
2042.33 9698.32
2044.65 9715.81
2044.36 9728.59
2044.34 9720.72
2044.34 9710.82
2044.3 9712
2043.98 9712.06
2043.93 9709.53
2044.45 9715.04
2044.55 9725.78
2045.07 9714.69
2045.03 9716.56
2045.51 9721.16
2045.95 9748.52
2045.39 9772.79
2045.53 9781.54
2044.98 9802.34
2044.97 9796.25
2044.97 9790.78
2044.8 9785.91
2044.96 9787.12
2044.11 9781.38
2043.46 9811.59
2043.61 9794.4
2043.44 9792.71
2043.45 9801.38
2043.37 9811.17
2049.63 9914.22
2049.36 9848.8
2046.6 9811.34
2046.21 9826.85
2046.26 9817.25
2046.59 9832.65
2046.62 9831.92
2047.29 9843.71
2047.17 9846.5
2046.9 9851.96
2046.97 9851.1
2046.89 9872.64
2046.38 9887.9
2046.42 9884.46
2046.32 9843.56
2046.45 9849.99
2047.11 9844.58
2044.99 9847.07
2045.02 9840.87
2045.01 9853.28
2044.8 9863.76
2044.62 9866.09
2044.8 9846.33
2045.54 9874.96
2045.47 9884.67
2044.63 9880.89
2044.75 9859.03
2044.47 9857.82
2044.47 9861.4
2045.98 10070.4
2046.49 10041.2
2050.23 10087.4
2050.15 10156.5
2050.15 10138.3
2050.72 10102
2050.27 10065.8
2050.24 10070.3
2050.28 10049.3
2049.9 10051.3
2050.74 10050.5
2050.73 10051.9
2050.75 10052.6
2050.8 10041.3
2050.76 10027.9
2050.72 10033.7
2048.83 10029.9
2048.87 10046.1
2048.56 10042.5
2048.5 10032
2048.56 10020.9
2048.82 10027.3
2048.73 10041.2
2049.53 10052.5
2048.2 10109.9
2048.26 10100.9
2048.27 10108.1
2048.14 10113.4
2047.78 10118.4
2047.5 10122.1
2047.5 10131.7
2047.49 10126.2
2047.91 10139.8
2047.79 10131.9
2048.86 10114.3
2048.86 10157.2
2048.99 10166.9
2047.65 10172.2
2047.62 10170
2047.25 10170.2
2047.32 10175
2046.48 10206.7
2046.86 10247.1
2046.89 10267.2
2046.48 10262.9
2046.52 10265.1
2046.39 10272.5
2046.42 10281.8
2045.91 10282.3
2045.91 10283.5
2045.89 10286.6
2045.93 10293.4
2048.29 10323.6
2048.29 10301.5
2048.24 10308.8
2048.25 10322.8
2049.33 10324.4
2049.66 10344
2049.67 10349.2
2049.37 10342.5
2049.68 10415
2049.83 10408.5
2049.68 10380.1
2048.12 10388
2047.92 10383
2047.9 10374.3
2047.95 10373.5
2047.51 10410.6
2046.5 10421.7
2047.18 10417.1
2047.18 10410
2049.53 10387.1
2049.59 10402.2
2049.55 10396.5
2048.84 10389.2
2049.03 10373.5
2049.15 10384.4
2049.1 10380.2
2049.24 10378.3
2045.01 10460.9
2044.36 10452.7
2043.97 10439.2
2044.01 10429.5
2043.95 10452.4
2044.29 10470.2
2044.34 10478.3
2044.21 10480.7
2044.56 10489.8
2044.18 10493.9
2044.18 10502.8
2044.25 10503.9
2041.93 10514.5
2042.06 10511.5
2042.14 10508.5
2042.15 10513.3
2042.07 10513.6
2035.17 11188.3
2035.15 11156.4
2035.03 11139.6
2035.03 11196.9
2035.12 11212.4
2035.22 11207.2
2035.23 11205.8
2035.26 11216.7
2035.75 11237.6
2035.8 11226.2
2035.47 11204.5
2036.01 11247.9
2035.99 11261.5
2035.85 11245.5
2035.39 11240.4
2035.67 11252.7
2035.64 11253.7
2035.63 11251.1
2035.13 11252.7
2035.98 11261.4
2036.07 11260.2
2036.06 11257.8
2035.98 11260.2
2034.9 11262.6
2033.79 11260.5
2033.84 11254.3
2032.41 11253.2
2032.21 11256.1
2032.4 11242.3
2032.39 11250.8
2031.73 11209.2
2031.38 11192.8
2031.35 11186.6
2031.43 11176.6
2031.03 11176.4
2030.18 11167.2
2030.46 11153.1
2030.45 11147.1
2029.95 11217.5
2029.95 11223.5
2029.95 11228
2030.39 11214.4
2030.38 11221.3
2030.36 11225.2
2031.57 11240
2031.58 11236
2023.82 11284.7
2023.51 11363.8
2023.48 11362.4
2023.39 11356.9
2022.3 11548.4
2020.58 11437.1
2020.58 11434
2020.59 11424.6
2020.64 11429.1
2018.32 11423.1
2018.34 11422.2
2018.44 11425.1
2021.61 11461.1
