20.5618 0
111.558 0
438.222 10.2762
474.189 10.1445
503.611 10.1023
504.137 10.081
552.418 10.0683
574.702 10.062
574.715 10.0557
579.978 10.0494
648.089 13.2774
754.316 22.504
873.545 73.6823
884.839 70.2576
950.405 78.3392
988.133 105.225
987.38 106.496
990.69 122.773
997.678 123.571
1004.45 110.281
1066.6 122.635
1076.15 142.833
1133.21 151.786
1134.38 151.64
1153.19 151.583
1165.93 142.893
1166.46 145.624
1166.46 145.687
1189.39 144.916
1194.49 146.512
1195.24 153.624
1195.41 152.724
1198.88 143.384
1202.29 150.528
1221.15 146.437
1239.63 147.835
1249.81 148.084
1249.65 149.799
1249.9 151.105
1285.93 180.53
1287.46 184.155
1289.65 220.088
1338.72 1455.52
1338.25 1929.72
1383.06 2283.14
1383.53 2518.96
1387.3 2642.13
1400.05 2718.71
1408.01 2720.62
1430.6 2896.11
1464.13 2989.63
1464.98 5644.83
1473.35 4458.08
1502.69 4245.81
1513.19 3316.22
1520.39 2972.31
1529.62 2865.5
1529.94 2817.52
1530.69 2774.29
1555.21 2874.1
1633.63 4929.2
1628.77 4022.84
1635.86 3576.84
1637.95 3556.59
1640.27 3511.48
1639.46 3447.56
1638.79 3246.81
1638.74 3095.15
1650.73 3222.72
1653.94 2964.35
1690.76 3162.57
1691.28 3132.38
1719.33 3179.03
1717.25 3135.88
1717.71 3120.88
1723.14 3323.49
1723.11 3261.4
1724.08 3206.08
1717.29 3236.09
1720.08 3233.17
1732.32 3208.42
1735.96 3278.8
1740.06 3264.61
1744.74 3309.33
1746.34 3181.01
1644.52 3657.79
1683.41 4066.54
1685.62 4223.31
1687.27 4294.04
1687.94 4339.77
1683.79 4591.36
1687.87 4716.01
1698.54 4851.24
1698.74 4849.6
1698.62 4839.49
1698.82 4854.75
1700.97 4861.33
1712.16 4792.87
1715.56 4768.11
1712.57 4747.85
1712.48 4727.79
1707.27 4762.53
1716.27 4529.18
1720.39 4550.19
1720.08 4617.43
1717.61 4611.64
1718.3 4610.38
1718.03 4626.85
1711.32 4548.21
1714.84 4482.85
1714.39 4471.91
1716.35 4469.47
1717.88 4430.31
1717.27 4386.43
1703.66 4410.46
1704.11 4531.76
1701.53 4562.87
1702.85 4543.07
1712.94 4412.05
1711.6 4389.14
1710.87 4345.08
1710.8 4322.42
1708.97 4364.1
1709.31 4466.99
1708.59 4444.85
1708.7 4421.55
1802.98 6627.94
1804.19 5649.04
1803.72 5262.67
1808.78 5141.09
1808.53 5068.89
1812.44 5087.26
1743.47 5322.19
1744.93 4926.02
1744.55 4841.07
1744.27 4824.05
1744.25 4813.4
1742.34 4813.11
1759.27 4917.22
1756.29 4963.64
1756.8 4974.26
1755.29 4971.87
1754.76 4976.99
1753.54 4933.99
1754.09 4919.1
1755.97 4883.21
1756.08 4847.73
1750.57 4713.21
1750.58 4708.11
1750.22 4704.65
1750.22 4829.68
1750.64 4796.01
1750.61 4789.82
1750.48 4786.72
1752.14 4794.41
1753.18 4830.52
1753.31 4857.64
1753.26 4903.96
1752.8 4930.88
1753.36 4922.93
1753.32 4912.61
1753.5 4890.02
1753.8 4835.85
1754.28 4831.86
1754.16 4850.28
1753.31 4835.31
1752.26 4886.83
1747.45 4795.45
1749.36 4741.24
1750.51 4735.04
1750.56 4732.65
1750.01 4725.32
1750.45 4686.07
1750.41 4691.08
1752.03 4698.03
1752.62 4663.17
1754.5 4669.68
1753.1 4670.33
1752.32 4683.52
1753.06 4673.88
1754.17 4671.85
1754.52 4670.97
1752.67 4694.72
1758.84 4686.13
1757.4 4630.19
1756.71 4626.6
1757.4 4645.12
1757.65 4645.16
1757.66 4652.35
1758.05 4652.93
1758.21 4650.67
1757.58 4652.55
1757.59 4654.81
1756.76 4678.63
1758.13 4550.66
1760.9 4543.85
1761.65 4554.02
1761.79 4596.07
1761.16 4650.16
1761.35 4693.97
1762.79 4749.9
1763 4791.91
1762.7 4826.69
1760.72 4854.16
1761.09 4861.7
1761.54 4864.8
1760.69 4849.63
1758.88 4799.14
1758.47 4790.42
1761.34 4768.58
1761.35 4764.04
1761.83 4753.19
1761.86 4754.23
1760.25 4773.34
1757.97 4738.93
1757.83 4729.41
1756.76 4743.6
1757.49 4765.88
1757.49 4786.09
1756.98 4790.94
1757.37 4783.05
1757.36 4772.47
1757.58 4764.54
1758.08 4740.38
1757.97 4730.95
1758.06 4751.58
1757.94 4778.68
1757.54 4817.64
1757.43 4842.57
1758.33 4870.1
1759.4 4894.47
1759.42 4912.6
1753.35 4908.34
1753.65 4924.23
1754.88 4958.42
1754.87 5059.37
1756.2 5066.34
1755.07 5017.1
1753.35 5053.16
1753.34 5089.95
1753.42 5137.85
1753.54 5169.15
1753.66 5191.88
1753.56 5213.21
1754.59 5226.93
1754.01 5221.4
1753.33 5196.68
1753.13 5276.78
1753.13 5286.48
1752.85 5253.17
1752.83 5218.45
1753.49 5170.59
1752.03 5119.54
1751.24 5121.8
1751.21 5138.13
1751.28 5158.15
1751.48 5148.96
1749.69 5165.18
1748.61 5178.96
1748.69 5207.54
1750.03 5207.43
1750.18 5202.79
1754.64 5173.8
1754.35 5198.16
1752.98 5196.27
1752.91 5207.11
1749.8 5247.27
1748.44 5290.21
1747.97 5282.62
1747.63 5283.04
1746.18 5333.43
1747.32 5353.17
1746.64 5382.65
1747.75 5408.53
1747.56 5448.56
1747.81 5472.45
1748.49 5506.73
1748.47 5524.97
1747.78 5507.56
1748.05 5449.65
1751.09 5497.79
1751.15 5497.47
1756.11 5525.72
1756.26 5560.42
1756.41 5544.27
1755.94 5544.9
1755.34 5544.87
1756.05 5534
1756.06 5513.4
1756.33 5470.47
1763.82 5404.79
1763.8 5410.75
1764.11 5416.76
1764.59 5439.6
1764.59 5488.76
1764.6 5509.25
1764.72 5523.84
1766.84 5629.44
1766.92 5623.5
1767.57 5510.02
1766.17 5399.06
1765.43 5405.12
1765.49 5418.31
1764.69 5418.46
1764.65 5446.97
1765.46 5410.56
1767.75 5463.84
1767 5495.2
1764.79 5485.55
1760.56 5611.73
1760.41 5676.66
1758.8 5721.43
1757.5 5742.9
1757.24 5753.06
1757.24 5766.4
1757.8 5767.9
1756.18 5744.45
1756.36 5754.94
1757.02 5760.3
1756.87 5769.44
1757.43 5780.26
1757.3 5787.98
1757.14 5798.17
1757.14 5799.5
1757.61 5818.6
1757.17 5832.37
1757.07 5736.79
1756.61 5674.57
1755.72 5664.69
1755.35 5656.62
1755.48 5637.27
1755.73 5627.52
1755.73 5634.21
1756.79 5547.12
1756.99 5561.62
1757.8 5599.76
1757.92 5615.82
1758.8 5607.84
1759.13 5611.6
1760.08 6119.96
1759.88 6093.69
1759.82 6014.73
1755.77 5972.62
1755.77 5918.28
1755.67 5896.5
1756.63 5914.07
1756.57 5930.98
1757.24 5921.13
1760.98 6166.55
1763.26 6096.14
1763.47 6123.9
1763.35 6150.47
1763.42 6132.52
1765.2 6115.61
1765 6114.33
1765.07 6127.09
1764.8 6109.73
1765.09 6172.51
1765.6 6187.47
1766.3 6262.92
1766.62 6315.9
1766.85 6322.88
1766.83 6315.26
1767.92 6308.78
1768.09 6259.48
1768.22 6222.6
1768.39 6216.3
1768.85 6206.05
1768.72 6205.53
1769.78 6203.7
1772.27 6247.07
1772.07 6150.77
1772.2 6188.55
1770.96 6190.21
1771.16 6181.36
1770.98 6187.97
1771.58 6168.71
1770.72 6124.08
1769.79 6128.33
1781.05 6174.99
1780.64 6158.54
1780.27 6101.53
1783.4 6085.21
1783.85 6133.1
1783.7 6155.93
1783.65 6162.89
1783.74 6169.92
1783.48 6178.6
1783.89 6169.22
1785.91 6113.11
1787.31 6096.14
1787.28 6068.54
1787.57 6032.18
1787.47 6016.83
1788.11 5992.81
1787.85 6003.69
1788.03 6044.7
1788.03 6045.08
1788.7 6060.72
1790.05 6065.48
1797.4 6327.72
1797.38 6346.6
1797.74 6316.86
1796.25 6286.45
1796.08 6291.89
1795.62 6275.49
1795.74 6289.68
1795.41 6290.59
1795.71 6275.85
1795.71 6239.99
1796.26 6263.18
1795.99 6267.05
1796.2 6265.48
1796.22 6231.15
1795.94 6215.55
1794.97 6210.91
1795.13 6209.52
1794.7 6211.16
1794.58 6210.5
1794.48 6209.59
1794.72 6213.01
1794.81 6195.83
1795.22 6190.17
1794.7 6273.55
1794.64 6327.53
1794.23 6343.12
1794.94 6384.48
1796.99 6427.86
1796.6 6491.27
1796.17 6535.72
1795.62 6636.99
1795.78 6625.99
1795.28 6598.1
1796.05 6615.69
1796.46 6588.96
1796.6 6595.08
1796.9 6575.21
1798.03 6689.11
1797.88 6657.87
1797.15 6613.13
1796.85 6623.57
1798.84 6661.65
1798.96 6744.29
1799.06 6770.52
1799.25 6754.83
1800.8 6763.37
1800.83 6764.1
1797.02 6791.65
1797 6818.6
1796.56 6832.21
1796.52 6817.38
1796.89 6806.73
1796.05 6792.96
1796.13 6798.66
1796.41 6811.82
1796.37 6808.1
1797.34 6778.03
1798.41 6880.98
1802.11 6911.06
1802.41 6936.68
1802.22 6964.32
1807.11 7005.12
1806.31 7099.48
1806.88 7054.45
1806.8 7026.99
1806.35 6998.26
1805.37 6987.1
1805.75 6918.76
1806.73 6922.69
1806.6 6941.3
1806.6 6936.81
1806.42 6927.9
1804.99 6958.26
1806.06 6965.25
1805.31 6958.89
1805 6961.14
1804.78 6805.15
1804.58 6799.69
1803.99 6796.98
1804.23 6781.75
1804.26 6777.73
1804.06 6766.8
1804.41 6745.24
1804.35 6737.29
1803.83 6735.36
1803.72 6729.39
1802.19 6661.32
1802.33 6653.18
1801.12 6635.36
1800.77 6652.51
1800.3 6632.09
1800.14 6629.74
1800.15 6630.19
1799.95 6615.1
1801.6 6614.45
1801.71 6566.97
1803.54 6624.73
1803.23 6692.39
1803.29 6725.77
1801.96 6719.73
1803.42 6863.92
1803.34 6888.16
1802.19 6894.92
1802.05 6945.78
1802.2 6964.89
1802.24 6958.89
1802.5 6950.59
1801.97 6950.08
1799.69 6942.67
1799.71 6961.57
1798.06 6947.61
1795.71 7014.08
1796.29 6982.71
1796.5 6945.02
1796.42 6901.69
1796.34 6869.07
1795.99 6876.21
1796.13 6870.19
1795.55 6831.29
1795.79 6849.28
1794.6 6852.62
1794.65 6860.8
1796.11 6857.65
1796.08 6857.15
1796.82 6874.65
1796.97 6791.05
1796.94 6786.81
1796.97 6801.72
1798.89 6786.79
1798.95 6788.5
1798.83 6804.62
1797.73 6819.31
1797.62 6853.18
1797.62 6867.86
1797.36 6859.77
1796.44 6825.27
1796.37 6835.27
1795.41 6799.41
1794.01 6804.52
1795.2 6840.45
1794.52 6803.64
1793.14 6785.32
1793.19 6773.25
1793.16 6753.73
1793.53 6761.76
1793.1 6762.13
1795.85 6763.5
1795.85 6775.95
1795.88 6732.05
1796.01 6718.17
1796.53 6708.22
1796.53 6774.47
1795.62 6786.17
1795.56 6803.1
1794.32 6830.48
1794.19 6822.56
1793.96 6805.05
1793.89 6815.81
1796.09 6811.91
1799.54 6776.66
1799.57 6773.38
1799.71 6771.18
1800.04 6780.84
1799.63 6787.57
1799.63 6791.35
1799.84 6825.41
1799.62 6850.26
1799.5 6862.8
1799.55 6870.35
1799.54 6873
1797.27 6906.15
1796.3 6905.89
1797.98 6948.96
1798.8 6946.26
1801.31 7045.76
1801.43 6979.27
1801.28 7015.79
1801.91 7050.82
1801.06 7063.59
1801.08 7091.15
1800.77 7048.59
1801.87 7080.56
1803.08 7096.24
1803.03 7134.91
1802.89 7151.32
1802.85 7160.13
1802.99 7162.08
1803.43 7188.85
1803.64 7199.03
1803.83 7189.52
1804.01 7187.78
1802.74 7187.95
1803.35 7214.96
1803.33 7266.46
1803.09 7293.16
1803.58 7284.77
1803.65 7274.02
1806.8 7296.08
1807.19 7343.74
1807.01 7355.95
1805.72 7330.68
1805.97 7295.34
1805 7194.26
1805 7227.9
1804.36 7199.69
1803.89 7158.29
1803.9 7135.42
1803.9 7138.43
1805.45 7141.71
1805.96 7186.72
1805.96 7203.86
1806.22 7210.3
1805.88 7235.58
1805.65 7259.03
1805.7 7273.69
1804.64 7275.08
1804.66 7270.65
1804.69 7263.49
1804.55 7251.99
1803.99 7251.35
1804.49 7247.18
1804.44 7229.53
1804.33 7224.72
1803.79 7257.26
1803.54 7269.26
1803.59 7281.22
1802.57 7299.71
1802.11 7295.86
1801.64 7306.06
1802.2 7318.28
1802.58 7322.01
1803.07 7351.71
1802.67 7348.81
1802.03 7346.48
1802 7347.72
1802.01 7364.78
1802.16 7377.92
1802.39 7404.43
1802.37 7432.72
1802.41 7452.38
1803.36 7471.64
1803.73 7468.94
1803.84 7499.94
1803.95 7483.99
1803.85 7467.3
1803.91 7569.23
1803.12 7690.81
1803.25 7770.18
1803.39 7770.14
1802.49 7793.2
1801.95 7845.99
1801.84 7837.05
1801.18 7763.03
1801.5 7784.03
1802.11 7787.49
1801.79 7715.74
1804.88 7650.96
1805 7647.35
1805.06 7682.45
1805.32 7653.72
1806.11 7611.91
1805.88 7610.19
1806.26 7470.97
1806.71 7436.32
1807.17 7468.28
1807 7467.84
1806.99 7470.19
1807.26 7489.07
1806.84 7459.05
1806.58 7448.71
1806 7425.11
1806.26 7416.5
1806.54 7398.25
1806.3 7394.81
1806.02 7376.84
1806.15 7337.08
1806.25 7323.61
1806.24 7307.72
1806.18 7300.98
1807.2 7321.08
1807.2 7329.52
1807.6 7341.83
1807.68 7326.46
1807.28 7331.6
1807.5 7311.69
1807.27 7276.63
1807 7254.43
1807.04 7234.66
1807.35 7197.58
1807.71 7179.9
1807.78 7185.56
1807.47 7192.96
1807.67 7188.45
1807.57 7197.18
1807.62 7169.94
1807.65 7172.57
1807.45 7163.5
1807.78 7172.17
1807.78 7177.6
1807.56 7179.34
1807.19 7180.83
1807.21 7182.63
1807.06 7177.13
1807.53 7184.83
1807.62 7116.25
1807.64 7098.53
1807.65 7086.85
1807.67 7040.14
1807.34 7006.22
1807.31 6994.38
1807.49 7034.24
1807.31 7050.96
1808.26 7038.16
1807.75 7040.81
1807.64 7040.87
1807.77 7057.56
1807.96 7091.82
1808.72 7076.04
1808.68 7056.66
1808.73 7032.64
1808.74 7033.63
1808.35 7058.16
1808.2 7116.05
1808.14 7100
1807.88 7101.6
1806.25 7135.93
1806.75 7140.98
1808 7186.71
1807.52 7181.67
1807.2 7200.83
1806.22 7197.65
1806.19 7187.15
1805.08 7228.25
1805.01 7238.51
1805.1 7216.6
1805.25 7225.2
1805.73 7205.95
1805.92 7221.53
1806.07 7209.31
1806 7210.97
1806.09 7135.17
1805.92 7102.79
1806.1 7125.34
1805.4 7132.27
1805.56 7145.36
1805.18 7126.39
1805.89 7119.5
1805.82 7146.67
1806.42 7186.61
1806.69 7224.23
1806.51 7253.83
1806.66 7267.7
1806.55 7285.39
1806.54 7321.1
1806.73 7336.92
1806.61 7375.43
1807.74 7433.09
1808.38 7453.88
1808.16 7487.56
1808.81 7517.28
1808.78 7527.36
1808.98 7647.03
1808.93 7725.77
1808.74 7776.34
1808.78 7790.24
1808.72 7807.95
1805.77 7861.84
1805.81 7890.48
1806.38 7908.89
1806.41 7909.83
1805.96 7887.02
1805.9 7917.35
1805.8 7926.17
1805.16 7884.34
1805.26 7871.77
1804.36 7889.01
1804.39 7921.97
1804.47 7958
1804.17 7993.06
1804.53 8010.93
1804.8 8044.63
1804.7 8027.21
1804.77 8011.07
1804.79 8000.24
1804.77 7983.99
1804.79 8012.03
1804.69 8015.79
1807.83 8242.64
1807.8 8242.68
1808.81 8236.66
1808.83 8206.03
1812.76 8189.16
1813.06 8219.91
1813.44 8248.62
1813.63 8272.08
1813.6 8277.73
1813.6 8295.59
1814.4 8322.01
1815.42 8302.03
1816.45 8269.86
1816.28 8259.58
1816.18 8271.05
1816.69 8311.99
1817.55 8342.64
1821.2 8337.67
1821.75 8378.86
1821.78 8371.64
1821.86 8385.86
1822.01 8410.23
1821.92 8429.77
1821.5 8437.86
1820.98 8415.33
1820.95 8401.72
1820.9 8400.35
1821.6 8416.37
1821.71 8432.61
1821.58 8445.23
1821.25 8412.63
1820.75 8420.73
1820.71 8425.22
1820.29 8432.95
1820.2 8446.94
1820.35 8436.57
1821.71 8406.63
1821.68 8383.79
1821.54 8373.92
1821.39 8370.03
1821.68 8344.47
1825.3 8278.16
1825.28 8269.62
1825.36 8229.23
1825.44 8209.14
1824.93 8215.66
1824.82 8174.38
1824.26 8134.81
1823.63 8064.25
1823.55 8042.33
1823.53 8030.2
1823.2 8031.36
1823.37 8042.13
1823.32 8012.81
1823.36 8014.78
1823.84 8023.9
1823.68 8028.92
1823.11 7941.69
1825.03 7944.48
1827.72 7945.33
1827.52 7932.69
1826.85 7928.25
1826.89 7907.97
1826.69 7896.56
1826.92 7895.68
1827.09 7905
1827.25 7919.81
1827.07 7934.79
1827 7959
1827.22 7959.69
1827.49 7968.06
1827.3 7954.8
1828.02 7937.83
1828.43 7890.34
1828.52 7886.11
1828.49 7886.33
1828.4 7886.18
1828.45 7885.42
1828.57 7874.56
1827.5 7880.89
1827.26 7876.42
1827.61 7875.52
1828.22 7874.49
1830.43 7858.68
1830.54 7872.99
1830.65 7872
1830.9 7858.1
1830.86 7871.78
1830.77 7869.71
1830.86 7840.94
1830.92 7813.5
1831.38 7853.55
1831.01 7850.9
1831.59 7906.41
1831.81 7924.13
1832.38 7931.16
1832.32 7949.14
1831.81 7946.07
1831.82 7934.89
1831.69 7917.39
1831.71 7904.23
1831.45 7897.65
1831.84 7868.81
1831.82 7837.28
1832.01 7846.52
1831.87 7840.26
1832.54 7826.95
1832.64 7829.18
1832.29 7818.92
1832.3 7840.13
1832.73 7853.62
1832.83 7855.85
1832.81 7853.19
1831.38 7855.89
1831.24 7854.51
1831.52 7841.47
1831.32 7835.26
1831.23 7838.9
1831.2 7821.47
1831.11 7770.49
1830.94 7747.39
1830.99 7744.45
1831.66 7742.98
1831.69 7787.33
1831.69 7780.08
1831.89 7770.97
1831.44 7771.82
1831.42 7776.26
1831.4 7775.55
1831.27 7772.21
1832.03 7775.24
1831.75 7772.82
1831.99 7769.88
1832.23 7759.85
1832.84 7789.69
1832.2 7830.75
1832.13 7813.06
1832.15 7794.09
1831.41 7828.42
1831.61 7845.84
1831.35 7845.81
1831.59 7839.72
1831.68 7845.14
1831.55 7858.64
1830.77 7863.43
1830.22 7916.86
1830.09 7964.12
1829.37 8006.75
1829.7 8028.13
1829.58 8044.06
1829.39 8059.88
1829.14 8065.26
1829.3 8069.69
1829.62 8060.55
1830.4 8055.38
1830.28 8082.81
1830.4 8088.93
1830.18 8099.87
1830.08 8114.13
1830.06 8118.21
1830.39 8123.5
1830.4 8128.09
1830.74 8151.83
1830.71 8126.22
1831.14 8123.21
1831.79 8096.48
1831.77 8087.51
1831.74 8074.76
1831.74 8037.3
1831.83 8023.93
1831.77 8017.73
1831.53 8037.48
1831.55 8040.34
1831.79 8046.88
1831.73 8052.5
1831.11 8096.53
1831.13 8173.15
1831.68 8230.6
1833.03 8194.11
1834.35 8162.48
1834.38 8129.68
1834.26 8118.63
1835.17 8119.8
1834.89 8121.31
1834.53 8173.09
1834.31 8186.53
1833.47 8220.31
1833.75 8230.39
1833.82 8242.17
1834.83 8253.01
1835.53 8291.74
1835.59 8307.87
1835.13 8389.54
1835.07 8397.81
1835.47 8404.79
1836.94 8415.41
1836.93 8426.24
1836.99 8409.91
1844 8442.65
1843.6 8423.57
1843.47 8393.64
1840.38 8392.23
1839.71 8352.51
1839.79 8361.79
1839.3 8374.17
1839.17 8385.22
1840.85 8404.4
1840.98 8413.76
1840.62 8398.72
1850.16 8299.65
1849.89 8326.1
1850.1 8328.37
