28.4506 0
38.2169 0
90.6515 0
91.5213 0
281.461 4.81211
284.898 4.81211
336.504 4.81211
523.396 11.7592
526.079 11.724
632.244 22.937
643.437 59.7268
704.582 63.5916
709.507 62.866
709.512 62.4895
825.946 171.726
828.998 201.718
850.056 203.706
857.671 208.648
859.723 205.312
860.518 218.475
881.959 336.83
895.82 388.739
923.198 1316.41
937.136 1322.64
938.902 1262.9
943.158 1225.97
943.715 1195.53
945.995 1188.87
951.29 1161.4
952.317 1123.48
964.264 1119.87
964.867 1104.59
808.149 1249.7
815.659 1269.51
844.911 1294.41
848.629 1316.4
853.463 1335.91
854.927 1338.09
885.837 1336.72
886.012 1338.55
898.924 1342.96
898.895 1348.41
900.67 1352.76
922.421 1352.51
922.447 1342.81
922.52 1334.08
920.246 1427.48
920.407 1462.84
918.383 1759.16
920.964 1795.24
912.19 1796.25
920.38 1805.93
922.699 1804.57
964.345 1966.22
959.542 2141.91
961.039 2115.69
974.988 2090.22
977.429 2071.17
983.99 2030.67
993.963 2022.98
984.782 2041.86
996.885 2042.94
997.171 2156.96
1012.51 2402.77
1014.79 2516.75
1031.28 3640.89
1038.9 3434.83
1041.52 3244.83
1041.25 3199.01
1041.98 3185.64
1041.89 3173.11
1044.96 3279.6
1034.9 3198.63
1035.12 3265.24
1035.11 3337.86
1036.43 3415.17
1038.8 3455.31
1059.61 3457.1
1064.25 3543.79
1061.18 3650.5
1077.15 3615.96
1074.85 3657.15
1081.51 4088.36
1081.53 4237.69
1082.59 4215.41
1084.96 4225.15
1085.3 4259.54
1090.1 4270.1
1090.11 4224.38
1113.78 4229.28
1104.81 4231.38
1104.27 4227
1104.74 4240.01
1105.63 4389.15
1107.39 4556.42
1107.89 4856.16
1100.71 4986.13
1097.98 5036.56
1091.05 5140.5
1095.23 5228.79
1093.45 5291.99
1097.82 5468.76
1097.78 5568.15
1094.95 5628.82
1093.11 5700.76
1096.81 5766.52
1096.83 5824.88
1094.71 5905.23
1099.33 5955.2
1116.7 6327.81
1117.74 6405.95
1110.33 6430.15
1110.25 6464.5
1110.94 6463.39
1109.64 6469.84
1111.86 6507.1
1109.85 6507.44
1109.76 6559.28
1106.04 6583.16
1107.77 6571.15
1126.57 6671.42
1123.25 6686.56
1122.73 6705.59
1114.41 6805.44
1118.46 6805.88
1125.08 6790.17
1143.7 6900.58
1141.02 7110.03
1137.75 7172.75
1157.34 7253.13
1159.77 7417.99
1161.7 7596.09
1190.01 7583.72
1195.64 7754.81
1195.01 7707.73
1195.9 7669.4
1195.72 7507.65
1195.46 7359.35
1192.02 7441.68
1195.09 7547.05
1196.24 7588.24
1202.7 7595.63
1204.97 7652.09
1206.69 7652.04
1206.13 7716.81
1204.87 7695.51
1185.59 7824.43
1184.88 7761.84
1188.59 7740.62
1189.02 7733.33
1185.69 7758.63
1186.04 7802.86
1199.38 7944.5
1182.85 8043.68
1182.88 10486.6
1174.93 9299.44
1181.97 9017.14
1176.8 8768.2
1176.7 8610.18
1192.66 8520.8
1194.85 8525.02
1193.1 8508.61
1191.51 8606.89
1190.62 8667.88
1194.08 8687.79
1193.79 8707.04
1183.68 8744.4
1183.49 9009.54
1191.58 9233.46
1192.35 9474.27
1195.41 9632.32
1195.31 9650.89
1190.45 9610.75
1196.67 9537.79
1196.43 9653.69
1196.6 9850.03
1199.2 9808.3
1194.58 9849.2
1194.89 9857.29
1194.03 9852.72
1196.54 9884.97
1193.53 9931.48
1201.29 9878.87
1200.4 9911.59
1199.93 9846.31
1203.44 9972.23
1190.82 10031.2
1192.19 10124
1179.89 10361.4
1183.74 10318.4
1184.35 10261.4
1174.27 10205.1
1176.7 10422.8
1179.38 10552.5
1180.91 10676.8
1180.21 10746.7
1179.55 10792.3
1179.34 10803.7
1181.99 10763.8
1183.86 10771.2
1183.99 10948.3
1184.81 11056.5
1187.91 11027.5
1184.97 11124.6
1186.86 11138.5
1186.77 11360.7
1186.78 11694.9
1162.85 12136.1
1161.16 12597.2
1164.79 12653.1
1170.41 12413.3
1169.48 12190.3
1171.91 12040.6
1172.11 11949.8
1173.58 12088.5
1173.49 12080.3
1173.72 12060.4
1174.27 11967.3
1181.75 12022.1
1181.37 12099.1
1183.68 12135.2
1183.86 12188.4
1185.61 12101.1
1187.01 11961.4
1187.92 11915.1
1187.63 11858.2
1195.07 11744.5
1195.88 11789
1197.53 11781.8
1199.12 11961
1199.03 12128.7
1198.23 12062.4
1198.56 11899.3
1202.84 11720.3
1203.36 11621.2
1205.68 11542
1206.1 11493.6
1210.55 11526
1209.3 11589.8
1209.16 11648.2
1217.83 11772.2
1218.06 11838.7
1218.36 11940.8
1223.07 12000.8
1223.53 12006.7
1227.28 12023.9
1227.56 12016.4
1226.33 12097.3
1227.18 12028.5
1225.55 11914.9
1225.74 11813.9
1224.45 11775.1
1224.5 11744.1
1224.21 11884.7
1224.95 11974.5
1224.94 12030.9
1225.22 11996.5
1225.19 11991.9
1224.16 11973.8
1223.95 11973.8
1227.96 11952
1233.04 12053.9
1236.23 12123.9
1242.71 12246.8
1243.79 12171
1243.79 12092.3
1247.52 12074.9
1245.68 12110.4
1245.87 12108.8
1244.57 12115.9
1244.5 12121.2
1244.41 12198.8
1244.44 12233.3
1244.24 12265.5
1246.59 12203.1
1252.47 12430.4
1252.47 12444.6
1253.13 12526
1252.64 12539.4
1254.84 12644.9
1254.6 12677.7
1254.4 12628.5
1255.26 12619.2
1254.04 12621.4
1255.13 12594.4
1255.09 12571.1
1255.81 12573.4
1258.58 12814.7
1259.83 12813
1264.46 12858
1276.67 13274.3
1308.46 13836.6
1309.42 13876.1
1308.97 13751.3
1292.55 13556.9
1293.31 13540.3
1276.19 13704.7
1275.67 13855.8
1275.91 13910.9
1272.65 13964.4
1272.6 13921.1
1273.39 13845.1
1273.59 13784.4
1274.18 14224.7
1275.89 14316
1277 14353.8
1278.6 14367.5
1280.81 14490
1278.74 14577.2
1281.98 14749.4
1281.94 15017.6
1280.16 14887.3
1287.58 15035.6
1287.61 15040
1286.99 14903.8
1285.68 14735.8
1284.07 14640.4
1283 14629
1282.75 14652
1286.74 14734.8
1288.21 14700.7
1294.75 14738.8
1299.1 14750
1299.64 14720.7
1300.69 14787.7
1300.83 14796.7
1300.27 14772.1
1300.29 14720.8
1300.34 14698.4
1300.62 14664.9
1299.59 14543.7
1298.62 14589.2
1298.57 14584.4
1298.37 14512.8
1298.52 14497.8
1297.38 14456.8
1297.16 14448.3
1297.92 14489.4
1297.89 14520.2
1297.75 14487.8
1298.21 14517.5
1299.13 14558.7
1299.16 14587.3
1299.12 14603.7
1298.51 14787.5
1298.74 14727.2
1298.33 14736.5
1298.12 14728.3
1298.2 14723.5
1298.16 14725
1297.1 14715.8
1296.57 14697.4
1296.69 14686.7
1299.26 14730.2
1300.13 14760.5
1298.92 14736.2
1299.51 14747.2
1299.71 14757
1299.76 14749.2
1301.38 14747.5
1304.77 14839.4
1304.87 14872.6
1305.06 14850.1
1304.47 14867.4
1303.61 14836.3
1303.24 14847
1303.06 14778.9
1303.07 14773.1
1303.21 14775
1303.22 14771.3
1302.97 14765.1
1303.46 14814.9
1303.11 14727.7
1303.1 14680
1304.02 14688.4
1303.49 14775.4
1300.44 14812
1300.67 14906.4
1300.97 14960.4
1301.06 14948.1
1299.97 14986.2
1299.95 15003.1
1300.05 15005.2
1300.03 15022.7
1299.13 15007.8
1299.18 15012.5
1300.4 15006.3
1300.46 14981.7
1300.54 14996.7
1298.43 15042.8
1301.9 15004.7
1302.06 14988.9
1300.44 14997.8
1296.78 15018.6
1303.77 15121.5
1303.78 15104.5
1303.64 15099.9
1303.02 15108.7
1303.42 15114.6
1304.17 15140.6
1305.57 15161.1
1305.33 15114.9
1305.46 15076.5
1305.46 15071.1
1305.33 15102.1
1304.82 15136.7
1305.06 15156.2
1305.1 15178.6
1305.21 15197.7
1304.74 15267.5
1305.19 15267.5
1305.55 15261.1
1306.36 15231.8
1307.22 15204.6
1307.11 15266.8
1307.24 15274.7
1307.93 15301.2
1310.89 15327.2
1310.25 15358.5
1310.74 15369.9
1309.77 15290.8
1308.91 15294.8
1309.79 15361
1309.73 15394.2
1309.7 15393.6
1309.56 15384.8
1310.09 15405.5
1309.77 15413.2
1309.74 15420.6
1312.41 15449.7
1312.28 15477
1313.11 15490.1
1313.08 15524.9
1312.5 15573.6
1314.31 15608.1
1313.62 15641.6
1314.74 15576.3
1314.71 15580.4
1314.37 15537.1
1314.38 15579.9
1313.49 15577.1
1313.42 15571.4
1313.2 15586.4
1312.93 15605.5
1312.44 15606.4
1313.87 15623.8
1313.99 15670.3
1313.47 15683.8
1317.92 15687.9
1317.47 15692.3
1314.92 15611.8
1315.35 15602.2
1315.54 15615.1
1317.87 15625.7
1318.49 15641.2
1317.86 15647.3
1318.11 15656.6
1319.32 15676.2
1318.07 15742.9
1317.63 15838.2
1317.59 15834.7
1318.06 15814.2
1319.24 15837.1
1318.31 15909.9
1318.32 15923.9
1318.24 15940.1
1317.87 15960.9
1317.96 15980.6
1321.81 16040.9
1322.56 16017.4
1323.09 16007.7
1317.65 16021.2
1317.74 16054.1
1317.91 16091.7
1319.28 16162
1319.62 16171.3
1322.43 16208.2
1320.88 16228.4
1321.04 16200.5
1321.7 16242.1
1317.43 16490.9
1317.5 16528.6
1318.53 16554.1
1316.2 16422.7
1316.87 16503.1
1316.81 16523.6
1316.99 16515
1316.84 16514.1
1317.26 16486.9
1318.62 16469.1
1318.97 16539.8
1319.05 16639.5
1318.49 16725
1319.39 16745.6
1319.2 16764.2
1319.15 16763.8
1319.77 16790.1
1319.95 16759.3
1319.26 16759.4
1319.64 16766.3
1319.3 16757.4
1318.81 16735.3
1318.93 16709.7
1319.74 16704.9
1318.82 16692.6
1318.77 16739
1318.5 16701.5
1318.45 16702.3
1318.49 16695.8
1317.38 16740
1317.86 16759.8
1317.67 16743.1
1317.63 16732.2
1318.17 16721.7
1319.9 16685.2
1320.02 16708.6
1320.81 16756
1321.2 16772.4
1325.27 16790.2
1325.14 16784.5
1325.58 16767.7
1325.93 16753.6
1326.31 16761.5
1326.14 16747.5
1325.63 16738.5
1325.63 16788.7
1326.1 16793.8
1325.31 16763.5
1325.01 16750.7
1325.36 16739.8
1325.4 16711
1325.56 16707.6
1325.61 16700.9
1325.5 16698.5
1325.58 16700.6
1325.61 16705
1323.55 16578.6
1325.95 16549.3
1326.14 16459
1326.79 16440.8
1328.53 16426.2
1330.7 16420.7
1330.96 16400.2
1330.93 16372.7
1330.79 16352.5
1327.49 16262.9
1325.13 16215.6
1325.28 16202.4
1324.96 16229.9
1326.15 16249.8
1326.27 16237.5
1326.58 16245.5
1326.75 16260.5
1327.06 16257.4
1326.96 16268
1326.13 16187.8
1326.61 16190
1326.89 16199.1
1324.21 16213
1324.32 16253.7
1324.25 16283.1
1324.18 16298.8
1323.74 16291.2
1324.09 16294.3
1324.01 16244
1323.77 16203.9
1324.14 16195
1323.86 16200.2
1324.73 16199.4
1325.15 16209.1
1324.98 16187.6
1324.67 16169.4
1323.73 16385.9
1323.75 16518.8
1328.05 16616.4
1330.02 16653.4
1329.26 16677.7
1328.06 16665.9
1328.07 16641.9
1328.19 16618.5
1320.57 16601.1
1320.33 16582.9
1320.12 16473.6
1318.1 16512.2
1318.04 16484
1317.9 16493.5
1317.86 16511.6
1318.01 16514.7
1318.15 16492.7
1318.02 16458.8
1321.12 16458.4
1321.19 16455.2
1321.19 16424.6
1317.48 16396.2
1317.35 16414.9
1318.63 16453.6
1318.19 16512.5
1314.6 16572.2
1315.15 16572.3
1314.75 16594.8
1314.92 16619.9
1314.88 16630
1314.65 16653.2
1314.27 16642
1313.96 16635
1314.44 16601.4
1313.37 16634.7
1313.33 16604
1313.82 16596.7
1314.79 16594.4
1316.93 16586
1317.31 16593.7
1317.28 16584.3
1317.33 16567.2
1317.21 16557.5
1318.1 16592.6
1318.11 16614.4
1318.09 16603.7
1317.97 16577.6
1318.01 16509.3
1318.47 16489.1
1319 16505
1319.01 16495.6
1319.53 16465.3
1319.47 16443.2
1319.76 16461.4
1319.96 16440.3
1320 16439.9
1318.06 16432.8
1318.18 16403.5
1318.52 16379.1
1318.89 16346.8
1317.3 16313.2
1317.08 16267
1316.99 16238.4
1318.46 16285.1
1318.6 16308.5
1319.12 16261.7
1319.34 16259.2
1328.41 16420.6
1328.45 16394.8
1328.56 16434.3
1328.51 16456.6
1328.41 16457.6
1329.87 16498.8
1330.54 16484.7
1330.75 16471
1330.64 16456.9
1332.17 16478.9
1332.74 16459.9
1333.84 16519.5
1333.58 16542.8
1333.55 16545.2
1333.63 16529.6
1333.8 16513.6
1333.34 16479.1
1333.09 16477.4
1333.15 16466.8
1333.17 16453.6
1333.25 16448
1333.22 16432.2
1332.7 16378
1333.17 16355.3
1333.57 16407.3
1333.46 16411.1
1334.71 16432.5
1334.67 16410.7
1334.67 16395.7
1334.17 16404.6
1333.84 16389.9
1335.59 16367.5
1334.84 16400.6
1334.99 16441.3
1335.09 16419.5
1334.55 16422.9
1337.02 16485.6
1328.4 16583.7
1330.39 16631.7
1330.4 16629.7
1329.99 16634.3
1329.89 16602.4
1329.96 16599.6
1329.73 16573.4
1329.91 16529
1330.11 16490.9
1329.83 16478.9
1329.93 16471.6
1329.36 16461.1
1329.83 16439.4
1329.84 16435.5
1330.04 16434.1
1330.05 16427.3
1330.32 16436.8
1331.31 16454.5
1332.19 16468.5
1332.08 16470
1332.43 16480.1
1332.64 16488.7
1332.59 16506.5
1332.38 16495.1
1334.13 16557
1332.4 16554.3
1333.13 16573.8
1333.24 16613.4
1332.81 16589.8
1334.59 16754.6
1335.47 16784.4
1335.21 16793.3
1335.26 16795.5
1335.7 16796.7
1335.71 16804.6
1335.09 16811
1335.06 16802.2
1339.85 16872.8
1340.34 16828.6
1340.15 16817.9
1341.03 16830.4
1340.89 16823.3
1339.09 16817.9
1339.08 16815.3
1339.17 16839.6
1339.14 16875.9
1339.25 16868
1339.44 16872.8
1340.42 16860.1
1340.31 16809.8
1340.37 16823.7
1340.24 16794
1340.6 16844.4
1340.08 16825.1
1340.55 16821.2
1340.58 16817.4
1341.61 16828.2
1341.42 16828.7
1341.22 16818.7
1340.18 16828.2
1340.26 16981.4
1340.81 16969.1
1336.07 17089.6
1335.96 17104.5
1336.07 17098.2
1336.03 17069.9
1335.64 17026.4
1335.71 16935.5
1335.04 16825.6
1337.29 16679.4
1337.35 16587.1
1339.88 16586.3
1339.82 16548.2
1342.1 16572.9
1345.96 16591
1344.62 16606.3
1344.72 16538.7
1344.76 16522.2
1344.8 16511.9
1345.63 16522.4
1345.59 16504.2
1345.51 16506.4
1347.79 16527.9
1348.2 16564.8
1348.67 16573.3
1349.52 16599.9
1350.02 16611
1350.93 16610.3
1353.49 16586.8
1351.85 16627.7
1351.95 16653.9
1353.05 16666.9
1353.29 16628.2
1353.36 16647.8
1353.46 16649.4
1353.61 16650.8
1353.34 16670.2
1354.84 16657.6
1355.58 16645.8
1355.12 16627.1
1355.73 16615
1355.85 16611.2
1355.89 16575.5
1356.2 16574.8
1356.13 16590.8
1356.45 16606.8
1354.85 16565.6
1353.64 16533.5
1356.87 16560.7
1356.49 16561.2
1356.28 16537.7
1355.41 16545.3
1355.45 16527.2
1355.27 16519.5
1355.06 16510.4
1354.9 16503.2
1354.57 16509.7
1355.62 16540.1
1355.76 16545.1
1355.93 16565.4
1355.96 16567.1
1356.49 16564.9
1356.57 16570.2
1356.49 16568.7
1356.02 16550.7
1353.75 16529.5
1353.16 16540.6
1353.15 16546.3
1353.09 16549.3
1353 16538.7
1353.24 16551.7
1350.57 16588
1353.64 16595.8
1353.5 16656.5
1354.55 16664.2
1354.62 16673.7
1354.12 16683.9
1354.08 16764.1
1354.32 16768.6
1353.28 16788.7
1353.03 16786
1353.15 16774
1353.24 16771.9
1354.44 16715.5
1353.83 16701.2
1355.96 16736.6
1354.66 16774.4
1354.6 16783.2
1354.72 16773.9
1355.29 16863.7
1355.29 16820.1
1355.56 16832.4
1356.19 16804.5
1357.15 16745.1
1357.48 16740.1
1358.91 16795.4
1358.83 16817.7
1358.6 16835.6
1358.77 16843.9
1358.58 16812.5
1358.56 16791.7
1358.16 16813.1
1362.54 16860.9
1362.28 16839.4
1362.55 16856.1
1357.13 16860
1357.14 16886.9
1356.57 16975.7
1356.6 16994.2
1356.51 16990.1
1357.15 16994.9
1356.77 16978.6
1357.21 16966.2
1357.71 17048.6
1357.27 17008.2
1358.57 17038.5
1358.59 17037.8
1358.27 17006.1
1358.29 16984.7
1358.4 16975.6
1358.6 16964.9
1358.78 16948.2
1358.18 16941
1358.38 16955.2
1358.76 16967.6
1358.57 16984.2
1360.91 16998
1361.39 17024.3
1366.61 17090.9
1368.02 17074.3
1368.14 17073.8
1368.1 17083.6
1367.99 17084.3
1367.87 17094.3
1368.9 17119.7
1368.5 17146.8
1368.5 17133
1368.45 17137.9
1367.55 17138.4
1367.51 17125.7
1367.5 17162.6
1369.34 17158.1
1371.29 17235
1371.91 17195.3
1372.37 17188.1
1372.11 17173.6
1372.51 17158.4
1372.53 17169.4
1372.28 17187.7
1372.2 17213
1372.08 17205.5
1371.3 17197.4
1371.21 17217
1370.84 17208.9
1370.74 17200.2
1370.73 17203
1370.74 17193.1
1370.68 17186.4
1376.33 17193.5
1376.83 17211.6
1377.1 17220.3
1376.92 17266
1376.99 17281.8
1376.98 17178.3
1376.41 17169.3
1376.23 17194.8
1375.65 17200
1375.61 17198.8
1375.98 17194.2
1375.94 17207.9
1375.93 17197.5
1377.33 17207.4
1377.3 17197.1
1378.01 17216.3
1378.15 17216.5
1379.02 17239.2
1379.04 17243.3
1377.38 17271.6
1377.35 17277.1
1377.47 17292.5
1377.72 17274.2
1377.67 17265.9
1377.65 17265.5
1376.86 17273.8
1378.27 17315.7
1378.28 17350
1378.07 17328.1
1378.1 17325.3
1378.82 17347.5
1378.09 17349.8
1378.19 17371.5
1372.84 17417
1372.7 17378
1372.77 17350.7
1372.93 17354.9
1372.94 17352.1
1372.9 17344.3
1372.89 17346.9
1373.05 17346.3
1373.18 17343.7
1373.02 17345.1
1373.05 17363.5
1372.27 17389.6
1372.86 17430.1
1372.98 17428.6
1373.44 17403.6
1373.56 17431.8
1372.66 17436.3
1373.34 17482.2
1374.15 17514.5
1374.05 17488.9
1373.68 17487.5
1373.65 17497.3
1374.09 17512.1
1373.04 17512.3
1372.65 17519.2
1372.65 17526.3
1372.36 17527.2
1372.65 17521.4
1372.46 17519.3
1371.51 17519.1
1371.49 17523.3
1371.56 17506.9
1372.23 17522.1
1373.12 17546.6
1373.39 17634
1373.97 17650.4
1374.25 17663.9
1374.46 17677.7
1374.51 17666.5
1374.76 17664.3
1374.74 17653.3
1374.56 17631
1374.47 17610.1
1373.89 17627
1373.27 17637.6
1373.64 17652.7
1373.49 17680.5
1377.53 17734.2
1381.63 17789.4
1381.47 17737.6
1383.49 17774.4
1383.61 17774.5
1382.92 17747.8
1383.15 17780.6
1384 17799.2
1384.15 17762.9
1384.05 17770.4
1384.15 17775.2
1384.25 17801
1384.36 17821
1384.67 17845.4
1384.21 17829.7
1384.09 17805.3
1384.43 17818.6
1384.99 17834.5
1384.98 17822.8
1385.52 17838.2
1385.48 17789.6
1385.51 17740.1
1385.8 17725.6
1385.54 17727.6
1385.46 17724.4
