156.396 0
161.898 0
241.094 0
241.664 0
245.59 0
263.449 0
264.757 0
268.994 0
301.83 0
304.555 0
355.666 0
376.963 0
505.015 8.80599
620.747 20.6835
622.827 20.2418
683.054 26.9951
686.467 26.8783
686.896 26.837
688.212 26.8144
706.331 26.7918
739.934 26.7692
751.29 26.7496
824.662 3977.87
832.635 3152.21
839.993 6919.23
840.722 5348.22
867.389 4521.38
872.826 3967.92
945.545 3630.94
945.631 3340.4
948.982 3102.79
949.457 2920.79
1004.71 2789.24
1019.07 2640.44
1059 2540.09
1058.93 2428.02
1159.24 2987.33
1159.24 2996.22
1160.45 2937.03
1151.36 3252.19
1173.1 3398.37
1200.93 3457.12
1210 3470.7
1227.02 3445.32
1256.08 3400.48
1269.1 4553.21
1273.54 5058.25
1278.32 4962.34
1279.95 4835.21
1307.07 4711.51
1307.19 4595.12
1289.4 5032.42
1294.26 4831.43
1303.14 4766.49
1302.9 4732.04
1377.94 4839.24
1392.14 4860.37
1394.92 4830.47
1410.6 7183.5
1447.38 6418.9
1439.65 6379.52
1445.99 6416.03
1446.44 6657.29
1453.96 6635.91
1488.48 7664.81
1480.54 9376.44
1488.54 8994.12
1486.35 8170.9
1475.94 7601.7
1467.74 7175.93
1466.28 6769.97
1471.78 6762.2
1468.79 7018.1
1470.02 7031.96
1464.05 6788.97
1468.12 6970.74
1469.11 7045.22
1467.29 7028
1465.28 6919.46
1449.65 6908.19
1453.94 6949.51
1461.83 7443.23
1458.73 7174.36
1452.16 7107.53
1453.64 7113.03
1429.91 7110.47
1454.22 7203.23
1453.68 7294.93
1452.89 7377.9
1453.61 7418.56
1455.24 7436.23
1455.57 7477
1451.91 7528.91
1451.25 7533.08
1450.6 7577.99
1451.98 7634.92
1448.54 7677.86
1449.32 7835.83
1468.79 8754.77
1483.57 9141.73
1453.74 9226.36
1452.94 9389.5
1449.86 9513.4
1450.4 9497.7
1454.6 9543.79
1464.05 9752.14
1496.63 9855.25
1493.63 10080.1
1493.13 10253
1499.67 10291.5
1500.47 10459.7
1496.2 10611.2
1496.62 10530.2
1501.05 10618.9
1512.1 10948
1512.23 11211.4
1513.5 10964.7
1511.73 10910.8
1522.45 11426.6
1522.42 11220.6
1523.29 11057.6
1504.31 11250.4
1504.37 11167.8
1501.81 11090.4
1500.17 11033.6
1479.31 11012
1485.5 11001.8
1486.46 10801.8
1492.14 10791.4
1492.25 10919.5
1489.89 10965.4
1491.69 11027.8
1500.29 11140.4
1502.67 11000.5
1501.78 10798.2
1508.8 11259.3
1513.9 10812.4
1539.79 11295.2
1535.86 11204.6
1531.49 11280.3
1531.69 11322.8
1556.83 11738.9
1553.67 11795.2
1551.29 11842
1552.49 11938.5
1553.8 12024
1551.11 12158.5
1551.5 12227
1550.91 12262.5
1550.92 12279.3
1542.05 12742
1542.25 12827
1548.06 12793
1550.31 12773.2
1551.36 12802.8
1547.74 13002.5
1547.9 12988
1588.24 13254.6
1589.87 13185.5
1589.77 13161.9
1588.8 13251
1594.42 13263.7
1596.96 13254.7
1595.29 13324.3
1594.59 13255
1595.81 13334.2
1594.55 13354
1594.43 13389.5
1593.65 13601.1
1611.94 14265.9
1608.52 14385
1608.49 14234.4
1608.81 14137.6
1608.44 14143.1
1606.04 14375.9
1599.32 14418.7
1601 14462.2
1597.41 14598.6
1599.2 14720.9
1600.94 14982.1
1601.76 15115.9
1607.29 15272
1607.36 15396.2
1607.05 15381.8
1605.42 15456.5
1632.22 15701.6
1632.62 15755.9
1633.47 15693.4
1631.76 15664.7
1633.2 15633.3
1633.88 15729.2
1634.65 15741.6
1635.49 15609.8
1636.12 15659.5
1635.71 15636.2
1635.63 15578.6
1635.63 15578.3
1635.43 15507.4
1637.32 15652.8
1637.04 15577.5
1641.73 15494
1638.73 15471.5
1637.68 15473
1637.83 15468.4
1653.99 15645.9
1653.81 15452.3
1653.49 15323.6
1654.34 15229.4
1655.83 15248.1
1660.77 15328.8
1660.49 15345.4
1655.07 15298.3
1653.57 15295.7
1653.4 15327.7
1653.3 15339.3
1659.74 15441.2
1662.08 15517.5
1667.94 15700
1667.95 15740.3
1664.48 15738.1
1656.52 15834.6
1656.54 15897.2
1658.72 15999.4
1658.86 15943.3
1661.8 16099.6
1657.46 15921.7
1657.7 15937.7
1665.82 16335.6
1666.97 16410.7
1666.35 16530.5
1669.04 16591.1
1668.99 16669.8
1668.91 16582.3
1666.02 16665.5
1664.86 16261.8
1665.89 16249.9
1665.88 16143.2
1663.83 16110.9
1664.74 16153.4
1665.33 16181.3
1669.16 16317
1670.64 16221.7
1670.65 16189.6
1671.71 16153.8
1670.06 16194.4
1670.49 16314.7
1670.51 16306.3
1654.77 16317.7
1655.76 16419.8
1656.44 16499.4
1655.62 16552.3
1656.14 16605.6
1658.41 16651
1657.59 16665.3
1656.52 16681.3
1657.25 16654.4
1657.75 16660.5
1656.93 16673.5
1655.08 16693.5
1655.12 16730.4
1655.21 16784.6
1655.3 16890.3
1655.72 17023
1655.23 17174.1
1652.67 17265.4
1654.28 17570.5
1653.17 17457.8
1653.01 17468.2
1653.01 17482.5
1653.13 17483.2
1653.11 17426.2
1653.7 17452.5
1653.99 17411.1
1653.9 17434.1
1652.98 17476.3
1653.96 17587.9
1653.19 17479.9
1653.1 17473.9
1652.8 17441.5
1652.35 17397.8
1653.03 17385.8
1652.08 17364.2
1647.93 17242.7
1647.77 17201.6
1645.84 17178.4
1646.36 17147.3
1646.64 17163.7
1646.89 17169.4
1646.62 17144.6
1647.12 17192.4
1646.97 17217.1
1645.35 17180.7
1647.27 17168.2
1648.19 17160.8
1648.5 17176.8
1645.9 17197.8
1645.45 17238.4
1645.35 17228.4
1645.11 17221.2
1644.97 17233.1
1645.15 17214.7
1646.28 17199.1
1646.61 17184
1646.44 17168.2
1646.51 17176.2
1646.25 17242.3
1645.52 17259.3
1647.68 17356.2
1647.14 17138.7
1644.74 17181.5
1644.75 17199
1644.73 17219
1644.11 17196
1642.72 17188.2
1642.73 17182
1642.79 17216.1
1643.29 17218.5
1643.09 17232.6
1639.02 17176.1
1638.13 17248.6
1637.95 17274.1
1637.65 17335.2
1638.35 17378.1
1641.28 17425.4
1640.99 17428
1641.21 17503.2
1641.05 17594
1641.41 17677
1641.85 17832.9
1633.11 17842.7
1633.36 17853.3
1633.96 17845.1
1633.7 17819.8
1633.7 17855.6
1628.87 17689.4
1626.85 17623.5
1627.07 17606.7
1627.14 17621.8
1627.5 17658.9
1627.22 17642.3
1626.76 17678.9
1627.79 17652
1628.27 17677.4
1628.46 17731.5
1631.68 17798.7
1631.31 17819.2
1631.13 17773
1631.92 17753.9
1632.48 17799.8
1632.56 17681.5
1632.53 17787.8
1632.71 17779.4
1631.81 17767.9
1631.81 17805.9
1631.95 17799.9
1637.02 17884.9
1637.7 17867.3
1637.5 17834.3
1637.36 17807.8
1638.56 17761.8
1637.89 17825.6
1637.94 17780.5
1639.28 17726.9
1640.06 17798.3
1640.24 17966.4
1641.2 18036.9
1647.99 18112
1647.41 18147.9
1647.99 18105.1
1648.42 18085.8
1648.48 18075.2
1648.36 18055
1648.4 18068.9
1647.18 18068.2
1647.25 17930.9
1647.25 17834.5
1647.32 17776.5
1647.28 17705.5
1646.65 17682.8
1646.55 17689.1
1646.49 17724.3
1646.28 17747.6
1646.33 17780.2
1645.96 17770.6
1649.95 17784.9
1649.74 17793.8
1649.75 17826.8
1649.75 17850.6
1649.87 17870.5
1649.71 17868.7
1649.76 17841.2
1648.89 17811.1
1650.54 17976.5
1650.6 18000.1
1651.58 18021.3
1651.65 18043.2
1652.88 18071
1653.16 18074
1653.2 18081.9
1653.18 18093.3
1654.78 18097.1
1655.59 18141
1655.81 18128.1
1652.75 18073.4
1653.48 18016.3
1655.89 17974.8
1655.7 17978.1
1655.93 17947
1655.95 17938.5
1655.72 17946.4
1656.94 17968.6
1657.67 18033.6
1657.66 18018.8
1657.69 17991.8
1656.3 18006.2
1656.06 18035.3
1655.97 18051.5
1656.03 18079.3
1655.94 18091.6
1655.26 18107.4
1654.87 18109.9
1654.59 18095.4
1654.61 18103.2
1654.24 18150.7
1652.69 18193.3
1652.57 18165.1
1652.24 18213.9
1652.62 18279.8
1661.15 18374.3
1661.77 18490.9
1662.22 18601.7
1662.14 18515.2
1662.25 18563.2
1662.22 18607.1
1660.19 18632.2
1660.01 18644.2
1657.84 18629
1657.92 18616.7
1657.96 18610.3
1663.79 18687.6
1664.49 18668.3
1667.25 18706.5
1668.71 18786.7
1668.55 18838.8
1668.4 18863.8
1668.48 18876
1668.49 18891.6
1670.15 18757.4
1670.13 18761.2
1670.17 18780.8
1668.48 18804.8
1668.5 18810.1
1667.88 18809.1
1667.86 18850.7
1668.13 18893.1
1667.51 18945.3
1667.88 18978.6
1669.06 18963
1677.67 18853.3
1677.86 18925.3
1677.86 19025.9
1677.94 19013.7
1672.32 18951.9
1673.54 18786.5
1673.25 18743.5
1673.3 18798.1
1673.11 18801.9
1673.22 18710.5
1673.23 18703.5
1673.23 18740.7
1673.08 18739.9
1674.76 18720.2
1674.38 18728.3
1674.11 18714.8
1674.3 18679.2
1670.77 18739.5
1669.57 18735
1670.09 18710.9
1670.08 18699.3
1671.16 18718.7
1669.9 18747.3
1670.17 18717.2
1670.59 18690.1
1671.03 18714.8
1670.21 18758.3
1670.17 18784.2
1669.57 18794.8
1671.41 18738.4
1670.5 18825.3
1670.83 18824.3
1672.19 18788.2
1671.9 18768.6
1671.23 18859.8
1671.43 18870
1671.23 18867.4
1671.27 18890
1685.61 19056.7
1685.83 19052.7
1685.45 19066.1
1685.43 19087.3
1685.71 19080.2
1685.68 19093.7
1685.72 19084.2
1685.66 19074
1685.35 19043.4
1685.5 19051.6
1685.47 19048.8
1689.68 19124.1
1691.14 19180.7
1691.02 19188.3
1690.61 19350.8
1692.58 19325.3
1692.47 19357.8
1692.55 19370.3
1691.14 19415.3
1691.06 19443.2
1690.33 19535.4
1690.32 19605.7
1690.23 19644.8
1690.31 19654.9
1692.02 19746
1692.03 19808.7
1692.04 19836
1691.92 19834.9
1691.69 19840.1
1691.87 19824.7
1692.25 19828.6
1692.26 19826.4
1693.06 19833.6
1692.83 19853.3
1693.17 19882.1
1692.67 19908.2
1692.78 19939.3
1692.98 19836
1693.01 19833.2
1693.89 19849.4
1693.79 19838
1693.75 19831
1694.06 19811.8
1695.06 19804.7
1695.07 19765.5
1694.27 19783.6
1698.15 19896.9
1699.13 19923.8
1699.33 19906.6
1697.88 19908
1697.89 19940.2
1697.96 20001.9
1697.52 20073.9
1697.79 20096.8
1697.38 20104.5
1697.4 20112.8
1697.65 20130.1
1695.32 20130.8
1694.56 20221.9
1695.48 20250.5
1695.09 20256.1
1695.55 20291.1
1695.62 20294.9
1696.21 20282.5
1696.3 20294.2
1692.76 20639.4
1694.83 20621.5
1694.04 20538.4
1694.39 20554.7
1694.79 20537.1
1694.86 20563.8
1694.52 20587.4
1694.52 20620.9
1695.69 20712
1699.36 20739.2
1698.9 20723.3
1700.26 20746.6
1700.54 20720.1
1699.64 20690.4
1699.85 20710.3
1697.36 20732.1
1696.98 20761.6
1697.07 20780.2
1698.37 20739.5
1699.17 20790.5
1698.62 20795.6
1699.81 20776.4
1703.16 21135.9
1703.36 21166.3
1704.29 21223.7
1704.43 21219.4
1703.71 21203.6
1702.58 21161.6
1702.53 21176.1
1703.52 21193.3
1703.6 21208.2
1699.55 21143.4
1704.03 21245.7
1704.26 21260
1704.71 21276.9
1705.21 21277.3
1704.98 21285.3
1705.55 21312.6
1707.13 21340.6
1707.6 21324.3
1703.58 21401.6
1713.38 21533.6
1713.65 21438.4
1731.51 21646.5
1731.51 21514.2
1732.53 21524
1732.28 21494.2
1732.24 21543
1732.42 21514.4
1732.67 21534.6
1732.44 21528.2
1732.04 21495.2
1733.9 21476
1736 21604.3
1735.35 21645.2
1736.07 21635.9
1736.12 21643
1736.03 21647.6
1734.02 21648.1
1733.95 21716
1734.54 21718.7
1734.71 21635.1
1734.7 21571.2
1734.9 21476.5
1734.86 21406.1
1735.2 21375.4
1735.24 21337.9
1735.03 21283.9
1735.14 21182.1
1735.14 21188.2
1734.95 21200.2
1734.96 21187.6
1735 21197.5
1735.33 21233.2
1735.39 21242.7
1735.56 21267.8
1735.14 21285.4
1735 21291.2
1734.57 21288.4
1733.14 21233.7
1733.09 21219.8
1733.2 21217.1
1733.04 21211.8
1732.95 21206.3
1734.5 21242.5
1734.32 21270.5
1734.27 21291.4
1734.24 21309.5
1733.81 21299.9
1733.66 21290.5
1733.8 21282.3
1733.58 21270.1
1733.56 21267.7
1733.58 21273
1733.62 21298.5
1733.81 21308.9
1731.23 21305.6
1731.14 21367.5
1731.55 21377.9
1731.76 21330.2
1732.06 21468.3
1732.01 21362.2
1726.68 21365.1
1726.57 21367.3
1725.72 21291.6
1726.19 21381.4
1726.06 21380.6
1725.71 21379.3
1725.2 21363.3
1725.25 21360.8
1725.76 21357.6
1724.43 21302.9
1724.44 21350.4
1724.44 21339.4
1726.37 21400
1726.37 21382.5
1726.5 21401.2
1726.32 21379.3
1726.39 21359.4
1725.22 21356
1726.72 21323.8
1725.68 21292.1
1725.87 21286.4
1727.24 21321.6
1727.63 21338.6
1727.46 21311
1727.36 21294.8
1727.13 21249.7
1725.66 21250.2
1725.62 21244.5
1725.91 21259.1
1742.58 21494.1
1742.52 21455.5
1742.64 21487.7
1743.88 21494.3
1743.43 21531.7
1743.46 21515.9
1744.09 21511.6
1743.69 21499
1743.45 21512.2
1743.4 21504.7
1743.38 21514.9
1743.45 21502.1
1743.24 21505.1
1743.67 21511.1
1743.83 21506.1
1744 21492.5
1743.48 21498.3
1742.66 21460.5
1742.14 21464.2
1742.03 21509.1
1740.94 21564
1741.05 21552.3
1740.69 21468.5
1740.62 21468.9
1741.81 21477.1
1741.54 21474
1741.47 21507.8
1743.24 21613.7
1743.28 21622.7
1743.31 21609.2
1742.86 21642.2
1742.75 21645.2
1742.55 21642.5
1741.89 21619.7
1741.89 21599.2
1742.6 21609.7
1742.64 21589.6
1742.53 21587
1743.12 21574.8
1742.93 21577.4
1742.93 21574.7
1742.83 21561.7
1742.85 21568.6
1742.71 21570.8
1742.77 21566.7
1743.21 21577.4
1742.98 21574.5
1743.01 21574
1743.5 21568.8
1741.69 21529.5
1741.71 21513
1741.9 21526.2
1745.59 21513.5
1745.89 21535.6
1746.07 21537.1
1746.07 21536.3
1746.07 21535.1
1746.27 21545.4
1749.64 21650.5
1749.67 21643.5
1747.54 21611.1
1747.56 21600.7
1748.44 21601.6
1748.46 21658.4
1746.05 21724.3
1745.87 21757.3
1745.12 21731.8
1745.58 21767.3
1746.2 21767.4
1745.53 21846
1745.52 21881.1
1746.07 21898.9
1745.14 21927.7
1745.24 21917
1743.34 21961.3
1743.11 21968
1743.12 21984.4
1743.18 21998.2
1743.25 22005.4
1743.17 22021.2
1742.57 21929.6
1742.93 21968.4
1742.25 21976.9
1742.61 22062.4
1742.92 22093.2
1743.06 22119.6
1742.23 22142.3
1742.46 22144.6
1742.29 22166.1
1742.19 22156.2
1741.64 22138.6
1742.02 22127.9
1741.57 22120.5
1742.34 22086.4
1741.19 22057.6
1741.03 22050
1740.97 22046.9
1740.98 22024.6
1741.78 22024.8
1742.04 22002.9
1742.5 21975.2
1742.96 21966.2
1742.91 21981.6
1742.91 21919.8
1742.65 21890.6
1739.98 21941.3
1739.55 21952.6
1737.88 21970.8
1737.86 21979.4
1738.08 21973.3
1738.05 21957.8
1738.05 21942
1737.32 21933.3
1737.23 21951.9
1737.37 21958.5
1737.46 21928.4
1737.69 21976.8
1738.56 21957.2
1739.85 21925.5
1739.13 22009.4
1739.03 22018.9
1739.13 22031.7
1739.01 22024.9
1739.6 22004.9
1739.39 21995.9
1739.21 21988.2
1739.19 21982.4
1738.3 22007.1
1737.8 22014.8
1737.57 22022.5
1738.18 21988.6
1736.23 21983.7
1735.71 21985.4
1735.91 21928.6
1735.92 21918.1
1735.32 21954.2
1736.89 21874.7
1738 21991.9
1736.57 22024.5
1736.33 22045.1
1736.81 22040.9
1736.9 22040.8
1736.93 22051.7
1736.06 22107.6
1736.88 22076.9
1736.85 22095.7
1736.79 22099.1
1736.05 22062.1
1736.11 22079.6
1735.7 22079.4
1737.85 22073.5
1737.89 22065.2
1737.78 22055.1
1737.79 22049.6
1737.79 22045.8
1737.95 22055.9
1737.76 22073.7
1737.21 22072.1
1736.89 22077.9
1736.99 22094.4
1736.98 22095
1737.17 22050.4
1736.66 22064.7
1735.95 22068.9
1736.05 22074.1
1736.08 22070.6
1735.43 22055.8
1735.45 22058.4
1735.47 22042.1
1733.97 22081.2
1735.17 22138.9
1735.18 22121.3
1736.9 22168.9
1736.99 22228.3
1737.01 22226.8
1736.9 22241.1
1737.02 22279.5
1737.09 22288.9
1737.29 22294.4
1736.83 22290.4
1736.9 22268.6
1737.63 22253.4
1737.78 22257.6
1737 22387.4
1737.54 22366.5
1737.51 22344
1737.51 22317.8
1737.68 22326.4
1737.8 22290.1
1737.86 22284.5
1738.58 22291.8
1738.51 22309.9
1738.34 22350.5
1738.37 22373.7
1738.3 22405.3
1738.31 22408.2
1738.36 22391.9
1738.36 22388.4
1738.33 22380.9
1738.2 22378.2
1738.32 22382.9
1738.52 22395.8
1738.2 22372
1738.19 22367.1
1738.18 22349
1737.77 22316.3
1737.96 22318
1738.06 22308.2
1737.49 22293.8
1737.46 22256.7
1735.52 22534.9
1735.07 22605.1
1735.06 22630.2
1734.73 22634.5
1735.06 22661.4
1735.07 22673.6
1735.08 22611.6
1735.3 22573.3
1735.91 22562.1
1736.09 22564.1
1736.05 22550.3
1736.66 22583.4
1736.78 22607.2
1736.8 22605.9
1736.4 22618.2
1735.03 22701.3
1735.15 22684.6
1734.93 22731.7
1734.93 22716
1735.9 22724.2
1735.9 22723.8
1735.74 22711
1737.45 22701.8
1737.42 22738.7
1737.42 22741.7
1737.31 22741.3
1737.32 22683.6
1737.39 22656.3
1737.79 22674.8
1737.78 22665.7
1737.67 22662.1
1737.09 22597.5
1737.19 22606.8
1737.31 22623.5
1737.32 22619.8
1732.77 22569.7
1733 22534.2
1732.78 22548.8
1732.7 22553.7
1732.71 22527.8
1732.78 22529.6
1730.78 22565.3
1730.8 22526.2
1731.05 22517.3
1730.95 22521.4
1731.21 22512.8
1731.21 22490.5
1731.97 22495.1
1731.95 22496.7
1731.93 22488.1
1729.97 22666.3
1729.9 22701
1729.69 22712.8
1729.81 22756.6
1729.74 22730.1
1729.52 22754.7
1729.37 22765
1729.19 22749.8
1729.14 22736.1
1727.11 22819.7
1726.75 22822.5
1726.75 22812.9
1725.89 22825.6
1726.01 22835.2
1726.68 22839.4
1726.86 22826.8
1727.72 22814
1727.77 22844.4
1727.99 22846.7
1728.76 22844.9
1729.39 22855.8
1729.93 22828.4
1729.76 22930.8
1730.59 22950.4
1733.45 23016
1733.54 23020.8
1733.54 23027.2
1733.55 23032.8
1733.45 23004.5
1733.25 23007.6
1733.17 22990.3
1732.93 22972.9
1732.7 22953.4
1732.63 22965.3
1734.24 22958.2
1734.35 22966.2
1734.8 23018.5
1734.22 23051.1
1734.2 23051.8
1735.27 23077.1
1736.19 23078
1736.82 23083.3
1736.97 23122.5
1737.07 23100.6
1737.89 23095.4
1737.76 23127
1737.72 23149.7
