190.572 0
330.905 1.28193
330.96 1.28074
339.25 1.28044
340.287 1.28044
382.976 1.28044
416.619 1.28044
437.355 1.28044
499.007 1.28044
509.489 1.28044
619.528 9.98596
661.218 65.0473
679.364 70.8912
840.501 110.686
891.884 144.702
949.241 153.176
997.432 191.407
1055.92 199.193
1067.85 198.231
1082.92 197.422
1085.87 199.853
1084.74 205.792
1085.36 338.43
1084.48 394.384
1082.94 388.541
1083.14 380.723
1086.2 375.642
1089.36 373.468
1096.72 368.604
1085.63 638.125
1087.65 725.932
1089.16 761.706
1090.05 814.779
1083.12 870.785
1102.34 908.512
1105.38 1075.68
1125.18 1081.17
1127.36 1094.64
1127.54 1101.05
1141.44 1109.86
1149.52 1120.42
1150.15 1117.46
1155.79 1150.92
1156.72 1183.24
1184.93 1187.73
1181.49 1228.33
1177.64 1237.21
1201.05 1254.13
1204.26 1257.82
1224.68 1262
1226.75 1396.76
1170.68 1696.03
1213.72 1854.38
1219.96 1909.93
1225.56 1951.38
1206.85 2053.51
1212.92 2157.1
1227.68 2219.69
1227.85 2221.92
1226.52 2227.85
1235.72 2240.31
1215.25 2315.55
1218.05 2368.38
1217.26 2520.63
1216.26 2627.94
1218.63 2698.02
1218.75 2685.53
1227.27 2600.69
1229.66 2575.36
1232.68 2562.44
1231.06 2546.01
1207.23 2709.73
1246.55 2962.34
1243.58 2933.85
1244.15 2925.77
1242.41 2931.98
1242.46 2986.98
1267.97 3231.95
1273.32 3403.31
1277.02 3474.09
1278.08 3509.59
1281.24 3542.66
1291.31 3975.16
1293.15 4377.55
1314.61 4284.5
1312.9 4445.41
1313.29 4517.18
1324.04 4560.94
1327.4 4616.55
1325.65 4724.81
1330.23 4795.06
1345.49 4983.09
1328.26 5413.17
1324.12 5555.11
1324.62 5520.63
1323.16 5508.5
1344.34 5547.1
1345.36 5531.59
1344.15 5528.92
1349.1 5506.5
1349.88 5486.84
1351.79 5509.86
1351.53 5516.96
1352.14 5484.21
1345.99 5510.16
1347.48 5519.81
1339.24 5507.37
1343.43 5497.24
1343.7 5474.75
1343.2 5455.76
1344.04 5467.26
1344.15 5472.98
1341.93 5500.93
1340.49 5560.56
1341.67 5633.31
1341.09 5661.82
1341.28 5647.29
1340.01 5636.59
1340.26 5642.44
1339.7 5679.44
1340.98 5707.28
1341.09 5718.57
1336.55 5794.91
1337.43 5775.41
1338.18 5741.11
1334.02 5788.64
1338.35 5823.29
1337.04 5757.54
1335.75 5752.22
1332.67 5809.89
1334.35 5822.3
1333.87 5877.89
1338.89 6303.89
1337.95 6226.88
1335.44 6157.02
1336.9 6058.9
1339.91 6053.31
1335.11 6170.51
1337.11 6296.09
1337.96 6439.42
1339.4 6529.77
1338.66 6621.8
1338.88 6646.78
1343.4 6586.09
1345.84 6516.99
1345.92 6473.89
1344.63 6479.87
1347.54 6507.48
1346.58 6515.11
1346.26 6532.31
1347.01 6587.43
1343.23 6653.37
1343.7 6685.59
1343.57 6957.33
1343.67 6924.22
1339.27 6567.44
1346.12 6522.53
1346.04 6431.1
1345.7 6361.5
1346.88 6238.54
1346.58 6229.45
1351.13 6195.4
1350.25 6185.93
1350.49 6165.35
1352.27 6254.89
1351.16 6428.77
1353.26 6456.26
1353.28 6417.24
1355.39 6271.92
1355.78 6288.24
1356.75 6275.53
1357.27 6280.75
1358.04 6250.19
1358.18 6246.58
1358.2 6258.66
1361.55 6316.53
1361.57 6252.18
1361.25 6285.35
1364.69 6334.36
1364.88 6358.33
1364.89 6365.62
1363.25 6336.74
1362.78 6336.72
1366.32 6375.79
1366.44 6307.57
1363.39 6218.29
1368.52 6195.64
1368.54 6128.99
1368.38 6084.2
1368.46 6121.65
1363.42 6125.86
1364.01 6135.71
1362.58 6113.83
1364.15 6144.69
1363.78 6167.72
1363.02 6178.95
1361.59 6176.92
1362.47 6204.01
1353.88 6161.18
1352.7 6130.76
1347.56 6258.93
1356.68 6926.29
1356.31 7098.94
1355.71 7133.58
1353.67 7136.94
1353.62 7148.8
1354.19 7157.8
1354.77 7113.13
1354.76 7074.97
1352.75 7071.17
1351.64 7059.83
1352.51 7074.86
1352.83 7059.54
1358.33 7045.99
1358.71 7012.29
1358.99 6964.81
1359.12 6956.27
1359.42 6946.63
1359.68 6932.78
1360.39 6921.75
1359.8 6864.01
1360.19 6845.96
1360.44 6863.92
1360.97 6868.97
1362.82 6875.19
1361.46 6886.27
1360.21 6897.24
1360.91 6996.12
1360.56 7009.89
1360.23 6972.19
1365.14 7146.78
1364.53 7184.43
1365.57 7189.32
1365.53 7163.42
1365.48 7161.47
1364.35 7167.45
1364.67 7180.67
1367.26 7266.88
1369.31 7341.67
1368.33 7333.84
1368.44 7291.36
1369.94 7338.05
1367.45 7355.71
1367.59 7364.42
1367.74 7470.35
1365.87 7469.46
1364.88 7466.44
1364.64 7472.67
1364.29 7573.06
1364.22 7587.29
1363.73 7552.68
1363.79 7517.71
1363.77 7506.32
1364.61 7583.1
1366.07 7616.51
1365.13 7596.85
1365.19 7594.48
1365.96 7595.3
1365.61 7620.09
1365.09 7641.43
1366.21 7699.46
1366.37 7723.24
1365.92 7758.42
1365.59 7790.71
1364.61 7825.48
1364.04 7869.04
1364.48 7890.68
1365.2 7909.3
1362.78 7915.59
1362.73 7900.42
1362.75 7875.01
1363.2 7855.6
1363.73 7860.02
1362.32 7812.62
1360.76 7806.6
1362.04 7820.18
1362.18 7828.78
1362.95 7868.24
1362.67 7907.54
1362.75 7894.89
1361.3 7878.07
1360.59 7854.28
1363 7863.08
1363.53 7808.23
1363.01 7837.1
1360.41 7876.43
1359.9 7923.46
1360.99 7926.29
1360.07 7910.7
1360.23 7910.58
1359.97 7922.03
1359.96 7931.36
1362.73 7988.8
1363.29 7968.08
1363.21 7970.49
1363.67 7973.81
1364.04 7949.21
1362.31 7998.33
1362.27 8023.95
1362.18 7926.15
1364.48 7873.38
1365.7 7830.94
1365.21 7782.62
1364.68 7786.6
1371.38 7794.81
1371.22 7800.43
1372.62 7813.1
1372.68 7828.66
1373.45 7837.38
1370.61 7688.51
1370.73 7760.19
1368.32 7787.02
1368.29 7729.61
1367.7 7699.78
1368.43 7673.29
1368.27 7657.04
1368.3 7648.7
1368.53 7637.24
1367.74 7633.42
1368.04 7672.74
1367.65 7714.63
1367.66 7737.45
1368.88 7776.02
1368.75 7812.34
1367.35 7887.85
1366.44 7963.01
1366.95 8028.74
1366.76 8078.51
1366.76 8107
1366.67 8150.45
1366.52 8161.31
1366.83 8196.45
1366.63 8210.46
1366.42 8244.58
1367.24 8267.82
1366.41 8333.81
1365.82 8361.49
1366.95 8391.9
1365.95 8372.38
1365.96 8351.06
1363.99 8331.38
1362.98 8355.82
1363 8353.23
1363.03 8343.77
1364.03 8314.32
1363.54 8285.44
1363.95 8256.72
1364.84 8221.24
1365.64 8225.48
1365.62 8165.95
1364.31 8167.84
1364.23 8162.97
1363.65 8159.96
1363.66 8148.37
1363.55 8149.27
1363.31 8238
1363.26 8183.07
1363.37 8157.33
1363.13 8092.84
1363.21 8039.81
1365.65 7993.05
1366.18 7973.8
1364.47 8021.56
1364.64 7975.35
1365.45 8052.91
1364.45 8125.2
1368.84 8192.29
1368.78 8211.75
1366.97 8194.96
1367.36 8196.72
1367.36 8206.67
1366.46 8216.13
1366.32 8219.57
1368.76 8270.67
1366.99 8302.62
1367 8293.44
1368.37 8323.06
1368.93 8349.95
1368.68 8379.41
1367.84 8397.97
1367.83 8386.12
1367.83 8382.68
1369.88 8347.39
1369.92 8429.16
1369.02 8425.72
1369.27 8413.42
1361.75 8358.8
1362.05 8371.83
1362.66 8368.77
1362.78 8354.55
1362.75 8394.02
1362.62 8356.9
1368.72 8406.91
1370.73 8426.96
1371.69 8438.32
1372.29 8372.3
1372.22 8392.58
1373.11 8388.64
1373.38 8482.23
1373.48 8487.22
1373.56 8485.08
1374.12 8497.51
1374.6 8491.3
1374.74 8479.67
1373.87 8475.11
1374.34 8490.19
1373.28 8541.86
1373.3 8518.81
1373.81 8517.66
1373.36 8571.08
1373.58 8566.38
1374.9 8570.5
1374.53 8571.17
1374.88 8562.26
1375.05 8563.29
1375.14 8539.6
1374.56 8520.89
1374.47 8513.21
1375.11 8502.35
1375.76 8493.17
1376.01 8496.74
1376.01 8489.45
1376.31 8488.81
1375.73 8495.42
1376.4 8499.86
1377.52 8520.6
1378.47 8501.59
1378.75 8522.19
1378.93 8508.6
1379.97 8516.43
1379.85 8487.17
1380.1 8464.36
1380.16 8473.62
1380.19 8482.03
1379.59 8490.55
1379.52 8492.32
1379.66 8497.59
1379.79 8454.18
1379.41 8421.96
1379.39 8411.43
1378.9 8354.42
1375.46 8394.7
1374.13 8363.23
1373.41 8414.82
1373.46 8417.55
1373.64 8419.92
1373.22 8403.04
1373.18 8391.44
1374.33 8395.42
1374.58 8398.39
1374.03 8396.91
1373.66 8375.85
1375.69 8346.86
1375.69 8309.19
1375.77 8299.99
1375.61 8296.3
1375.48 8298.17
1377.05 8338.78
1377.69 8438.29
1377.24 8475.27
1378.01 8468.91
1377.58 8481.07
1376.88 8462.26
1377.03 8451.01
1376.64 8460.59
1376.41 8455.71
1376.53 8423.16
1375.75 8389.24
1375.78 8398.93
1376.27 8458.27
1376.84 8452.59
1376.46 8434.78
1376.87 8458.98
1378.13 8474.21
1378.02 8483.65
1378.08 8501.03
1379.27 8518.43
1378.82 8522.16
1378.43 8505.08
1378.57 8520.44
1380.55 8536.35
1380.6 8567.91
1379.88 8599.4
1378.92 8587.16
1377.27 8592.85
1377.59 8591.1
1377.42 8598.7
1376.28 8618.46
1376.49 8648.97
1376.79 8662.49
1378.18 8658.31
1377.74 8652.09
1379.88 8709.44
1379.95 8701.86
1377.67 8776.37
1377.7 8835.74
1377.8 8827.36
1376.41 8839.15
1376.85 8822.63
1379.1 8830.21
1378.03 8816.37
1377.52 8820.29
1377.7 8830.53
1377.53 8838.71
1376.89 8823.91
1376.56 8821.8
1378.76 8833.22
1379.2 8840.36
1380.66 8862.83
1380.32 8895.88
1380.57 8937.82
1380.75 8972.36
1380.32 8988.51
1379.98 9007.36
1380.42 9017.26
1380.1 8997.03
1380.02 8980.46
1380.07 9005.11
1379.73 8980.08
1379.72 8970.66
1379.77 8972.11
1380.49 8973.66
1380.24 8957.81
1380.27 8927.57
1380.09 8908.63
1379.61 8880.98
1378.88 8889.46
1380.03 8853.99
1379.06 8870.79
1380.78 8876.13
1381.01 8898.15
1379.61 8905.87
1379.67 8876.15
1380.29 8895.45
1379.35 8899.47
1380.31 8907.95
1375.39 9116.59
1375.71 9113.37
1376.2 9153.41
1376.47 9165.45
1376.08 9209.49
1376.6 9214.4
1376.44 9238.05
1376.42 9226.3
1378.47 9306.13
1378.22 9304.76
1378.64 9298.47
1379.09 9286.66
1379.17 9278.52
1378.49 9280.1
1378.41 9232.18
1378.5 9248.61
1379.2 9291.35
1379.18 9324.78
1379.25 9362.22
1379.47 9378.99
1380.9 9412.75
1381.36 9682.81
1379.63 9720.6
1379.88 9721.1
1380.18 9732.73
1379.78 9739.34
1379.81 9740.21
1380.16 9761.28
1379.54 9771.08
1380.54 9756.6
1380.61 9788.72
1381.23 9764.08
1380.9 9791.87
1380.68 9804.29
1380.71 9810.23
1380.81 9784.22
1380.85 9794.97
1381.18 9798.55
1380.92 9786.45
1379.15 9739.35
1379.28 9736.05
1379 9713.66
1379.26 9733.57
1379.48 9747.98
1381.05 9782.36
1381.41 9820.18
1381.34 9855.48
1380.79 9912.39
1379.92 9903.47
1379.84 9913.2
1380.14 9906.31
1380.44 10027.4
1380.65 9921.4
1380.88 9960.93
1380.5 9992.17
1382.8 9984.75
1389.6 9979.5
1389.79 9996.21
1389.8 9983.19
1390.02 9980.12
1390.2 9986.94
1390.29 10000.2
1390.48 10001.8
1390.52 10003.8
1390.57 10043.3
1392.33 10066.5
1392.36 10120.3
1392.36 10176
1392.07 10214.5
1392 10236.5
1391.41 10260
1390.88 10287.8
1391.62 10271
1392.07 10313.4
1392.25 10333.1
1392.75 10342
1392.96 10350.8
1393.15 10361.6
1392.99 10363.5
1392.23 10341.3
1392.06 10321.5
1392.99 10354.9
1393.2 10408.3
1393.05 10469.8
1392.56 10498.8
1392.55 10514.6
1392.86 10530
1392.96 10533.1
1392.6 10551.9
1392.54 10568.8
1392.49 10604.2
1393.26 10631.3
1392.95 10643.6
1393.25 10652.3
1393.29 10654.3
1393.34 10644.5
1393.15 10657.4
1392.82 10653.8
1391.02 10791.4
1388.8 10729
1388.94 10688.8
1388.74 10877.1
1388.86 10808
1388.83 10756.9
1389.69 10701.1
1384.75 10610
1385 10608.5
1385.02 10619.3
1384.9 10614.1
1384.92 10597.5
1385.39 10594.1
1385.31 10599.1
1385.58 10641.7
1386.53 10685.5
1385.98 10710.7
1386.09 10742
1386.94 10727.8
1387.08 10734.7
1386.84 10735.9
1388.41 10762
1389.15 10778.5
1388.88 10812.9
1389.25 10843.1
1389.04 10930.3
1388.35 10977.8
1388.58 11040.4
1389.72 11085.6
1390.17 11107.5
1389.94 11106
1390.03 11115
1390.11 11118.9
1390.19 11129.3
1389.98 11037.4
1390.26 11029.9
1390.26 11039.1
1390.25 11047.2
1390.32 11062.7
1390.46 11081.5
1390.06 11109.2
1389.77 11114.9
1389.67 11126.6
1389.87 11130.5
1390.54 11136.9
1390.91 11148.3
1391.83 11187.3
1390.82 11183.5
1390.93 11241.2
1390.34 11265.9
1390.43 11286.9
1390.36 11282.4
1390.43 11259.7
1389.17 11267.2
1389.5 11270.3
1389.11 11321.3
1389.07 11355.2
1389.52 11368.6
1390.04 11421.4
1390.11 11447.2
1389.53 11462
1389.21 11483.3
1389.55 11511.6
1389.96 11522.7
1388.75 11512
1388.29 11499.7
1388.15 11484.6
1388.1 11443.9
1388.08 11430.8
1388.19 11431.1
1388.58 11396.3
1389.47 11411
1389.27 11419.1
1388.77 11436.9
1388.77 11463.1
1388.78 11489.5
1389.06 11523.7
1389.03 11563.4
1389.03 11606.7
1388.1 11685
1388.09 11705
1386.92 11664.9
1386.96 11684.2
1386.91 11641.7
1386.51 11656.4
1386.69 11631.9
1386.87 11616.8
1386.86 11619.8
1387.36 11635.4
1387.91 11672.6
1388.67 11700
1388.67 11696.3
1389.37 11690.8
1389.36 11672.6
1389.27 11674.5
1389.54 11655.6
1389.94 11623.8
1390.74 11579.9
1390.7 11598.6
1390.87 11612.9
1390.9 11600.3
1393.03 11624.9
1393.45 11600.6
1393.14 11607.6
1392.72 11593
1393.63 11568.7
1393.69 11573.3
1393.78 11578.9
1393.94 11578.9
1394.37 11574.4
1394.32 11565.4
1394.93 11540.9
1394.99 11525.2
1394.28 11516.4
1394.18 11515.7
1394.74 11545
1394.8 11505.4
1395.28 11447.1
1396.58 11445.7
1396 11446.3
1396.43 11415.6
1397.75 11425.3
1398.12 11453.4
1398.14 11455.5
1398.76 11475.8
1398.43 11484.6
1399.09 11505.9
1398.73 11520.7
1399.76 11513.5
1400.06 11456.5
1402.14 11465.1
1403.47 11477.9
1403.28 11465.1
1404.51 11459.6
1404.62 11484.1
1403.47 11483.6
1403.8 11495.2
1403.58 11525.6
1404.18 11545.4
1404.41 11551
1404.33 11574.2
1404.37 11572.9
1405.32 11561.3
1405.2 11558.1
1405.09 11549.8
1404.85 11564
1402.56 11577.4
1402.93 11600.1
1403.95 11674.8
1403.92 11721.2
1404.08 11739.8
1403.68 11773.4
1403.92 11777.4
1403.63 11794.2
1403.77 11815.9
1403.81 11827.4
1403.55 11867.6
1404.62 11853
1405.23 11860.2
1406.3 11890.9
1404.33 11899.9
1404.88 11928.5
1406.04 11938.9
1405.79 11937.9
1405.81 11919.6
1408.04 11937.3
1408.05 11940.1
1407.23 11977.4
1406.29 11997.7
1406.35 11987.4
1406.32 11974.6
1406.29 11958.3
1406.35 11943.8
1407.2 11947.1
1407.08 11936.9
1407.05 11910.7
1407.28 11911.8
1407.23 11915.6
1406.98 11971.3
1407.32 12003.4
1408.79 12136.5
1408.49 12137.9
1408.82 12219.6
1408.46 12236.8
1408.39 12219.1
1408.06 12214.8
1407.94 12214.9
1408 12235.3
1409.99 12312.2
1410.33 12333
1413.43 12353.1
1413.37 12365.6
1414.5 12357.6
1414.04 12346
1412.74 12157.5
1412.97 12289.8
1412.99 12275.3
1411.87 12354.3
1408.68 12370.1
1408.62 12356.1
1409.05 12342
1409.05 12314.2
1409.38 12280.6
1408.35 12237.3
1408.36 12235.3
1408.3 12273.9
1408.55 12264.7
1408.99 12300.2
1409.76 12346.4
1409.77 12273.9
1410.02 12245.6
1410.04 12230.8
1410.36 12225.3
1410.38 12221.8
1410.64 12220.7
1410.92 12238.6
1411.26 12221.7
1411.06 12195.3
1411.06 12192.2
1410.98 12185.3
1413.23 12200
1414.64 12185.5
1414.05 12333.9
1412.41 12314.7
1412.31 12285
1412.23 12304.1
1413.37 12403.2
1413.14 12437.3
1413.15 12419.5
1412.96 12426.1
1412.77 12369.2
1413.12 12390.4
1413.48 12426.6
1413.3 12459.1
1413.21 12490.9
1413.42 12508.7
1413.4 12526.6
1413.54 12536.6
1413.93 12525.6
1414.55 12528.2
1412.96 12484.2
1412.8 12501
1413.15 12544
1413.13 12564.8
1415.09 12653.2
1417.07 12550.2
1416.48 12641.4
1417.42 12708.5
1417.45 12707.7
1417.47 12701.5
1417.47 12692.8
1417.72 12687.4
1417.95 12683.9
1418.01 12661.1
1418.29 12658.5
1418.12 12643.5
1418.09 12632.2
1416.71 12586.2
1419.41 12538.2
1419.33 12577.7
1419.36 12623.9
1419.21 12616.5
1419 12628.8
1419.13 12564.9
1419.3 12570.4
1419.41 12561.8
1418.93 12562.7
1418.76 12559.5
1418.82 12566.8
1418.99 12568
1418.99 12570.3
1418.87 12572
1419.04 12578.4
1419 12594.2
1418.94 12596.9
1418.38 12592.6
1418.58 12647
1418.65 12643.5
1418.54 12646.4
1418.76 12634.3
1419.13 12620.4
1418.96 12605.6
1418.92 12580.6
1419.89 12592.5
1419.82 12584.2
1419.74 12571.2
1419.58 12575.8
1419.52 12585.9
1422.81 12646.2
1424.1 12623.5
1423.69 12615
1423.63 12624.6
1423.81 12633.5
1423.58 12635.8
1422.79 12637.3
1422.86 12638.5
1421.87 12618.1
1421.48 12644.2
1421.43 12668.4
1421.62 12676.9
1421.91 12689.7
1421.38 12695.7
1421.34 12712.4
1421.55 12709.2
1421.47 12687.9
1420.98 12723.1
1421.51 12722.6
1421.54 12735.5
1420.21 12738.2
1420.12 12721.2
1420.47 12704.3
1420.56 12695.1
1420.26 12599.3
1420.09 12565.5
1419.01 12533.6
1419.03 12486.5
1419.28 12466.9
1419.25 12449.6
1419.24 12417.7
1419.44 12423.7
1419.63 12453.8
1419.46 12464.9
1418.46 12450.4
1419.32 12488.9
1419.69 12380.6
1425.21 12509.5
1425.03 12586.1
1425.03 12629.7
1424.72 12638.7
1424.52 12636.4
1425.08 12664.5
1425.37 12648.9
1425.23 12661.2
1425.2 12665
1425.19 12648.4
1425.71 12637.6
1426.19 12632.7
1426.25 12631.2
1425.69 12634.4
1426.42 12612.3
1426.17 12660
1426.01 12654.1
1425.9 12628.4
1425.88 12612.7
1425.71 12613.1
1424.65 12625.3
1424.48 12622.3
1424.42 12614.2
1424.72 12594.1
1424.55 12579.7
1424.52 12559.8
1424.6 12553.8
1424.67 12549.6
1424.62 12547.5
1424.86 12548
1424.97 12564.5
1424.77 12573.9
1424.75 12545.9
1424.87 12539.7
1424.67 12589.2
1425.12 12570.9
1425.6 12594.4
1425.76 12580.5
1426.48 12549.4
1426.46 12563.2
