310.716 0.746729
355.26 0.741473
401.955 0.741473
485.198 2.51827
506.067 2.51391
555.194 2.9097
638.473 7.02697
747.897 26.4373
750.178 25.6684
929.273 86.725
944.167 96.3947
950.618 108.843
964.41 112.488
1007.47 130.934
1138.51 153.505
1169.79 155.608
1197.52 179.17
1201.97 192.933
1273.44 224.981
1341.01 238.031
1379.36 248.97
1411.01 252.801
1425.89 336.665
1425.86 368.135
1444.45 407.512
1462.13 442.941
1462.67 452.048
1462.8 453.038
1462.94 451.886
1472.8 452.184
1473.3 707.254
1454.64 814.77
1513.68 1002.48
1506.68 1074.94
1543.45 1346.02
1543.98 1242.53
1612.79 1307.8
1635.29 1468.56
1669.71 1478.52
1687.65 1484.35
1688.89 1509.71
1696.72 1498.29
1698.49 1511.43
1676.27 1524.1
1688.53 1579.65
1699.37 1594.43
1700.33 1603.22
1702.02 1608.28
1724.94 1642.21
1734.72 1659.97
1737.73 1667.78
1735.32 1696.97
1722.1 1718.37
1683.2 1840.41
1707.17 2134.22
1704.52 2177.11
1715.98 2232.1
1715.69 2248.5
1717.03 2152.99
1706.87 2025.04
1713.98 1973.18
1764.54 3140.45
1764.99 2715.86
1784.42 2446.13
1798.31 2368.53
1798.26 2264.07
1789.81 2174.73
1800.07 2094.64
1801.45 2061.18
1859.4 3117.69
1857.77 3128.73
1857.32 3235.23
1864.77 3214.19
1872.64 2896.81
1873.36 2697.22
1893.03 2633.67
1903.56 2640.76
1931.67 2697.18
1933.32 2669.2
1931.11 2691.99
1930.21 2807.11
1893.31 2960.81
1903.72 2992.51
1916.35 2984.33
1923.58 3051.11
1921.88 3042.52
1921.69 3027.7
1931.19 3042.86
1921.51 3221.8
1950.06 3123.74
1956.09 3170.13
1955.64 3230.22
1951.1 3355.44
1975.04 3837.07
1975.11 3527.83
1974.81 3533.05
1975.38 3529.01
1974.01 3635.85
1966.07 3485.68
1965.48 3471.6
1982.3 3594.62
1982.53 3578.65
1973.15 3550.64
1976.56 3618.5
1978.26 3482.09
1977.29 3375.85
1973.39 3415.29
1974.14 3424.72
1974.12 3405.91
1975.35 3352.32
1974.16 3171.27
1971.19 3215.75
1970.61 3185.96
1970.47 3194.95
1968.77 3117
1967.87 3035.44
1967.77 3019.57
1972.45 3095.42
1972.44 3118
1970.04 3116.03
1964.8 3095.08
1965.72 3108.33
1985.79 3173.25
1984.48 3255.72
1983.91 3297.43
1983.53 3326.69
1984.03 3323.12
1989.25 3349.15
1989.13 3379.89
1991.37 3417.35
1991.2 3427.87
1988.7 3452.71
1988.43 3477.95
1989.06 3497.13
1988.63 3511.43
1988.38 3567.56
1988.56 3642.3
1988.97 3706.16
2005.1 3769.3
2004.82 3826.38
2004.52 3827.57
2004.51 3828.62
2003.71 3863.76
2002.49 3875.7
2001 3882
2000.29 3875.43
2000.31 3889.38
2019.53 3963.08
2019.08 3953.25
2019.11 4109.46
2024.49 4066.02
2024.21 4035.12
2025.37 3996.95
2024.54 3990.06
2024.86 3978.43
2026.34 4060.21
2027.18 3960.59
2027.1 3979.64
2027.28 3956.69
2022.68 3933.24
2019.78 3998.85
2019.8 4023.83
2022.25 4137.23
2020.84 4187.3
2020.36 4166.1
2018.02 4246.29
2018.08 4231.18
2018.1 4272.01
2018.09 4308.03
2018.52 4315.15
2034.58 4385.96
2033.18 4200.23
2033.1 4274.99
2033.4 4283.75
2033.24 4263.25
2034.08 4252.37
2034.62 4222.81
2036.16 4177.66
2049.6 4121.23
2048.46 4084.2
2046.99 4073.81
2046.5 4010.16
2054.16 3964.1
2053.01 3963.11
2052.99 3957.65
2063.84 3935.68
2064.14 3935.72
2063.91 3932.46
2063.93 4019.64
2063.39 4056.47
2058.04 4155.29
2060.32 4112.29
2061.52 4071.21
2061.63 4046.51
2061.71 4003.09
2061.65 4005.93
2062.28 3967.21
2062.43 3948.36
2062.26 3969.77
2062.29 3987.84
2062.29 4002.42
2063.28 4005.6
2063.03 4002.5
2063.94 4014.64
2063.98 4091.64
2064.86 4095.43
2064.83 4068.07
2064.2 4078.19
2064.19 4078.88
2063.02 4104.61
2063.12 4109.49
2064.15 4107.88
2064.34 4068.12
2066.14 4079.19
2066.18 4119.94
2066.14 4121.1
2067.78 4129.19
2071.12 4162.73
2069.96 4192.08
2069.86 4200.99
2070.31 4190.14
2069.15 4164.99
2071.05 4354.16
2071.26 4360.5
2071.09 4362.48
2069.61 4322.35
2069.62 4331.17
2069.9 4349.04
2069.42 4374.78
2066.01 4428.86
2065.93 4395.75
2066.09 4357.14
2066.07 4332.65
2065.96 4311.47
2066.34 4304.76
2066.74 4295.46
2067.07 4269.09
2067.2 4279.69
2067.76 4315.56
2067.76 4327.53
2067.78 4321.58
2068.52 4314.89
2068.55 4334.31
2068.62 4359.8
2068.63 4407.11
2069.36 4440.54
2069.03 4419.96
2069.87 4452.51
2069.69 4312.6
2068.99 4349.11
2069.43 4412.44
2069.91 4427.3
2069.14 4445.83
2068.63 4482.14
2068.77 4482.23
2068.77 4485.18
2067.26 4541.75
2067.6 4560.55
2067.58 4552.92
2067.67 4539.9
2066.94 4503.78
2064.9 4503.03
2065.15 4486.73
2065.02 4435.85
2065.03 4412.79
2066.43 4457.95
2066.61 4477.72
2066.54 4493.49
2066.31 4500.62
2068.06 4503.37
2068.71 4468.71
2067.48 4523.62
2067.65 4554.21
2067.86 4526.23
2067.98 4481.21
2068.3 4446.79
2068.72 4426.24
2069.17 4375.51
2068.22 4409.06
2068.37 4414.08
2068.49 4419.06
2066.79 4418.2
2066.13 4424.63
2067.34 4408.5
2067.42 4397.79
2067.42 4396.61
2067.35 4398.73
2070.81 4398.28
2070.69 4408.63
2070.65 4418.88
2070.65 4411.75
2070.1 4461.53
2070.2 4489.57
2070.26 4488.13
2070 4488.11
2070.14 4501.72
2070.54 4506.4
2070.65 4504.27
2070.48 4499.98
2068.89 4487.54
2068.91 4486.72
2069.48 4474.34
2069.51 4458.82
2069.54 4460.95
2071.47 4466.71
2069.84 4390.61
2069.68 4382
2069.52 4356.13
2069.55 4331.07
2069.56 4318.56
2070.87 4287.86
2070.43 4252.14
2068.81 4263.38
2068.22 4264.8
2067.87 4259.59
2067.85 4249.41
2067.07 4260.5
2067.68 4258.14
2067.93 4253.59
2067.59 4255.73
2066.84 4251.07
2066.55 4251.19
2066.59 4245.38
2066.6 4245.49
2069.07 4309.77
2069.02 4378.8
2069.63 4418.02
2069.9 4475.42
2069.5 4450.35
2070.08 4437.84
2069.9 4440.39
2070 4433.27
2070.06 4422.16
2068.28 4444.95
2068.08 4446.58
2068.12 4457.45
2068.32 4451.35
2068.24 4439.51
2068.86 4411.76
2068.83 4405.41
2069.68 4401.79
2069.15 4403.06
2070.99 4409.92
2070.68 4383.27
2070.6 4376.35
2070.72 4331.3
2070.76 4340.51
2070.96 4348.77
2071.12 4321.21
2071.3 4309.98
2071.49 4339.47
2077.2 4348.83
2077.66 4382.39
2077.42 4399.72
2077.78 4383.01
2077.9 4374.57
2077.34 4335.11
2077.45 4305.18
2077.36 4302.35
2075.82 4316.43
2075.91 4332.74
2076.07 4346.2
2076.08 4349.01
2076.46 4348.25
2077.14 4347.2
2078.13 4350.24
2078.48 4365.59
2078.3 4410.56
2078.77 4368.12
2078.7 4350.64
2078.72 4333.79
2078.91 4337.14
2085.05 4312.46
2084.8 4278.08
2085.07 4255.97
2085.01 4245.59
2084.66 4239.88
2083.77 4255.12
2083.89 4260.3
2083.53 4259.68
2082.27 4277.29
2081.88 4294.63
2081.63 4285.08
2081.43 4270.56
2081.42 4265.6
2081.22 4258.56
2080.95 4236.3
2080.87 4226.27
2080.82 4228.71
2080.27 4212.5
2080.29 4206.08
2080.3 4210.62
2080.25 4211.02
2080.12 4213.89
2078.19 4241.54
2078.44 4248.24
2078.52 4246.55
2078.45 4241.4
2078.19 4237.04
2078.1 4229.85
2077.79 4245.71
2077.89 4276.24
2078.13 4273.17
2078.1 4260.08
2078.07 4237.98
2078.09 4236.81
2078.29 4240.42
2079.68 4249.92
2079.66 4245.75
2080.79 4238.37
2080.2 4264.3
2080.24 4266.8
2074.31 4252.93
2074.35 4283.49
2074.35 4302.79
2074.66 4309.3
2074.52 4310.08
2074.46 4295.48
2074.39 4273.7
2072.29 4274.82
2071.42 4265.63
2071.46 4278.87
2071.23 4287.57
2071.23 4301.09
2070.7 4318.33
2070.73 4332.73
2070.01 4333.85
2070.17 4331.57
2070.36 4310.98
2070.23 4317.64
2070.08 4322.53
2069.98 4327.43
2069.99 4338.95
2068.55 4337.34
2068.56 4320.97
2069.5 4302.73
2069.08 4296.35
2068.29 4289.94
2068.16 4302.49
2068.28 4314.3
2068.22 4324.03
2069.39 4344.46
2070.34 4393.45
2069.97 4407.74
2069.94 4407.56
2069.68 4411.76
2068.71 4417.43
2068.71 4422.02
2068.71 4429.18
2068.67 4423.68
2068.62 4416.59
2068.68 4383.54
2068.74 4367.96
2068.45 4363.71
2068.45 4364.46
2070.5 4363.82
2070.21 4361.16
2070.61 4352.59
2070.61 4345.08
2070.65 4339.69
2070.3 4352.15
2070.5 4358.52
2070.41 4362.5
2070.79 4362.9
2070.8 4310.53
2070.92 4300.55
2071.38 4291.92
2071.33 4282.47
2071.88 4268.66
2072.4 4240.78
2072.43 4226.14
2072.92 4210.27
2073.22 4198.84
2073.58 4200.2
2073.62 4191.99
2073.36 4193.15
2073.53 4185.35
2073.61 4218.23
2073.81 4251.06
2073.95 4278.6
2073.67 4271.7
2073.78 4264.52
2072.81 4268.9
2072.58 4268.64
2072.61 4272.42
2072.58 4276.37
2072.66 4284.8
2072.68 4298.01
2072.94 4313.24
2073.53 4317.65
2073.54 4324.8
2072.2 4332.41
2072.11 4339.15
2073.03 4355.95
2073.17 4346.5
2074.53 4405.61
2074.22 4411.71
2074.11 4409.78
2074.19 4409.01
2073.85 4409.62
2073.28 4408.25
2073.29 4413.54
2073.45 4413.91
2073.63 4412.06
2072.71 4396.96
2072.66 4388.53
2072.18 4359.65
2072.16 4353.4
2072.13 4344.67
2072.05 4334.89
2071.9 4331.47
2071.56 4343.56
2071.83 4346.09
2071.95 4351.91
2071.48 4345.41
2071.76 4344.36
2071.89 4351.43
2071.08 4384.9
2069.12 4461.28
2069.19 4440.31
2068.83 4407.13
2069.38 4345.67
2069.53 4350.57
2068.78 4359.61
2072.92 4380.36
2072.61 4376.52
2073.03 4368.52
2073.15 4365.6
2072.53 4371.86
2072.38 4387.76
2072.37 4380.66
2072.36 4374.25
2072.49 4370.63
2072.43 4373.17
2072.47 4382.05
2072.56 4386.35
2072.57 4386.69
2072.32 4393.72
2072.42 4383.47
2073.24 4379.89
2073.22 4372.31
2073.21 4370.23
2073.23 4368.95
2073.22 4370.12
2073.34 4374.57
2073.3 4377.7
2072.97 4381.62
2073.05 4377.73
2073.06 4368.54
2074.09 4441.47
2074.34 4451.54
2074.35 4457.63
2073.81 4454.53
2073.7 4450.3
2073.4 4409.89
2073.05 4404.1
2073.39 4378.44
2072.76 4379.24
2072.79 4380.03
2072.19 4413.16
2071.07 4443
2070.97 4460.53
2070.91 4456.96
2070.91 4431.28
2070.93 4419.27
2071.37 4421.97
2071.25 4414.7
2071.03 4421.01
2071.11 4419.52
2070.88 4416.74
2070.95 4416.64
2070.73 4395.57
2070.72 4385.75
2070.72 4383.28
2070.54 4377.97
2069.73 4370.01
2069.75 4373.45
2069.4 4371.23
2069.4 4376.22
2069.29 4381.18
2069.24 4386.32
2069.23 4390.51
2068.81 4408.61
2068.78 4418.43
2069.03 4432.94
2068.5 4444.18
2068.39 4443.74
2068.66 4451.9
2067.73 4476.64
2068.85 4468.66
2068.96 4465.16
2069.02 4465.26
2068.1 4466.22
2068.02 4485.58
2068.23 4465.41
2068.23 4452.52
2067.96 4438.88
2068.03 4408.63
2067.87 4406.6
2067.58 4413.16
2067.57 4416.54
2067.5 4405.79
2067.6 4389.91
2067.47 4391.1
2067.47 4392.36
2067.28 4392.74
2067.32 4398.08
2067.33 4395.38
2067.35 4395.77
2066.92 4389.83
2066.7 4400.08
2067.07 4402.65
2066.82 4389.85
2065.98 4373.08
2066.05 4365.22
2065.82 4379.95
2065.54 4418.65
2065.68 4431.07
2065.64 4448.4
2066.08 4461.51
2066.09 4470.95
2066.09 4468.4
2065.73 4476.91
2065.42 4474.08
2065.22 4477.33
2065.15 4469.39
2065.12 4468.4
2065.12 4470.65
2065.1 4459.81
2065.86 4490.89
2066.52 4524.83
2066.52 4520.22
2066.53 4513.8
2066.46 4516.67
2066.43 4517.26
2066.57 4517.77
2066.1 4469.79
2066.27 4455.34
2065.45 4464.38
2065.53 4462.76
2065.27 4476.68
2064.91 4450.57
2065.12 4461.27
2064.76 4471.18
2064 4478.36
2064.59 4491.57
2062.35 4540.74
2062.31 4569.39
2062.64 4582.56
2064.73 4586.47
2064.71 4584.93
2064.93 4596.45
2064.92 4595.74
2064.78 4594.22
2064.9 4591.99
2064.69 4584.49
2064.47 4585.18
2064.42 4564.79
2064.44 4554.24
2064.67 4533.33
2063.64 4526.58
2063.69 4523.36
2064.45 4538.31
2064.21 4539.12
2064.37 4529.19
2064.26 4529.28
2064.06 4517.48
2063.52 4516.81
2063.52 4561.13
2063.11 4559.95
2063.12 4562.47
2062.33 4591.1
2062.33 4590.62
2062.12 4589.54
2061.7 4600.27
2061.92 4601.96
2061.69 4604.13
2061.33 4650.7
2061.34 4656.83
2061.18 4649.82
2061.06 4642.39
2060.73 4648.35
2060.69 4650.74
2060.1 4647.74
2059.97 4649.33
2059.99 4648.12
2059.93 4652.11
2060.34 4655.28
2060.02 4653.83
2058.89 4662.58
2058.66 4665.57
2058.66 4643.3
2058.37 4637.92
2058.76 4645.15
2058.08 4654.75
2058.1 4644.6
2057.99 4662.22
2057.78 4678.82
2063.27 4579.72
2063.36 4581.2
2063.35 4591.97
2063.25 4599.48
2063.02 4602.47
2064.08 4596.57
2063.86 4603.77
2063.79 4609.93
2063.7 4618.29
2063.68 4618.28
2063.68 4620.22
2066.16 4569.5
2066.65 4641.87
2066.66 4671.23
2066.69 4684.05
2066.57 4690.34
2063.15 4777.46
2063.08 4778.92
2062.38 4785.13
2062.32 4758.2
2062.57 4743.39
2062.48 4734.29
2062.21 4735.01
2061.96 4734.64
2061.83 4738.98
2061.43 4765.04
2061.55 4775.39
2061.57 4788.46
2061.8 4767.4
2061.76 4774.85
2062.54 4816.38
2062.38 4823.88
2062.42 4835.72
2062.28 4840.33
2061.93 4830.84
2062.06 4843.31
2062.41 4835.17
2061.88 4810.72
2061.87 4777.16
2062.01 4740.9
2061.88 4726.32
2061.62 4723.23
2061.43 4712.1
2061.39 4711.83
2061.24 4700.74
2061 4693.37
2061.18 4700.65
2061.3 4699.09
2061.22 4697.33
2061.46 4703.74
2062.66 4740.9
2062.61 4745.57
2062.52 4745.82
2062.54 4740.68
2062.56 4734.09
2062.67 4729.36
2062.98 4699.4
2063.1 4690.97
2063.29 4686.94
2063.31 4686.21
2062.8 4709.56
2062.33 4697.79
2062.47 4711.9
2062.55 4727.92
2062.55 4700.91
2062.56 4690.99
2062.01 4683.99
2061.77 4690.34
2061.17 4668.62
2061.17 4660.14
2061 4650.32
2061 4657.06
2061.72 4614.06
2061.78 4609.97
2061.59 4606.31
2061.74 4606.44
2063.74 4645.13
2063.36 4649.27
2062.57 4666.84
2062.67 4658.5
2062.73 4653.62
2063.16 4648.02
2063.02 4636.34
2062.91 4637.37
2062.07 4629.36
2062.02 4617.17
2064.07 4593.49
2063.37 4588.68
2063.39 4586.06
2063.02 4582.45
2063.19 4588.92
2062.93 4593.41
2061.83 4578.91
2061.85 4597.79
2061.59 4663.62
2061.49 4674.24
2058.61 4748.06
2058.48 4820.42
2058.31 4829.3
2058.31 4820.45
2058.36 4808.73
2058.42 4810.28
2058.43 4802.8
2058.43 4801.9
2057.57 4793.38
2058.2 4777.52
2057.56 4730.84
2058.65 4742.19
2058.46 4752.3
2058.52 4753.27
2058.7 4753.31
2058.58 4753.77
2058.63 4756.45
2058.3 4752.43
2058.51 4756.24
2058.47 4754.56
2058.45 4752.06
2058.42 4683.24
2058.65 4668.95
2058.58 4670.18
2057.92 4662.98
2057.86 4655.27
2057.88 4637.03
2058.78 4633.18
2058.76 4650.32
2058.83 4658.19
2058.98 4666.1
2059.08 4670.29
2059.05 4675.24
2058.64 4687.81
2058.63 4702.22
2057.84 4734.19
2057.79 4745.98
2058.3 4771.83
2059.81 4750.59
2061.82 4800.58
2061.9 4807.57
2061.87 4817.27
2061.99 4819.21
2063.71 4844.62
2063.67 4857.16
2063.57 4863.92
2063.42 4867.99
2063.34 4878.66
2063.23 4886.72
2062.97 4876.78
2063.19 4869.77
2063.18 4858.92
2063.18 4849.28
2063.11 4845.25
2063.09 4849.72
2065.65 4778.22
2065.17 4760.36
2065.36 4739.78
2065.31 4738.05
2065.34 4740.42
2065.32 4742.79
2065.75 4749.23
2065.54 4752.71
2062.49 4772.64
2062.77 4782.4
2062.86 4785.88
2062.59 4792.78
2062.67 4792.38
2062.67 4784.82
2062.68 4782.75
2062.67 4779.53
2062.72 4780.5
2062.69 4782.59
2062.73 4778.81
2062.63 4779.99
2062.65 4777.38
2062.73 4773.48
2062.67 4773.66
2061.52 4769.07
2061.53 4752.12
2061.44 4751.73
2061.2 4740.43
2061.55 4735.36
2061.1 4727.43
2061.1 4730.88
2061.05 4729.49
2061.25 4737.92
2061.16 4741.78
2061.15 4743.07
2061.21 4738.58
2061.22 4743.45
2061.23 4735.64
2061.22 4729.28
2061.44 4727.39
2061.02 4726.02
2060.64 4736.15
2060.84 4738.73
2060.77 4742.32
2060.5 4742.01
2060.53 4743.59
2060.54 4741.34
2060.91 4739.84
2060.91 4745.68
2060.88 4742.84
2060.91 4740.13
2060.68 4750.71
2060.82 4737.5
2060.83 4737.75
2060.75 4744.42
2060.9 4743.92
2065.2 4656.92
2065.2 4649.06
2065.18 4644.05
2065.2 4635.04
2065.26 4623.85
2065.15 4618.14
2065.15 4614.99
2065.21 4623.68
2064.4 4658.13
2064.41 4669.61
2064.51 4652.81
2064.5 4653.64
2064.51 4653.17
2064.48 4623.1
2064.27 4607.1
2064.64 4564.8
2064.62 4562.55
2065.52 4563.94
2065.52 4558.54
2065.45 4566.82
2065.14 4576.77
2065.1 4594.56
2065.08 4598.55
2065 4602.83
2064.98 4601.25
2065.48 4603.63
2061.95 4594.75
2061.9 4597.44
2061.9 4603.27
2062.24 4622.37
2062.24 4628.65
2062.23 4628.66
2062.16 4629.18
2062.56 4622.98
2062.73 4622.28
2062.87 4621.82
2062.8 4611.86
2062.64 4620.17
2062.65 4625.75
2062.55 4626.05
2062.28 4629.05
2061.71 4644.2
2061.68 4654.61
2061.89 4653.66
2060.64 4672.47
2060.36 4696.76
2060.36 4700.65
2060.37 4694.04
2060.71 4706.97
2061.04 4697.29
2061.23 4701.59
2061.21 4706.14
2061.19 4710.53
2061.06 4706.09
2061.06 4706.62
2060.78 4707.48
2060.7 4704.93
2060.68 4702.67
2062.48 4685.66
2060.77 4696.55
2060.88 4694.92
2063.93 4630.94
2063.18 4624.28
2063.19 4626.4
2063.19 4624.79
2063.17 4624.36
2063.04 4626.3
2063.26 4623.66
2063.1 4615.99
2063.13 4601.3
2062.72 4600.54
2062.56 4616
2062.61 4625.96
2062.47 4627.65
2062.32 4637.46
2062.28 4643.39
2062.54 4644.77
2062.54 4644.51
2062.46 4645.02
2063.19 4634.29
2062.98 4632.39
2063.08 4627.19
2062.56 4615.68
2062.53 4617.85
2062.58 4614.76
2062.37 4589.01
2062.45 4579.04
2062.3 4575.63
2061.89 4569.5
2061.75 4562.85
2061.91 4564.34
2061.9 4562.61
2062.19 4565.36
2062.52 4563.86
2062.36 4562.35
