71.5522 0
161.213 0
162.629 0
169.542 0
220.343 0
256.595 19.5162
293.091 22.1211
293.093 21.6898
328.668 21.4592
353.465 21.3353
406.88 21.2115
426.873 0
440.814 0
469.144 0
477.756 0
485.303 0
550.494 4.70714
552.033 4.43875
573.767 4.38478
576.111 4.33148
576.125 4.33067
593.513 207.838
603.277 271.372
657.889 262.549
746.552 267.789
736.07 291.621
756.608 299.21
772.71 304.183
773.386 300.291
775.941 301.783
779.947 308.057
780.02 310.188
804.804 305.971
828.041 304.68
826.781 305.868
832.435 304.845
825.049 399.658
864.968 465.887
898.256 497.093
900.955 505.022
922.129 479.926
918.703 476.805
919.731 473.286
919.31 479.926
920.233 481.672
945.228 496.42
950.177 579.329
948.614 616.183
949.907 675.873
950.65 707.436
953.266 773.562
958.313 956.334
957.677 1055.14
966.311 1103.85
978.316 1156.36
998.807 1196.63
997.169 1269.88
997.4 1333.38
1101.4 1482.43
1114.45 1483.22
1123.09 1506.29
1096.09 1562.68
1096.14 1593.64
1094.96 1618.61
1091.96 1666.57
1091.89 1697.94
1121.9 1714.64
1162.51 2199.33
1217.27 3165.94
1217.35 3510.96
1217.15 3984.15
1218.51 4199.85
1208.39 4460.08
1191.84 4969.27
1191.75 5276.4
1191.8 5176.4
1191.84 5163.29
1178.66 5527.96
1207.04 5809
1180.78 6136
1181.9 6255.82
1161.68 6542.1
1161.25 6563.68
1158.7 6546.62
1158.64 6572.65
1152.85 6500.34
1153.91 6469.07
1153.63 6668.76
1158.76 6630.43
1158.89 6609.55
1159.66 6554.82
1157.44 6491.76
1154.85 6556.32
1156.95 6455.91
1191.8 6569.18
1189.47 6723.2
1159.84 7033.51
1153.37 7330.19
1161.76 7559.5
1170.05 7715.63
1169.92 7831.41
1168.37 7890.73
1168.83 7940.96
1177.48 8037.32
1157.45 8337.44
1156.99 8278.65
1165.92 8194.63
1165.91 8119.33
1182.13 8203.64
1182.78 8013.42
1174.56 8241.1
1171.57 8332.91
1164.41 8509.1
1168.1 8474.36
1172.6 8312.12
1170.76 8149.01
1169.32 8009.75
1171.31 8082.92
1174.17 8111.65
1174.76 7995.5
1169.61 8360.2
1167.19 8455.09
1167.37 8653.11
1166.43 8908.58
1167.41 9138.86
1164.45 9290.3
1165.12 9484.17
1158.61 9613.45
1157.26 9573.72
1163.91 9508.86
1163.75 9471.31
1163.49 9381.89
1163.34 9482.3
1163.76 9481.78
1163.72 9506.22
1162.21 9359.57
1162.52 9267.63
1171.34 9251.97
1170.78 9247.77
1171.95 9239.56
1171.9 9244.28
1171.93 9269.31
1172.13 9348.2
1174.3 9292.23
1174.83 9348.86
1174.88 9281.45
1176.43 9319.65
1176.69 9305.71
1176.37 9315.81
1167.63 9345.04
1167.89 9326.25
1167.64 9401.72
1165.91 9378.86
1165.38 13150.4
1173.82 11609.4
1174.67 11035.2
1173.34 10611.8
1173.14 10424.4
1174.43 10270.9
1210.34 10219.2
1210.24 10149.6
1210.44 9973.4
1211.83 9898.24
1213.64 9914.13
1214.49 9919.98
1213.35 9878.81
1216.88 9800.85
1216.98 9794.08
1189.1 10159.6
1188.8 10472.9
1185.6 10546.1
1185.1 10602.8
1183.66 10556.3
1183.75 10528.2
1184.05 10623.5
1183.72 10490.3
1186.1 10436.7
1207.91 10560.9
1222.28 10912.6
1221.73 11178.5
1221.4 11217.5
1221.59 11260.4
1223.8 11298.8
1224.46 11360.6
1223.61 11317.2
1220.98 11570.7
1221.43 11680.4
1219.6 11797.4
1228.48 11878.9
1225.04 11836.1
1227.93 11850.5
1230.71 11879.2
1231.49 11890.7
1232.71 11916.1
1231.58 11939.1
1231.44 11956.9
1231.42 11983
1235.33 11976.5
1235.63 12074.8
1235.15 12137.3
1237.96 12107.3
1238.01 12115
1242.09 12298.2
1242.82 12155.6
1245.39 12047.1
1248.15 12051.2
1248.92 12072.3
1247.5 12092.2
1248.99 12072.9
1247.79 12095.9
1247.41 12090.2
1245.76 12113.7
1246.17 12091
1245.97 12096.2
1248.03 12090.8
1248.47 12144.5
1248.15 12136.8
1240.28 12097
1240.32 12009.4
1240.23 11991.1
1239.94 12004.8
1241.21 11999.3
1242.92 11968
1243.21 11928
1245.38 11877
1241.71 11741.1
1242.46 11703.9
1242.01 11656.5
1241.89 11607.1
1239.15 11498.2
1240.07 11418.2
1239.2 11347.2
1238.86 11265.5
1238.51 11228.4
1240.77 11085.8
1243.85 11024.3
1244.76 11066.5
1247.12 11363.8
1246.87 11364.8
1247.04 11412.1
1246.99 11436.8
1248.9 11460.5
1248.82 11536.2
1251.53 11627.5
1253.36 11734.9
1255.86 11741
1254.64 11688.9
1255.07 11665.1
1254.98 11714.5
1254.47 11790.8
1261.18 11873.7
1261.34 11990.7
1251.89 12180.6
1268.08 12415.6
1267.7 12581.9
1269.81 12778.3
1277.23 12970.9
1276.86 13042.3
1277.48 13115.3
1276.98 13121
1276.98 13123.2
1276.92 13122.4
1280.13 13135.4
1279.83 13138.1
1285.08 13214.6
1293.72 13395.4
1294.63 13528.5
1298.98 13590.7
1298.99 13602
1298.89 13646.3
1299.67 13671.8
1299.86 13696.1
1301.79 13697.7
1301.03 13710
1300.49 13739.1
1300.54 13937
1300.86 13865.2
1299.93 13672.3
1300.14 13640.8
1298.97 13614.7
1300.09 13618.4
1312.72 13718.4
1311.79 13731.7
1304.71 13626.3
1304.58 13651
1304.58 13384.1
1304.09 13365.3
1306.48 13271.4
1306.73 13257.4
1304.88 13026.2
1304.93 12863.2
1305.42 12616.6
1305.98 12591.5
1305.76 12499.1
1305.88 12472.9
1307.76 12449.4
1308.08 12437.8
1308.28 12409
1308.48 12384.9
1306.45 12579.2
1306.31 12575.8
1316.2 12668.2
1316.22 12698
1316.19 12648.4
1316.37 12603.8
1316.35 12590.3
1317.45 12570.7
1307.75 12609
1307.92 12576.2
1307.99 12542.5
1308.57 12494.5
1305.88 12622.9
1303.92 12666.8
1304.09 12646.5
1303.35 12584.5
1298.91 12631.8
1298.62 12628.8
1296.17 12680.6
1296.08 12712
1295.93 12717.3
1296.17 12711.4
1296.33 12753.2
1295.68 12819.2
1297.37 12979.2
1297.36 13032.1
1297.34 13040.1
1298.59 13085.8
1299.87 13141.2
1299.86 13149
1300.49 13166.5
1298.78 13223.4
1298.87 13223.3
1302.57 13248.5
1303.81 13251.8
1303.01 13269.9
1302.95 13276.6
1305.45 13325
1305.62 13353.5
1306.01 13400.6
1306.15 13414.6
1306.76 13381.4
1295.42 13533.6
1295.91 13608.4
1296.16 13755.1
1332.77 14132.8
1336.78 14268.8
1336.78 14196.4
1335.09 13994.7
1335.58 13909.1
1335.68 13946.3
1335.78 13965.1
1332 13836.9
1332 13804.3
1335.83 13872.2
1335.03 13862.8
1334.52 13839.7
1334.44 13801.3
1331.48 13758.3
1333.06 13775.3
1333.07 13816.2
1330.81 14162
1330.88 14115.4
1332.06 14185.3
1331.93 14186
1330.92 14228.5
1330.29 14229.7
1328.51 14252.1
1328.4 14267.4
1326.5 14243.3
1328.7 14317.5
1329.12 14350.8
1328.84 14386.7
1328.9 14400.9
1330.34 14409.6
1330.97 14407.7
1330.63 14412.5
1329.87 14451
1329.63 14430.2
1329.13 14383.5
1329.07 14420.4
1325.86 14552.1
1325.5 14602.9
1325.5 14651.7
1324.59 15126.9
1323.31 15671.9
1323.84 15355.6
1324.72 15103.3
1324.52 15131.2
1324.52 15115.4
1322.95 15121.9
1322.21 15060.4
1322.21 14976.7
1322.19 15011.6
1321.65 15106.2
1321.4 15221.3
1321.24 15314.5
1323.98 15343.1
1319.8 15502.5
1320.15 15555.1
1320.92 15594.6
1321.32 15609.2
1322.06 15660.8
1323.01 15718.5
1322.98 15745.9
1323.57 15779.6
1323.6 15808.5
1324.07 15828.1
1324.34 15836.4
1326.85 15817.2
1327.17 15838.1
1326.08 15844.2
1322.55 15598
1322.46 15699.1
1322.77 15699.4
1322.81 15691.9
1323.15 15686.2
1320.95 15663.4
1321.31 15660.4
1321.65 15753.6
1321.64 15758.6
1321.01 15768
1321.46 15777.6
1321.3 15775.3
1324.48 15851.9
1324.54 15861.8
1329.98 15906.6
1329.98 15887.5
1330.2 15868.8
1331.5 15851.3
1332.17 15833.6
1332.16 15850.5
1332.1 15866.2
1332.32 15870.7
1329.63 15923
1331.5 15973.3
1331.54 15964.1
1331.91 15981.9
1332.35 15990.6
1332.07 15994.8
1331.39 16077.2
1331.75 16150.4
1331.97 16221.7
1332.54 16257.2
1332.94 16243
1334.59 16399.5
1335.21 16366.4
1334.58 16218.2
1333.46 16092.9
1334.54 16098
1337.58 16101.5
1339.8 16010.6
1341.9 15951.4
1340.87 15934
1341.43 15898.5
1341.57 15875.9
1341.51 15847
1341.51 15799.9
1349.85 15988.8
1349.57 15953.1
1350.05 15910.7
1346.39 15917.9
1346.31 15888.1
1347.07 15842.2
1346.8 15859.3
1345.89 15846.3
1345.88 15864.5
1345.42 15873.9
1345.14 15884.5
1346.65 15910
1347.08 15922.5
1350.48 15914.4
1350.32 15875.9
1350.54 15839.4
1350.28 15870.4
1350.23 15892.1
1350.39 15931.4
1350.23 15939.9
1350.33 15956.1
1351.53 15967.5
1352.24 16008.3
1352.2 16119.2
1352.22 16094.6
1349.58 16045.3
1349.78 16079.9
1352.37 16109.1
1352.42 16119.8
1352.52 16143.1
1352.49 16149.1
1352.59 16181.5
1352.58 16181.2
1355.25 16191.4
1349.94 16222.9
1350.58 16215.8
1349.64 16210.3
1349.5 16211.9
1350.1 16222.1
1351.1 16175.9
1347.6 16022.7
1347.74 16013.5
1347.83 16001.3
1347.83 15978.3
1347.66 15965.9
1345.05 16041.6
1344.84 15848.1
1344.76 15864.9
1344.81 15859.9
1344.67 15839
1344.7 15824.7
1344.62 15863.3
1344.47 15841.5
1349.14 15921.8
1348.85 16267.1
1348.74 16203.2
1347.92 16191.2
1347.01 16190.4
1347 16207.5
1348.11 16397
1348.48 16401.9
1348.46 16404.7
1348.01 16422.5
1347.26 16461.1
1344.8 16508.4
1345.71 16531.1
1345.66 16578.8
1347.09 16625.7
1347.89 16609.9
1352.03 16693.1
1352.44 16674.6
1353.95 16648.7
1353.27 16671.2
1353.14 16670.7
1351.76 16670.7
1351.7 16693.6
1346.75 16744.4
1346.29 16755.6
1345.41 16910.3
1344.8 16767.3
1343.3 16906.8
1344.32 16888.9
1345.74 17126.5
1345.97 16999.9
1345.53 16969.2
1356.39 17111.5
1355.62 17116.5
1355.47 16952.9
1355.38 16798.9
1356.92 16697
1351.05 16719.7
1350.73 16725.6
1349.69 16728.9
1349.9 16780
1342.89 16820.9
1343.87 16801.4
1343.71 16760.5
1343.75 16802.8
1341.55 16845.5
1341.08 16795.7
1341.08 16773.3
1339.92 16986.3
1339.9 16996.8
1340.23 17046.5
1341.03 17068.2
1341.1 17073.9
1341.86 17119.7
1341.86 17092.9
1341.3 17132.6
1342.62 17121.2
1341.43 17127.1
1341.35 17125.7
1341.48 17076.5
1342.14 16990.5
1341.95 16955.9
1342.01 16869.8
1342.53 16857.8
1342.52 16876.8
1342.47 16900
1342.51 16925.6
1341.48 16974.2
1341.65 16992.7
1339.23 17013.4
1344.06 17084.6
1339.2 17227.1
1343.46 17234.8
1343.61 17194.2
1343.73 17181.7
1345.99 17267.9
1353.76 17402.5
1353.42 17469.4
1353.38 17503.3
1353.37 17502.2
1354.52 17515.7
1354.32 17076.7
1354.16 16776.3
1353.69 16671.6
1353.5 16698.2
1353.51 16757.8
1352.69 16830.4
1352.18 16972.9
1352.73 17049.8
1352.85 17109.1
1352.85 17191.7
1353.85 17237
1354.53 17069.9
1354.52 17085.8
1354.84 17071.5
1355.96 17078.5
1355.89 17084.9
1355.02 17099.1
1355.22 17083.8
1355.53 17035.7
1347.06 17036.8
1345.26 17082.5
1345.59 17039.6
1345.64 17022.1
1345.63 17013.1
1345.92 17006.1
1345.95 17001.3
1346 16959.1
1346.07 16943.6
1350.63 16918.5
1350.57 16944.3
1351.05 16964.9
1349.87 16988.7
1349.88 16987.2
1349.61 16996.2
1349.53 17017.4
1349.46 17033.1
1349.42 17048.9
1351.63 17045.3
1351.98 17084.3
1351.49 17102.4
1350.44 17186.5
1349.29 17278.4
1349.53 17300
1349.72 17271
1349.47 17199.9
1349.62 17154
1349.55 17156.4
1349.78 17150.3
1349.66 17121.2
1350 17149.3
1350.47 17188.8
1350.69 17211.6
1350.6 17220.9
1352.05 17205.4
1352.23 17228.2
1352.06 17223.7
1352.9 17278.4
1353.42 17333.7
1353.57 17301.7
1353.58 17257.7
1355.14 17238.4
1355.12 17217.2
1354.89 17186
1353.97 17146.9
1355.82 17151.4
1355.91 17188.6
1355.92 17209.7
1355.99 17211.5
1357.01 17300.4
1356.87 17322.3
1356.78 17371.6
1357.75 17381.7
1357.64 17372.7
1357.49 17382
1357.64 17369.8
1357.48 17340.5
1358.44 17269.4
1358.64 17243.9
1359.46 17236.5
1359.69 17213.6
1360.63 17223.4
1360.69 17250.1
1360.81 17259.4
1361.44 17188.7
1360.46 17139.9
1358.33 17241.1
1366.12 17312.1
1366 17287.6
1357.9 17299.3
1358.24 17302.2
1355.47 17356.6
1354.44 17306.5
1354.42 17253.1
1354.44 17260
1354.92 17228.3
1354.74 17197
1354.33 17195.4
1353.7 17254.2
1354.78 17165.3
1354.75 17151.7
1355.37 17175.2
1355.32 17098.6
1355.48 17064.4
1355.53 17022.4
1355.48 16984.4
1356.1 16966.6
1355.92 16971.5
1356.43 16959.5
1356.88 16966.6
1357 16985.2
1357.07 17021.2
1356.89 16983.1
1356.76 16969
1356.82 16948
1359 16860
1359.19 16831.8
1359.21 16852.9
1361.47 17007.7
1361.59 17024.4
1361.61 17008.3
1361.89 16982.6
1364.68 17113.3
1364.52 17189.5
1364.25 17215.9
1364.8 17188.9
1365.23 17289.6
1364.87 17459.1
1365 17457.9
1364.87 17440.3
1364.47 17441.7
1364.83 17483.7
1364.79 17474.9
1364.91 17424.5
1364.74 17277.4
1364.64 17195.4
1364.68 17165.4
1365.18 17177.3
1362.63 17167.6
1362.71 17194.7
1355.22 17198.9
1356.13 17197.4
1355.7 17194.8
1358.76 17184.5
1358.76 17156.6
1358.71 17191.8
1358.49 17191.3
1358.34 17237.7
1358.26 17287.2
1357.8 17314.3
1359.32 17326.2
1359.54 17345.4
1359.53 17340.4
1361.02 17293.7
1360.78 17262.9
1361.62 17254.5
1361.61 17269.5
1377.36 17391.7
1378.6 17448.6
1378.18 17612.6
1378.05 17557.4
1376.9 17553
1377.1 17517.1
1377.11 17483.5
1378.89 17548.1
1379.9 17495
1379.77 17518.4
1381.01 17560
1381.29 17579.8
1381.2 17583.9
1381.4 17587.8
1381.68 17595.9
1381.78 17646.4
1379.86 17739.7
1380.28 17753
1380.54 17752.4
1380.66 17649.6
1380.25 17546.8
1379.96 17502.8
1379.11 17467.6
1378.41 17463.6
1378.24 17459.3
1378.35 17451.5
1377.62 17484.7
1377.35 17422.6
1378.19 17401
1378.35 17445.9
1378.6 17469
1379.43 17475.9
1379.39 17492.1
1377.78 17475.5
1378.41 17499.9
1371.66 17624.1
1372.83 17628.4
1372.83 17667.9
1372.29 17772.8
1366.92 17846.7
1368.88 17769.6
1374.6 17704.1
1374.42 17625.5
1374.4 17620.9
1373.71 17632.6
1373.7 17605.7
1374.15 17617.8
1372.37 17613.4
1372.25 17632.5
1372.31 17645.4
1372.25 17691.4
1372.68 17692.5
1372.99 17645.9
1372.53 17669.1
1372.51 17634
1372.74 17612.2
1373.13 17622.2
1371.45 17647.8
1373.1 17736.5
1373.05 17841.8
1373.38 17926.5
1372.86 17946.2
1372.95 17967.3
1372.64 17887
1372.8 17868.7
1372.81 17867.5
1373.54 17863.5
1373.08 17839.2
1373.04 17779.2
1373.12 17761.1
1372.84 17781.8
1372.83 17788.8
1371.23 17825.3
1370.43 17836.4
1370.77 17881.4
1367.29 17945.3
1367.66 18027.3
1367.76 18048.9
1368.16 18056.2
1368.01 18016.2
1368.16 18045.1
1368.69 18074.2
1370.08 18134.8
1370.14 18151.7
1370.2 18188
1370.49 18204.6
1370.87 18265.2
1371.69 18342.6
1374.21 18380.1
1374.26 18399.9
1374.31 18338.5
1374 18395
1374.16 18436.4
1377.18 18462.7
1377.23 18563.9
1376.68 18607.2
1376.68 18638.3
1376.77 18646.7
1376.14 18647.4
1376.12 18620.3
1375.54 18536.1
1375.58 18539.7
1375.7 18539.1
1376.18 18528.9
1376.14 18520
1378.02 18567.7
1377.98 18598.5
1378.72 18622.5
1379.36 18641.8
1378.35 18623
1378.4 18620.4
1378.49 18607.6
1378.59 18625
1380.17 18601
1380.22 18557
1380.69 18552
1380.75 18525.1
1380.76 18532.8
1381.35 18566.6
1381.29 18586
1381.48 18600.8
1382.67 18620.7
1382.23 18635.3
1382.14 18602.5
1382.13 18604.9
1383.74 18679.7
1383.97 18705.7
1383.04 18770
1384.3 18794.4
1384.32 18823.2
1384.64 18824.2
1384.2 18758.6
1383.77 18781.8
1384.57 18798.9
1385.52 18817.5
1386.1 18806.7
1386.06 18831
1386.31 18866.1
1387.43 18874.9
1387.34 18865.6
1387.09 18873.1
1389.2 18886.6
1389.16 18868.6
1388.77 18834
1388.77 18716.3
1387.36 18716.9
1387.48 18713.6
1387.52 18690.6
1388.63 18700.2
1388.58 18710.9
1389.7 18672.9
1389.77 18656.8
1389.35 18709.1
1388.62 18750.8
1388.62 18703
1388.58 18672
1389.84 18690.1
1389.13 18710.1
1389.11 18725.7
1389.16 18713.9
1388.6 18702.2
1388.32 18687.6
1388.52 18712
1388.73 18728.1
1388.61 18691.9
1382.4 18654.2
1383.56 18603.4
1383.49 18590.2
1383.1 18599.7
1382.94 18592.3
1382.94 18617.1
1382.99 18621
1382.26 18650.9
1382.32 18626.2
1383.42 18623.9
1383.24 18731
1383.46 18777.2
1384.46 18751.7
1384.39 18811.6
1384.17 18813.1
1384.04 18785.7
1382.68 18762.5
1387.14 18756
1380.2 18971.9
1380.51 18877.4
1380.58 18785.7
1380.68 18750.1
1381.76 18680.8
1382 18681.7
1382.46 18693.3
1382.48 18673.1
1382.85 18595
1382.26 18600
1382.08 18596.7
1382.03 18613.4
1382.23 18596.3
1382.99 18650.2
1383.05 18686
1383.25 18666.5
1383.23 18728.6
1383.18 18749.2
1382.41 18738.6
1383.44 18735.5
1383.44 18727.4
1384.8 18714.7
1384.8 18703.7
1384.65 18691.8
1384.81 18685.9
1385.71 18685.8
1385.57 18726.7
1385.87 18764.3
1385.84 18708.2
1386.08 18743.5
1386.04 18719
1386.35 18763.6
1387.56 18694.9
1387.67 18724.7
1387.96 18729.4
1387.64 18713.1
1387.04 18685.7
1387.33 18678.4
1387.32 18678.5
1387.49 18690
1387.4 18687.4
1387.93 18703.9
1388.05 18761.7
1389.17 18716.5
1389.21 18746.4
1388.85 18758.1
1389.46 18766.5
1389.93 18777.4
1390.41 18814.7
1390.46 18810.4
1391.23 18808.8
1391.64 18817.3
1391.63 18817.7
1391.9 18802.2
1393.71 18725
1394.48 18753.4
1393.77 18737.8
1393.83 18667.4
1393.97 18671.5
1394.01 18675.7
1392.5 18722.8
1392.89 18780
1392.79 18775.6
1392.74 18767.1
1392.79 18749.8
1392.51 18729.4
1392.84 18736.4
1392.57 18693.6
1392.53 18676.6
