416.781 9.62325
446.223 9.62325
546.358 20.4116
625.958 22.9805
629.487 22.8742
678.535 24.0297
695.618 21.8296
706.412 21.6602
726.557 21.5585
727.104 21.4959
727.367 21.4432
739.394 21.4095
739.967 21.3802
752.879 19.2027
762.958 19.1309
781.489 19.0922
787.893 19.0671
787.894 19.0475
818.486 19.034
826.474 19.0252
827.923 19.0165
827.945 19.0077
863.969 19.0007
866.868 19.4606
933.283 366.01
934.961 338.921
949.97 302.32
951.035 293.25
952.097 291.493
961.083 287.232
963.162 282.539
963.778 279.325
982.715 391.113
984.713 403.812
1009.35 402.138
1001.08 611.539
1002.91 690.858
1000.44 768.983
1002.66 1021.01
1012.18 1117.76
1023.9 1222.7
1023.47 1256.22
1024.16 1252.37
1024.45 1250.62
1025.26 1247.64
1055.97 1248.02
1076.36 1243.27
1077.47 1303.43
1065.42 1545.79
1064.85 1594.63
1026.24 1839.27
1026.29 2462.79
1028.48 2663.84
1029.97 2599.69
1040.93 2859.93
1042.07 3220.61
1045.19 3236.89
1050.16 3250.51
1046.01 3482.56
1067.81 3871.11
1068.62 4024.87
1066.05 4168.16
1063.4 4326.93
1060.65 4373.77
1096.56 4387.82
1097.67 4381.13
1096.63 4372.77
1090.04 4336.11
1095.52 4334.98
1128.61 4298.77
1135.47 4316.34
1161.94 4323.79
1162 4387.87
1167.49 4450.73
1169.28 4443.33
1166.28 4481.97
1166.37 4502.61
1170.02 4516.83
1156.94 5085.57
1157.42 5123.64
1151.86 5094.52
1151.7 5059.43
1149.31 5071.83
1142.71 5124.62
1156.66 5829.93
1158.84 6224.16
1164.04 6200.03
1166.05 6334.26
1165.06 6393.26
1165.83 6265.31
1169.67 6170.72
1170.91 5995.23
1181.19 6378.5
1170.6 6519.84
1189.16 6548.29
1185.95 6500.63
1190.12 6612.79
1189.24 6653.68
1174.51 6858.78
1173.99 7002.28
1174.31 6982.04
1175.52 6921.26
1178.41 6801.35
1176.66 6927.4
1241.69 6984.95
1256.4 6950.75
1256.97 7023.3
1228.13 7063.74
1227.71 7169.07
1228.03 7148.26
1227.36 7171.23
1227.2 7162.62
1227.61 7138.68
1237.35 7164.17
1238.12 7173.5
1277.43 7946.97
1276.42 7743.64
1277.27 7693.69
1239.36 7622.56
1239.46 7609.97
1241.36 7609.5
1245.74 7624.96
1249.46 7628.47
1249.5 7665.78
1251.16 7699.52
1251.73 7698.3
1252.95 7668.7
1253.97 7689.68
1251.79 7602.58
1250.6 7564.91
1255.18 7722.19
1240.56 7901.71
1240.08 7844.32
1239.83 7750.39
1247.56 8329.62
1246.9 7764.12
1247.56 7723.86
1245.26 7724.67
1244.62 7872.6
1244.17 8103.79
1240.95 8236.23
1240.54 8362.94
1241.02 8419.39
1239.82 8474.56
1235.98 8539.63
1237.44 8418.9
1233.56 8562.42
1237.2 8618.12
1241.41 8871.54
1248.56 9125.37
1247.68 9277.96
1246.94 9368.56
1251.54 9351.25
1254.47 9365.28
1254.4 9350.81
1254.02 9325.46
1253.76 9304.53
1254.69 9326.05
1254.76 9293.47
1255.3 9274.13
1255.39 9265.28
1251.21 9285.91
1250.83 9302.77
1258.24 9325.94
1257.98 9271.51
1257.5 9195.37
1257.28 9262.39
1254.57 9335.11
1255.17 9405.04
1254.88 9420.34
1245.83 9356.32
1244.36 9317.2
1243.64 9297.34
1241.64 9268.83
1240.58 9275.49
1239.28 9211.61
1240.06 9260.8
1239.93 9319.22
1241.15 9369.54
1240.73 9404.15
1244.1 9433.36
1243.75 9470.88
1243.72 9535.06
1242.01 9590.2
1236.49 9718.76
1233.62 9759.68
1234.92 9830.61
1234.86 9809.14
1234.49 9820.32
1227.88 9673.61
1228.72 9687.34
1228.83 9592.74
1229.87 9688.98
1229.83 9678.99
1231.34 9719.54
1230.25 9743.68
1230.29 9768.43
1231.2 9795.52
1226.99 9822.26
1233.39 10087.5
1236.86 10160.7
1226.85 10116.8
1227.04 10088.5
1227.05 10073.4
1226.6 10065
1226.51 10093.5
1242.13 10113.5
1243.92 10197.1
1244.11 10200.6
1246.09 10251
1246.11 10258
1246.4 10251.5
1246.45 10246.7
1245.96 10249.6
1247.5 10270.4
1251.06 10260.7
1251.07 10212.3
1250.93 10215.6
1257.75 10246.1
1257.8 10337.1
1266.66 10392.3
1270.25 10408
1271.52 10388.5
1271.35 10434.4
1271.31 10438.8
1270.47 10430.9
1270.8 10451
1270.95 10575.4
1274.29 10729.4
1274.21 10896.6
1274.84 11010.6
1275.68 11020.5
1274.4 10996.8
1272.77 10997.4
1275.47 11071.1
1277.08 11034.6
1276.32 11011.5
1277.34 11054.7
1274.66 11103.2
1283.79 11170.1
1287.07 12046.6
1285.41 11392.9
1285.44 10930.2
1285.41 10801.5
1291.68 10879.9
1291.68 10749.8
1292.06 10751.9
1292.33 10766.9
1294.36 10773.4
1294.31 10762
1304.05 11248.7
1301.35 11287.8
1302.31 11316.4
1302.18 11274.4
1300.66 11296.4
1300.01 11263.5
1299.86 11231.4
1302.05 11215.7
1302.13 11169.1
1301.62 11144.3
1301.68 11145.8
1304.47 11162.7
1297.95 11532.9
1294.53 11515.7
1292.58 11878.4
1293.28 11928.4
1293.57 11951.8
1293.51 11950.5
1305.33 12761.8
1305.11 12672.3
1306.2 12590.1
1315.62 12681
1315.79 12630.3
1315.64 12655.2
1315.74 12576.5
1316.68 12543.8
1317.92 12514.6
1319.44 12559.5
1318.42 12587.7
1318.68 12541.2
1318.73 12538.3
1318.97 12540.8
1327.22 12795.2
1328.69 12650.8
1329.07 12643.6
1335.81 12630.9
1335.95 12622.5
1335.44 12614
1335.55 12601.6
1337.46 12588
1337.47 12578.1
1337.26 12633.2
1336.53 12680
1336.84 12753.9
1336.93 12794
1336.48 12793.9
1336.42 12835
1336.13 12855.2
1336.63 12878.4
1336.99 12890.8
1336.48 12796.1
1346.12 12868.3
1346.16 12826.9
1346.25 12892.6
1347.93 12971.1
1347.77 12800.4
1348.63 12835.3
1349.41 12807.6
1350.07 12802.8
1350.61 12854.2
1350.93 12859.2
1349.64 12851.1
1349.39 12928.3
1349.19 12751.4
1349.99 12781.3
1349.09 12780.7
1351.16 12794.1
1351.13 12788.9
1353.43 12871.7
1351.03 12916.2
1350.3 13048
1350.33 13127.3
1350.62 13127.7
1350.57 13129.8
1349.57 13192.2
1349.45 13237.8
1348.66 13245.8
1344.54 13153.3
1342.31 13096.7
1344.09 13079.7
1343.92 13069.3
1345.93 13389.8
1347.03 13509.8
1345.38 13459
1345.2 13464.9
1345.81 13458.5
1347.32 13420
1347.44 13405.7
1344.35 13408.8
1344.74 13413.5
1351.59 13352.6
1351.6 13369.4
1352.04 13268.5
1354.83 13235.1
1353.36 13247.2
1361.23 13388.5
1360.44 13310.9
1362.59 13301.6
1362.88 13271.7
1363.76 13240
1363.95 13237.7
1357.53 13499.3
1357.51 13522
1358.75 13465.7
1359.07 13433.8
1358.49 13405
1357.04 13487.8
1356.45 13498.2
1356.46 13492
1356.84 13548.1
1357.08 13602
1357.45 13631
1355.6 13759.2
1357.66 13778.2
1356.52 13789.5
1353.88 13818.2
1353.59 13810
1354.47 13850.5
1354.12 13867
1353.85 13884.5
1353.93 13912.6
1354.23 13929.8
1354.38 13883.1
1354.49 13883.7
1353.95 13831.6
1354.29 13767
1356.4 13765.2
1356.15 13814.1
1355.75 13874.4
1355.45 13864.6
1354.96 13852.3
1356.53 13772.1
1356.46 13673.8
1356.38 13671.3
1361.17 13832.4
1359.28 13899.4
1357.36 13926.7
1357.99 13830
1358.02 13636.2
1358.24 13587.9
1358.22 13571.9
1358.03 13569.6
1359.98 13566
1360.02 13577.8
1356.08 13570
1355.97 13538.8
1356.3 13517.8
1351.63 13912.3
1351.25 14078.1
1351.16 13982.8
1348.77 14038.8
1349.2 14034.6
1349.68 14007.7
1349.86 13954.4
1349.68 13953.3
1350.23 13998
1350.28 14105.5
1348.5 14167
1347.87 14107.5
1347.07 14126.5
1347.39 14118.4
1347.37 14143.3
1348.11 14130.8
1348.87 14142.5
1348.74 14158.4
1349.19 14231.6
1349.46 14242.8
1349.17 14296.4
1346.87 14224.5
1347.24 14182.1
1347.62 14160.8
1347.51 14175.6
1347.24 14204.3
1351.25 14183.3
1351.25 14203.5
1349.62 14244.1
1350.02 14245.7
1349.21 14263
1355.12 14405.3
1354.14 14428
1354.15 14364.5
1354.52 14364
1354.81 14370.3
1351.65 14366
1351.73 14349.6
1353.24 14374.8
1353.06 14344.2
1352.86 14301.4
1352.81 14282.6
1352.47 14306.5
1352.48 14315.2
1352.04 14253.9
1353.13 14243.5
1354.28 14188.1
1354.18 14301.6
1337.05 14371.5
1337.4 14413.5
1336.52 14496.4
1336.69 14505.4
1332.59 14662.9
1332.91 14737.8
1332.93 14782.4
1333.13 14808.4
1333.61 14859.5
1333.86 14834.5
1334.25 14846.6
1333.69 14875.2
1333.42 14892.1
1333.47 14901.6
1331.41 14888.7
1331.53 14875
1332.94 15038.8
1336.72 15157.7
1336.57 15138.6
1339.29 15135.5
1339.65 15116.3
1339.79 15146.1
1339.71 15151.8
1339.6 15119.8
1339.77 15103
1339.89 15067.4
1339.85 15076.1
1339.76 15045.5
1339.34 15039.4
1339.89 15085.8
1341.59 15074.3
1341.63 15092.9
1341.64 14934.3
1341.44 14894.4
1341.37 14900.6
1341.45 14935.9
1341.87 15069.3
1341.75 15087.7
1342.46 15109.7
1345.87 15147.5
1345.52 15126.3
1345.75 15135
1345.85 15134.6
1345.85 15114.6
1346.29 15025.7
1346.21 15023.1
1347.69 15052.2
1346.15 15184.5
1346.21 15225.5
1346.04 15251.4
1344.99 15221.1
1344.98 15199.8
1344.98 15203.4
1344.74 15211.8
1345.88 15239.1
1345.67 15232.7
1347.6 15191.6
1348.57 15204.9
1348.53 15197.3
1347.02 15168.4
1347.04 15166.8
1348.55 15171
1349.66 15229.1
1350.84 15198.9
1351.73 15221.5
1353.83 15193.5
1349.97 15122.8
1349.1 15151.7
1348.89 15177.4
1348.91 15160.9
1348.74 15140.6
1348.35 15150
1348.36 15110.4
1347.93 14999.4
1347.98 15005.8
1347.53 15000
1347.51 14992.1
1348.37 14932.1
1348.38 14943.6
1348.13 14955.9
1348.13 14972.7
1348.67 14870.6
1349.32 14853.5
1350.22 14796.8
1352.98 14727.4
1352.17 14744.4
1352.22 14862.4
1352.19 14888.6
1353.93 14843.3
1353.72 14771.2
1354.79 14761.3
1355.94 14832
1356.03 14765.5
1355.89 14723.9
1354.44 14754.3
1354.52 14756.6
1354.46 14715.7
1354.47 14734.9
1355.37 14703.2
1359.63 14840.1
1360.13 14856.2
1361.22 14762.1
1361.55 14755.1
1360.34 14885.1
1360.52 14923.7
1360.78 14976.1
1360.44 14930.8
1359.62 14989.3
1359.51 15063.8
1361.05 15127.3
1359.91 15184.6
1373.37 15395.3
1373.37 15518.2
1373.67 15556.5
1373.8 15595.1
1373.12 15610
1372.55 15606.2
1373.19 15616.2
1373.21 15612.4
1373.18 15604.7
1370.71 15564.4
1370.49 15570.7
1374.67 15649.4
1374.64 15656.1
1375.3 15640.7
1378.92 15721.5
1378.81 15747
1378.74 15724.3
1378.63 15703.7
1378.77 15661.7
1377.66 15619.6
1377.94 15643.2
1377.86 15613.3
1377.46 15599.5
1377.58 15676.9
1377.19 15681
1377.19 15682.8
1376.91 15684.3
1376.83 15698.3
1377.25 15718.1
1377.89 15720.1
1377.22 15738.1
1378.89 15750.1
1378.76 15773.3
1379.11 15773.2
1379.41 15638.3
1379.44 15652
1380.16 15696
1380.14 15753.9
1387.19 15727.9
1387.7 15776
1387.74 15769.3
1388.19 15782
1388.18 15809
1387.33 15835.2
1385.81 15807.9
1386.78 15833.6
1386.92 15828
1387.15 15846.5
1387.06 15858.3
1387.39 15878.8
1387.68 15893
1387.71 15894.1
1385.47 15870.5
1385.76 15952.4
1385.92 15981.6
1383.41 16079.5
1384.62 16118
1384.59 16055.6
1384.55 16039.2
1384.36 16053.4
1376.9 16062.3
1375.26 16069.2
1375.52 16090.6
1374.92 16046.8
1374.77 15973.4
1374.69 15954
1374.54 15875.7
1374.73 15884.4
1373.87 15854.8
1373.72 15865.5
1372.71 15940.1
1373.21 15950.1
1373.98 15895.3
1373.94 15868.8
1373.99 15877.1
1373.66 15879.2
1373.69 15855.1
1373.77 15856.1
1373.76 15855.1
1373.36 15867.5
1373.47 15887.8
1373.01 15872.7
1373.5 15858.3
1373.43 15870.9
1373.62 15878.4
1374.41 15881
1374.02 15832.3
1374.92 15819.9
1374.76 15801.3
1379.53 15836.7
1379.96 15762.1
1379.18 15720.5
1379.45 15666.5
1382.14 15700.4
1380.95 15732.2
1381.5 15728.9
1381.49 15713.9
1381.79 15710.3
1381.78 15681.1
1379.55 15646.9
1379.94 15562.8
1379.91 15527.7
1379.92 15491.5
1379.69 15431.2
1379.8 15445
1377.09 15452.4
1377.24 15427.8
1377.25 15479.4
1377.24 15503.4
1377.35 15522.3
1377.34 15534.4
1377.82 15484.7
1377.81 15473.6
1378.05 15491.3
1377.42 15444.6
1377.19 15424
1377.23 15425.7
1376.98 15435.9
1377.21 15441.7
1376.9 15455.4
1376.54 15463.3
1376.54 15485
1376.03 15489.4
1376.11 15508.2
1376.3 15525.2
1376.09 15538.8
1376.69 15535.2
1376.6 15542.5
1376.69 15516.5
1375.55 15519.2
1375.38 15535.8
1376.35 15519.3
1376.36 15504.5
1376.29 15475.3
1376.79 15476.2
1376.68 15464.5
1376.3 15461.9
1376.82 15420.3
1377.68 15410.8
1376.93 15337.8
1376.91 15338.7
1379.6 15372.7
1379.25 15365.3
1379.42 15385.1
1379.38 15387
1378.62 15400.8
1378.06 15430.1
1378.26 15427.5
1377.93 15451
1379.09 15458.7
1392.06 15525.5
1391.36 15557.4
1391.98 15579.5
1391.82 15577.5
1391.01 15515.3
1395.47 15497.1
1395.44 15460.2
1395.9 15463.9
1395.81 15513
1395.51 15511.6
1395.2 15517.5
1395.01 15486
1394.86 15487.5
1394.65 15471.9
1394.74 15452
1394.43 15457.7
1394.62 15488.7
1394.61 15489
1394.78 15476.8
1395.31 15476.3
1395.58 15497
1394.65 15618.4
1395.91 15482.2
1399.1 15620.8
1399.1 15696.6
1399.09 15732.6
1399.26 15764
1398.98 15793.9
1399.25 15825.7
1399.12 15849.2
1398.99 15849.4
1398.62 15863.2
1398.53 15786
1398.57 15768.7
1398.97 15776.5
1398.97 15799.4
1397.31 15974.3
1398.46 16003.1
1398.91 16001.2
1398.79 15990.5
1398.33 15987.7
1398.26 15987.4
1398.51 15980.5
1398.31 15935.3
1398.01 15908.4
1398.97 15857.6
1398.89 15821.6
1398.99 15821.4
1399.3 15833.5
1399.34 15843.7
1400.48 15876.5
1400.49 15872.7
1400.52 15888.3
1400.22 15908.4
1400.22 15931.9
1400.2 15813.3
1400.15 15816.3
1400.59 15813.4
1399.75 15795.3
1399.51 15829.1
1399.8 15872.1
1399.57 15911.5
1399.58 15916.7
1398.92 15930.6
1399.12 15973.6
1399.02 15964.6
1398.73 15937.5
1397.03 15838.5
1397.1 15792.9
1397.29 15789.8
1397.18 15795.5
1397.49 15802.5
1395.16 15761.8
1395.38 15757.1
1395.4 15733.8
1397.27 15743.7
1397.27 15760
1392.91 15796.2
1392.96 15834.1
1392.73 15867
1392.74 15870.3
1392.7 15875.1
1392.58 15876.1
1395.85 15886.1
1394.79 15947
1394.36 16057.3
1393.56 16040.4
1395.26 16054.2
1393.98 16045.4
1394.92 16054.8
1394.06 16061
1394.28 16032.4
1393.98 16110.2
1393.27 16122.7
1393.63 16143.8
1393.62 16154.5
1394.43 16137.7
1394.3 16141.4
1394.42 16131.6
1394.06 16078.9
1393.52 16059.4
1393.98 16022.8
1394.03 16039.7
1394.09 16086.5
1393.32 16091.1
1392.31 16076.1
1392.54 16139.8
1392.65 16126.5
1392.71 16146.9
1392.79 16211.4
1392.73 16200.2
1392.74 16205
1392.76 16221.8
1392.9 16220.1
1393.23 16259.3
1393.15 16291.6
1393.19 16354.5
1393.19 16366.2
1392.5 16384.4
1393.36 16383.1
1393.93 16378.3
1393.93 16390.3
1394.03 16393.2
1395.59 16421.9
1396.25 16341.9
1397.63 16361.2
1397.65 16351.3
1402.7 16377.9
1402.93 16359
1403.12 16460.4
1403.02 16510.4
1402.55 16555.5
1402.56 16526.1
1402.4 16505.9
1402.44 16496.8
1402.87 16496.1
1404.91 16592.6
1405.85 16614.8
1400.32 16617.8
1400.37 16592.6
1400.43 16551.6
1399.75 16531.6
1399.56 16479.3
1399.57 16434.9
1399.65 16422.4
1402.39 16399.4
1402.51 16404.5
1402.42 16424.1
1402.26 16420.3
1401.67 16422.1
1401.71 16427.6
1402.14 16422.5
1397.15 16441.6
1396.81 16457.9
1396.75 16471.7
1396.68 16473.1
1397.33 16482.1
1397.29 16441.5
1397.3 16428.6
1397.44 16418
1397.07 16413.4
1397.03 16451.8
1396.99 16456.8
1395.85 16456.1
1395.1 16483.7
1395.1 16442.6
1394.83 16431.5
1396.03 16420.1
1395.56 16384.5
1395.42 16376.8
1395.46 16383.5
1395.5 16371.2
1395.55 16368.3
1395.82 16360.3
1395.77 16333.1
1395.74 16323.6
1395.31 16305.8
1395.35 16282.9
1393.92 16322.2
1393.6 16329.8
1393.64 16323.1
1393.64 16304.8
1393.62 16315.9
1393.76 16327.8
1392.87 16287.4
1393.72 16196.6
1393.66 16297.7
1393.09 16287.9
1393.49 16309.4
1392.89 16388.1
1393.29 16399
1393.54 16415.2
1393.22 16431.5
1391.67 16467.4
1391.89 16541.5
1392.63 16609.3
1392.33 16613.8
1391.98 16621.1
1391.9 16633.4
1392.8 16643.2
1392.83 16661.1
1392.78 16581.3
1389.56 16612.1
1389.34 16626
1389.1 16647.9
1388.9 16693
1390.33 16680.8
1390.32 16690.4
1391.13 16723.4
1391.03 16715.7
1390.68 16721.8
1390.63 16729.8
1390.99 16760.9
1391.03 16775.7
1391.36 16787.5
1391.36 16781.8
1391.32 16801.1
1390.94 16805.5
1392.89 16799.9
1393.35 16785.5
1393.32 16781.6
1393.33 16774.3
1393.69 16785
1392.95 16810.8
1394.08 16909.2
1395.01 16909
1391.51 16925.4
1391.81 16985.3
1391.7 16985.7
1391.75 17004.3
1392.13 16993.4
1388.32 17025.4
1387.38 17106.4
1387.27 17090.2
1387.1 17087.1
1387.18 17096.5
1387.14 17087.2
1387.07 17069.9
1386.99 17058.8
1387.07 17047.3
1387.26 17077
1387.11 17079.3
1386.9 17091.5
1386.79 17101.8
1386.7 17092.5
1387.08 17087.8
1386.53 17159.8
1386.54 17162
1386.97 17198.4
1386.91 17216.4
1387.99 17286.7
1388.09 17293.9
1389.16 17317.5
1389.23 17312.4
1389.35 17325.9
1389.72 17331
1389.73 17328.3
1389.89 17340.1
1389.85 17359.3
1389.66 17379.9
1390.23 17403.6
1390.39 17403.5
1391.08 17454.3
1391.24 17484.9
1390.84 17519.5
1391.03 17507.3
1390.65 17519.4
1390.65 17520.4
1390.2 17540.1
1390.08 17546.7
1389.39 17551
1387.98 17631.7
1388.23 17750.6
1388.93 17844.5
1388.97 17792.6
1389.05 17797.4
1389.05 17792.4
1390.38 17807.2
1390.48 17798.5
1390.47 17797.1
1390.44 17797.7
1390.21 17796.1
1390.18 17795.1
1390.61 17813.7
1390.61 17784.7
1390.61 17768.3
1396.06 17838.4
1396.72 17890.9
1396.74 18011
1397.43 18006.7
1397.18 18000.8
1397.11 18001.2
1397.32 18045
