436.01 26.3762
448.455 24.6382
451.117 24.048
462.093 23.7649
495.408 23.584
616.1 31.2219
683.284 52.6482
755.17 159.585
757.01 150.868
778.91 147.343
811.505 147.312
923.162 195.6
942.518 192.07
999.627 190.716
1009.82 190.184
1039.13 106.982
1039.15 106.684
1077.21 110.585
1097.74 110.356
1120.05 109.874
1137.44 109.852
1172.66 132.844
1190.25 134.347
1224.02 119.17
1225.44 119.389
1232.96 119.156
1232.8 112.554
1234.42 109.834
1245.1 119.495
1264.07 118.966
1312.95 123.834
1355.62 126.462
1475.86 178.083
1497.86 188.536
1493.05 201.443
1491.88 237.248
1565.01 243.466
1569.69 234.053
1576.08 381.791
1575.06 436.268
1578.46 450.158
1576.23 454.773
1617.31 476.058
1630.08 446.001
1672.05 465.556
1679.78 485.604
1681.55 494.886
1681.95 490.72
1674.88 523.963
1683.12 543.469
1700.92 548.352
1717.94 614.98
1724.39 649.335
1726.16 661.436
1803.42 1096
1815.88 1000.56
1845.18 885.698
1867.27 851.77
1871.08 822.039
1871.37 863.869
1873.19 823.5
1830.82 789.764
1859.8 845.006
1864.26 849.157
1889.46 877.028
1900.38 872.962
1904.51 963.71
1908.76 1017.33
1904.19 1168.65
1911.44 1178.41
1911.47 1292.89
1911.88 1226.32
1914.72 1180.81
1922.35 1124.73
1922.94 1069.97
1922.33 1033.07
1923.19 1416.89
1921.33 1475.85
1922.35 1409.5
1922.1 1499.88
2098.93 9118.42
2094.21 5826.27
2091.14 4782.87
2085.31 4857.58
2095.05 4098.42
2021.76 2894.28
2021.76 2842.7
2024.61 2927.97
2035.97 3115.1
2038.92 3284.2
2037.87 3262.65
2038.79 3257.9
2040.69 3234.84
2040.92 3219.04
2111.19 3248.6
2111.28 2970.35
2113.8 2727.95
2138.8 2629.02
2123.99 2495.71
2134.17 2539.7
2133.97 2601.23
2126.75 2633.04
2124.17 2665.56
2123.92 2691.65
2161.8 2680.06
2162.73 2720.81
2159.77 2794.44
2159.78 2848.71
2143.03 2992
2142.45 3097.77
2141.8 3153.02
2147.64 3163.08
2143.09 3230.82
2148.34 3254.94
2153.77 3229.49
2153.69 3177.92
2145.03 3167.1
2143.21 3138.62
2142.92 3133.83
2145.53 3188.99
2145.54 3221.4
2146.18 3221.28
2144.99 3235.9
2155.84 3187.44
2156.3 3216.92
2155.98 3242.8
2154.28 3254.48
2136.1 3221.05
2136.11 3183.52
2138.18 3147.63
2139.45 3132.47
2138.74 3053.9
2139.17 3018.19
2139.43 3012.17
2139.43 3027.55
2132.07 2999.47
2132.58 2999.27
2133.99 3016.55
2134.09 3013.01
2132 2998.42
2130.13 3022.95
2129.02 2973.69
2128.06 2970.99
2128 2974.88
2126.57 2985.08
2134.4 2999.81
2124.11 3091
2122.25 3153.83
2123.32 3198.44
2127.82 3196.7
2126.18 3186.83
2127.95 3207.05
2128.55 3198.37
2122.09 3238.33
2121.89 3260.91
2121.6 3268.94
2120.22 3261.91
2120.3 3250.12
2120.34 3250.13
2119.85 3272.26
2119.9 3267.44
2119.81 3267.89
2117.32 3295.62
2118.37 3327.67
2118.4 3335.93
2119.47 3331.88
2119.7 3343.66
2121.02 3368.21
2121.71 3374.71
2122.03 3422.87
2122.94 3455.76
2123.94 3390.12
2119.86 3484.04
2119.88 3547.5
2119.11 3570.73
2117.8 3570.28
2118.14 3544.6
2118.09 3533.01
2111.12 3569.77
2108.1 3591.68
2111.37 3570.27
2112.73 3547.42
2113.22 3556.49
2112.98 3556.78
2112.21 3553.81
2112.54 3561.09
2110.26 3565.78
2119.4 3761.93
2121.03 3786.19
2120.88 3781.35
2120.42 3840.61
2122.07 3913.05
2121.9 3843.72
2123.3 3817.55
2122.96 3795.76
2121.33 3774.58
2121.33 3765.47
2120.79 3623.74
2120.66 3607.22
2120.8 3611.76
2120.55 3591.79
2121.38 3557.82
2120.95 3574.91
2119.8 3611.57
2119.84 3642.78
2119.33 3671.41
2120.17 3728.26
2120.64 3772.85
2122.18 3807.01
2122.19 3831.39
2119.94 3854.03
2121.11 3740.2
2121.22 3752.33
2121.11 3747.89
2119.74 3817.03
2119.77 3874.66
2120.06 3912.95
2120.37 3909.24
2120.59 3936.69
2120.23 3969.03
2120.23 3987.69
2120.32 4005.02
2121.19 4008.55
2119.8 4015.08
2118.71 4032.37
2118.85 4020.42
2125.44 3969.89
2125.45 3831.49
2125.92 3792.29
2126.62 3763.99
2128.97 3761.52
2129.04 3738.02
2130.65 3738.51
2128.65 3726.44
2129.57 3707.42
2129.64 3691.9
2129.64 3688.64
2129.65 3694.49
2129.87 3689.58
2129.05 3749.7
2129.07 3765.97
2130.68 3759.97
2130.86 3788.98
2130.99 3774.61
2130.99 3765.76
2128.91 3779.56
2131.75 3784.76
2132.43 3763.79
2134.75 3741
2133.94 3718.35
2135.78 3730.9
2137.08 3741.75
2136.97 3742.49
2135.7 3755.57
2135.72 3787.93
2136.23 3825.1
2136.67 3862.84
2136.33 3868.78
2136.43 3865.9
2137.14 3863.03
2137.04 3867.73
2137.02 3881.54
2136.74 3891.84
2140.77 3928.68
2141.89 3907.06
2141.8 3894.13
2141.98 3877.99
2142.36 3878.16
2141.53 3885.67
2141.77 3889.11
2142.06 3877.73
2142.03 3873.41
2140.03 3896.81
2139.62 3905.01
2140.17 3911.03
2140.5 3913.33
2141.88 3916.86
2142.02 3920.25
2142.05 3914.96
2142.08 3931.47
2141.63 3953.08
2141.15 3945.87
2141.74 3951.79
2142.59 3959.5
2142.3 3971.61
2142.37 3975.82
2142.65 3991.61
2142.3 4033.24
2142.43 4052.03
2141.6 4058.47
2146.04 4044.72
2146.52 4071.7
2146.59 4074.49
2145.49 4120.61
2148.87 4193.36
2148.86 4204.13
2148.48 4218.14
2148.21 4235.34
2148.12 4239.37
2150.1 4184.11
2150.48 4141.77
2150.16 4103.91
2149.11 4044
2148.96 4023.13
2149.07 3991.57
2149.09 3986.84
2147.94 4030.27
2148.44 4076.21
2147.58 4073.16
2147.67 4074.48
2147.28 4071
2147.48 4063.04
2147.55 4064.33
2148.52 4072.26
2148.48 4071.31
2149.97 4040.78
2150 4027.28
2150.05 4027.29
2150.64 4016.66
2150.66 4009.03
2150.52 4002.69
2150.25 3993.53
2151.53 3957.98
2151.09 3944.23
2151.49 3920.92
2150.68 3922.68
2150.22 3941.08
2149.82 3934.75
2148.91 3971.37
2146.01 3942.98
2145.82 3962.03
2145.75 3963.2
2143.81 3953.4
2143.88 3947.49
2145.76 3956.47
2147.14 3989.54
2147.65 3977.07
2147.11 4005.89
2146.99 4005.69
2146.78 4019.98
2144.22 4049.02
2144.22 4045.65
2144.66 4063.77
2143.68 4120.37
2143.57 4119.26
2143.29 4086.29
2142.89 4104.45
2141.16 4124.86
2153.76 4193.22
2153.53 4224.4
2149.76 4302.35
2149.82 4362.46
2149.56 4434.66
2149.87 4454.66
2149.15 4463.88
2148.81 4439.44
2145.62 4399.5
2146.2 4432.71
2148.67 4345.75
2148.91 4338.6
2149.47 4435.63
2150.13 4426.89
2149.43 4437.67
2149.27 4453.19
2149.4 4440.52
2149.62 4428.96
2146.97 4486.31
2147.06 4491.92
2147.08 4497.3
2146.52 4522.68
2146.52 4547.97
2145.96 4546.78
2146.21 4558.53
2147.29 4543.9
2147.61 4559.44
2148.19 4564.72
2148.52 4579.44
2149.01 4597.66
2148.21 4610.96
2148.67 4638.12
2148.65 4645.5
2148.69 4655.16
2148.28 4661.35
2148.79 4681.98
2146.46 4791.22
2145.61 4755.58
2144.96 4771.54
2145.43 4834.28
2145.15 4787.36
2145.5 4740.58
2145.52 4705.24
2145.62 4686.82
2145.07 4748.22
2144.8 4727.06
2144.32 4730.05
2143.31 4766.05
2143.12 4821.02
2143.1 4854.64
2143.19 4866.52
2143.18 4867.24
2143.66 4864.48
2143.77 4872.51
2143.95 4880.11
2144.09 4890.14
2144.04 4898.76
2144.22 4902.81
2144.2 4911.6
2142.84 4893.45
2141.73 4883.05
2142.12 4920.93
2142.28 4887.85
2141.94 4876.84
2140.67 4863
2140.33 4914.6
2140.49 4923.3
2140.3 4918.51
2140.29 4918.66
2141.32 4920.78
2141.23 4906.21
2141.23 4895.75
2142.33 4948.46
2142.04 4912.86
2141.94 4917.37
2141.9 4936.73
2141.86 4945
2142.1 4942.35
2142.14 4923.89
2142.97 4932.5
2142.49 4932.31
2142.3 4929.05
2143.14 4938.43
2143.13 4904.55
2144.32 4892.66
2144.3 4874.92
2143.88 4891.86
2143.85 4889.05
2144.25 4913.73
2144.38 4898.53
2143.75 4909.36
2145.73 4939.21
2145.79 4958.7
2146.36 4973.97
2146.44 4987.94
2146.41 4995.09
2145.69 4995.59
2145.93 4984.54
2145.93 4982.31
2145.94 5008.86
2145.97 5011.27
2146.12 4992.62
2147.22 5081.14
2147.09 5058.41
2147.22 5051.08
2146.96 5030.97
2146.93 5029.06
2147.36 5032.26
2147.36 5036.78
2147.47 5049.78
2147.59 5042.45
2147.48 5047.68
2146.71 5043.57
2146.55 5041.35
2146.63 5040.53
2148.54 5057.88
2148.57 5038.14
2148.6 5039.75
2148.64 5050.29
2150.32 5058.06
2150.41 5076.12
2150.16 5109.9
2150.94 5123.21
2151.3 5127.55
2151 5117.48
2151.4 5144.68
2152.53 5137.12
2152.8 5126.27
2152.13 5116.23
2151.45 5107.66
2151.97 5106.68
2152.64 5103.11
2152.49 5088.17
2152.68 5089.19
2152.71 5093.69
2152.7 5103.32
2152.73 5112.95
2151.97 5121.3
2152.28 5125.6
2152.37 5104.32
2151.42 5054.15
2151.1 5102.5
2151.13 5050.96
2150.82 5022.41
2150.45 5035.38
2150.89 5020.33
2147.9 5113.11
2149.32 5152.72
2150.46 5168.74
2149.15 5221.86
2148.34 5253.31
2148.34 5267.09
2148.38 5280.88
2147.31 5301.05
2147.22 5310.47
2146.97 5326.27
2145.15 5368.13
2145.15 5374.05
2145.06 5383.13
2145.11 5381.8
2145.24 5362.02
2144.65 5404.22
2144.64 5400.86
2144.73 5401.25
2144.91 5402.71
2145.08 5408.82
2144.28 5398.42
2144.91 5392.45
2144.55 5397.88
2144.58 5373.77
2144.8 5398
2144.85 5428.76
2144.13 5400.86
2145.04 5346.62
2144.5 5273.62
2144.65 5229.2
2144.97 5228.64
2144.88 5221.78
2144.99 5196.93
2144.5 5199.47
2144.5 5202.24
2144.39 5197.67
2144.39 5205.65
2148.56 5270.84
2148.73 5288.2
2148.75 5287.06
2148.78 5290.85
2149 5291.62
2149.85 5362.14
2149.86 5380.3
2149.17 5370.31
2149.01 5339.89
2148.73 5350.63
2149.78 5349.28
2150.2 5319.67
2150.03 5305.62
2149.03 5279.32
2149.33 5266.89
2149.4 5264.62
2149.47 5247.15
2149.45 5240.62
2149.58 5240.67
2149.51 5242.71
2149.33 5240.12
2148.77 5246.16
2141.93 5257.86
2141.51 5223.8
2141.23 5194.53
2141.02 5183.92
2141.14 5183.52
2140.95 5204.72
2141.84 5214.29
2141.48 5186.82
2139.31 5211.4
2138.91 5225.6
2139.47 5220.91
2139.57 5204.48
2139.65 5198.33
2138.85 5205.25
2138.56 5210.48
2138.41 5232.7
2138.14 5225.97
2138.16 5219.03
2137.97 5223.99
2138.08 5260.59
2136.39 5231.31
2136.49 5230.28
2136.46 5224.94
2134.23 5225.25
2134.34 5224.29
2133.21 5243.55
2134.61 5260.7
2134.43 5303.84
2134.53 5306.46
2134.83 5309.69
2134.86 5312.74
2135.07 5320.7
2135.06 5316.32
2135.77 5301.74
2135.82 5290.62
2135.74 5282.79
2135.5 5275.5
2135.43 5269.89
2136.4 5291.95
2136.39 5280.72
2136.99 5239.52
2137 5215.61
2137.02 5207.12
2137.37 5205.97
2137.37 5203.52
2137.37 5205.29
2137.28 5207.25
2137.58 5202.28
2136.59 5175.12
2139.19 5174.09
2139.27 5191.31
2139.86 5208.44
2139.69 5212.83
2139.69 5223.2
2139.62 5243.7
2139.6 5253.33
2139.2 5284.47
2139.4 5305.01
2139.42 5303.12
2139.84 5316.67
2137.78 5315.69
2137.87 5321.4
2138.27 5336.24
2138.14 5360.19
2138.45 5364.28
2138.49 5367.84
2138.55 5380.07
2138.51 5393.01
2136.8 5428.31
2136.93 5449.64
2136.92 5476.66
2140.43 5468.69
2140.45 5479.15
2140.34 5481.33
2140.28 5464.72
2140.2 5458.5
2140.17 5454.8
2140.48 5458.32
2140.14 5460.54
2140.32 5488.71
2140.28 5504.49
2140.27 5514.69
2140.2 5512.43
2141.57 5498.33
2141.48 5494.36
2141.23 5486.28
2141.4 5474.24
2141.42 5476.22
2142.1 5474.77
2142.44 5429.47
2142.99 5447.74
2144.4 5352.13
2144.33 5358.51
2144.25 5358.14
2144.61 5356.01
2144.92 5356.21
2144.83 5357.47
2145 5359.7
2144.77 5352.59
2144.75 5338.56
2144.77 5307.22
2145.38 5298.19
2145.35 5302
2144.22 5290.94
2143.84 5280.95
2143.79 5276.66
2143.66 5277.02
2143.47 5278.83
2143.45 5280.4
2144.06 5276.66
2142.78 5278.25
2143.55 5278.81
2143.12 5275.62
2143.4 5271.52
2142.73 5270
2141.35 5268.31
2142.89 5286.75
2142.5 5299.14
2142.58 5301.52
2142.66 5302.97
2141.87 5321.62
2141.75 5342.78
2141.79 5356.33
2141.8 5364.56
2140.3 5382.75
2140.62 5386.55
2140.61 5390.77
2140.62 5394.22
2140.32 5390.93
2140.6 5377.59
2139.57 5408.46
2139.69 5426.65
2139.77 5448.6
2140.31 5431.56
2140.31 5430.91
2139.69 5423.59
2140.95 5427.6
2140.93 5412.54
2141.08 5415.52
2140.81 5392.65
2141.18 5396.64
2141.53 5393.25
2140.82 5396.78
2140.98 5389.22
2140.14 5387.3
2140.17 5380.99
2138.06 5378.57
2138.28 5382.95
2136.59 5390.65
2136.93 5399.31
2136.85 5399.72
2136.86 5413.12
2136.75 5418.53
2137.06 5431.97
2137.07 5425.26
2137.08 5429.99
2137.11 5403.73
2137.2 5374.31
2137.19 5392.9
2136.31 5403.73
2136.13 5401.21
2136.09 5397.6
2136.04 5303.18
2136.08 5314.75
2135.94 5309.47
2136.15 5316.09
2136.04 5336.92
2135.55 5288.91
2134.76 5275.63
2134.75 5273.96
2134.47 5281.36
2134.51 5286.6
2134.65 5286.81
2135.17 5290.34
2135.16 5288.53
2135.05 5290.07
2134.95 5287.62
2134.59 5290.42
2135.39 5284.17
2135.81 5275.97
2135.95 5288.92
2136.38 5258.36
2135.96 5263.6
2135.94 5275.82
2135.96 5285.44
2135.98 5285.26
2135.37 5265.86
2135.15 5239.49
2135.01 5199.32
2135.06 5164.68
2134.94 5102.73
2134.89 5086.34
2134.87 5084.28
2134.78 5092.4
2134.83 5094.27
2135.17 5097.79
2134.55 5101.73
2134.27 5107.32
2134.35 5088.74
2133.97 5090.15
2133.09 5078.9
2133.3 5050.34
2133.17 5031.33
2136.19 5006.54
2136.31 5005.06
2135.57 4985.55
2135.66 4975.73
2135.57 4971.11
2135.08 4971.9
2134.97 4968.75
2134.91 4972.44
2135.01 4971.28
2135.31 4956.4
2135.29 4939.6
2134.28 4924.87
2134.32 4922
2134.63 4919.17
2134.69 4912.23
2133.76 4920.25
2132.92 4886.4
2133.04 4844.01
2133.15 4841.21
2133.16 4833.82
2132.8 4818.25
2132.61 4807.37
2132.35 4841.26
2133.13 4976.99
2133.74 5009.16
2133.13 5011.98
2133.55 5018.6
2133.94 5037.26
2133.86 5057.79
2133.87 5070.95
2134.07 5074.93
2134.19 5080.08
2134.06 5083.69
2134.72 5102.03
2134.67 5115.41
2134.68 5116.47
2134.57 5121.19
2132.81 5097.01
2132.79 5112.93
2131.82 5160.83
2131.47 5220.26
2131.37 5227.63
2135.09 5248.22
2134.86 5258.97
2135.29 5252.57
2135.03 5246.14
2135.96 5226.42
2135.97 5233.92
2136 5233.92
2135.97 5232.15
2135.73 5235.15
2135.09 5244.95
2135.07 5257.9
2135.13 5307.53
2135.14 5347.85
2135.05 5352.76
2134.96 5348.2
2134.97 5341.91
2133.97 5341.26
2133.96 5344.83
2132.45 5340.78
2132.44 5364.45
2132.15 5401.16
2132.28 5423.53
2132.16 5444.37
2130.84 5459.2
2130.56 5455.05
2130.53 5468.27
2130.44 5473.62
2130.07 5476.02
2130.06 5476.74
2130 5477.7
2129.9 5482.53
2129.56 5480.74
2129.47 5482.47
2129.48 5488.48
2129.93 5494.18
2129.93 5499.64
2129.8 5496.96
2130.4 5434.93
2129.82 5400.2
2129.83 5373.25
2129.04 5364.08
2128.69 5377.42
2128.6 5386.56
2128.61 5369.53
2128.33 5358.62
2128.32 5350.39
2129.5 5356.2
2129.51 5342.27
2130.24 5337.3
2130.06 5336.45
2130.7 5339.64
2130.68 5366.65
2131.01 5387.96
2131 5379.81
2130.97 5381.4
2130.78 5378.06
2130.78 5357.66
2131.62 5390.51
2132.05 5404.61
2131.95 5372
2132.05 5358.95
2132.21 5362.94
2132.25 5361.17
2132.36 5351.02
2132.41 5383.37
2132.67 5407.05
2133.07 5434.88
2133.15 5455.79
2133.37 5460.02
2133.38 5473.72
2133.7 5481.83
2134.3 5472.28
2133.14 5450.59
2133.36 5419.99
2133.49 5410.64
2133.39 5396.61
2133.31 5380.15
2133.31 5370.97
2133.26 5370.35
2133.26 5373.08
2133.26 5373.35
2133.57 5368.07
2133.36 5349.33
2133.09 5357.53
2133.08 5340.69
2133.11 5339.12
2133.11 5356.35
2132.89 5369.92
2133.13 5367.68
2133 5382.67
2132.79 5395.36
2132.47 5437.67
2132.25 5453.54
2132.09 5458.13
2132.25 5470.06
2131.46 5448.5
2133.51 5425.94
2133.72 5392.62
2134.1 5379.26
2133.92 5374.71
2134 5361.26
2134.08 5350.06
2134.8 5339.11
2134.86 5334
2134.11 5337.03
2134.01 5342.03
2133.76 5348.83
2133.63 5350.25
2133.61 5355.8
2132.21 5354.5
2132.19 5384.02
2132.15 5377.64
2131.03 5387.96
2131.08 5383.74
2131.34 5373.79
2131.34 5365.89
2131.24 5360.33
2131.41 5346.05
2131.45 5339.6
2132.15 5338.29
2132.12 5327.56
2132.13 5323.37
2131.99 5325.7
2132.95 5325.7
2132.98 5326.49
2132.72 5329.53
2132.79 5324.32
2132.74 5320.52
2132.63 5308.83
2132.86 5307.81
2134.06 5288.36
2134.36 5271.38
2134.59 5270.14
2134.41 5280.88
2134.1 5289.44
2134 5295.68
2137.49 5314.15
2137.63 5319.81
2137.46 5302.29
2137.6 5291.31
2137.6 5287.87
2137.25 5309.57
2137.27 5314.62
2137.38 5309.35
2137.38 5305.73
2137.63 5295.25
2137.49 5289.84
2137.35 5265.42
2137.43 5257.48
2137.43 5257.54
2137.6 5237.43
2137.88 5229.17
2137.91 5229.69
2138.29 5225.13
2138.31 5227.58
2138.44 5224.96
2138.43 5219.05
2137.75 5228.07
2137.74 5226.51
2137.78 5225.82
2137.84 5225.43
2137.85 5221.07
2137.76 5223.79
2138.14 5219.55
2138.15 5223.89
2138.04 5223.14
2138.07 5221.37
2138.32 5222.7
2138.48 5218.97
2138.47 5210.12
2139.21 5206.11
2139.31 5166.66
2140.41 5156.66
2140.39 5159.79
2140.62 5168.26
2140.61 5168.4
2139.89 5164.41
2139.97 5158.74
2140 5158.23
2139.72 5157.03
2139.62 5115.91
2139.83 5088.41
2139.86 5077.18
2139.77 5074.33
2139.63 5073.34
2140.8 5115.57
2140.74 5115.81
2140.78 5108.97
2140.46 5096.79
2140.5 5104.47
2141.2 5115.81
2141.41 5116.71
2141.89 5119.94
2141.22 5148.47
2141.17 5161.86
2141.14 5165.66
2141.08 5170.01
2141.41 5172.65
2141.35 5181.79
2141.17 5190.89
2141.58 5193.15
