337.559 13.4698
371.735 10.5822
401.862 11.5733
413.702 11.5733
430.186 11.5733
476.66 11.5733
592.69 17.9508
592.941 17.9072
641.61 17.8894
677.676 21.8751
677.694 24.4643
960.156 1730.28
974.171 1602.69
974.575 1548.95
1001.25 1470.23
1001.73 1377.94
1001.76 1314.44
1009.71 1264.33
1012.12 1227.01
1022.93 1222.38
1034.88 1243.74
1111.99 1284.17
1111.18 1304.13
1073.54 1300.51
1073.47 1260.93
1101.42 1255.2
1106.12 1246.8
1118.18 1251.28
1125.59 1353.76
1013.91 1106.66
1033.99 957.25
1043.06 888.752
1051.45 820.716
1051.85 767.09
1052.52 913.954
1052.95 892.353
1046.53 880.649
1053.19 872.87
1056.86 859.241
1061.37 857.512
1047.91 821.37
1061.93 795.367
1064.01 795.2
1064.71 789.117
1071.94 786.843
1070.1 785.306
1070.09 802.453
1069.18 816.807
1078.96 881.786
1100.37 992.299
1130.9 1283.08
1134.81 1306.59
1132.16 1499.26
1132.29 1453.54
1134.49 1435.22
1136.6 1433.24
1149.86 1430.51
1152.1 1388.21
1153.6 1450.13
1174.01 1486.55
1171.54 1564.38
1171.9 1495.6
1172.26 1476.94
1185.36 1542.46
1184.82 1627.12
1190.85 1721.36
1188.02 1742.46
1188.39 1789.23
1206.69 1812.11
1215.58 1850.07
1215.3 1899.65
1216.02 1912.39
1226.04 1946.57
1239.83 1907.63
1242.34 1845.05
1244.25 1819.35
1244.82 1795.98
1247.74 1767.17
1247.73 1747.7
1235.06 1844.1
1237.79 2024.79
1240.72 2122.21
1239.74 2231.87
1288.73 3102.34
1272.55 3185.43
1266.36 3127.64
1284.05 3221.16
1286.82 3224.7
1287.48 3134.93
1333.74 3540.4
1336.38 3536.34
1338.21 3485.14
1338.13 3483.23
1334.78 3478.68
1334.52 3468.83
1361.62 3756.72
1393.65 3668.92
1392.06 3636.08
1393.28 3601.98
1395.52 3612.39
1394.37 3608.59
1411.61 3697.64
1410.26 3780.24
1409.45 3841.13
1413.91 3853.58
1404.39 3792.59
1407.49 3880.64
1410.21 3915.01
1402.25 3911.95
1400.4 4064.86
1410.35 4133.85
1410.01 4197.39
1400.51 4142.23
1399.93 4158.94
1401.63 4131.97
1401.37 4111.71
1411.18 4154.52
1414.88 4114.91
1416.74 4081.11
1424.65 4051.96
1425.25 4073.46
1435.84 4064.92
1437.87 4036.42
1454.43 4512.66
1450.47 4876.9
1464.74 4962.84
1465.97 4991.76
1465.16 4948.12
1466.69 4915.61
1480.37 5136.87
1480.05 4968.77
1470.94 5037.17
1466.66 4877.11
1486.7 5112.64
1472.48 5630.51
1473.18 5136.51
1450.67 5084.91
1451.64 5090.18
1451.47 5072.94
1454.48 5031.92
1454.12 4952.15
1463 5139.32
1458.75 5309.52
1459.51 5391.13
1455.36 5464.01
1450.82 5536.62
1457.58 5706.33
1456.46 5785.54
1456.87 5782.6
1458.15 5828.97
1457.24 5652.76
1453.64 5605.85
1455.73 5571.66
1448.06 5174.92
1445.24 5160.68
1445.79 5161.28
1443.32 5282.6
1444.97 5339.43
1445.46 5341.8
1446.46 5256.11
1445.54 5356.19
1445.96 5406.79
1446.38 5492.55
1446.14 5577.49
1443.47 5894.29
1447.6 6146.05
1449.83 6236.09
1448.9 6252.84
1450.56 6256.53
1450.52 6271.45
1450.74 6320.91
1457.56 6367.85
1453.98 6411.99
1454.03 6444.64
1454.06 6508.74
1460.58 6500.06
1460.3 6598.22
1455.49 6478.84
1456.27 6144.95
1457.5 5832.91
1457.55 5569.33
1463.88 5498.18
1472.46 5806.64
1475.59 5930.98
1475.55 5904.26
1473.37 5888.48
1470.83 5894.3
1471.36 5821.53
1470.54 5825.2
1469.6 5834.16
1466.55 6400.46
1467.06 5700.21
1466.97 5333.24
1466.51 5359.31
1462.18 5352.52
1460.67 5526.73
1460.96 6103.86
1462.77 6215.59
1463.18 6191.53
1462.94 6109.63
1463.27 6125.9
1464.15 6117.18
1463.46 6043.61
1466.68 6018.15
1466.61 6010.56
1466.21 5996.68
1464.6 6005.02
1464.49 6000.23
1465.79 5990.86
1466.38 5948.82
1464.65 5910.28
1464.34 5937.47
1451.03 5708.09
1453.43 5657.92
1447.31 5579.64
1454.69 5415.9
1453.72 5408
1464.4 5427.51
1465.1 5481.17
1465.02 5429.96
1465.05 5421.1
1467.58 5581.27
1468.51 5650.65
1475.21 5735.07
1474.96 5718.86
1475 5744.3
1474.5 5769.19
1472.93 5707.19
1473.07 5790.57
1472.71 6068.52
1469.59 6057.62
1465.54 6119.31
1472.59 6228.86
1472.82 6314.95
1457.62 6415.98
1455.69 6562.74
1457.57 6497.99
1456.35 6549.67
1457.71 6566.15
1462.84 6695.97
1462.68 6702.67
1463.55 6679.37
1461.16 6699.01
1460.9 6670.57
1460.9 6738.73
1460.89 6816.12
1460.21 6831.97
1466.7 6793.76
1466.75 6821.59
1466.51 6569.29
1467.54 6518.79
1467.55 6485.08
1464.46 6540.42
1464.32 6551.28
1477.66 6716.63
1479.84 6748.82
1481.41 6521.12
1481.89 6466.64
1478.53 6481.68
1480.98 6513.62
1483.78 6781.92
1483.1 6865.31
1482.47 6880.01
1482.37 7094.2
1482.92 7034.74
1484.55 7113.57
1485.38 7252.9
1485.06 7233.4
1486.36 7258.1
1489.39 7265.14
1489.78 7234.85
1489.81 7214.32
1492.51 7166.89
1491.38 7116.54
1491.09 7091.51
1490.91 7101.79
1491.12 7070.15
1491 7057.06
1491.09 7045.98
1495.87 7008.07
1496.28 6945.5
1496.31 6919.18
1496.36 6912.6
1501.61 7002.88
1509.66 6964.33
1509.87 6994.68
1510.08 7031.55
1510.59 7049.31
1510.35 7070.85
1513.96 7086.67
1513.95 7102.83
1512.59 7100.55
1512.84 7107.03
1511.42 7111.54
1510.19 7116.41
1509.8 7149.53
1512.79 7146.37
1513.1 7201.54
1513.16 7225.18
1513.56 7237.86
1514.13 7277.82
1514.53 7261.28
1517.48 7296.7
1515.36 7315.13
1515.47 7462.03
1535.06 7528.4
1534.77 7513.5
1535.37 7444.1
1535.01 7445.06
1534.83 7537.06
1535 7522.66
1534.9 7540.99
1536.47 7496.8
1536.87 7510.01
1536.9 7477.29
1537.58 7471.7
1537.3 7460.93
1538.89 7463.09
1538.09 7397.97
1538.21 7432.31
1540.06 7371.1
1539.95 7351.93
1539.58 7333.77
1539.59 7344.38
1541.05 7365.93
1541.14 7396.27
1540.78 7334.11
1542.37 7387.63
1544.61 7464.1
1544.93 7526.22
1544.22 7567.03
1544.36 7570.54
1544.37 7588.66
1543.45 7590.46
1542.99 7575.67
1543.45 7571.85
1549.86 7618.34
1549.11 7741.67
1550.61 7876.28
1551.5 7927.11
1550.53 7920.13
1550.71 7901.89
1551.22 7923.09
1554.29 7862.25
1552.58 7875.75
1552.55 7899.85
1553.1 7934.72
1553.79 7849.11
1553.57 7676.74
1548.51 7697.12
1549.02 7694.45
1549.19 7693.47
1548.56 7586.5
1549.06 7624.49
1547.5 7631.9
1546.33 7667.9
1546.59 7781.18
1547.76 7854.48
1548.05 7884.21
1547.27 7906.57
1546.64 8019.16
1543.83 8095.14
1543.68 8192.19
1543.95 8202.41
1544.01 8214.35
1543.22 8225
1543.85 8252.25
1543.85 8279.68
1543.08 8332.61
1541.82 8308.25
1541.44 8325.3
1541.47 8315.32
1540.74 8265.69
1541.25 8243.81
1540.99 8266.03
1538.19 8259.22
1534.62 8326.26
1536.73 8051.09
1537.04 8088.18
1537.43 8096.88
1547.95 8266.63
1551.68 8256.88
1551.71 8246.42
1555.3 8400.76
1552.13 8353.54
1551.95 8283.86
1551.56 8271.63
1552.38 8306.98
1551.75 8330.79
1551.97 8244.18
1551.95 8244.6
1550.86 8283.01
1551.73 8254.98
1551.77 8217.06
1550.46 8206.64
1548.85 8223.07
1546.98 8238.57
1547.32 8309.37
1548.08 8354.46
1548.76 8379.09
1543.56 8417.66
1542.83 8479.08
1541.81 8421.42
1541.88 8410.34
1541.64 8430.96
1541.21 8430.02
1544.87 8472.93
1544.88 8466.3
1545.4 8453.52
1546.16 8467.38
1546.11 8462.22
1544.75 8508.66
1545.95 8500.03
1545.99 8492.34
1543 8510.35
1543.71 8494.18
1543.85 8556.04
1544.07 8541.08
1543.22 8518.93
1542.06 8461.15
1545.58 8481.36
1543.66 8538.99
1545 8547.06
1547.06 8623.13
1546.77 8704.02
1546.5 8693.55
1548.06 8693.48
1548.08 8678.73
1548.85 8663.19
1549.94 8609.7
1550.26 8567.9
1549.46 8528.36
1549.71 8478.16
1549.54 8424.32
1550.07 8411.53
1555.87 8387.96
1555.68 8411.42
1560.62 8389.89
1560.38 8399.87
1559.38 8419.05
1559.06 8374.24
1559.05 8365.19
1559.57 8339.32
1559.08 8291
1559.1 8296.35
1558.89 8294.17
1560.34 8408.73
1560.93 8568.11
1559.83 8581.48
1559.97 8574.66
1559.41 8571.88
1559.07 8585.87
1558.29 8548.83
1559.01 8548.13
1558.5 8616.89
1558.65 8655.88
1558.5 8715.94
1558.28 8753.01
1557.02 8756.21
1557.02 8774.58
1555.83 8765.8
1557.03 8820.17
1556.87 8833.41
1557.71 8793.34
1557.59 8800.64
1557.97 8793.23
1558.27 8794.56
1558.6 8776.04
1559.1 8767.57
1558.84 8769.09
1558.86 8752.81
1552.71 8781.2
1550.55 8633.46
1554.65 8798.3
1554.13 8771.68
1554.13 8835.5
1550.62 8860.14
1549.36 8805.79
1549.22 8744.59
1549.23 8742.89
1548.87 8805.87
1548.7 8781.05
1548.62 8769.34
1548.56 8695.18
1548.53 8738.06
1548.35 8763.23
1548.37 8755.22
1548.49 8768.16
1547.38 8784.12
1547.25 8811.56
1546.83 8835.56
1547.37 8807.49
1547.56 8873.51
1547.38 8832.61
1546.89 8831.98
1543.27 8769.32
1543.69 8688.59
1543.55 8704.37
1544.17 8639.82
1544.89 8672.38
1545.73 8667.56
1545.76 8694.3
1545.35 8642.99
1545.33 8628.48
1545.26 8626.09
1545.11 8656.88
1543.25 8645.61
1542.09 8663.68
1548.38 8641.4
1548.59 8684.37
1548.48 8706.36
1552.44 8713.03
1552.95 8823.07
1553.91 8919.79
1553.87 8941.59
1554.27 8950.91
1551.75 8921.24
1551.84 8892.59
1551.27 8967.65
1551.31 9015.74
1550.68 9015.27
1549.82 9035.02
1550.96 9056.59
1550.72 9130.55
1550.74 9169.76
1549.82 9149.96
1552.22 9163.98
1552.66 9201.42
1552.46 9228.45
1550.36 9146.31
1549.73 9163.24
1550.01 9151.61
1549.13 9178.61
1549.63 9229.41
1549.31 9286.12
1548.5 9300.71
1548.48 9332.35
1549.64 9403.45
1550.72 9418.79
1550.66 9412.56
1549.75 9389.31
1549.44 9403.3
1549.14 9409.52
1549.23 9394.56
1548.39 9398.75
1548.41 9366.88
1547.45 9403.62
1547.48 9421.77
1547.36 9403.45
1548.3 9392.37
1548.01 9371.63
1548.53 9289.61
1548.53 9224.38
1548.86 9230.07
1549.33 9230.77
1549.81 9251.83
1549.76 9278.58
1549.97 9285.69
1549.77 9337.35
1549.72 9356.2
1549.84 9379.02
1552.26 9386.26
1551.64 9417.44
1550.5 9420.44
1551.22 9417.14
1551.34 9451.86
1551.37 9454.05
1550.75 9418.81
1552.2 9404.4
1552.16 9415.33
1551.87 9404.7
1551.65 9355.43
1552.48 9283.67
1554.71 9230.44
1554.34 9322.57
1554.25 9282.56
1554.01 9288.82
1554.28 9310.68
1554.02 9329.02
1553.84 9347.71
1553.71 9357.69
1553.22 9376.42
1552.67 9379.15
1553.42 9357.76
1552.83 9390.85
1552.23 9365.9
1558.77 9363.04
1558.67 9338.06
1560.67 9336.83
1560.38 9286.39
1562.87 9319.21
1563.38 9326.86
1563.3 9303.32
1562.34 9256.26
1562.95 9253.44
1563.02 9228.46
1563.02 9261.85
1562.79 9273.04
1562.21 9264.82
1558.31 9232.41
1559.01 9098.07
1560.98 9103.37
1562.16 9124.81
1563.16 9228.54
1565.23 9265.87
1567.12 9202.7
1568.56 9184.64
1568.37 9159.18
1568.9 9161.69
1569.02 9148.13
1568.71 9133.21
1568.96 9100.3
1567.35 8963.26
1567.78 8912.1
1566.89 8909.03
1566.84 8928.17
1568.97 8970.11
1572.15 9045.23
1572.14 9040.74
1572.54 9041.29
1572.84 9013.25
1568.08 9074.79
1566.75 9082.12
1566.32 9021.24
1566.86 8989.72
1571.18 9021.05
1575.51 9051.15
1575.72 9031.94
1575.26 9054.9
1575.65 9050.64
1573.05 8962.55
1573.03 8976.65
1573.53 8994.47
1573.78 9019.59
1573.91 9044.96
1573.87 9043.01
1574.08 9027.28
1573.96 9036.33
1575.83 9040.13
1575.48 9023.22
1578.78 9157.09
1578.6 9184.43
1578.45 9151.46
1578.94 9097.7
1578.82 9173.4
1579.31 9129.1
1579.28 9070.13
1579.86 9052.88
1579.6 9036.66
1578.82 8873.84
1578.09 8872.71
1577.7 8952.02
1578.33 8996.27
1578.2 9042.92
1576.78 9089.71
1578.18 9083.35
1578.51 9092.21
1577 9207.49
1577.25 9318.6
1577.34 9279.45
1578.06 9262.67
1580.93 9455.27
1585.38 9431.89
1585.47 9506.43
1585.86 9443.56
1586.65 9397.65
1587.2 9352.63
1588.6 9333.2
1588.72 9324.76
1587.92 9283.64
1590.03 9258.86
1589.91 9267.69
1589.81 9278.16
1589.75 9272.02
1589.72 9271.15
1587.56 9320.74
1585.71 9300.59
1585.86 9286.89
1586.94 9281.64
1587 9369.52
1584.9 9534.26
1585.06 9577.43
1585.02 9585.68
1584.68 9591.97
1584.68 9604.89
1585.32 9620.25
1585.56 9625.6
1585.03 9623.14
1585.21 9650.27
1585.07 9657.64
1585.04 9675.53
1585.27 9697.19
1584.95 9688.84
1584.72 9662.8
1584.39 9678.79
1586.23 9724.21
1586.87 9745.51
1586.87 9749.86
1586.64 9781.35
1588.76 9816.23
1589.75 9858.47
1589.96 9867.96
1590.03 9871.12
1590.76 9839.72
1590.9 9859.02
1590.95 9840.03
1592.35 9745.38
1592.26 9666.62
1622.51 9409.56
1622.57 9470.84
1622.57 9490.41
1636.15 9853.31
1636.22 10068.9
1635.34 10051.2
1635.8 10046.9
1635.76 10009.5
1635.88 10007
1657.57 9843.87
1655.07 9848.15
1659.15 9880.51
1658.86 9919.73
1655.89 9961.76
1655.83 9979.8
1655.85 9974.32
1656.28 9989.25
1659.41 9997.18
1658.32 9998.06
1657.58 10026.6
1657.62 10067.3
1657.6 10070.2
1656.92 10060.9
1659.56 9995.82
1659.58 10021
1657.1 10058.1
1657.15 10056.3
1657.26 10052.8
1655.6 10016.7
1655.35 10004.2
1654.97 10074.3
1655.1 10085.1
1654.83 10050.1
1655.84 10012.6
1655.73 9947.82
1656.08 9946.2
1656.41 9915.36
1658.64 9887.7
1658.7 9850.51
1658.67 9817.21
1660.47 9779.37
1661.12 9741.74
1661.43 9727.86
1660.58 9710.72
1665.16 9759.97
1665.04 9747.28
1665.07 9743.79
1659.31 9725.35
1659.29 9703.42
1658.11 9798.66
1657.75 9792.1
1657.9 9776.02
1658.69 9769.46
1664.58 9747.17
1664.4 9744.9
1664.28 9817.17
1664.22 9804.22
1664.52 9835.6
1664.89 9805.05
1664.9 9800.15
1664.91 9809.06
1664.24 9833.91
1666.12 9788.67
1668.56 9781.58
1668.48 9774.97
1669 9790.59
1669.35 9815.95
1664.6 9829.99
1666.66 9866.81
1666.65 9907.14
1657.54 10025.1
1657.47 10034.1
1657.64 9957.66
1657.68 9988.76
1658.04 9997.22
1658.05 9986.25
1658.15 9965.22
1658.73 9984.44
1658.8 10008
1658.58 10040.2
1658.49 9953.95
1658.92 9985.85
1658.53 10113.4
1658.49 10156.7
1658.64 10025.4
1659.77 10003.5
1659.72 10025
1659.6 10043.1
1659.23 10071.3
1659.29 10083.8
1659.4 10069.8
1659.9 10066.3
1660.86 10061.1
1660.92 10034.3
1660.67 10027.4
1658.23 10062.3
1658.42 10072.1
1658.45 10067.7
1660.45 10056
1658.98 10048.6
1658.32 10050.1
1655.93 9980.21
1655.82 9948.82
1655.48 9938.07
1654.61 9952.63
1654.85 9957.83
1654.92 9958.96
1654.12 9944.22
1652.5 9918.46
1652.33 9911.95
1653.37 9913.23
1653.24 9953.7
1651.74 9971.45
1651.66 9992.54
1651.39 9996.82
1651.05 10010.3
1648.45 9970.1
1650.23 9962.86
1649.88 9987.4
1649.89 9984.28
1650.16 10008.6
1649.56 10020.2
1649.51 10044.5
1650.02 10045.1
1650.07 10055.1
1648.74 9997.6
1648.27 9960.05
1648.27 9951.55
1649.25 9926
1652.96 9837.45
1653.42 9760.1
1653.63 9767.15
1653.42 9727.36
1649.56 9759.63
1649.39 9725.54
1649.57 9760.73
1654.55 9754.55
1656.43 9742.6
1657.29 9808.33
1657.14 9880.66
1657.14 9913.18
1658.88 9918.9
1658.24 9931.33
1659.12 9981.74
1658.47 10004.3
1659.98 10037.2
1659.56 10038.6
1659.41 10041
1658.98 10030.7
1659.02 10016.4
1658.02 10029.8
1658.03 9985.78
1663.08 9947.02
1662.55 9928.69
1662.45 9901.26
1662.47 9883.03
1663.17 9890.08
1663.15 9937.46
1663.17 9940.66
1663.79 9949.56
1665.48 9955.7
1667.26 9970.11
1668.14 9961.52
1667.64 9967.06
1667.31 9913.24
1667.02 9890.2
1667.29 9880.02
1668.79 9899.8
1668.64 9937.13
1668.37 9948.22
1671 9928.19
1671.02 9946.49
1671.09 9951.78
1671.16 9952.89
1672.85 9953.66
1673.64 9987.52
1673.73 10000.4
1669.24 9895.66
1670.57 9812.4
1670.61 9747.44
1670.9 9705.57
1670.8 9679.66
1670.57 9649.49
1670.66 9630.66
1669.03 9597.61
1668.36 9575.09
1667.46 9575.7
1667.08 9655.04
1667.04 9754.69
1667.99 9710.03
1669.31 9695.36
1669.2 9701.78
1669.82 9804.28
1669.23 9802.15
1669.44 9808.85
1669.63 9849.43
1669.12 9846.05
1669.09 9799.09
1668.58 9786.33
1668.47 9781.46
1668.51 9780.57
1668.8 9785.22
1669.02 9775.33
1669.13 9726.52
1663.52 9728.25
1663.68 9724.49
1663.04 9737.33
1665.48 9676.15
1665.09 9694.57
1665.14 9695.04
1656.62 9680.77
1656.34 9643.63
1656.72 9621.47
1657.04 9568.48
1657.64 9558.72
1656.6 9540.52
1655.98 9558.86
1658.92 9532.04
1658.82 9542.84
1659.85 9552.59
1656.14 9506.36
1656.19 9533.17
1656.31 9656.29
1656.95 9712.65
1657.52 9721.77
1659.72 9714.75
1659.81 9695.08
1660.57 9695.32
1659.97 9730.3
1661.23 9726.52
1661.7 9778.89
1652.46 9859.98
1657.44 9864.28
1658.22 9890.54
1658.62 9940.05
1662 9965.71
1661.26 9872
1660.41 9782.12
1662 9751.79
1661.36 9768.63
1660.92 9832.08
1661.1 9877.83
1660.98 9907.34
1661.05 9923.88
1661.34 9951.28
1661.85 9878.77
1663.74 9833.15
1663.5 9808.06
1663.24 9804.98
1663.64 9741.6
1663.07 9724.19
1662.14 9716.53
1663.16 9694.14
1663.82 9666.74
1674.91 9747.55
1678.68 9716.08
1678.89 9728.66
1679.13 9749.59
1679.16 9684.2
1677.96 9659.59
1677.85 9658.73
1677.67 9653.81
1678.08 9669.48
1677.89 9682.35
1678.83 9734.17
1680.33 9738.35
1680.1 9734.02
1681.32 9771.16
1682.92 9774.92
1680.92 9865.78
1677.64 9491.92
1678.7 9467.34
1673.94 9456.51
1674.14 9455.15
1672.78 9483.26
1672.46 9497.76
1673.29 9502.33
1672.29 9515.62
1672 9401.92
1672.09 9347.73
1671.61 9330.77
1671.64 9334.92
1671.72 9347.73
1671.53 9320.41
1671.32 9332.56
1671.4 9342.84
1669.48 9371.97
1668.71 9384.38
1668.66 9395.76
1668.88 9396.84
1668.8 9423.32
