129.803 0
134.715 0
135.161 0
151.2 0
189.826 0
194.269 0
248.773 0
248.836 0
254.037 0
263.064 0
270.739 0
295.859 0
320.715 0
422.448 1.87318
423.612 2.47591
471.966 2.00071
513.361 1.77584
555.003 1.6686
608.635 2.38512
611.564 2.36073
611.568 2.3491
613.893 2.34355
614.094 2.34091
642.649 1.57198
663.202 2.14359
714.102 3.00466
714.92 2.97277
718.647 2.64739
733.474 2.62528
780.502 21.3251
789.079 35.2797
797.2 41.3877
798.823 43.248
875.615 222.66
860.952 518.529
861.267 651.639
879.488 780.884
881.761 742.393
881.778 716.377
885.021 840.991
909.033 919.744
911.939 929.406
930.297 960.297
947.506 1016.79
956.56 1024.12
958.615 1027.52
958.775 1028.21
962.639 1135.76
964.63 1154.89
1001.9 1421.92
1006.94 1719.08
1037.85 1725.81
1043.25 1783.24
1076.73 1952.15
1074.46 2173.37
1082.75 2162.73
1087.69 2158.14
1118.27 2279.35
1110.71 2351.4
1115.54 2407.69
1098.2 2496.75
1087.5 2537.46
1059.06 2678.81
1060.69 2924.13
1064.83 3012.87
1077.36 2958.2
1134.13 3025.23
1145.79 3018.6
1150.65 3007.43
1152.35 3135.65
1187.85 3119.95
1187.08 3075.24
1169.39 3324.89
1165.88 3480.22
1202.68 3598.35
1206.12 3644.71
1219.71 3676.17
1248.27 3712.41
1245.11 3773.09
1245.95 3816.74
1251.22 4051.2
1244.13 4248.15
1244.99 4222.97
1223.21 4217.62
1221.22 4207.12
1211.66 4346.51
1210.98 4435.72
1213.79 4629.99
1217.62 4881.01
1233.2 4986.55
1233.78 4921.51
1252.62 4922.04
1255.41 4794.21
1248.2 4857.85
1246.93 4933.31
1235.83 5107.57
1234.21 5329.82
1224.84 5653.26
1239.93 5823.38
1241.3 5847.95
1235.8 5927.3
1238.61 6068.9
1237.38 6113.2
1253.79 6335.55
1259.77 6468.39
1264.34 6553.82
1268.7 6553.68
1270.28 6565.26
1268.22 6594.56
1318.89 6782.59
1318.92 6782.97
1330.88 7011.37
1330.13 7015.95
1335.15 7056.89
1351.19 7098.14
1351.96 7150.89
1349.65 7197.76
1351.53 7230.87
1350.57 7292.8
1325.4 7717.64
1326.13 7463.1
1338.95 7472.2
1338.92 7352.39
1334.73 7443.42
1345.79 7579.49
1345.91 7712.57
1350.42 7761.28
1349.07 7973.15
1352.52 8008.24
1354.09 8276.8
1366.62 8387.28
1370.05 8367.16
1361.22 8298.44
1362.21 8246.44
1359.37 8214.65
1359.13 8133.72
1359.08 8085.3
1365.47 8020.52
1367.91 8025.93
1365.88 8111.53
1365.59 8120.73
1364.38 8131.61
1365.88 8169.41
1368.45 8199.31
1367.05 8240.51
1390.58 8352.46
1390.81 8486.97
1466.13 8629.51
1468.01 8617.43
1412.1 9311.75
1412.81 9671.36
1414.71 9749.24
1415.75 9758.18
1417.97 9792.59
1417.73 9821.95
1417.39 9752.26
1414.59 9708.68
1427.77 9769.23
1426.36 9909.34
1422.61 9941.58
1424.88 10000.6
1425.76 9979.68
1428.05 10091.7
1429.66 10260.1
1431.16 10300.1
1431.75 10322.2
1414.48 10596.2
1415.85 10791.5
1414.05 10781.5
1412.16 10908.2
1417.3 11098.5
1415.83 11203.1
1416.14 11301.2
1402.9 11997
1406.31 11861.8
1400.05 11823.4
1393.09 11989.1
1394.26 12095.2
1391.73 12036.2
1392.27 12074.2
1391.54 12186.2
1391.17 12264.5
1394.49 12269.9
1395.9 12260.6
1393.83 12377.9
1394.27 12249.1
1405.95 12053.6
1405.74 11954
1416.49 12550
1411.4 12605.1
1411.34 12724.8
1415.22 12763
1415.16 12818.6
1404.55 12864.8
1403.33 12952.7
1403.76 12975.3
1414.78 12955.4
1416.72 13048.3
1417.16 13133.9
1415.28 13212
1414.59 13257.2
1414.49 13274.7
1421.45 13272.4
1425.91 13274.4
1433.24 13524.6
1444.97 13414.2
1446.6 13531.1
1446.73 13651.9
1442.97 13751.2
1439.97 13779.4
1440.93 13728.9
1441.61 13705.1
1439.91 13786.5
1437.24 13826.3
1436.69 13661.9
1442.78 13637.4
1444.47 13606.3
1444.86 13629.9
1445.74 13641.8
1445.41 13650.9
1440.85 13704.3
1441.43 13589.2
1441.12 13439.7
1444.21 13296.9
1444.9 13339.2
1443.44 13384.9
1444.13 13437.2
1447.34 14481.9
1447.34 14155.8
1446.29 14099.6
1447.69 14067.9
1448.48 14084.1
1437.54 14126.9
1437.89 14304
1448.06 14460.2
1448.75 14490
1447.78 14483.4
1447.79 14500.4
1448.41 14524.7
1450.49 14570
1450.85 14531.5
1449.52 14510.3
1451.13 14553.4
1453.05 14543.8
1452.03 14513.3
1452.73 14618.4
1452.82 14649.5
1447.94 14760.9
1447.87 14783.1
1448.46 14781.1
1444.96 14742.8
1447.12 14663.7
1450.87 14604
1452.32 14601.4
1449.68 14633
1449.93 14509.5
1449.88 14430.7
1449.97 14382.3
1450.4 14334.1
1450.2 14399.9
1449.43 14321.1
1447.14 14303.3
1446.65 14371.7
1448.05 14508.9
1449.84 14662.5
1449.48 14659.2
1450.98 14670.7
1454.94 14741.8
1455.67 14759.9
1457.68 14745.9
1457.57 14755.9
1462.42 14889.6
1462.86 14741.2
1462.42 14716.9
1462.48 14750.4
1467.41 14631.8
1467.67 14590.2
1469.88 14564.9
1469.8 14548.2
1469.1 14521.4
1469.56 14479.4
1469.47 14448.6
1469.3 14492.4
1470.95 14574
1471.99 14473.1
1471.99 14461.5
1469.88 14432.9
1466.63 14448.7
1466.64 14391.3
1465.73 14404
1467.47 14567.1
1467.51 14533.8
1463.17 14569.2
1462.75 14587.3
1462.04 14626.4
1462.36 14652.5
1460.55 14625
1455.88 14554.6
1456.14 14492.6
1456.09 14419.6
1455.98 14359.9
1454.54 14327.1
1454.42 14309.6
1453.36 14293.5
1454.03 14299.2
1451.59 14308.3
1451.06 14332.1
1451.61 14377.4
1451.54 14321.5
1455.98 14308.4
1455.68 14362.6
1455.7 14346.7
1455.41 14338.5
1456.62 14349.5
1456.42 14374.6
1455.11 14399.1
1455.18 14424.6
1454.49 14405.2
1457.32 14636.9
1457.01 14710.5
1452.28 14590.5
1452.66 14442.3
1458.15 14357
1454.87 14386.3
1450.87 14312.8
1450.87 14279.3
1448.97 14381.8
1450.24 14375.5
1450.61 14305
1450.74 14324.5
1450.65 14593.6
1450.62 14627.2
1446.33 14766.7
1446.67 14913.4
1444.23 14822.4
1444.53 14833.5
1443.53 14881
1443.57 14862.5
1444.21 14866.8
1444.28 14887.5
1444.69 14893.8
1449.19 14953
1449.05 14947.8
1449.15 14960.4
1450.83 15055.8
1450.56 15155.4
1452.01 15200.7
1451.83 15394.6
1452.7 15462.4
1452.81 15445.1
1452.89 15452.7
1453.12 15503
1452.3 15530
1452.56 15543.8
1452.97 15578.1
1453.64 15658
1454.75 15713.3
1457.25 15762.7
1458.17 15796.7
1457.71 15874.3
1458.08 15830.6
1458.75 15846.8
1458.55 15845.5
1458.69 15832.4
1458.92 15848.4
1455.02 15808.8
1452.78 15828.3
1452.9 15820.8
1456.26 15787.3
1454.5 15695.4
1455.83 15683.4
1456.13 15686.7
1456.18 15680.9
1456.05 15655.7
1456.25 15625.3
1455.85 15605.3
1450.84 15610
1450.91 15688.6
1450.98 15736.7
1451.32 15767.5
1452.44 15775.2
1452.04 15748.9
1450.78 15704.5
1448.47 15641.3
1448.35 15687.4
1447.63 15722.1
1446.83 15669.1
1446.36 15543.2
1446.14 15481
1446.47 15306.5
1446.49 15072.8
1446.66 15015.7
1446.79 15013.9
1446.4 14775
1448.19 14694.3
1449.87 14716.9
1451.1 14746.4
1450.02 14748.1
1450.56 14795.9
1450.32 14758.2
1450.6 14731.7
1448.22 14759
1448.35 14688.8
1447.13 14653.2
1445.92 14765.1
1445.51 14788.2
1440.45 14935.1
1440.23 14954.3
1440.35 14900.7
1440.92 14952
1441.3 14966.1
1441.26 15173.1
1441.67 15353.3
1440.5 15290.7
1442.13 15321.6
1442.03 15695.3
1442.94 15575.2
1442.73 15346.3
1439.66 15235.7
1439.89 15099.5
1440.05 15129.3
1439.72 15162.3
1435.31 15169.4
1435.26 15206.5
1429.39 15185.1
1424.55 15130.9
1423.3 15159.5
1423.1 15195
1423 15211.7
1418.25 15349.3
1418.3 15395.9
1418.09 15409.4
1419.44 15373.5
1419.03 15351.1
1419.61 15374.7
1417.72 15144.5
1419.64 15112.4
1419.6 15099.8
1420.12 15082.8
1416.71 15099.9
1419.27 15119.1
1419.72 15098.8
1419.98 15062.8
1420.31 15062.8
1420.4 15065.9
1419.68 15031.4
1419.45 15016.9
1419.94 15018.9
1420.75 15083.7
1422.12 15143.8
1422.56 15165.2
1422.58 15168.9
1422.71 15180.2
1422.77 15215.8
1421.16 15228.1
1421.23 15237.6
1420.4 15257.8
1420.73 15289.4
1418.63 15282.6
1419.13 15302.4
1419.33 15284.9
1422 15269.9
1420.91 15216.6
1418.85 15370.7
1418.86 15417.5
1418.75 15425.3
1418.82 15463.3
1419.03 15480.9
1419.16 15457.5
1418.89 15412.2
1419.08 15416
1419.06 15420.8
1420.37 15441.9
1420.22 15451.9
1420.35 15456.8
1420.15 15478.1
1420.28 15492.2
1420.33 15512.7
1420.18 15522.5
1419.36 15520.3
1418.79 15383.1
1418.78 15432.3
1418.89 15415.1
1418.97 15388.5
1419.49 15377.3
1419.45 15374.7
1419.09 15383.9
1415.74 15341.2
1414.65 15413.3
1415.38 15459.1
1413.58 15462.2
1412.55 15458.6
1411.44 15465.8
1411.24 15401.9
1410.81 15395.3
1410.81 15413.2
1410.47 15420.1
1410.49 15405.2
1410.38 15405.2
1410.31 15440.3
1410.54 15458.8
1411.63 15393.4
1415.12 15445.1
1415.16 15424.4
1414.75 15365.9
1414.24 15279.7
1412.98 15196.8
1412.99 15180.5
1412.73 15169.1
1418.79 15181.7
1419 15160.9
1420.43 15098.9
1420.41 15068.7
1420.1 15058.2
1420.1 15060.5
1419.32 15059
1419.26 15064.2
1417.75 15083.9
1418.46 15110.3
1417.8 15116.6
1417.92 15120.8
1419.32 15118.7
1420.39 15122.2
1420.56 15076.9
1420.54 15092.2
1420.53 15021.2
1420.98 15006.6
1421.23 15040.6
1420.43 15045.9
1420.26 14986.3
1421.1 14973.9
1421.22 14956.4
1421.99 14948.4
1422.88 14950.3
1422.53 14932.1
1422.52 14909.4
1422.38 14896.2
1421.41 14982.9
1421.06 15140.5
1420.71 15214.2
1420.94 15299.7
1420.78 15380.3
1420.96 15440.9
1421.37 15676.7
1419.86 15703.4
1420.02 15549.9
1420.07 15539.3
1420.09 15575.9
1422.52 15649.2
1422.47 15696.6
1422.14 15716.6
1422.66 15751.5
1422.8 15951.3
1422.32 16060.8
1424.23 16018.7
1423.12 16058.5
1423.07 16098.1
1423.67 16086.7
1423.64 16074.3
1422.73 16112.8
1422.57 16145.4
1422.66 16166.1
1425.06 16228.5
1425.13 16173.7
1426.09 16205.6
1426.62 16265.7
1426.07 16319.8
1426.11 16369.9
1426.6 16391.8
1426.77 16410.2
1429.92 16509.2
1429.65 16514.4
1429.26 16520.7
1429.83 16552.7
1430.2 16574.8
1430.39 16571.2
1430.57 16569.1
1431.39 16614.4
1431.22 16642.8
1431.65 16704.5
1432.41 16729.3
1433 16708.3
1433.91 16715.2
1433.96 16667.4
1433.95 16686
1434.27 16709.2
1434.26 16725.8
1434.55 16765.9
1434.6 16780.1
1435.21 16774.1
1435.12 16773.3
1434.45 16785.7
1432.97 16798.1
1433.11 16786.1
1433.04 16801.6
1433.03 16814
1434.02 16862.7
1433.71 16870.7
1433.37 16900.1
1433.09 16897.6
1438.87 16948.3
1438.35 17086.8
1439.75 17098.8
1439.77 17079.4
1438.62 17058.4
1438.69 17082
1438.36 17074.4
1439 17020.3
1438.77 16913.2
1438.57 16753.6
1437.73 16862.9
1439.41 16877.8
1440.42 16874.7
1440.88 16870.8
1440.91 16885.9
1440.87 16896.4
1440.96 16901.7
1439.98 16914.6
1441.01 16990.2
1438.41 17016.7
1438.94 16997.3
1439.16 17030.5
1439.17 16951.7
1439.16 16884.3
1439 16917.4
1438.9 16922.9
1438.96 16888.3
1438.41 16863.5
1439 16861.1
1438.92 16862.1
1438.82 16871.4
1439.79 16864.4
1439.66 16866.1
1440 16782.2
1441.33 16873.7
1440.54 16848.2
1440.66 16867
1440.87 16895.1
1440.03 16901.8
1439.1 16900.5
1438.98 16882.4
1438.78 16875.6
1436.77 16831
1436.91 16941.2
1436.66 16860.2
1432.32 16874.4
1434.67 16902.2
1434.28 16882.7
1434.22 16878.8
1433.85 16894.2
1435.23 16891.9
1435.25 16902.7
1435.21 16939.5
1436.2 16935.5
1435.49 16964.3
1436.24 16984.1
1436.07 17038.2
1436.3 17050.5
1435.76 17058.4
1435.78 17055.9
1435.69 17064.5
1435.67 17046.2
1436.07 17042.6
1435.96 17058.9
1435.23 17123
1435.42 16991.5
1435.66 17019.5
1435.58 16976
1435.15 17108.4
1434.15 17129.8
1433.68 17167.3
1433.33 17184.2
1433.07 17206.6
1432.9 17272.9
1432.76 17297
1432.95 17275.5
1433.16 17246.5
1432.2 17185.8
1432.02 17178.3
1431.58 17153
1432.16 17118.6
1430.63 17212.1
1430.49 17268
1430.44 17241
1430.64 17211.4
1430.14 17186.2
1429.74 17122.9
1428.76 16866.7
1427.84 16851
1426.7 16773.6
1426.25 16770.9
1428.97 16820.7
1428.8 16848.8
1428.8 16863.3
1428.46 16882.3
1427.94 16903.1
1429.69 16916.8
1431.3 16897.1
1431.88 16895.9
1431.89 16899.8
1431.92 16891.1
1432.28 16855.1
1432.87 16892.1
1432.8 16940.5
1430.07 17079.2
1430.15 17071.4
1430.16 17082.9
1428.55 17159.9
1429.39 17199.1
1428.24 17182.5
1428 17185
1426.91 17132.1
1426.9 17123.5
1428.79 17138.7
1428.64 17145.5
1427.73 17161.4
1427.25 17173.7
1427.07 17123.5
1426.92 17164.1
1431.28 17265.5
1430.67 17256.8
1431.27 17295.8
1430.43 17328.2
1430.45 17390.4
1431.78 17371
1431.78 17352.8
1433.64 17393.4
1433.63 17367.1
1431.14 17401.3
1430.75 17430.9
1430.58 17460
1430.58 17457.3
1430.26 17457.5
1431.28 17402.9
1431.44 17430.8
1431.27 17443.3
1431.2 17453.9
1431.17 17426
1431.51 17501.1
1430.06 17489
1429.8 17423
1429.43 17398.2
1429.18 17395.9
1429.61 17388
1429.69 17393.3
1429.41 17431
1430.55 17435.3
1430.57 17434.3
1430.53 17426
1430.4 17440
1430.72 17448.4
1431.03 17435.7
1430.57 17458.9
1430.06 17467.1
1429.73 17491.1
1430.34 17453.2
1430.29 17427.7
1430.39 17400.7
1429.71 17406.4
1429.87 17397.6
1429.85 17407
1429.95 17422.6
1429.48 17445.6
1429.57 17427.9
1429.59 17395.2
1429.51 17403.9
1429.21 17426
1429.94 17438.8
1429.66 17440.6
1429.15 17424.7
1429.02 17442.8
1427.18 17490
1430.1 17545.6
1430.32 17571.6
1431.35 17557.2
1431.45 17550.6
1430.66 17537.5
1430.57 17494
1430.49 17486.3
1424.91 17524.2
1429.41 17697.4
1427.87 17705.5
1427.78 17693.5
1426.86 17644.7
1426.72 17632.8
1426.62 17590.5
1426.65 17556.7
1427.52 17514
1427.08 17504.3
1426.97 17452.4
1424.84 17448
1424.47 17416.6
1425.07 17379.6
1424.96 17465
1424.95 17430.6
1425.57 17373.5
1425.57 17266.5
1424.76 17230.9
1426.09 17196.8
1425.75 17180.3
1425.9 17130.6
1425.57 17091.1
1425.43 17046.8
1424.17 17050.4
1424.26 16992.9
1424.82 16944
1424.92 16925.8
1420.59 17032.2
1420.19 17176.9
1420.54 17116.2
1420.42 17055.6
1420.03 17059.8
1419.97 17019.2
1420.06 17067.6
1420.4 16990.7
1420.42 16931.9
1420.26 16903.4
1421.02 16862.1
1421.27 16847.9
1421.31 16850.1
1423.06 16853.6
1435.41 17022.1
1436.12 17062.9
1435.29 17071.9
1435.09 17164.4
1435.56 17197
1436.88 17171.5
1436.73 17121.7
1436.27 17102
1435.98 17085
1435.99 17081.9
1436.62 17077
1436.58 17077.2
1435.5 17074.6
1435.47 17088.7
1434.82 17110.1
1434.74 17125.1
1434.89 17122.3
1434.28 17117.5
1434.18 17124.1
1434.43 17125.7
1436.1 17150.3
1436.01 17160.7
1436.83 17176.4
1436.73 17178.7
1438.83 17208.2
1438.82 17215.2
1438.84 17219.3
1439.31 17236.7
1439.44 17217
1439.28 17200.9
1439.8 17200.8
1440.44 17267.2
1439.48 17263
1439.53 17259.8
1439.34 17266
1439.2 17227
1439.17 17215.8
1439.2 17202.2
1439.06 17182.9
1441.11 17162
1438.75 17243.1
1439.35 17234.3
1437.8 17226.5
1438.06 17214.5
1438 17191.9
1437.75 17186.8
1437.63 17138.4
1437.91 17154.3
1437.85 17147.6
1437.46 17193.1
1437.31 17215
1437.46 17222.2
1438 17235
1438.09 17237.1
1438.42 17231.1
1438.57 17230.5
1438.54 17226.6
1438.58 17238.9
1437.89 17260.7
1437.08 17282.9
1436.94 17366.7
1436.28 17357.6
1434.76 17366.9
1434.45 17331.8
1433.81 17367.8
1432.82 17514.7
1432.78 17585.3
1432.92 17624.6
1432.29 17634.6
1433.84 17651.2
1434.42 17660.9
1434.44 17679.6
1434.48 17664.7
1434.43 17677.1
1434.4 17649.3
1432.25 17656.9
1404.33 17644.3
1404.42 17594.4
1403.03 17655.6
1403.25 17648.3
1402.19 17628
1402.22 17642.4
1402.18 17633
1401.33 17628.9
1401.48 17622.8
1402.08 17627.2
1402.09 17630.3
1402.06 17618.2
1401.94 17660.3
1402.59 17680.5
1402.99 17692.1
1402.9 17691.5
1401.39 17744.3
1400.47 17715.6
1400.44 17631.5
1400.63 17639.5
1400.59 17678.5
1397.93 17704.7
1397.51 17782.3
1397.46 17823.1
1397.73 17837.7
1398.04 17868.8
1397.84 17915.4
1400.87 18011.7
1402.53 18023.9
1402.52 18023.6
1402.43 18017.9
1402.28 18008.7
1402.84 17996.4
1403.13 18054
1403.14 18041.9
1403.95 18034.9
1403.83 18044.5
1405.96 18191.2
1407.31 18248.4
1406.7 18222.1
1406.79 18169.7
1406.9 18230.7
1406.89 18237.8
1406.88 18253.2
1406.22 18273.3
1406.72 18314.9
1407.07 18292.5
1407.36 18299.8
1407.5 18305.1
1407.48 18292.7
1406.28 18294.2
1406.41 18300
1406.5 18355.5
1406.66 18378.6
1406.24 18409.8
1407.35 18436.3
1410.78 18385.8
1409.36 18378.7
1410.33 18284.8
1410.13 18237.6
1410.2 18247.3
1410.06 18247.5
1407.19 18535.9
1407.76 18633.4
1407.36 18534.8
1407.51 18478.9
1407.37 18489.2
1408.33 18523.4
1408.15 18550.3
1408.18 18556.8
1408.61 18572.5
1408.67 18427.7
1408.5 18402.9
1408.23 18404.7
1408.25 18422.5
1408.28 18417.8
1407.99 18418.1
1408.04 18418.4
1408.3 18435.1
1408.49 18462.4
1408.59 18495.7
1408.68 18519.8
1409.15 18546.6
1409.23 18562
1408.28 18572.3
1407.83 18741.2
1407.88 18529.8
1406.44 18570.9
1406.92 18647.7
1406.97 18645.8
1407.35 18667.8
1407.91 18700.2
1407.94 18721.8
1407.95 18712.5
1407.43 18706.6
1407.4 18731.6
1407.42 18751.5
1407.13 18758.9
1409.06 18773.7
1408.6 18807.2
1408.73 18831
1408.35 18849.3
