401.91 20.9523
507.986 24.3475
574.044 23.9936
641.956 32.8544
642.211 32.561
802.369 58.546
826.643 111.999
977.472 166.718
977.475 159.358
1027.11 192.016
1032.87 188.94
1111.95 205.426
1217.32 249.832
1237.04 248.672
1294.9 255.693
1295.13 255.52
1331.43 260.169
1430.18 292.777
1439.68 291.749
1440.91 291.352
1509.14 1737.28
1554.29 1574.02
1588.79 1684.09
1589.87 1562.12
1641.29 1541.69
1677.34 1513.5
1673.37 1558.51
1688.22 1501.75
1690.75 1444.33
1677.64 1499.37
1676.46 1480.67
1687.24 1549.49
1710.82 1519.21
1752.24 1500.31
1732.02 1504.44
1732.02 1679.42
1793.6 1942.02
1794.73 1903.24
1796.87 1858.94
1787.47 1898.52
1789.36 2009.29
1797.11 2009.24
1798.89 2000.11
1800.45 1931.18
1837.68 1942.4
1885.07 2014.73
1894.93 2306.47
1917.82 2754.34
1932.47 2791.69
1932.86 2697.79
1952.83 2755.8
2031.53 3922.65
2034.52 4382.35
2051.15 3998.44
2049.72 3787.05
2036 4016.91
1995.23 5801.68
2033.92 5248.93
2033.58 5405.25
2040.32 5518.52
2039.12 5416.34
2037.01 5317.33
2087.38 6387.37
2101.93 6804.33
2103.18 6981.67
2102.35 7173.83
2103.31 7169.17
2103.94 7228.84
2111.74 7289.21
2121.19 8386.15
2116.78 8784.33
2111.95 8721.71
2112.11 8562.79
2109.73 8478.41
2127.46 8790.25
2119.78 8746.71
2131.14 9138.98
2133.96 8900.48
2137.54 8744.01
2146.92 8721.26
2150.58 8599.03
2150.81 8559.68
2146.42 8580.47
2151.04 8553.05
2152.24 8604.99
2151.7 8630.85
2143.34 8539.67
2132.95 8164.9
2133.2 8287.12
2158.74 8270.15
2157.97 8224.18
2164.44 8230.11
2164.43 8280.69
2175.62 8293.52
2164.86 8535.33
2165.29 8726.3
2166.66 8823.28
2163.85 8789.76
2167.56 8963.89
2167.05 9040.08
2165.54 9015.43
2167.61 9095.36
2170.36 9120.15
2169.24 9058.47
2169.38 9083.57
2169.34 9100.44
2160.42 9162.5
2160.24 9051.62
2160.89 9019.98
2160.51 8876.53
2158.99 8772.59
2153.91 8731.57
2141.44 8769
2143.32 8698.52
2144.93 8694.99
2144.87 8670.87
2145.33 8646.09
2149.38 8631.65
2147.2 8652.76
2146.18 8650.89
2147.92 8655.1
2148.9 8668.98
2149.17 8593.45
2149.16 8567.15
2156.42 8497.92
2154.77 8499.67
2153.74 8477.98
2154.89 8559.05
2154.84 8570.4
2154.62 8562.23
2154.75 8547.43
2155.95 8580.92
2156.35 8594.91
2156.31 8611.99
2144.97 8594.63
2144.27 8624.46
2144.87 8648.64
2144.09 8641.9
2143.87 8622.48
2150.31 8580.94
2151.35 8562.43
2150.95 8598.07
2155.88 8478.33
2146.84 8804.36
2139.66 8622.59
2188.29 8767.2
2186.79 8815.45
2187.61 8901.74
2191.44 8926.8
2191.24 8974.55
2166.58 9233.08
2165.79 9582.25
2166.49 9637
2167.76 9554.02
2194.93 9507.99
2194.76 9385.18
2194.8 9301.87
2192.95 9281.73
2192.83 9291.89
2196.45 9297.85
2196.7 9386.38
2224.18 9454.32
2223.75 9402.44
2220.53 9617.96
2220.26 9818.94
2216.57 9838.61
2218.49 9932.03
2233.04 10099
2231.78 10085.1
2231.51 10116.6
2230.29 10052.1
2230.52 10052.2
2231.1 10002.5
2231.78 10024.4
2232.54 10016.8
2235.01 10083.7
2233.43 10066
2234.4 10053.2
2233.71 10075.1
2232.89 10161.5
2232.34 10162.9
2240.13 10257.5
2240.83 10388.9
2237.86 10381.3
2236.63 10431.6
2200.34 10871.9
2196.81 10880.8
2198.07 10909.2
2191.97 11057.4
2192.44 10967.5
2189.81 10907.3
2190.48 10865.9
2191.85 10858.1
2186.81 10930.4
2188 10901.4
2166.2 10903.1
2167.63 10913.1
2167.62 10923.9
2171 10952
2167.42 10944.1
2167.17 10860.4
2165.63 10810.1
2165.47 10787.9
2165.66 10764.5
2164.96 10739.7
2167.08 10711.9
2166.98 10668.1
2179.62 10803.5
2176.09 10805
2175.53 10828.6
2179.23 10906
2179.99 11000.7
2180.36 11019
2180.2 11064.4
2180.16 11118.9
2179.12 11148.9
2179.74 11120.4
2179.7 11179.3
2178.46 11216.8
2178.33 11220.6
2171.91 11157.7
2171.44 11186.2
2171.52 11132.4
2171.33 11078.6
2171.2 11015.4
2171.22 10994.2
2171.48 11100.4
2171.63 11100.2
2172 11075.7
2172.04 11053.7
2176.35 11148.9
2176.02 11195.8
2176.55 11181
2186.22 11323.9
2186.15 11406.8
2186.37 11277.9
2186.34 11228.1
2187.8 11383.9
2187.8 11345.2
2187.95 11294.4
2188.02 11259.3
2187.26 11226.8
2188.27 11143.8
2188.27 11084.9
2187.86 11041.6
2187.68 11021.8
2187.53 11023.3
2187.44 11015.4
2189.98 11031.4
2191.04 11049.9
2189.57 11071.6
2189.45 11156.3
2189.34 11172.9
2186.99 11203.9
2186.99 11221.3
2186.95 11226.8
2182.2 11315.2
2182.2 11295.7
2188.51 11306.8
2197.16 11323.9
2197.32 11373.1
2197.44 11385.9
2196.08 11424.1
2193.69 11418
2192.78 11413.5
2193.22 11470.8
2193.36 11517
2195.29 11538.5
2197.61 11435.6
2198.19 11452.1
2197.29 11470.1
2196 11481.9
2195.87 11478.9
2200.33 11521.2
2200.37 11512.1
2200.42 11508.9
2200.63 11533.5
2200.61 11520.9
2200.56 11511.1
2200.58 11504.6
2200.53 11506.4
2200.22 11508.3
2200.22 11511.3
2198.3 11450.9
2196.71 11442.4
2196.64 11431
2196.39 11412.3
2194.55 11575.3
2192.77 11532.5
2192.77 11502.1
2192.6 11502.2
2190.63 11513.4
2191.42 11532.4
2191.38 11509.2
2191.63 11475.6
2191.98 11503.5
2192.72 11526.5
2192.54 11677.2
2191.22 11730.9
2191.48 11785.4
2194.78 11798
2194.69 11775.4
2194.69 11769.9
2193.1 11857.8
2193.09 11841.2
2193.17 11842.1
2193.59 11894.4
2194.01 11927
2195.34 11989.6
2194.25 12049
2194.06 12084.4
2194.2 12120.1
2193.88 12129.9
2196.74 12139.1
2197.4 12187
2198 12181.6
2198.15 12194.2
2200.81 12253.5
2201.23 12276.6
2201.41 12255.1
2202.13 12241.3
2202.14 12222.9
2202.22 12201.7
2202.84 12191
2202.88 12184.6
2202.59 12186.7
2202.66 12158.2
2203.26 12178.8
2203.25 12230.2
2204.02 12184.5
2203.94 12212.5
2203.54 12176.9
2202.71 12271.1
2203.7 12253.6
2204.45 12215.4
2205.43 12380.8
2205.78 12703.1
2205.02 12628.4
2210.2 12675.9
2207.97 12695.4
2207.99 12725
2208.12 12757.1
2211.72 12766.8
2211.59 12774
2213.44 12789.2
2218.04 12868.2
2217.85 12889.5
2213.9 12764.7
2214.11 12768.5
2216.9 12816.7
2217.74 12825.2
2218.36 12819.3
2218.87 12824.1
2219.01 12826.7
2219.3 12843
2221.32 12924
2221.47 12873.2
2219.49 12851.2
2219.51 12854.6
2219.82 12854.5
2220.63 12848
2220.78 12868
2221.66 12761.4
2222.81 12714.4
2222.76 12727.5
2223.17 12737.5
2223.35 12778.9
2219.17 12912.1
2228.78 13229.6
2229.32 13226.4
2229.37 13295.6
2229.31 13312.2
2230.11 13275.7
2230.1 13247.7
2230.1 13230.9
2230.6 13224.7
2230.59 13204.7
2230.63 13167.5
2230.42 13157.8
2232.41 13142.6
2232.38 13161.1
2232.44 13153.6
2233.91 13128.7
2234.15 13138.2
2231.29 13288.8
2238.96 13302.1
2239.1 13270.2
2239.1 13283.2
2239.21 13289.4
2239.26 13280.6
2239.27 13273.8
2239.86 13270.6
2239.71 13282.7
2236.84 13299.8
2236.83 13285.9
2236.5 13291.1
2235.69 13281.3
2236.83 13271.4
2236.92 13251.8
2236.71 13253.6
2236.77 13250.3
2236.92 13254.7
2236.92 13249.9
2236.92 13253.9
2237.43 13238.7
2237.14 13196.6
2241.85 13136.1
2241.84 13143.8
2246.82 13207.2
2247.28 13226.7
2248.72 13283.9
2248.81 13357.1
2247.07 13456
2247.1 13463.3
2247.14 13465.2
2250.55 13517.3
2251.32 13532.6
2251.63 13540.6
2252.03 13595.4
2251.97 13583.1
2251.55 13510.4
2251.55 13523.8
2251.68 13540.3
2251.64 13558.1
2250.8 13567.5
2246.69 13667.1
2239.06 13614.1
2237.7 13767.1
2237.86 13812
2237.77 13798.7
2239.4 13808.8
2238.57 13864.9
2243.22 13826.7
2243.19 13828.2
2242.74 13851.1
2242.58 13896
2242.8 13941.3
2239.71 13966.4
2240.62 13935.7
2241.27 13942.9
2241.55 13925.2
2244.63 13977.5
2244.4 13984.9
2244.31 13991.2
2241.87 14024.9
2244.41 14042.1
2244.38 14071.4
2243.74 14096.4
2243.74 14109.1
2243.7 14122.9
2243.71 14129.3
2243.67 14134.8
2243.78 14101.5
2243.95 14140.5
2243.98 14143.6
2241.55 14151.5
2241.61 14154.2
2242.19 14160.6
2242.81 14140.2
2242.75 14131.2
2242.52 14243.8
2242.5 14259.3
2242.47 14255.8
2242.5 14258.8
2242.75 14254
2242.47 14220.5
2242.67 14211
2242.29 14201.4
2242.05 14186.8
2243.15 14209.9
2243.49 14223.6
2243.21 14251.2
2245.29 14290.1
2245.28 14290
2245.72 14267.7
2245.99 14229.9
2246.1 14195.7
2246.54 14187.8
2246.49 14199.7
2245.62 14200.8
2245.61 14148.8
2246.08 14069.3
2245.93 14049
2245.44 14147.3
2245.12 14197.2
2244.84 14188.5
2244.81 14183.7
2243.53 14212.5
2243.61 14213.5
2260.14 14210.4
2260.31 14509.6
2263.53 14584.3
2262.9 14585.4
2261.31 14604.4
2261.83 14600.5
2262.17 14599.5
2264.15 14629.9
2264.11 14633.7
2263.91 14566.2
2262.38 14541.6
2262.68 14547.3
2262.69 14551.3
2262.52 14527.5
2262.89 14581.7
2264.59 14576
2268.83 14684.3
2268.53 14836.8
2268.53 14845.4
2268.67 14863.1
2268.5 14881.2
2267.59 14899
2267.58 14877.9
2267.6 14893.3
2267.63 14921.8
2267.92 14948.5
2265.94 14962.9
2266.04 14930
2265.92 14919.5
2265.19 15084.6
2264.12 15118
2264.57 15089.1
2265.17 15084.6
2263.27 15043.7
2262.86 15050.6
2262.86 15040.5
2262.94 15054.4
2263.76 15080.3
2264.53 15090.7
2264.85 15057
2262.38 15177.5
2262.26 15368.1
2263.31 15294.2
2263.34 15281.4
2263.51 15258.5
2261.24 15219.8
2261.74 15233.3
2261.75 15242.7
2261.8 15246.1
2265.82 15189.1
2265.79 15210.6
2265.5 15193.1
2265.42 15205.6
2265.35 15211.4
2265.41 15210.1
2264.47 15236.8
2264.73 15219.1
2265.87 15219.8
2265.96 15207.6
2266.05 15237.5
2269.84 15225
2269.8 15227.5
2269.77 15228
2269.46 15246.4
2270.36 15221.3
2270.82 15225.2
2272.45 15332.8
2272.38 15401.9
2272.37 15372.6
2272.19 15363.9
2272.13 15354.4
2283.73 15440.4
2283.71 15540.4
2284.14 15580.2
2285.3 15586
2285.27 15590.4
2285.22 15559.1
2286.62 15546.4
2288.29 15538.8
2291.35 15541.8
2290.43 15572.9
2296.66 15519.1
2296.3 15519.8
2296.19 15536.2
2296.53 15516.2
2296.6 15523.1
2296.58 15497.4
2296.92 15509.9
2296.7 15599.8
2296.71 15593.6
2296.78 15550.6
2296.37 15579.1
2296.43 15536.8
2296.69 15491.2
2295.76 15477.7
2296.03 15494.2
2295.56 15504.8
2295.7 15497.4
2296.15 15493.1
2299.71 15480.9
2299.47 15492.6
2298.73 15484.7
2298.29 15476.1
2298.44 15492.6
2298.25 15494
2298.21 15494.3
2300.66 15487.4
2299.15 15522
2299.68 15534.9
2300.37 15561.1
2299.91 15591.7
2299.98 15584.5
2302.16 15570.8
2302.59 15605.1
2302.63 15596.5
2302.5 15600.2
2302.69 15576.3
2303.2 15593.3
2303.26 15598.1
2303.29 15601.2
2302.09 15595.3
2302.21 15612
2302.4 15609.5
2302.39 15625.5
2305.01 15692.6
2304.84 15679.4
2303.54 15654.6
2305.9 15612.2
2305.61 15652.4
2305.3 15640
2303.44 15585.3
2303.61 15644.3
2303.84 15604.9
2306.12 15723.8
2305.53 15793.4
2305.34 15878.8
2304.12 15901.6
2304.8 15910.6
2301.61 16012.5
2301.65 16010.3
2301.72 16002.8
2299.18 16134.6
2300.12 16148.6
2299.95 16037.2
2301.05 16043.6
2300.51 16083.9
2302.41 16170.5
2299.25 16124.5
2299.08 16181.5
2301.85 16299.9
2301.83 16336.4
2300.75 16334.7
2300.8 16301.8
2301.05 16311.3
2301.49 16281.2
2286.63 16150.8
2287.17 16182.2
2287.52 16181.8
2287.56 16178.2
2287.38 16133.5
2287.57 16143.5
2287.6 16143.9
2290.14 16155.6
2290.09 16158.2
2290.2 16146.3
2291.09 16184.8
2291.09 16245
2290.81 16247.1
2290.59 16258.4
2287.59 16227.4
2287.54 16233.8
2287.73 16232.1
2286.78 16252.5
2286.59 16224
2285.91 16180.8
2285.8 16186.2
2285.33 16175.2
2285.42 16165.7
2285.06 16162.9
2284.59 16181.8
2285.42 16187.2
2285.6 16209.4
2285.8 16204.3
2287.27 16190.2
2287.35 16176.1
2287.75 16155
2287.59 16167.8
2287.44 16164.8
2287.51 16183.1
2287.3 16196.9
2287.31 16181.5
2286.26 16178.3
2286.47 16166.6
2286.43 16171.1
2286.69 16167.4
2286.61 16157.3
2286.66 16156
2286.79 16153.3
2288.73 16147.4
2288.77 16163.2
2288.72 16156.7
2288.58 16164.2
2291.12 16238.5
2291.97 16251.4
2291.87 16251.9
2291.86 16259.6
2290.85 16207.4
2291.16 16299.5
2291.72 16272
2287.82 16234.2
2287.77 16243.1
2287.89 16238.6
2287.89 16227.9
2287.52 16268.4
2287.52 16282.1
2287.39 16290.5
2288.94 16359.7
2287 16362.2
2286.79 16320.6
2286.9 16291.3
2286.9 16292
2287.06 16290.1
2288.38 16304.5
2289.18 16309.9
2289.69 16318.1
2290.58 16303.2
2291.86 16375.7
2291.88 16357
2290.52 16319.6
2290.82 16292.6
2290.8 16286.9
2290.41 16306.6
2299.02 16362.5
2299 16369.3
2299.09 16375.7
2299.06 16399.3
2299.77 16373.2
2299.84 16418.4
2300.14 16452
2303.35 16472.3
2303.34 16458.9
2303.33 16489.6
2302.13 16517.9
2300.79 16501
2300.59 16506.4
2299.24 16479.9
2299.33 16488.4
2298.97 16527.1
2298.91 16540.9
2300.47 16530.2
2300.82 16557.4
2300.9 16581.7
2300.46 16617.4
2300.46 16613.4
2300.56 16617.3
2300.92 16623.9
2301.02 16556.9
2301.41 16572.7
2301.23 16602.9
2301.54 16591.4
2305.2 16592.5
2305.24 16594.1
2304.43 16620.1
2304.66 16625
2302.99 16631.6
2302.61 16639.4
2302.59 16641.6
2298.25 16948.9
2298.68 16913.8
2301.59 16887.4
2301.45 16924.2
2296.11 16968.8
2296.13 17026.7
2295.85 17025.1
2289.42 17051.3
2289.66 17052.3
2289.64 17062.5
2289.25 17060.1
2287.85 17014.9
2287.85 17014.9
2287.69 17027.4
2287.74 17074.6
2287.91 17098.3
2287.98 17105.3
2288.52 17113.9
2288.53 17121.9
2289.09 17128.9
2289.03 17125.7
2290.11 17107
2290.09 17104.7
2289.16 17088.5
2292.18 17055
2292.35 17032.8
2292.59 17039.7
2292.53 17034.4
2292.89 17036.8
2290.85 16968.8
2290.45 17000.6
2290.48 16955.8
2290.67 16966.3
2290.95 16939.5
2291.24 16952.7
2291.22 16945.8
2290.11 16940.1
2289.98 16957.3
2290.11 16933.4
2290.27 16932.6
2291.36 16933
2290.96 16916.1
2289.16 16923.6
2290.74 16955.5
2290.66 16959.9
2289.8 16964.8
2289.18 16991.8
2289.23 16995.8
2289.2 16997.7
2290.56 16977.7
2290.76 17029
2291.8 17036.3
2291.88 17040.5
2291.12 17022.4
2291.12 17022
2291.22 17008.3
2291.2 17000.2
2291.16 16999.8
2291.16 16995.4
2291.1 16978.5
2289.88 17042.5
2289.69 17049.8
2289.36 17068.2
2289.38 17080.2
2289.48 17085.7
2288.85 17087.5
2288.49 17097.3
2288.69 17115.8
2287.48 17111.8
2285.7 17126.6
2285.67 17148.4
2285.66 17154.3
2285.63 17171.1
2285.37 17155.4
2285.29 17149
2284.89 17137
2285.59 17133.9
2285.55 17120.2
2284.61 17138.9
2284.46 17142.6
2284.22 17149.1
2283.85 17271.9
2283.56 17302.2
2282.87 17337.9
2282.99 17348.4
2282.91 17344.6
2283.01 17337.6
2282.96 17328
2282.9 17320.9
2283.74 17309.5
2284.44 17300
2284.42 17297
2284.34 17306.3
2284.33 17303.4
2289.51 17306.2
2289.56 17308.8
2294.58 17326.9
2295.59 17329.1
2295.26 17325.8
2295.3 17309.5
2295.27 17318
2295.09 17328.8
2295.01 17344.6
2292.14 17332.2
2292.2 17317.9
2290.87 17342.5
2290.75 17350.4
2290.92 17440.4
2291.14 17467.3
2291.03 17474.7
2291.82 17499
2291.92 17499.3
2293.49 17488.7
2293.57 17487.8
2297.8 17627.9
2297.79 17625.8
2298.57 17610.2
2299.56 17649.6
2299.58 17599.9
2298.38 17614.1
2298.29 17600.4
2298.23 17579.3
2298.52 17560.3
2298.41 17547
2298.36 17535.5
2297.43 17492.4
2296.9 17520.5
2296.4 17539
2296.34 17553.9
2296.17 17577.8
2297.44 17437
2297.45 17501.2
2296.87 17544.8
2296.39 17523.1
2296.14 17519.7
2296.16 17509
2296.2 17520.4
2296.41 17521.7
2296.49 17526.2
2296.34 17535.1
2296.33 17537.5
2299.62 17576.5
2298.67 17544.7
2298.64 17481.7
2298.93 17440.7
2299.29 17425.6
2310.1 17393.4
2310.58 17506.1
2310.83 17471.5
2313.35 17547.1
2312.85 17567.4
2312.46 17578.1
2312.44 17579.8
2312.49 17583.2
2312.49 17592
2312.27 17551.7
2312.3 17556.5
2313.09 17545.6
2313.25 17549.7
2312.51 17507.3
2311.47 17529
2311.37 17541.3
2309.81 17712.4
2311.49 17724.5
2312.86 17730.3
2312.57 17723.4
2312.46 17720.4
2313.48 17688.6
2313.42 17685.6
2313.38 17682.7
2314.01 17687.5
2313.91 17690.2
2314.55 17700.7
2314.73 17693.9
2314.66 17715.1
2315.83 17721.2
2315.8 17718.3
2319.06 17755.1
2319.58 17781.5
2319.79 17775.9
2319.09 17783.8
2319.74 17768.3
2319.75 17771.4
2319.82 17762.6
2319.81 17752.1
2319.7 17749.8
2319.7 17755.6
2319.74 17716.1
2319.41 17727.1
2319.41 17716.7
2320.42 17697
2320.89 17699.1
2320.34 17704.8
2320.23 17712
2320.23 17720.6
2320.15 17707.7
2321.11 17694.3
2321.54 17695.5
2322.71 17719.3
2322.69 17717.6
2322.71 17716.3
2322.82 17695
2322.76 17682
2323.41 17671.5
2323.24 17641
2323.5 17638.3
2328.49 17670.4
2327.98 17683.6
2327.96 17678.4
2327.78 17678.8
2327.89 17686.9
2325.47 17656
2325.42 17643.4
2324.83 17623.8
2324.9 17647.8
2324.59 17649.8
2324.91 17654
2324.86 17671.5
2324.86 17675.9
2324.59 17676.4
2325.21 17687
2325.06 17685.2
2326.95 17688
2326.95 17697.9
2327.76 17707.6
2327.4 17749
2326.26 17782.3
2326.66 17796.9
2333.66 17863.1
2334.74 17906.1
2335.88 17922.9
2335.47 17967.1
2335.48 17923.5
2326.28 18058.1
2326.15 18128
2326.02 18155.4
2326.64 18160.9
2324.73 18202.6
2324.73 18241.2
2324.87 18323.6
2325.13 18321.1
2325.15 18329.6
2325.19 18332
