583.068 48.922
584.599 40.1218
769.448 62.3045
958.257 132.382
960.802 109.136
982.075 95.8041
986.898 95.2659
1031.76 115.437
1043.1 111.269
1043.58 108.031
1066.22 107.232
1067.1 95.5591
1104.34 102.055
1114.16 99.0151
1120.87 99.1871
1139.22 99.2353
1139.3 93.0806
1147.45 90.4696
1226.62 124.902
1232.89 150.751
1259.04 162.103
1259.8 163.429
1307.46 170.317
1325.26 203.97
1344.55 194.814
1344.44 191.137
1347.09 198.908
1340.82 205.983
1341.13 214.724
1341.88 217.139
1359.1 217.472
1430.11 259.684
1526.92 3165.08
1547.15 2476.61
1561.92 2099.66
1562 1489.86
1561.25 1367.12
1562.44 1341.13
1552.92 1321.29
1554.72 1359.14
1599.13 1389.29
1614.15 1444.23
1619.65 1545.38
1623.28 1560.3
1690.38 1677.6
1690.46 1769.45
1732.51 1767.3
1736.17 1816.46
1737.13 1990.17
1779.48 1935.61
1778.81 1959.26
1786.08 1959.84
1784.32 1955.88
1788.76 2022.89
1788.56 2121.27
1792.4 2212.17
1817.59 2199.69
1817.92 2238.11
1919.96 2926.3
1928.48 2564.55
1950.71 2612.66
1916.53 2604.15
1915.93 2596.85
1919.1 2449.56
1922.53 2365.03
1938.88 2159.42
1935.3 2076.36
1939.16 2164.86
1938.04 2185.54
1942.15 2195.62
1942.19 2236.4
2839.63 22180.1
2839.68 20759.3
2850.22 18333.7
2186.85 13241.5
2208.26 14382.4
2212.32 13574.4
2212.8 12181
2278.38 12042
2290.71 11832.3
2290.97 12212.2
2296.44 12445
2295.59 12351.3
2296.51 12158
2272 11765
2270.31 11049.4
2275.14 10461.5
2940.3 20251.1
2944.69 16614.9
2944.25 14142.5
2943.88 13005.1
2939.47 12535.4
2938.07 12037.8
2945.82 11638.9
2945.24 11167.1
2576.57 10945.3
2583.76 10977.3
2580.7 10963.6
2570.39 10884.1
2569.13 10911.9
2570.89 11111.7
2572.06 10709.3
2572.06 10708.6
2391.71 9359.85
2394.3 9433.76
2413.63 9117.5
2414.09 9178.97
2454.43 9183.15
2454.35 9047.98
2428.01 9524.79
2455.5 9590.68
2437.15 9500.51
2436.73 9411.56
2434.69 9379.95
2434.66 9272.54
2432.25 9195.5
2431.24 9157.65
2429.91 9047.69
2432.1 9031.83
2430.81 8997.12
2429.78 8970.01
2365.53 8582.3
2365.63 8317.31
2351.8 8283.55
2354.8 8231.83
2353.7 8240.72
2354.16 8231.2
2316 8271.7
2315.96 8141.02
2315.93 8179.81
2312.4 8129.28
2311.44 8080.36
2311.16 8069.28
2312.22 8080.1
2312.16 8062.58
2305.91 8093.09
2304.19 8093.86
2303.4 8057.98
2304.49 8063.67
2304.44 8057.4
2304.79 8087.11
2304.88 8098.49
2297.2 8061.77
2297.15 8052.8
2297.1 8080.62
2176.95 8987.85
2176.48 8429.72
2174.85 8372.88
2174.74 8456.07
2175.28 8532.47
2170.64 8410.77
2171.64 8357.62
2171.63 8277.22
2171.74 8244.96
2171.9 8190.95
2172.23 8154.59
2171.83 8105.57
2172.3 8102.05
2167.97 8013.23
2168.99 8010.83
2171.31 8007.18
2163.73 8073.33
2164.36 7882.49
2163.74 7792.31
2164.15 7735.85
2164.29 7729.49
2097 7730.65
2097.24 7065.16
2096.97 6738.19
2096.74 6640.44
2096.16 6552
2096.09 6476.97
2095.95 6444.67
2095.76 6419.39
2087.15 6472.89
2084.03 6329
2085.56 6313.17
2085 6297.89
2082.25 6222.42
2082.1 6205.08
2081.83 6197.01
2081.85 6199.26
2084.28 6170.12
2085.33 6190.77
2084.79 6197.68
2087.58 6210.21
2087.58 6245.87
2089.67 6180.33
2088.94 6204.87
2089.44 6196.99
2087.81 6215.57
2087.61 6221.77
2074.92 6328.54
2074.92 6204.63
2078.86 6136.65
2078.63 6091.99
2081.09 6067.45
2081.1 6045.76
2078.78 6111.58
2076.21 6140.82
2075.85 6132.32
2076.69 6119.91
2076.55 6105.92
2073.2 6108.59
2078.46 6088.21
2077.2 6064.87
2077.18 6052.01
2077.32 6025.82
2081.48 6031.34
2081.28 6015.38
2081.22 6020.28
2078.59 5977.33
2078.07 5928.63
2077.7 5919.3
2077.67 5907.42
2077.9 5909.76
2078.05 5907.53
2078.37 5903.66
2078.16 5889.97
2075.85 5880.27
2067.83 5716.87
2069.26 5680.15
2084.42 5716.42
2084.46 5680.38
2084.82 5474.9
2084.95 5380.65
2087.53 5292.75
2087.17 5267.93
2087.05 5190.27
2086.96 5158.55
2088.68 5129.05
2088.98 5112.85
2088.24 5109.55
2087.13 5125.07
2087.42 5133.44
2087.46 5142.17
2088.21 5150.48
2088.13 5136.76
2088.31 5131.06
2089.07 5116.91
2089.26 5113.96
2086.87 5032.69
2086.91 5010.76
2084.88 4967.37
2085.24 4948.11
2085.05 4924.09
2085.08 4923.47
2085.81 4917.1
2083.33 4923.88
2082.48 4963.52
2082.13 4981.32
2082.41 4988.69
2082.11 5025.49
2084.4 5049.62
2084.35 5031.58
2084.35 5018.18
2082.82 4949.92
2082.74 4917.51
2082.94 4907.79
2082.73 4907.51
2083.18 4907.03
2082.94 4907.89
2082.93 4908.18
2081.91 4897.37
2082.33 4920.74
2081.45 4900.07
2080.21 4914.77
2079.67 4909
2079.94 4902.25
2079.04 4941.37
2078.58 4929.22
2078.68 4906.9
2078.15 4913.08
2078.26 4897.74
2078.47 4894.6
2078.27 4881.34
2079.82 4862.64
2080.24 4853.73
2080.22 4858.05
2080.62 4861.88
2081.79 4882.66
2069.98 4760.1
2070.01 4843.56
2068.47 4839.43
2068.7 4832.69
2068.84 4859.8
2069.11 4873.86
2069.08 4902.1
2069.11 4892.7
2069.65 4883.93
2069.62 4881.98
2069.67 4875.01
2071.63 4850.09
2071.63 4846.59
2071.73 4828.45
2071.75 4813.64
2072.21 4787.26
2071.83 4785.69
2072.7 4780.35
2072.27 4772.76
2072.38 4761.83
2072.4 4743.65
2072.48 4727.49
2070.77 4672.84
2071.84 4681
2070.65 4671.06
2070.71 4664.81
2070.36 4654.21
2070.21 4650.68
2069.83 4624.97
2070.95 4629.16
2075.81 4614.79
2075.79 4618.21
2074.61 4611.72
2073.64 4603.23
2073.3 4600.8
2073.81 4600.23
2073.86 4602.85
2073.56 4560.29
2073.25 4554.97
2070.9 4545.88
2069.19 4477.85
2069.1 4449.59
2069.02 4438.69
2067.05 4450.95
2067.01 4460.06
2067.93 4444.65
2067.6 4430.81
2067.61 4427.72
2068.53 4408.68
2068.39 4410.02
2068.27 4410.68
2068.03 4411.81
2068.02 4410.41
2067.86 4411.33
2066.69 4398.8
2066.25 4400.35
2066.99 4350.28
2066.66 4334.41
2066.59 4314.39
2066.45 4287.92
2066.13 4274.96
2066.15 4271.6
2066.16 4268.74
2065.09 4253.53
2064.57 4242.55
2064.99 4268.43
2064.68 4278.38
2065.56 4294.63
2065.52 4307.49
2066.47 4322.39
2067.59 4338.32
2066.62 4326.45
2066.76 4336.9
2066.91 4349.32
2069.33 4361.2
2069.49 4367.09
2069.58 4359.63
2068.04 4357.65
2066.52 4363.8
2066.07 4377.55
2065.98 4377.69
2066.14 4378.88
2066.48 4373.25
2066.59 4372.16
2066.31 4371.23
2065.95 4379.37
2066.3 4384.43
2067.16 4390.96
2067.07 4405.19
2067.25 4418.89
2067.21 4431.11
2067.48 4428.73
2067.52 4416.67
2066.85 4392.7
2066.36 4379.69
2066.42 4407.78
2066.37 4416.96
2069.52 4462.61
2064.98 4479.84
2063.63 4488.94
2064.09 4503.92
2063.99 4491.1
2064.01 4437.74
2063.27 4410.41
2063.04 4408.14
2061.78 4416.46
2061.82 4420.2
2061.53 4435.14
2061.34 4415.76
2061.08 4422.4
2061.48 4443.94
2061.44 4446.03
2063.52 4469.5
2063.27 4472.38
2063.6 4470.76
2063.71 4467.19
2064.77 4476.2
2064.51 4473.72
2064.77 4460.74
2064.83 4447.88
2064.86 4433.89
2065.54 4431.11
2064.95 4470.88
2065.76 4460.84
2064.13 4438.97
2064.16 4430.66
2064.01 4424.51
2063.79 4412.36
2064.44 4409.37
2064.63 4403.28
2064.33 4402.95
2064.56 4392
2063.96 4378.72
2063.61 4370.67
2063.96 4378
2063.6 4387.26
2062.71 4391.92
2062.63 4397.83
2062.63 4396.89
2061.47 4392.52
2062.31 4389.65
2061.75 4384.34
2067.66 4386.96
2066.72 4411.4
2066.7 4425.16
2066.63 4433.57
2068 4452.31
2066.42 4465.83
2066.12 4478.45
2065.91 4469.14
2065.96 4447.61
2066 4429.5
2065.34 4420.84
2065.71 4410.81
2065.41 4405.66
2065.27 4406.81
2065.3 4405.81
2065.05 4406.7
2065.1 4425.85
2063.83 4431.48
2063.45 4419.43
2063.39 4430.49
2061.56 4427.35
2061.48 4409.99
2062.02 4405.32
2061.93 4398.8
2061.52 4386.91
2061.57 4375.14
2061.36 4373.94
2061.39 4372.43
2062.12 4369.06
2062.31 4378.6
2061.9 4375.64
2061.9 4391.69
2061.61 4401.26
2061.56 4405.14
2060.2 4395
2059.94 4402.44
2059.69 4389.93
2059.61 4376.77
2058.9 4369.33
2058.78 4363.15
2058.56 4376.13
2058.65 4389.97
2058.02 4376.03
2057.82 4376.72
2057.66 4368.3
2060.62 4362.66
2060.86 4361.97
2060.9 4361.5
2061.02 4362.53
2061.41 4362.81
2061.33 4366.71
2061.27 4367.09
2061.39 4362.79
2061.59 4363.74
2061.28 4373.4
2061.21 4375.79
2060.97 4377.52
2060.75 4376.98
2060.74 4375.85
2060.69 4382.8
2060.15 4388.7
2057.39 4390.14
2057.45 4390.45
2057.33 4392.18
2057.79 4395.38
2057.6 4398.48
2057.6 4399.23
2058.16 4393.61
2058.99 4395.63
2058.59 4385.03
2058.87 4388.93
2059.23 4385.38
2058.65 4393.87
2057.35 4390.1
2057.33 4392.56
2057.14 4394.04
2057.1 4367.22
2057.14 4379.41
2056.82 4385.36
2056.74 4366.48
2056.82 4373.28
2057.19 4379.67
2055.65 4355.21
2055.88 4365.07
2055.89 4399.33
2055.77 4399.65
2055.65 4401.85
2055.74 4400.73
2055.79 4400.36
2055.89 4410.69
2057.01 4415.44
2057.04 4416.91
2056.85 4414.5
2056.59 4420.46
2055.96 4421.45
2054.94 4464.15
2056.88 4462.83
2057.04 4459.52
2058.69 4484.82
2058.35 4493.18
2058.28 4487.21
2059.12 4483.75
2058.01 4519.1
2056.95 4536.18
2056.96 4541.9
2056.83 4538.33
2056.82 4538.91
2056.97 4551.58
2055.44 4547.69
2055.75 4554.38
2055.76 4557.63
2055.75 4567.89
2055.79 4572.7
2056.6 4581.61
2056.37 4597.85
2056.49 4614.34
2056.49 4619.75
2056.55 4623.71
2056.58 4602.2
2056.86 4592.97
2056.57 4591.98
2056.8 4598.6
2056.64 4611.04
2056.94 4623.48
2056.66 4633.85
2056.62 4635.13
2056.57 4638.17
2056.53 4642.1
2056.32 4644.34
2056.32 4647.27
2056.29 4644.9
2056.35 4633.45
2056.49 4648.49
2056.46 4643.93
2057.37 4647.49
2057.52 4653.63
2057.54 4655.7
2057.24 4678.84
2057.03 4671.35
2056.25 4643.92
2055.75 4635.15
2056.19 4643
2056.18 4645.37
2056.1 4631.99
2056.01 4633.38
2055.15 4648.07
2055.04 4660.52
2055.62 4661.51
2057.81 4690.75
2057.44 4707.79
2057.47 4721.22
2057.45 4722.41
2057.77 4725.63
2057.76 4719.23
2057.89 4732.27
2057.09 4739.44
2056.79 4739.53
2056.63 4726.29
2056.98 4709.44
2056.97 4697.9
2056.75 4694.64
2056.75 4693.79
2056.24 4692.88
2056.55 4681.03
2056.33 4664.27
2055.22 4659.1
2054.83 4651.9
2054.65 4647.07
2054.02 4661.6
2053.83 4693.46
2054.29 4717.94
2056.91 4774.75
2057.25 4780.73
2057.47 4770.42
2057.38 4771.81
2057.38 4776.84
2057.35 4771.43
2057.58 4767.26
2057.44 4765.54
2057.19 4754.93
2056.97 4913.65
2056.94 4896.38
2056.31 4886.68
2056.46 4876.88
2056.46 4870.93
2056.36 4872.82
2055.69 4859.56
2055.48 4859.28
2055.51 4849.58
2055.47 4832.92
2055.42 4817.95
2055.21 4815.68
2055.36 4814.46
2055.27 4820.77
2055.36 4865.52
2055.37 4876.93
2055.15 4882.33
2055.23 4868.14
2054.97 4878.37
2054.97 4880.33
2055.19 4877.27
2055.18 4867.81
2055.1 4901.92
2054.87 4920.64
2054.69 4923.61
2054.5 4921.21
2054.8 4927.27
2054.65 4920.81
2054.1 4912.6
2052.85 4918.99
2052.31 4918.5
2052.62 4925.05
2052.56 4919.5
2052.12 4909.99
2052.74 4924.73
2052.56 4917.02
2052.94 4907.71
2052.76 4898.11
2052.81 4885.87
2052.81 4888.84
2054.27 4907.34
2054.24 4890.37
2054.25 4886.03
2054.01 4892.46
2054.02 4887.91
2052.02 4863.65
2051.78 4869.07
2051.93 4868.59
2051.33 4854.76
2051.43 4851.36
2051.38 4841.09
2051.69 4843.92
2051.95 4841.57
2051.9 4851.88
2051.92 4851.18
2051.61 4839.79
2051.28 4826.8
2051.65 4813.47
2050.84 4837.03
2050.65 4857.25
2050.81 4859
2050.79 4862.48
2050.78 4860.29
2051.02 4865.17
2051.01 4866.69
2050.42 4881.61
2050.47 4893.82
2050.49 4900.53
2050.52 4904.27
2050.55 4879
2050.37 4880.61
2050.37 4884.05
2051.97 4924.9
2051.92 4927.92
2052.07 4937.91
2050.91 4973.93
2048.33 5065.69
2048.26 5081.42
2048.31 5092.04
2048.32 5096.89
2048.44 5100.82
2048.8 5106.56
2048.68 5117.76
2048.62 5118.42
2048.07 5100.59
2048.12 5053.86
2048.23 5043.97
2048.22 5040.23
2047.94 5032.33
2047.64 4977.35
2047.64 4956.2
2047.59 4964.86
2047.58 4969.2
2048.17 5028.76
2048.02 5044.82
2048.01 5043.43
2048.14 4989.87
2048.42 4999.95
2048.44 4985.2
2049.64 4986.44
2050.47 5025.17
2050.11 5072.82
2051.31 5119.06
2051.21 5121.59
2051.39 5122.73
2051.45 5118.46
2052.09 5127.92
2052.1 5120.05
2052.25 5072.68
2052.24 5067.51
2051.81 5068.75
2051.82 5075.59
2051.4 5094.07
2051.33 5091.72
2051.2 5095.87
2051.37 5109.79
2052.05 5115.02
2051.45 5096.12
2051.37 5097.83
2050.88 5082.45
2052.2 5059.9
2052.06 5059.33
2052.6 5040.19
2052.6 5022.42
2050.49 5019.26
2050.05 5023.37
2049.97 5026.48
2050.77 5025.09
2050.67 5024.66
2050.85 5012.31
2050.25 5016.28
2050.3 5024.56
2050.31 5029.72
2051.33 5030.17
2051.11 5047.59
2051.11 5062.74
2051.19 5075.36
2051.31 5083.93
2051.05 5089.78
2051.06 5106
2051.1 5099.27
2051.15 5094.83
2051.47 5082.23
2051.69 5081.14
2052.1 5071.73
2052.4 5077.01
2052.36 5082.83
2052.36 5079.63
2053.57 5069.16
2053.18 5074.87
2053.95 5068.3
2054.78 5088.95
2055.28 5118.77
2055.35 5127
2054.78 5144.88
2054.73 5153.12
2054.73 5152.9
2054.74 5157.75
2053.61 5161.37
2054.42 5174.23
2054.53 5185.62
2054.5 5181.64
2055.29 5184.74
2055.28 5188.27
2055.27 5189.32
2055.19 5183.85
2055.11 5200.71
2053.95 5248.92
2053.98 5255.02
2053.75 5253.31
2053.74 5256.24
2053.59 5254.38
2053.61 5259.43
2053.15 5263.52
2053.67 5187.35
2053.14 5175.22
2052.95 5169.28
2051.86 5161.68
2051.88 5151.08
2051.37 5153.82
2051.42 5138.89
2051.34 5137.89
2051.92 5130.57
2051.38 5110.65
2051.34 5105.53
2051.28 5106.01
2051.31 5109.04
2051.45 5136.21
2051.63 5150.51
2051.67 5153.05
2052.31 5165.68
2052.29 5167.37
2052.94 5170.82
2052.96 5184.85
2053 5188.63
2052.93 5188.63
2052.95 5189.68
2053.68 5190.37
2053.71 5185.86
2053.34 5181.17
2052.76 5177.06
2052.57 5185.79
2053.23 5196.98
2053.16 5199.27
2052.78 5196.08
2052.86 5199.68
2052.91 5199.1
2052.95 5208.64
2053.23 5204.92
2053.56 5202.2
2053.09 5213.81
2053.38 5210.21
2051.6 5214.83
2051.62 5220.39
2051.64 5228.08
2051.28 5223.75
2051.28 5211.44
2051.43 5216.61
2051.45 5218.32
2051.39 5214.93
2052.71 5348.05
2051.03 5342.33
2050.82 5336.18
2051.15 5347.05
2051.11 5347.99
2052.17 5392.15
2051.96 5389.61
2051.62 5395.04
2051.7 5397.19
2050.8 5410.88
2050.85 5411.77
2050.87 5414.41
2050.67 5420.8
2050.95 5406.13
2051.08 5396.92
2050.49 5377.93
2050.59 5380.39
2050.52 5379.88
2050.68 5382.63
2050.68 5385.14
2050.53 5374.1
2050.56 5369.02
2050.73 5379.41
2050.56 5397.29
2050.5 5394.71
2050.58 5392.26
2050.59 5391.77
2050.5 5375.97
2050.33 5372.56
2050.52 5375.29
2050.53 5381.78
2050.19 5292.31
2050.06 5295.59
2049.23 5287.97
2049.27 5280.24
2049.76 5262.45
2051.22 5307.42
2051.03 5314.1
2051.72 5291.64
2055.57 5340.71
2054.77 5340.64
2054.75 5342.3
2055.91 5321.54
2058.72 5340.28
2058.61 5338.76
2058.06 5347.98
2057.78 5357.18
2057.87 5351.23
2058.02 5353.09
2058.15 5361.43
2058.15 5366.55
2057.99 5365.19
2057.86 5337.59
2057.84 5310.86
2057.97 5307.31
2058.1 5310.32
2058.28 5338.9
2057.91 5378.43
2057.94 5397.79
2057.95 5402.36
2057.67 5407.05
2057.4 5397.88
2058.04 5393.99
2058.03 5378.95
2058.03 5375.82
2057.49 5363.51
2057.49 5361.1
2057.51 5356.98
2056.68 5357.14
2056.52 5351.8
2056.71 5381.64
2056.73 5378.52
2056.72 5379.31
2056.58 5374.81
2056.89 5382.44
2056.44 5363.35
2056.26 5372.19
2056.19 5364.07
2056.19 5361.46
2056.59 5367.85
2055.5 5366.77
2055.32 5386.84
2054.96 5378.54
2054.81 5387.69
2054.87 5386.83
2054.92 5393.23
2054.91 5396.47
2055.18 5427.98
2055.42 5431.67
2055.43 5433.42
2055.43 5427.22
2055.34 5427.59
2055.35 5439.45
2055.27 5441.72
2054.75 5460.58
2054.62 5459.28
2054.49 5460.55
2054.34 5461.76
2054.28 5451.96
2054.66 5448.51
2054.56 5450.83
2067.17 5599.6
2067.11 5595.27
2067.13 5599.32
2068.09 5629.87
2068.08 5632.64
2068.14 5592.14
2068.03 5573.53
2068.05 5568.74
2068.02 5580.46
2068.01 5581.47
2069.23 5575.35
2069.52 5593.61
2069.5 5598.63
2069.5 5603.02
2069.06 5609.9
2069.24 5609.58
2069.24 5610.89
2069.77 5617.61
2069.49 5626.85
2069.41 5630.42
2069.23 5634.31
2068.75 5618.59
2069.04 5611.13
2068.85 5607.07
2068.85 5609.03
2068.83 5611.65
2068.74 5438.28
2072.1 5425.9
2072.2 5417.79
2072.2 5416.74
2072.23 5412.6
2072.47 5452.94
2072.48 5463.12
2072.56 5466.99
2072.47 5468.27
2072.81 5469.38
2072.81 5474.03
2072.75 5475.37
2072.86 5504.51
2073.07 5503.34
2072.62 5495.67
2072.54 5487.04
2072.34 5495.65
2074.71 5479.54
2074.71 5474
2074.94 5455.47
2074.59 5457.12
2076.79 5400.83
2079.57 5416.6
2079.72 5430.64
2079.2 5381.87
2079.2 5357.37
2079.28 5331.89
2079.15 5328.83
2079.15 5313.31
2079.15 5313.87
2079.07 5301.43
2079.24 5296.89
2078.88 5251.43
2079.37 5254.71
2079.49 5256.67
2079.53 5262.72
2078.66 5263.24
2078.62 5253.8
2078.46 5254.78
2077.57 5235.74
2076.05 5214.05
2075.89 5200.61
2076.11 5187.81
2076.17 5188.57
2075.77 5167.21
2075.74 5168.15
2076.6 5164.8
2075.9 5166.55
2075.88 5170.65
