141.071 0
427.763 16.8435
431.751 16.8435
455.152 16.8435
456.558 16.8435
459.656 16.8435
459.95 16.8435
484.164 16.8435
494.36 16.8435
563.448 19.6305
640.897 26.1204
680.322 26.0753
682.782 26.0576
692.732 26.0489
693.316 26.0489
703.26 26.0489
718.907 26.0489
781.809 43.9806
840.493 48.9695
860.163 46.65
880.141 46.2177
892.719 46.0965
923.604 46.1204
943.733 46.1442
944.276 45.4189
960.126 45.434
960.797 42.5539
990.889 45.5728
999.302 45.6144
1000.02 45.624
1007.38 45.5215
1028.84 52.1868
1041.33 47.014
1040.74 48.1439
1055.23 73.6198
1075.13 99.0571
1082.68 95.7532
1093.1 97.1034
1110.57 97.3918
1141.06 81.1959
1143.61 79.5279
1147.47 86.8581
1145.37 93.6136
1149.83 101.33
1154.16 100.899
1152.84 93.4969
1153.59 119.09
1155.89 153.056
1169.29 198.467
1188.18 225.918
1188.05 237.181
1188.2 247.171
1188.23 256.769
1190.03 310.473
1231.83 516.288
1232.59 622.657
1247.15 645.401
1245.52 670.901
1247.63 666.105
1246.82 666.166
1239.62 678.954
1238.98 686.951
1238.82 688.556
1239.63 685.699
1239.67 683.604
1234.23 682.821
1240.14 673.495
1244.51 659.878
1229.12 867.562
1229.02 952.984
1226.63 989.926
1230.92 1005.79
1237.66 1148.8
1238 1244.91
1261.65 1220.57
1272.36 1464.02
1272.68 1515.21
1285.64 1599.52
1298.05 1542.05
1294.54 1526.11
1294.73 1580.22
1296.05 1609.24
1296.26 1608.36
1315.25 1627.33
1315.79 1642.77
1317.69 1833.03
1318.96 1905.87
1324.29 1879.24
1328.97 1857.76
1328.75 1915.65
1324.81 1921.08
1325.87 1895.04
1322.88 1941.84
1321.57 2026.64
1329.58 2164.3
1331.87 2184.42
1362.02 2190.19
1368.35 2325.41
1373.85 2414.63
1369.81 2463.67
1370.14 2484.68
1368.85 2462.28
1368.1 2474.44
1366.66 2493.04
1362.65 2566.35
1368 2579.39
1371.31 2635.82
1367.73 2571.87
1373.55 2552.9
1368.99 2566.16
1362.72 2613.48
1365.91 2673.8
1361.88 2786.69
1364.05 2922.97
1356.76 3146.67
1357.74 3270.89
1407.67 3385.53
1406.27 3514.15
1399.8 3494.55
1402.93 3508.7
1410.66 3590.26
1412.04 3630.48
1404.71 3650.63
1402.8 3649.65
1424.79 3700.59
1441.7 3707.05
1442.2 3700.14
1444.27 3761.35
1442.79 3780.42
1442.52 3799.47
1442.61 3779.5
1444.53 3757.9
1444.27 3790.93
1442.33 3862.11
1442.49 3996.42
1441.66 3977.39
1442.32 3826.67
1446.89 3789.07
1446.88 3667.26
1448.09 3675.86
1438.86 3692.04
1439.09 3740.67
1438.92 3749.31
1438.8 3777.94
1437.58 3802.5
1437.22 3823
1438.84 3900.66
1437.58 3993.02
1437.59 4006.77
1436.83 4039.29
1423.28 4232.17
1420.28 4432.05
1420.29 4533.68
1419.78 4570.01
1421.64 4585.1
1420.2 4628.49
1420.79 4658.02
1423.54 4637.66
1424.85 4622.51
1421.43 4693.72
1424.82 4705.46
1426.1 4693.18
1426.15 4693.29
1422.1 4724.67
1422.48 4728.43
1431.55 4739.26
1430.23 4735.83
1432.95 4706.82
1434.53 4661.31
1435.16 4593.89
1429.15 4626.6
1429.18 4568.33
1425.58 4538.25
1429.42 4529.71
1466.32 4713.76
1467.2 4718.65
1467.22 4557.77
1466.08 4575.92
1464.41 4594.43
1464.4 4612.19
1465.18 4648.76
1465.51 4678.11
1465.94 4805.95
1466.35 4810.44
1469.7 4838.5
1471.3 4861.51
1471.38 4857.52
1469.18 4819.89
1453.22 5077.14
1453.44 5035.51
1459.67 4988.93
1459.62 4968.86
1459.44 4970.56
1457.76 4913.12
1457.61 4965.94
1458.86 4977.2
1460.34 5015.84
1460.24 4997.61
1461.93 5007.24
1462.01 5025.48
1457 4990.19
1457.24 4924.62
1456.95 4880.53
1456.97 4846.4
1457.95 4785.92
1457.37 4774.9
1454.69 4772.27
1454.49 4772.74
1454.83 4776.95
1455.26 4744.28
1456.41 4747.3
1457.29 4749.51
1456.76 4709.25
1456.73 4704.56
1453.73 4696.69
1454.85 4730.31
1455.11 4739.82
1459.43 4705.54
1458.55 4806.34
1458.56 4853.17
1456.21 4881.47
1456.67 4886.37
1455.61 4893.41
1455.16 4904.69
1461.44 4955.61
1460.6 4963.98
1460.69 5031.86
1462.29 5075.41
1463.59 5127.88
1463.59 5097.53
1463.49 5051.12
1463.67 5027.02
1463.91 5026.09
1464.3 5025.23
1465.17 4997.2
1462.91 5102.12
1462.67 5104.73
1462.35 5137.7
1462.1 5164.53
1461.88 5139.89
1461.78 5116.63
1462.56 5099.08
1465.28 5116.88
1465.35 5133.21
1463.17 5187.57
1462.67 5340
1462.96 5388.06
1463.06 5394.35
1460.82 5450.26
1461.84 5247.28
1462.14 5106.3
1461.63 5119.82
1462.57 4962.95
1463.29 4951.77
1464.39 4954.45
1464.99 4947.23
1464.77 4946.55
1461.87 4923.05
1461.87 4916.47
1464.5 4942.88
1464.52 4973.69
1464.76 4997.51
1462.54 4978.27
1461.02 4986.87
1460.12 5013.95
1463.22 5013.33
1463.37 5011.92
1464.04 4989.64
1463.9 4984.35
1467.5 5049.52
1467.32 5087.12
1476.57 5056.62
1476.14 5049.93
1476.12 5075.7
1477.16 5093.78
1496.61 5338.94
1470.78 5520.47
1470.84 5611.3
1476.55 5770.99
1477.31 5709.53
1477.38 5702.54
1477.46 5715.97
1477.06 5743.68
1474.37 5737.28
1474.36 5714.16
1474.15 5735.22
1473.67 5858.21
1473.79 5838.57
1473.91 5777.37
1474.94 5761.52
1474.19 5715.7
1469.23 5614.13
1468.65 5469.13
1470.55 5399.77
1470.64 5451.42
1474.25 5478.91
1474.5 5515.54
1474.89 5557.04
1474.91 5593.12
1475.17 5614.07
1474.33 5644.95
1475.45 5683.16
1475.74 5721.99
1475.67 5706.22
1475.01 5708.1
1475.27 5683.85
1477.11 5665.9
1477.24 5636.27
1476.74 5646.16
1476.86 5648.4
1476.34 5654.84
1477.46 5669.59
1477.52 5602.12
1475.46 5571.16
1475.09 5480.45
1473.81 5420.25
1473.21 5382.26
1474.48 5430.02
1473.51 5429.94
1473.43 5453.43
1473.45 5439.48
1473.56 5439.46
1473.28 5365.51
1472.96 5317.98
1471.86 5314.3
1471.6 5303.25
1472.54 5317.56
1472.51 5297.56
1472.52 5276.41
1473.68 5316.83
1473.66 5297.5
1473.75 5252.4
1474.08 5241.06
1472.49 5330.6
1472.6 5364.88
1472.77 5400.16
1473.73 5416.08
1474.41 5412.25
1475.26 5393.14
1475.19 5377.53
1473.82 5417.69
1474.2 5441.61
1474.29 5438.08
1473.97 5451.8
1473.84 5411.79
1473.73 5397.35
1473.8 5402.32
1475.33 5463.96
1475.11 5441.51
1475.53 5447.93
1475.54 5439.54
1475.52 5417.39
1475.49 5405.83
1476.77 5413.31
1476.94 5374.18
1476.82 5392.52
1476.69 5381.38
1476.7 5392.89
1475.69 5411.71
1477.12 5447.71
1477.75 5455.6
1478.3 5462.31
1478.01 5456.45
1478.55 5451.45
1478.23 5480.4
1477.92 5465.11
1477.81 5460.88
1477.85 5412.12
1477.61 5426.18
1477.06 5429.93
1477.09 5435.65
1476.43 5412.23
1476.24 5407.75
1476.21 5425.23
1476.99 5407.07
1476.99 5401.19
1476.89 5393.64
1475.88 5359.77
1475.85 5338.39
1475.06 5284.72
1474.82 5273.33
1474.62 5229.39
1474.58 5327.83
1475.95 5392.57
1476.04 5398.22
1476.05 5391.48
1476.42 5397.24
1475.33 5490.98
1475.62 5400.89
1475.56 5337.99
1475.53 5324.5
1476.1 5291.41
1476.24 5283.3
1475.64 5307
1472.74 5628.19
1473.51 5612.69
1473.15 5562.97
1472.41 5546.05
1472.57 5559.54
1472.71 5580.19
1472.77 5578.82
1472.94 5592.41
1472.91 5608.76
1472.76 5626.35
1472.85 5638.46
1473.24 5634.87
1473.33 5604.87
1472.49 5590.06
1472.66 5575.2
1473.22 5576.8
1473.49 5588.25
1473.37 5591.78
1473.44 5592.53
1473.52 5586.87
1473.98 5586.23
1473.3 5625.42
1472.77 5632.46
1473.69 5664.48
1473.44 5680.44
1472.23 5698.86
1474.52 5720.88
1474.51 5728.99
1474.42 5734.95
1473.82 5744.51
1473.16 5734.35
1473.12 5733.28
1472.5 5713.98
1472.66 5730.96
1472.8 5731.12
1472.58 5732.05
1474.41 5756.05
1474.31 5753.56
1474.89 5776.69
1475.3 5786.6
1475.02 5776.28
1474.39 5788.61
1474.92 5798.98
1474.95 5779.3
1474.85 5797.61
1474.74 5848.68
1473.43 5891.61
1473.54 5902.55
1473.88 5855.29
1474.41 5876.03
1474.31 5867.78
1474.7 5833.08
1475.06 5810.35
1474.83 5794.23
1474.87 5782.62
1475.19 5822.87
1473.99 5851.16
1474.14 5895.95
1474.15 5861.64
1474.22 5850.06
1474.59 5865.79
1475.17 5883.99
1475.76 5908.1
1476.23 5904.97
1477.9 5900.79
1478.11 5919.11
1478.04 5931.22
1478.26 5940.44
1478.18 5914.82
1476.8 5936.69
1476.6 5941.49
1476.44 5957.01
1477.07 5958.45
1478.53 5950.96
1478.85 5934.6
1478.86 5921.47
1478.98 5914.55
1479.19 5907.78
1480.92 5869.47
1482.55 5906.76
1483.32 5963.93
1483.46 5953.5
1483.52 5976.19
1481.7 5993.23
1481.88 6002.52
1481.31 6016.32
1480.52 6082.29
1480.56 6127.88
1479.71 6160
1480.14 6201.24
1479.89 6200.24
1480.08 6206.59
1479.92 6193.34
1479.78 6191.24
1479.19 6214.35
1479.15 6202.83
1479.09 6180.09
1482.25 6216.56
1481.54 6292.86
1481.54 6321.3
1481.8 6324.03
1481.55 6397.46
1480.72 6363.5
1482.32 6376.83
1482.71 6383.86
1481.94 6378.73
1481.8 6351.45
1482.07 6324.63
1481.11 6506.66
1480.23 6369.49
1480.12 6346.18
1479.95 6418.01
1477.74 6489.6
1477.97 6545.53
1477.68 6511.34
1477.91 6478.68
1478.13 6444.45
1477.49 6435.78
1477.86 6511.85
1477.95 6532.95
1477.94 6528.4
1478.67 6540.97
1478.54 6531.8
1478.67 6573.97
1478.89 6589.63
1477.93 6666.48
1478.09 6686.37
1478.18 6669.77
1478.21 6704.89
1478.11 6736.79
1478.55 6748.06
1478.68 6759.67
1478.91 6769.5
1478.82 6737.37
1478.81 6723.45
1479.26 6666.39
1478.01 6647.83
1477.96 6651.98
1477.85 6642.79
1477.39 6634.76
1478.06 6622.17
1478.05 6615.67
1478.11 6600.96
1479.37 6525.99
1479.69 6515.43
1480.41 6514.39
1482.16 6560.22
1482.06 6579.96
1481.21 6636.48
1481.26 6644.98
1481.26 6631.9
1481.48 6654.61
1481.59 6640.67
1481.46 6624.17
1481.53 6601.43
1480.39 6604.33
1480.03 6582.05
1480.27 6574.22
1480.05 6565.9
1480.3 6536.41
1480.33 6539.93
1480.33 6560.64
1479.94 6552.21
1479.69 6564.1
1479.76 6560.08
1477.85 6741.39
1477.48 6834.05
1478.33 6818.96
1478.12 6789.88
1478.08 6769.11
1477.8 6775.32
1477.77 6807.75
1478.48 6831.94
1477.7 6847.46
1478.92 6903.41
1478.09 6871.08
1478.34 6835.37
1478.11 6836.22
1478.58 6873.35
1478.58 6897.08
1479.45 6928.19
1480.04 6928.44
1479.84 6958.11
1479.97 6956.98
1479.97 6944.65
1480.29 6957.57
1480.67 6948.25
1480.65 6950.55
1479.61 6986.46
1479.62 6997.15
1479.8 7020.89
1479.64 7000.61
1480.02 6986.95
1479.6 6996.62
1479.08 6989.75
1479.69 7008.01
1479.61 7012.8
1479.17 7016.02
1478.82 7020.44
1479.85 7036.03
1479.94 7074.99
1479.89 7082.78
1479.77 7083.23
1479.75 7201.26
1479.74 7247.12
1479.33 7200.18
1479.15 7173.7
1479.14 7170.45
1479.01 7211.45
1479.37 7230.63
1479.23 7242.7
1479.71 7242.63
1477.76 7224.98
1477.4 7220.1
1477.77 7249.88
1477.78 7246.74
1477.75 7244.13
1477.87 7263.47
1478.39 7294.71
1479.43 7311.05
1479.05 7331.4
1478.15 7342.09
1478.29 7367.18
1479.06 7378.01
1479.21 7370.02
1479.33 7365.58
1479.73 7365.07
1482.78 7344.43
1482.27 7331.25
1482.04 7342.2
1483.37 7339.21
1483.41 7338.07
1483.36 7371.71
1482.81 7368.28
1483.12 7392.67
1482.53 7446.69
1481.94 7451.72
1482.59 7457.03
1483.44 7463.71
1483.73 7475.57
1484.31 7467.06
1484.19 7460.92
1484.34 7464.81
1484.59 7441.11
1485.56 7412.82
1485.32 7401.84
1485.51 7394.93
1484.7 7399.5
1484.78 7422.18
1485.21 7444.07
1485.19 7444.42
1485.08 7423.65
1484.49 7415.17
1485.65 7414.69
1485.49 7440.31
1485.5 7460.47
1485.58 7465.87
1485.42 7471.33
1486.4 7477.02
1486.42 7454.8
1485.78 7433.98
1486.99 7438.21
1486.96 7437.19
1486.73 7447.05
1486.77 7451.09
1486.69 7463.5
1487.76 7463.35
1487.94 7475
1487.83 7482.28
1487.83 7487.04
1488.02 7486.88
1487.92 7485.4
1488.38 7498.3
1488.23 7494.62
1487.35 7453.47
1486.95 7438.18
1487.19 7410.6
1487.52 7418.35
1487.08 7428.89
1487.15 7435.15
1485.27 7486.24
1485.04 7478.72
1485.41 7469.23
1484.47 7461.7
1484.3 7469.73
1484.41 7469.33
1484.64 7483.76
1484.33 7482.45
1480.87 7523.12
1479.21 7635.6
1479.2 7682.72
1479.05 7692.64
1479.01 7694.08
1479.05 7701.51
1479.14 7707.48
1480.99 7756.72
1480.75 7822.64
1480.58 7865.77
1480.58 7872.48
1480.22 7851.98
1480.95 7881.4
1480.45 7902.63
1480.08 7912.74
1480.4 7935.93
1480.2 7955.82
1480.46 7962.69
1480.63 7979.62
1480.6 7989.03
1480.44 8000.72
1480.17 7999.5
1479.97 7996.56
1480.29 8008.04
1480.14 8007.74
1479.66 8047.41
1480.62 8069.96
1480.03 8137.68
1481.02 8169.61
1481.15 8201.21
1481.53 8201.26
1481.57 8211.93
1481.39 8180.57
1482.07 8147.8
1482.08 8060.46
1482.09 8023.78
1482.45 8012.1
1482.39 8003.33
1482.41 7997.26
1482.2 7998.13
1483.06 8030.22
1482.8 8049.44
1482.39 8057.27
1482.08 8035.89
1481.43 8049.06
1481.03 8037.63
1481.07 8071.13
1481.31 8078.26
1480.66 8102.26
1480.24 8162.92
1480.35 8148.69
1480.32 8109.63
1479.85 8108.9
1479.67 8057.7
1479.63 8043.14
1479.65 8055.75
1481.94 8125.45
1482.84 8132.96
1482.64 8079.68
1482.62 8060.96
1482.27 8067.05
1482.9 8056.95
1482.82 7998.98
1482.83 8031.82
1482.68 8040.71
1482.6 8057.29
1483.67 8069.74
1483.74 8066.08
1483.69 8071.62
1483.56 8073.06
1483.43 8057.21
1483.42 8047.04
1484.44 8041.35
1483.87 8046.69
1483.52 8066.68
1482.45 8046.37
1482.31 8049.77
1482.63 8064.36
1482.46 8004.9
1482.67 7972.1
1483.07 7952.23
1482.85 7965.05
1481.99 7942.82
1482.04 7910.5
1481.48 7949.46
1482 7946.71
1481.97 7926.55
1482.13 7919.73
1482.16 7931.56
1482.22 7922.96
1480.23 7979.68
1480.07 7996.03
1479.22 7965.29
1480.86 7947.62
1481.41 7931.97
1482.58 7967.14
1482.48 7973.83
1482.41 7992.23
1482.43 7922.12
1482.35 7943.92
1482.74 7911.87
1482.9 7917.61
1482.67 7903.93
1482.85 7884.6
1482.39 7861.26
1482.62 7859.68
1483.19 7884.13
1483.62 7889.38
1484.05 7896.38
1485.35 7957.64
1485.45 7979.75
1485.46 7971.55
1484.73 7965.11
1485.6 7932.74
1486.88 7941.63
1486.4 7967.77
1485.76 7945.73
1485.94 7942.65
1485.76 8193.28
1485.95 8255.54
1486.39 8256.39
1486.15 8276.86
1487.08 8265.1
1486.91 8222.64
1486.65 8197.38
1486.85 8180.89
1486.58 8185.57
1486.55 8185.94
1485.11 8210.15
1485.02 8213.26
1485.32 8230
1485.33 8241.41
1486.44 8057.35
1486.14 7958.52
1485.83 7951.16
1485.85 7941.05
1486.08 7926.01
1486.88 7926.1
1486.32 7927.16
1486.77 7938.66
1485.69 7875.78
1485.46 7822.27
1485.57 7816.76
1486.09 7812.62
1485.85 7802.32
1485.8 7790.36
1486.17 7790.41
1486.4 7805.94
1486.26 7783.63
1489.69 7763.22
1489.41 7781.88
1489.58 7799.98
1489.73 7806.14
1489.91 7813.95
1490.85 7799.17
1490.8 7814.97
1490.51 7832.55
1490.31 7828.02
1490.3 7831.54
1490.19 7840.04
1490.19 7838.84
1491.28 7866.55
1491.26 7878.36
1490.9 7860.27
1492.19 7888.24
1492.48 7913.53
1492.37 7888.97
1492.16 7872.87
1492.27 7866.48
1491.69 7863.37
1492.36 7856.4
1492.5 7845.76
1492.62 7846.47
1492.63 7828.83
1492.63 7823.87
1492.97 7814.84
1492.86 7817.37
1493.7 7798.98
1494.01 7745.82
1494.06 7736.91
1494.61 7728.17
1495.16 7762.1
1495.13 7772.51
1495.2 7745.66
1495.38 7757.48
1495.21 7772.61
1495.21 7774.79
1495.31 7778.73
1494.48 7784.47
1493.48 7805.52
1493.42 7819.9
1493.89 7822.47
1493.9 7823.64
1494.49 7817.63
1494.07 7829.41
1494.1 7851.51
1494.15 7882.93
1493.69 7857.54
1494.59 7821.08
1494.35 7826.31
1494.69 7826.2
1494.91 7835.67
1494.71 7829.32
1494.6 7920.57
1494.47 7932.85
1496.08 7803.1
1496.1 7756.05
1496.1 7753.27
1495.88 7769.94
1495.79 7757.92
1495.94 7755.18
1495.96 7752.53
1495.8 7754.77
1495.79 7769.28
1496.07 7794.62
1496.09 7814.38
1496.16 7839.94
1495.96 7865.84
1496.01 7889.97
1496.03 7930.74
1495.35 7996.12
1495.26 8011.81
1495.62 8007.06
1495.25 8017.97
1494.14 8057.62
1493.88 8056.66
1493.54 8067.18
1493.91 8077.32
1494.74 8085.95
1494.55 8082.3
1494.56 8082.51
1494.57 8098.26
1494.62 8113.51
1493.92 8136.71
1493.55 8176.04
1493.97 8189.77
1494.08 8203.85
1494.06 8218.8
1493.6 8213.5
1493.57 8211.56
1493.58 8206.33
1493.7 8207.48
1493.68 8191.95
1493.56 8176.88
1493.59 8170.28
1493.46 8176.23
1493.42 8181.59
1493.26 8185.63
1493.4 8218.26
1493.4 8227.1
1494.61 8339.76
1494.33 8346.71
1494.25 8345.72
1493.33 8352.76
1493.61 8396.93
1493.93 8392.08
1492.32 8466.91
1492.42 8505.13
1492.32 8532.86
1492.81 8525.25
1492.34 8516.21
1491.37 8526.74
1491.3 8638.01
1491.28 8673.84
1491.31 8683.54
1491.19 8667.85
1491.12 8662.24
1491.24 8662.88
1491.4 8639.53
1491.18 8645.11
1491.45 8617.86
1490.3 8688.38
1490.44 8729.07
1491.12 8750.96
1491.32 8765.98
1491.4 8777.47
1490.99 8720.81
1490.42 8762.65
1490.43 8781.07
1490.43 8769.66
1490.2 8747.07
1489.76 8793.31
1490.09 8794.38
1490.05 8815
1490.03 8826.49
1489.73 8826.08
1490.21 8820.06
1489.83 8825.48
1489.45 8835.87
1489.43 8845.52
1489.75 8863.35
1489.61 8878.97
1489.95 8866.46
1489.96 8846.49
1490.24 8821.55
1492.66 8710.1
1492.6 8719.46
1492.59 8745.65
1492.51 8753.26
1492.61 8757.53
1492.83 8741.14
1492.7 8731.62
1492.49 8734.93
1492.87 8714.93
1493.87 8695.47
1493.54 8675.43
1494.56 8642.94
1495.27 8626.74
1495.38 8612.96
1496.14 8605.6
1496.74 8609.66
1496.66 8618.8
1496.1 8615.68
1496.17 8617.86
1496.22 8579.27
1495.99 8578.67
1496.16 8579
