216.741 0
285.269 0
338.688 0
341.915 0
348.465 0
366.761 0
377.747 0
471.09 3.02843
532.665 6.19707
538.426 6.15468
542.982 6.15305
576.104 6.15142
590.709 6.15029
675.903 18.4224
688.521 18.0476
699.932 17.8483
700.616 17.7184
713.731 17.6306
720.927 17.5428
731.14 17.6018
794.064 37.0536
798.44 36.52
799.22 36.52
865.368 54.6643
878.934 58.1011
875.139 1703.28
839.154 6280.07
851.651 8837.98
872.625 8807.15
867.804 8570.34
869.343 8244.71
873.083 7877.28
930.905 7487.17
961.201 7094.24
961.295 6702.56
1018.49 6331.46
1054.02 5965.51
1061.85 5646.05
1063.62 5203.04
1064.33 4788.44
1065.42 4473.23
1083.7 4264.7
1089.94 4070.74
1086.63 3739.89
1393.74 6680.22
1408.52 6227.12
1408.82 5931.28
1412.76 5691.15
1411.42 5478.25
1423.74 5282.31
1423.54 5055.68
1270.45 4484.07
1274.42 4343.07
1281.73 4306.23
1291.68 4253.12
1305 4760.17
1304.96 4947.7
1281.53 4642.12
1281.9 4481.81
1323.1 4603.04
1296.77 4624.84
1296.35 4614.06
1300.25 4982.97
1312.1 5162.66
1331.34 5222.45
1328.62 5241.59
1328.47 5465.49
1344.58 5592.65
1283.76 6004.43
1291.67 6133.83
1295 5987.81
1293.91 5889.14
1294.19 5749.37
1320.03 6489.91
1325.26 5822.39
1347.02 5600.77
1359.99 5584.17
1371.68 5917.6
1372.84 6158.68
1369.95 6242.34
1365.81 5961.54
1367.94 5989.57
1365.95 6032.33
1366.62 6051.91
1371.57 5966.93
1367.35 5989
1365.84 6013.8
1367.74 6586.96
1384.66 7226.63
1385 7173.62
1404.6 7360.38
1410.27 7351.05
1410.34 8397.83
1381.02 7896.58
1436.07 8171.15
1429.54 8300.63
1433.06 8702.53
1441.16 8697.49
1439.29 8747.76
1485.93 9299.68
1490.12 9701.22
1485.74 9425.86
1403.01 9841.32
1410.89 9986.16
1411.54 9957.1
1431.18 10060.5
1433.55 10119.1
1434.43 10081.4
1434.36 10055.8
1422.96 10060.9
1401.79 10308.1
1425.98 11266.2
1417.2 11299.2
1416.94 10770.7
1424.77 10626.5
1422.94 10618.4
1432.46 10499.4
1438.79 10390.1
1438.74 10149.7
1445.38 10558.3
1447.18 10578.4
1447.06 10646.2
1445.57 10672.4
1446.28 10684.5
1446.27 10799.8
1445.59 10793.2
1446.86 10774.8
1458.73 10844.2
1462.6 11082.1
1475.39 11250.6
1477.9 11711.1
1480.26 11679
1474.13 11817.3
1484.09 12096.2
1484.72 11991.7
1471.16 12074.5
1475.78 12229.5
1474.6 12277.5
1476.65 12313
1522.57 12411.6
1522.54 12489.9
1523.92 12492.6
1519.25 12404.5
1519.68 12432.9
1519.97 12432.6
1518.31 12367
1518.33 12352.9
1509.77 12551.2
1507.34 12482
1503.91 12490.3
1509.02 12317
1509.41 12286.6
1513.19 12252.4
1513.5 12222.4
1512.71 12285.1
1514.27 12233
1520.84 12224.5
1519.33 12140.2
1519.8 12096.2
1519.86 12042.7
1519.4 12126.3
1521.87 12232.3
1514.15 12273.5
1529.45 12415.6
1529.27 12514.6
1529.82 12535.8
1530.29 12521.2
1530.7 12445.4
1530.36 12527.4
1529.3 12576.7
1529.09 12572
1522.21 12843.2
1520.77 12836.1
1517.98 12833.6
1511.23 12787.3
1515.09 12860.8
1515.03 13047.4
1515.15 13123.7
1515.89 13131.6
1515.91 13084.7
1511.27 13021.3
1511.22 12940.8
1512.09 12916.2
1511.82 12896.8
1512.64 12960.5
1517.66 12861.3
1518.93 12799.2
1517.09 12748.4
1516.5 12782.9
1518.78 12826.5
1518.79 12754.7
1515.7 12762.9
1515.91 12825.1
1513.61 12953
1513.9 12940
1514.13 12927.2
1512.47 12902.4
1510.16 12916.7
1510.19 12919.3
1509.58 12945.3
1510.78 13020.8
1507.73 12980.9
1505.01 12942.8
1505.37 12931.9
1503.63 12940
1501.14 12928
1503.62 12947.2
1502.65 12859.2
1520.45 12924.9
1521.66 13011.5
1522.71 13122.5
1521.5 13039
1521.03 13102.1
1520.55 13233.8
1519.46 13252.8
1520.93 13247.9
1517.38 13312.7
1517.32 13315.3
1515.33 13335.6
1514.3 13388.2
1513.63 13457.3
1514.09 13489.1
1516.87 13552.4
1519.3 13637.1
1518.01 13753.8
1518.02 13758.6
1517.83 13697.4
1519.78 13745.1
1519.76 13694.4
1522.37 13906.5
1522.36 13868.6
1526.63 13905.9
1529.53 13982.6
1532.16 14016.1
1532.52 14027.2
1533.28 13938
1532.87 13996.4
1533.06 13967
1533.34 13954.4
1573.77 14745.6
1573.9 14324.1
1574.06 14341.1
1575.11 14314.1
1575.26 14287.3
1573.71 14299.6
1573.27 14284.5
1580.45 14426.1
1577.22 14482.2
1579.96 14532.7
1580.04 14530.5
1583.06 14640.9
1582.52 14707.7
1583.01 14728.5
1583.26 14656
1580.52 14697
1581.57 14750.8
1580 14724.6
1578.36 14804.9
1579.07 14876
1584.65 14931
1587.24 15012.1
1585.56 15014.9
1585.17 15012.1
1586.57 15030.9
1585.84 14997.4
1586.47 14901
1586.92 14940.5
1589.23 15111.1
1588.47 15081.3
1587.54 15143.3
1587.52 15145.1
1588.89 15149.7
1589.42 15158
1590.12 15158.4
1589.27 15280.9
1588.98 15313.1
1591.6 15485.4
1590.41 15422.9
1591.48 15346.1
1592.99 15344.9
1593.17 15309.8
1592.98 15279.4
1594.25 15254.5
1593.48 15229.5
1594.74 15196.2
1594.41 15195.2
1595.27 15014.9
1592.07 15130.9
1591.94 15152.8
1594.52 15164.8
1594.63 15197.9
1594.56 15136.8
1594.08 15044.9
1594.23 15062.8
1594.15 15068
1593.87 15106.9
1593.95 15114.8
1593.89 15150.4
1599.07 15236.7
1599.03 15303.2
1599.58 15276.4
1599.86 15194.4
1600.2 15191.4
1598.58 15181.9
1598.07 15151.9
1597.79 15145.5
1597.76 15195.1
1601.63 15182.2
1601.86 15180
1602.76 15142.8
1604.6 15276.2
1605.96 15344.4
1604.58 15376.3
1603.96 15362.6
1605.3 15416.9
1604.28 15393.1
1604.41 15335.7
1604.04 15277.3
1602.79 15257.8
1605.89 15313.3
1605.15 15387.7
1607.45 15473.8
1607.56 15458.6
1606.26 15495
1606.6 15554.8
1606.61 15596
1604.26 15589.5
1606.34 15465.8
1606.85 15457.2
1607.14 15550.6
1604.56 15537.5
1605.49 15535.4
1605.68 15526.3
1603.69 15552.2
1603.6 15646.8
1602.86 15686.1
1602.24 15672.9
1602.21 15692.1
1601.25 15768.5
1599.76 15782.3
1599.66 15765.2
1600.07 15796.5
1600.08 15791.4
1600.13 15811.5
1599.94 15788.2
1599.27 15722.8
1599.15 15688.6
1598.86 15665.2
1598.67 15653
1599.15 15652
1600.82 15660.5
1605.64 15774.6
1607.17 15782
1607.61 15769.1
1607.88 15781
1607.65 15770.4
1607.66 15773.4
1607.66 15739.5
1605.08 15698.1
1604.96 15654.9
1603.85 15681.3
1603.81 15666.6
1604.01 15653.7
1604.01 15615.9
1604.22 15596.5
1604.7 15602.5
1604.79 15578.5
1603.7 15586.5
1603.26 15598.3
1603.04 15601.1
1601.36 15707.7
1601.2 15734.4
1600.18 15717.6
1600.73 15673.4
1597.74 15769.9
1597.57 15739.2
1593.66 15651
1593.62 15636.3
1593.25 15670.3
1593.61 15709.6
1603.9 15918
1604.22 15829.2
1603.36 15829.9
1603.81 15832
1603.64 15786.8
1599.44 15765.6
1599.12 15705.2
1598.69 15691.2
1601.18 15721.7
1601.37 15736.6
1601.89 15757.4
1605.6 15845.3
1605.77 15854.7
1605.65 15890.3
1605.96 15904.3
1604.61 15913.7
1604.6 15923.2
1604.98 15943.1
1606.81 15982.1
1606.83 15992.6
1606.55 15931.5
1606.76 15898.1
1606.4 15863
1606.39 15807.7
1605.17 15807.4
1604.92 15812.4
1606.89 15863.7
1607.39 15891.2
1611.16 16036.3
1610.6 16238.9
1611.01 16277
1610.92 16253
1611.54 16224.6
1608.6 16208.9
1608.78 16206.4
1607.62 16255
1607.56 16229.9
1607.36 16223.3
1607.67 16169
1607.65 16172.6
1607.65 16186.1
1608.97 16205.5
1608.9 16192.8
1608.94 16182.1
1608.62 16142.5
1608.7 16133.9
1608.52 16114.5
1608.22 16106.6
1609.08 16097.1
1609.52 16095.6
1608.94 16176.9
1609.66 16246.1
1609.83 16262.7
1610.1 16363.6
1610.4 16350
1610.32 16316.3
1613.06 16352.1
1613.04 16358.9
1613.94 16376.4
1614.02 16371.1
1613.79 16355.6
1611.89 16354.8
1611.91 16463.1
1611.83 16416.4
1612.01 16419.5
1612.49 16438.8
1612.18 16447.2
1613.14 16471.4
1613.67 16455.3
1613.73 16441.3
1614.77 16493.1
1614.06 16431.3
1613.1 16419.2
1613.08 16415.2
1612.92 16409.4
1612.43 16397.4
1613.2 16401.9
1613.42 16438.5
1614.43 16439.8
1614.44 16426.7
1614.42 16364.7
1613.75 16379.9
1613.72 16369.9
1613.6 16339.9
1613.63 16321.5
1613.87 16237.6
1613.48 16137.7
1613.52 16097.7
1614.8 16091.6
1614.91 16082.5
1614.54 16103.4
1613.64 16092.1
1615.16 16082
1614.81 16064.4
1614.79 16075.2
1615.21 16096.1
1615.29 16097.2
1615.4 16087.7
1615.16 16096.7
1615.41 16100.8
1615.09 16097.2
1615.09 16059.9
1615.53 16091.4
1616.41 16184.2
1616.29 16174.6
1615.82 16159.8
1615.17 16140.5
1615.15 16137.5
1615.17 16109.6
1615.2 16086.1
1614.29 16235.8
1614.27 16261
1614.23 16260.6
1614.8 16275.2
1615.02 16282.2
1614.83 16283.2
1615.21 16285.3
1615.53 16294.9
1614.93 16297.9
1615.08 16303.9
1615.07 16360.1
1615.46 16318.8
1616.46 16339.2
1616.47 16315.3
1616.48 16273.3
1616.35 16278.7
1617.99 16325.4
1618.03 16361.6
1617.87 16338.8
1618.45 16320.9
1618.24 16297.3
1619.26 16311.9
1619.18 16252.9
1618.98 16251.8
1618.95 16282.1
1617.86 16296.2
1616.8 16397
1617.06 16382
1616.53 16412.1
1617.39 16508.7
1617.38 16506.4
1617.2 16504.8
1616.66 16466.5
1616.6 16465.5
1616.52 16484.2
1616.65 16485.4
1617.69 16476
1617.06 16459.5
1617.35 16437.6
1616.02 16443.9
1616.11 16428.9
1615.41 16494.4
1616.07 16475.4
1616.11 16476.8
1616.04 16446.5
1616.11 16437
1616.97 16449.7
1616.72 16464.4
1617.66 16472.2
1617.67 16465.6
1617.85 16408.8
1617.85 16331.6
1617.51 16488.4
1618.14 16523.7
1619.32 16532.8
1618.34 16572
1618.85 16547.1
1618.85 16522.9
1621.15 16532.3
1621.09 16535.8
1621.26 16521.9
1622.66 16519.3
1622.55 16542
1623.02 16450.4
1623 16444
1622.91 16497.4
1623.08 16532.9
1623.45 16483.5
1621.26 16412.2
1621.27 16362.6
1621.25 16338.1
1621.32 16326.2
1621.32 16330
1621.25 16329.3
1621.66 16345.1
1621.61 16322.2
1621.79 16292.1
1621.83 16275.5
1621.81 16272.8
1622.68 16283.8
1625.23 16294.5
1625.43 16295.9
1625.42 16290.6
1624.68 16283.1
1624.52 16217
1624 16246.5
1623.92 16271.2
1623.92 16249.5
1623.71 16237.6
1624.32 16167.8
1624.65 16183.1
1624.37 16194
1624.64 16162.3
1624.42 16113.8
1624.13 16079
1624.23 16075.7
1624.12 16077.5
1624.18 16073.8
1624.18 16060.4
1624.17 16060.5
1624.06 16063.1
1624.22 16070.5
1624.32 16067.7
1625.15 16069.8
1625.15 16059.5
1624.98 16146.1
1624.77 16181.7
1624.96 16188.4
1624.75 16161.8
1624.81 16158.7
1625.42 16172.8
1625.49 16175.8
1625.53 16166.8
1624.95 16178.4
1625.26 16184.6
1625.87 16185.3
1625.41 16203.9
1630.24 16266.2
1630.28 16247.6
1630.99 16260.2
1632.74 16274.2
1631.98 16325.5
1632.05 16295.7
1631.77 16239.6
1631.79 16242.9
1626.57 16291.7
1624.3 16431
1624.26 16439.4
1625.98 16485.3
1626.07 16498.9
1623.48 16505.5
1623.45 16487.5
1625.03 16469.8
1624.56 16376.3
1624.58 16433.5
1624.92 16442.8
1625.07 16440.1
1625.14 16436.9
1626.12 16443
1626.62 16449.9
1627.36 16473.1
1627.89 16485.7
1628.54 16500.6
1627.95 16469.7
1627.89 16467.8
1627.75 16459.3
1628.14 16463.4
1628.22 16446.4
1627.79 16471.9
1627.72 16475.8
1627.54 16484.2
1627.26 16484.5
1627.24 16481
1627.24 16487.7
1627.68 16496.8
1628.4 16533.3
1627.41 16522.8
1627.62 16479.2
1627.9 16463.5
1627.39 16474.5
1627.45 16482.6
1628.33 16513.6
1628.86 16509
1627.82 16508.3
1627.86 16543.1
1627.99 16444.9
1628.02 16414.6
1627.48 16425.7
1627.74 16474.5
1627.76 16472.5
1627.73 16466.3
1627.63 16486.9
1632.25 16602.8
1633.98 16610.3
1634.36 16622.1
1634.42 16605
1634.46 16613.8
1633.26 16612.4
1633.85 16638.2
1633.56 16612.3
1633.52 16602.8
1631.23 16604.4
1631.29 16644.8
1629.93 16657.7
1630.44 16728.8
1630.97 16648.8
1631.15 16654.8
1631.14 16659.3
1631.02 16665.7
1630.7 16676.9
1631.32 16681.6
1631.17 16625.7
1631.88 16588.9
1631.43 16578.1
1631.48 16601.7
1631.54 16620.6
1631.21 16634
1631.04 16648.3
1631.06 16730.5
1631.09 16739
1632.5 16801
1632.31 16772.6
1632.08 16826.4
1631.67 16812.1
1631.63 16808.7
1631.58 16793.9
1631.44 16792.7
1631.34 16794.6
1632.04 16794.2
1632.04 16801.6
1634.64 16771.3
1634.38 16777.9
1634.35 16780.2
1632 16889.6
1631.96 16837.9
1632.01 16773.1
1632.01 16702.4
1632.22 16649.2
1632.33 16624.7
1633.22 16674.2
1633.58 16678.1
1632.9 16723.3
1632.83 16707.6
1632.59 16697.1
1632.15 16677
1632.44 16681.6
1632.59 16700.8
1632.25 16730.9
1632.25 16733.3
1630.85 16783.2
1630.55 16769.7
1630.91 16759.1
1630.83 16742.4
1630.95 16853
1631.03 16886.3
1631.97 16785.8
1631.98 16740.6
1632.01 16697.5
1633.14 16677.2
1633.42 16671.5
1633.37 16662.9
1633.42 16673.7
1633.58 16694
1628.42 16795
1629.19 16837.4
1629.27 16851.1
1629.68 16845.7
1629.7 16846.7
1629.61 16775.7
1629.52 16723.7
1629.24 16749.6
1629.07 16791.7
1630.46 16758.1
1630.36 16750.4
1630.76 16738.9
1630.76 16745
1630.74 16731.5
1630.74 16725.7
1630.84 16725
1625.69 16757.5
1626.49 16826.5
1626.88 16841.8
1626.81 16819.5
1626.59 16783.5
1626.75 16794.5
1626.74 16777.8
1626.73 16758.3
1626.59 16832.7
1624.93 16762.7
1624.82 16766.9
1624.81 16802.4
1624.41 16809.9
1622.4 16828.5
1622.25 16797.6
1621.92 16772.3
1622.06 16758.3
1622.06 16764.6
1620.01 16818.1
1620.31 16816.6
1620.47 16799.3
1620.95 16763
1620.09 16787.7
1622.82 16876.7
1622.3 16894.3
1626.01 16960.1
1626.06 17002.1
1626.46 17016.4
1625.51 17039
1625.73 17136.7
1627.54 17288.4
1627.32 17304.7
1627.48 17298.1
1627.5 17285
1627.81 17286.9
1627.3 17302.3
1627.25 17323.1
1627.24 17338.7
1627.25 17331.7
1626.27 17376.9
1626.25 17392.6
1626.24 17389.8
1619.55 17415.9
1619.54 17426.7
1618.48 17475.2
1618.44 17463.9
1619.65 17516
1619.49 17520.2
1617.84 17522.8
1617.58 17570.7
1617.6 17572.4
1617.9 17598.2
1616.93 17671.8
1616.79 17707.7
1616.74 17719.4
1616.34 17713.8
1616.18 17709.3
1616.05 17714.8
1616.06 17718.3
1615.44 17668.7
1615.74 17669.2
1615.8 17644.6
1615.88 17654.8
1616.13 17654.5
1615.94 17593.3
1616.52 17563
1616.59 17586.8
1616.53 17601.4
1616.46 17611.8
1616.39 17583.4
1615.72 17598.4
1615.03 17580.6
1614.92 17587.7
1615.04 17574.3
1615 17555.6
1614.77 17534.7
1613.67 17546
1612.06 17524.3
1612.11 17493.9
1612.36 17520.7
1612.39 17540.7
1612.47 17552.5
1612.57 17535.2
1612.52 17513.4
1612.53 17495.9
1612.34 17503.9
1613.08 17518.9
1613.04 17541.8
1613.79 17555.1
1613.85 17589.1
1613.98 17592.7
1614.09 17607
1613.22 17610.4
1613.19 17599.8
1613.44 17536.4
1613.53 17544.6
1612.84 17557.2
1612.5 17545.8
1612.59 17552.3
1612.67 17615.2
1612.7 17645.6
1613.04 17689.2
1613.05 17682
1613.29 17683.8
1614.06 17705.6
1613.87 17710.4
1614.07 17743.1
1613.47 17753.8
1613.77 17773.2
1613.52 17768.2
1613.18 17760.4
1613 17770.6
1612.6 17752.1
1612.77 17768.4
1612.77 17704.1
1613.9 17667.7
1613.77 17660.1
1613.74 17671.6
1613.56 17682.8
1613.52 17688.2
1614.35 17671.7
1614.35 17651.8
1613.58 17648.9
1614.03 17718.6
1613.86 17713.5
1613.73 17719.9
1613.41 17709
1614.27 17727.6
1615.39 17721.8
1615.33 17735.3
1615.34 17761
1615.44 17765.2
1615.85 17765.7
1616.98 17815.2
1616.48 17819.9
1615.75 17833
1615.72 17815.7
1615.65 17809.3
1615.72 17786.2
1615.97 17787.8
1616.02 17792.9
1616.15 17806.2
1615.59 17789.7
1615.25 17787.5
1615.34 17796.2
1615.44 17804.5
1615.76 17809.1
1615.97 17810.3
1615.83 17797.5
1615.88 17794.1
1615.88 17799.3
1615.43 17773.4
1615.37 17791.9
1616.19 17805.8
1613.37 17834
1613.9 17830.2
1613.96 17800.6
1613.96 17717.1
1614.06 17688
1614.33 17664.2
1614.27 17648.4
1613.7 17623.7
1615.82 17543.4
1615.82 17622.5
1614.89 17661.1
1614.67 17666.5
1615.01 17659.9
1615.42 17655.4
1614.92 17649.2
1614.75 17674
1614.94 17653.2
1614.4 17611.5
1614.21 17698
1614.13 17761.4
1613.91 17768.1
1613.62 17789.1
1613.87 17841.1
1613.92 17804
1614.81 17778.4
1614.98 17795.1
1614.6 17783.5
1615.75 17762.8
1616.88 17770.7
1616.6 17768
1616.22 17779.2
1616.24 17802.8
1616.1 17796.5
1616.1 17774.9
1615.88 17755.7
1615.88 17753.6
1615.64 17744.1
1615.83 17746.5
1615.85 17718
1615.72 17718.8
1615.51 17715.9
1615.59 17723.4
1615.75 17730.1
1615.76 17675.4
1615.96 17651.2
1615.31 17670.4
1615.76 17687.8
1616.05 17685.4
1616.23 17679.3
1617.28 17679.1
1617.25 17686.8
1617.4 17681.8
1617.43 17679.2
1616.72 17667.1
1617.06 17718.4
1617.03 17712.4
1616.97 17701
1618.24 17710.8
1618.88 17725.1
1617.93 17735.1
1617.81 17781.1
1617.89 17794.6
1618.14 17803.3
1618.12 17800.5
1617.84 17819.2
1618.06 17834.6
1618.06 17846
1617.92 17835.4
1618.13 17792
1618.43 17757.2
1618.01 17694.4
1618.47 17716.7
1617.76 17736.4
1617.31 17733.8
1616.89 17709.6
1616.74 17726.7
1616.78 17757.9
1616.94 17770.9
1617.58 17781
1617.73 17770.1
1614.5 17855.8
1614.53 17852.3
1614.55 17847.3
1614.92 17806.7
1614.47 17792
1613.87 17779.8
1613.9 17801.7
1614.02 17804.4
1614.35 17805.2
1615.12 17855.6
1616.1 17875.3
1616.09 17849.4
1616.29 17859.6
1617.28 17885.2
1619.31 17932.6
1619.32 17949.8
