345.067 16.5686
448.229 21.6516
455.344 18.1882
462.05 11.3541
464.235 9.83464
509.51 9.84024
587.401 13.8622
655.849 17.7089
677.368 16.9809
691.47 19.0666
799.016 32.4168
951.732 116.653
1053.97 136.172
1066 133.241
1080.28 131.157
1100.26 130.724
1107.25 131.062
1192.35 99.7178
1184.2 163.8
1202.52 435.151
1185.5 863.133
1238.94 1096.62
1237.33 1302.47
1248.67 1417.57
1248.21 1341.26
1353.25 1378.55
1343.46 1373.8
1356.59 1326.11
1370.79 1347.08
1397.99 1346.62
1397.96 1326.47
1404.67 1321.56
1393.97 1356.94
1399.57 1636.34
1400.47 1472.66
1410.7 1304.09
1414.18 1260.78
1450.26 1628.65
1455.22 1615.48
1456.94 1638.97
1469.96 1667.97
1464.86 1715.62
1517.02 1787.97
1553.76 1832.03
1644.19 2253.68
1631.95 2480.07
1634.62 2659.44
1634.66 2677.48
1634.9 2699.81
1643.49 2690.03
1642.42 2695.17
1642.57 2719.44
1643.11 2732.29
1643.39 2724.86
1647.21 2778.83
1651.49 2725.45
1673.06 2700.75
1718.16 3323.56
1732.64 3503.8
1735.72 3319.65
1726.25 3277.6
1708.57 3530.7
1723.75 4462.98
1731.74 4828.03
1696.05 4726.18
1710.55 5012.92
1722.85 5028.04
1720.83 5023.93
1716.32 4971.02
1719.83 4874.05
1744.3 5858.23
1761.92 5676.72
1798.5 5764.4
1804.79 5467.1
1807.93 5459.86
1762.84 6247.96
1763.76 6444.77
1763.28 6560.06
1781.13 6721.4
1783.07 6654.31
1785.09 6912.02
1803.69 6932.67
1798.8 6865.36
1800.04 6801.98
1803.43 6797.21
1802.47 6658.06
1802.9 6582.22
2249.07 20836.2
2248.28 13991.5
2248.18 13842.9
2243.34 14076.9
2249.77 12692
2235.66 11933.2
2233.97 11865.8
2234.02 11938.4
2256.46 11852.2
2259.16 11686.8
2259.03 11533.2
2295.3 11633.8
2295.84 11453.6
2296.25 11259.3
2293.06 11032.9
2056.58 13465.9
2118.17 18396.2
2119.99 16604.9
2119.87 15918
2117.67 15785.9
2123.33 14759.2
2122.73 14210.5
2102.27 14300.1
2097.74 14293.4
2095.47 14143.4
2049.13 13445.2
2050.19 13067.9
2058.69 12826.6
2057.84 12805.4
2062.91 13036.3
2035.24 12158.2
2149.19 12661.1
2147.64 12212.1
2113.07 12227.3
2058.94 12530.8
2050.63 12541.4
2050.84 12536.1
2050.82 12514.5
2060.16 12610.2
2070.5 12867.6
2069.25 12951.2
2087.7 14143.7
2089.13 13839
2094.78 13762.6
2094.19 13746.8
2094 13556
2095.61 13536.5
2101.26 13522.8
2084.23 14082.2
2084.53 13739.6
2083.6 13821.7
2079.07 13884.3
2074.85 13668.2
2073.49 13670.7
2075.88 13625.9
2075.64 13522.2
2074.98 13515.9
2054.04 13462.9
2052.84 13531.1
2057.79 13564
2055.97 13632.6
2054.05 13600.7
2054.03 13705.9
2052.79 13783.9
2051.7 13873.4
2051.33 13830.9
2050.09 13780.1
2036.72 14078.9
2032.87 13751
2032.91 13690.2
2032.89 13613.1
2030.67 13581.2
2030.68 13585
2031.67 13743
2029.18 13782.8
2030.2 13749.4
2026.54 13753.6
2026.55 13758.7
2019.52 13781.9
2021.72 13730.2
2032.6 13765.2
2032.98 13780.9
2031.53 13739.1
2019.31 13589.2
2014.78 13707.8
2015.38 13755.5
2019.89 13842.3
2020.76 13836.5
2030.56 13734.8
2027.26 14031.7
2026.21 14113.1
2025.31 14187.1
2027.02 14206.7
2027.62 14214.2
2028.82 14262
2050.62 14520.7
2053.29 14480.8
2052.85 14530.9
2052.59 14593.5
2052.58 14612.9
2054.09 14438.8
2047.82 14275.3
2049.36 14113.7
2046.78 14048.9
2047.29 14094.3
2043.09 14094.6
2041.32 14061.5
2035.49 14142.5
2033.03 14156.1
2033.03 14189.2
2032.54 14207.4
2031.74 14210.7
2030.82 14301
2032 14068.9
2031.21 14106.5
2030.35 14173.9
2030.44 14183.2
2027.17 14167.8
2026.53 14232
2029.14 14517.9
2029.1 14593.9
2026.89 14641.9
2026.44 14674.6
2027.12 14737
2030.83 14816.5
2025.03 14821.8
2022.38 14820.7
2020.28 14827.5
1999.41 14841.5
2000.01 14879.9
1997.22 14827.9
1996.01 14817.1
1990.89 14747.9
1992.2 14711.2
1991.4 14732.7
1991.96 14796.7
1991.42 14908.7
1995.72 14875.4
1997.91 14932.9
1999.09 14953.7
2002.12 14927.7
2005.29 15025.7
2006.03 15075.2
2006.23 15012.1
2002.67 14975.2
2001.47 14899.3
2001.54 14883.3
2000.62 14899.6
1998.81 14896.7
1994.6 14874.3
1994.62 14969.1
1995.41 14999.4
1996.62 15080.7
1996.12 15054.6
1996.54 15045.5
1999.08 15080.1
1999.5 15118.2
2005.64 15102
2006.18 15095.3
2000.07 15091.2
1999.4 15122.5
1999.87 15138.2
1998.29 15159.5
1998.15 15107.9
1997.36 15153.1
1999.26 15189.7
2007.92 15505.8
2008.9 15589.9
2008.85 15603.7
2008.9 15577.6
2009.88 15564.8
2008.04 15598.5
2007.5 15435.6
2005.91 15368.3
2008.99 15431.2
2008.35 15403.5
2008.35 15414.8
2008.58 15464.9
2008.67 15482.5
2010.32 15490.7
2009.76 15501.4
2010.79 15495.7
2009.99 15504.6
2009.85 15537
2009.56 15584.3
2010.23 15568.7
2010.36 15527.6
2010.34 15506
2010.6 15517.8
2014.07 15498.9
2014.7 15522.6
2015.35 15529.7
2015.92 15548.5
2017.48 15544.5
2018.36 15559.6
2018.99 15681.6
2019 15657.5
2020.64 15629.7
2021.17 15659
2021.13 15699.1
2017.93 15686.3
2016.44 15687
2014.25 15650.3
2014.38 15630.2
2019.53 15680.8
2022.36 15842
2016.53 15905.1
2016.44 15939.7
2013.64 15956.6
2013.91 15958.2
2014.72 15951.6
2015.95 15903.6
2016.18 15891.1
2019.75 15890.1
2019.59 15856.8
2019.98 15822.3
2016.44 15887.5
2016.08 15857.4
2015.25 15788.5
2019.82 15776
2019.44 15800.9
2020.77 15815.6
2024.27 15654.5
2024.49 15617.5
2023.29 15612.4
2028.01 15621.5
2027.99 15596.8
2030.48 15663
2031.16 15680.2
2035.01 15732.5
2035.3 15767.7
2040.52 15968.7
2040.46 15937.4
2036.28 16091.4
2036.19 16117.5
2037.81 16141.4
2037.31 16060
2033.7 16334.8
2033.23 16289.7
2032.62 16260.9
2032.69 16256.8
2031.31 16256.7
2031.32 16249.9
2031.47 16239.9
2031.33 16225.4
2030.82 16218.4
2029.08 16380.7
2027.05 16425.5
2027.32 16419.9
2026.93 16364.3
2027.6 16431.4
2027.55 16455.3
2028.34 16458.3
2029.39 16393.5
2029.23 16402.3
2028.95 16404.5
2028.64 16392.6
2028.16 16406
2028.11 16400.7
2029.9 16417.9
2028.19 16464.3
2028.64 16479.8
2028.45 16550.2
2028.15 16591.4
2027.1 16615.5
2026.83 16677.8
2026.69 16701.2
2026.92 16683.6
2025.57 16628.6
2024.32 16564.3
2025.15 16500.4
2016.62 16196.9
2016.69 16472
2016.64 16447.7
2016.3 16461.5
2012.61 16452
2012.5 16483.8
2012.62 16482.9
2013.73 16439.9
2012.66 16433.7
2012.99 16417.4
2015 16460.9
2014.22 16333.9
2014.49 16372.4
2015.13 16372.2
2015.95 16363.3
2017.64 16370.3
2016.87 16194.6
2015.98 16401.2
2018.03 16453.5
2020.67 16464.2
2020.9 16419
2020.83 16401.3
2021.19 16408.1
2020.67 16390.6
2020.65 16353.9
2020.77 16329.7
2020.86 16315.5
2022.21 16277.8
2022.19 16264.2
2020.92 16208.3
2020.91 16208.5
2020.67 16217.6
2019.49 16198.2
2019.23 16197
2018.7 16181.9
2018.6 16182.4
2020.14 16217.9
2020.09 16208.8
2020.31 16215.1
2019.57 16219.2
2019.62 16205.7
2019.68 16189.3
2020.64 16192.3
2020.51 16205.2
2012.12 16133.8
2012.58 16166
2012.58 16187.3
2013.21 16196.6
2013.64 16212.7
2013.53 16270.3
2013.67 16270.7
2014.05 16299.9
2014.96 16258.8
2014.99 16262.8
2013.92 16253.4
2014.44 16219.7
2013.95 16204.1
2013.97 16214.1
2013.8 16214.8
2014.2 16236.6
2013.02 16213.7
2013.07 16234.9
2012.68 16249.9
2012.8 16256.5
2012.68 16268.7
2012.89 16281.6
2012.81 16293.5
2015.23 16290.4
2015.03 16285.2
2014.98 16306.1
2014.6 16293.7
2014.59 16292.1
2014.39 16321.5
2014.39 16337.6
2014.16 16339
2013.48 16340.7
2012.5 16310.6
2012.4 16297.4
2012.25 16290.4
2011.88 16292.3
2011.03 16257.8
2012.26 16286.2
2012.4 16297.4
2012.48 16322.5
2012.52 16332.5
2011.4 16332.9
2011.21 16326.8
2011.62 16322.2
2011.21 16304.9
2010.44 16300.8
2009.9 16264.3
2010.7 16238.6
2011.56 16242.4
2011.57 16246.1
2011.88 16241.1
2012.12 16231.1
2011.65 16216.7
2010.94 16171.9
2011.31 16135.4
2011.25 16112.4
2011.6 16124
2011.62 16125.9
2010.47 16114.3
2010.32 16107.1
2010.3 16131
2008.69 16115.8
2008.71 16134
2008.68 16151.5
2008.48 16170.3
2007.82 16087.3
2010.24 16113.1
2010.1 16097.9
2009.54 16080.7
2008.73 16076
2008.52 16042.7
2009.38 16038
2009.35 16042.7
2009.39 16049.4
2012.61 16040.3
2014.31 15992.2
2014.58 16037.8
2015.05 16049.1
2014.27 16084.1
2014.16 16079.8
2013.01 16052.2
2016.03 16142.5
2015.98 16107.4
2020.13 16088.9
2019.21 16122
2019.09 16122.6
2018.97 16128.3
2021.14 16134.3
2021.25 16130
2021.27 16135.5
2021.28 16136
2021.35 16118.1
2020.89 16131.6
2022.56 16225.4
2022.46 16271.3
2028.83 16308.4
2028.81 16300.3
2029.39 16243.3
2029.58 16217.3
2029.67 16216.7
2028.59 16220.9
2028.67 16228.4
2027.78 16222.5
2027.97 16233.6
2029.16 16220.6
2028.65 16207.1
2028.18 16229.1
2027.68 16281.4
2025.81 16389.1
2025.7 16364.6
2025.49 16349.9
2025.38 16332.3
2025.32 16329.7
2025.13 16312.1
2025.51 16295.9
2025.6 16289
2025.6 16265.4
2025.35 16275.6
2024.66 16252.3
2025.29 16257.1
2024.83 16262.4
2024.84 16240.7
2024.93 16218.2
2024.99 16201.5
2024.71 16191
2024.3 16184.6
2024.37 16189.3
2020.51 16218.8
2020.1 16250
2019.77 16264
2019.78 16307.1
2019.63 16331.1
2018.99 16354.5
2018.05 16386.2
2018.9 16371.3
2018.92 16380
2016.93 16382.8
2016.9 16376.6
2016.44 16381.1
2016.43 16370.7
2016.9 16403.5
2016.31 16391.2
2015.06 16409.9
2014.96 16406.6
2015.14 16417.5
2015.07 16437.9
2015.24 16444.5
2016.42 16447
2016.75 16458.7
2016.71 16426.4
2017.39 16413.4
2017.02 16396.5
2016.84 16392.1
2016.54 16355.8
2016.67 16345.7
2016.87 16371.3
2017.83 16371.8
2019.05 16387.6
2019.05 16400.8
2019.02 16413.2
2019.33 16426.5
2020.67 16443.4
2020.93 16469
2020.87 16497.5
2020.78 16508.4
2026.51 16305.4
2026.62 16256.8
2027.01 16272.9
2026.92 16267.3
2027.56 16252.2
2026.98 16271.4
2027.31 16277.7
2027.3 16274.1
2027.31 16266.3
2027.32 16239.9
2027.45 16211.2
2027.24 16198.3
2021.59 16240.8
2021.58 16298.6
2021.34 16269.2
2021.36 16245.9
2021.6 16226.3
2021.6 16255.3
2023.57 16289
2023.35 16266.5
2023.32 16258.8
2023.66 16247.1
2024.94 16286.9
2024.77 16261.6
2025.03 16229.6
2025.6 16244.2
2027.27 16214
2029.02 16220.4
2028.98 16233.7
2029.17 16221.9
2029.06 16205.8
2028.04 16230.6
2026.93 16233.4
2026.96 16234.7
2026.97 16231.3
2026.98 16229.5
2027.21 16217.1
2030.32 16022.1
2030.06 16031.2
2029.72 16037.1
2030.98 16012.3
2031.87 16029.9
2031.75 16048.4
2029.65 16060.5
2029.41 16061.8
2030.3 16051.3
2030.98 16064.2
2030.97 16046
2030.78 16043.9
2031.61 16056
2031.84 16041.7
2031.77 16026.9
2031.8 16020.6
2030.49 15998.3
2031.79 16033.1
2031.54 16029.7
2031.8 16013.2
2030.54 16011.1
2030.5 15996.4
2029.87 15978.8
2029.91 15975.3
2029.32 15956.4
2030.26 15962
2030.33 15971.9
2030.39 15954.2
2030.14 15967.9
2026.99 15989.2
2027.15 16003.8
2027.53 15999.3
2027.26 15996.6
2026.62 16015.7
2029.29 16041.3
2030.64 16075.7
2030.01 16061.6
2030.04 16059.5
2030.28 16061.8
2029.75 16050.2
2029.83 16030.4
2029.79 16059
2029.86 16071.6
2029.81 16075
2030.57 16082.8
2031.09 16102.8
2030.44 16130
2030.68 16122.8
2030.25 16115.7
2030.15 16120.1
2030.25 16111.7
2030.17 16103.9
2030.31 16102.7
2030.33 16099.3
2030.32 16098.8
2030.16 16101.4
2029.87 16084.9
2029.9 16097.3
2029.85 16103.2
2031.5 16129.8
2031.05 16159.6
2031.08 16155.3
2030.97 16151.9
2031.08 16145.8
2032.82 16223.8
2032.52 16220.7
2032.74 16216
2032.45 16235.6
2032.29 16233.8
2032.15 16235.9
2030.73 16255.1
2030.69 16254.2
2030.52 16241.1
2029.86 16240.8
2029.5 16282.8
2030.39 16288.7
2031.11 16275.4
2031.04 16250.3
2031.14 16258
2031.98 16289.4
2032.72 16292
2035.95 16315.3
2035.94 16363.6
2035.98 16378.2
2035.29 16366.3
2031.1 16370.1
2031.29 16371.9
2031.79 16358
2032.33 16404.1
2032.17 16416.3
2032.07 16425.6
2032.08 16422.9
2031.85 16402.6
2031.8 16405.5
2031.68 16418.3
2031.77 16430.8
2031.96 16450.7
2031.88 16461
2031.71 16468.4
2030.35 16520.4
2030.34 16522.2
2030.31 16523.7
2029.21 16527
2028.95 16514.6
2028.85 16512.4
2028.57 16481.6
2028.07 16473.8
2028.06 16473.7
2027.99 16476.1
2028.02 16469.9
2027.33 16451.7
2026.84 16468.6
2027.63 16482.9
2029.23 16509.9
2029.59 16515.8
2029.32 16510.7
2028.45 16516.8
2028.45 16520.8
2028.45 16527.6
2028.03 16481.7
2028.03 16502.5
2028.14 16510.4
2028 16511.5
2028.01 16508.3
2028.04 16507.5
2028.9 16510.6
2028.78 16493.1
2029.23 16490.5
2035.55 16557.6
2035.52 16547.6
2035.62 16502.1
2035.65 16476.3
2036.01 16485.8
2035.31 16494.6
2035.37 16489.1
2035.45 16486.1
2035.38 16479.2
2035.72 16460.5
2035.14 16472.5
2038.82 16568.7
2038.47 16579.5
2038.47 16598
2038.38 16597.1
2037.75 16605.4
2037.75 16599.3
2037.99 16590.6
2037.89 16575.1
2038.02 16590.2
2034.81 16571
2034.34 16570.8
2034.29 16671.4
2034.23 16680.9
2034.35 16655.8
2034.42 16633
2033.2 16618
2032.96 16607.8
2033.33 16599.1
2033.15 16614.6
2033.19 16622.7
2034.58 16606.4
2034.93 16626.7
2033.24 16454.6
2033.21 16541
2032.82 16406.9
2032.95 16411
2032.03 16419.5
2031.95 16436.1
2031.15 16447.5
2031.56 16450.4
2032.42 16443.2
2033.94 16443.4
2034.02 16450.1
2035.53 16431.4
2037.56 16446
2038.34 16449.8
2038.53 16445.8
2038.56 16430.5
2038.77 16435.8
2039.46 16438.5
2039.41 16425.6
2039.4 16421.2
2043.43 16410.7
2043.67 16433.4
2043.7 16431.2
2043.41 16410.4
2044.19 16393.9
2044.23 16398.8
2045.02 16397.1
2047.24 16391.7
2047.05 16438
2047 16449.6
2046.68 16461.3
2046.62 16456.4
2047.43 16468.4
2048.88 16459.4
2048.55 16464.2
2048.76 16467.7
2049.4 16483.6
2047.75 16513.5
2047.75 16517
2047.76 16504.8
2045.8 16506
2045.96 16521.6
2046.01 16532.4
2046.13 16552.6
2045.98 16566
2052.14 16590.1
2052.85 16589
2051.21 16577.1
2051.35 16555.4
2052.05 16534
2050.36 16545.4
2047.63 16550.3
2047.68 16575.8
2048.1 16626.5
2048.24 16602.6
2048.63 16596.9
2048.5 16604.3
2048.68 16607.7
2048.72 16615.1
2047.56 16613
2047.51 16641.3
2049.7 16618.1
2049.93 16608.8
2048.26 16590.2
2048.24 16589.1
2048.25 16659.4
2048.25 16677.8
2047.43 16736.9
2049.05 16755.5
2049.13 16745.1
2049.63 16729.8
2050.81 16693.6
2050.81 16679.6
2050.37 16667.6
2051.54 16645
2052.49 16632.1
2052.45 16573.8
2052.47 16566.9
2052.34 16538.7
2052.36 16513.6
2051.99 16495.9
2052.33 16506.3
2052.41 16509.5
2052.36 16515.7
2052.4 16524
2052.22 16513.4
2052.09 16510.4
2052.97 16493.5
2052.9 16496.8
2051.89 16495.1
2052.15 16497.8
2051.69 16508.8
2051.58 16524.9
2052.11 16537.4
2052.09 16549.6
2050.47 16583.2
2050.82 16587.3
2050.86 16592.2
2049.52 16614.1
2049.61 16609.4
2049.7 16609.1
2049.46 16608.7
2049.8 16604.9
2049.71 16582.6
2049.73 16592.5
2050.09 16583.5
2049.81 16620.3
2049.69 16653.9
2051.06 16697.5
2051.21 16677
2054.07 16684
2053.79 16730.1
2053.83 16725
2054.89 16709.2
2057.02 16717
2057.05 16720.7
2061.02 16682.1
2061.14 16679.8
2062.56 16680.4
2061.46 16737.9
2061.16 16739.6
2060.84 16727.3
2063.68 16762.2
2063.89 16749.7
2062.64 16786.4
2066.47 16849.1
2067.44 16914.4
2068.71 16951.6
2068.72 16935.6
2068.56 16911.9
2068.58 16898
2068.58 16891.1
2068.75 16908.9
2069.24 16969.1
2069.22 16965.7
2069.38 16965.2
2069.3 16966.5
2070.03 16959.3
2070.01 16956
2069.89 16956.1
2069.64 16929.3
2069.77 16955.4
2071.72 16989.6
2071.66 16974.1
2071.6 16956
2071.6 16966.7
2071.76 16959.8
2071.82 16957
2074.44 16988
2072.75 17027.6
2072.75 17031.2
2072.76 17028.7
2072.37 17043.3
2072.33 17037.7
2072.77 17043.1
2072.77 17045.9
2071.3 17013.9
2071.53 17012
2070.28 17076.5
2070.94 17085.5
2071.02 17094.8
2070.9 17097
2071.05 17108.3
2071.05 17109.6
2071.27 17109.4
2071.23 17097.4
2071.26 17092.7
2071.3 17102.6
2071.44 17112.1
2071.14 17112.8
2070.29 17206.4
2069.04 17230.4
2069.16 17235.4
2069.45 17514.3
2069.29 17215.4
2073.93 17364.4
2073.96 17358.5
2073.59 17360.3
2073.15 17363.8
2073.33 17361.8
2073.34 17357.1
2074.31 17351.5
2074.28 17342.9
2074.15 17339.7
2074.09 17334.5
2074.66 17287.1
2074.42 17291
2074.43 17265.5
2074.92 17264
2075.26 17278
2074.96 17273.8
2075.09 17277.2
2075.58 17348.9
2075.59 17352.3
2076.3 17364.1
2067.72 17536.5
2067.68 17559.1
2068.11 17622.2
2068.09 17675.1
2068.07 17664.8
2067.57 17669.9
2066.29 17710.5
2066.37 17717.7
2066.91 17739.2
2066.97 17773.2
2066.94 17767.8
2067.03 17746.8
2065.45 17861.5
2066.7 17905.6
2066.75 17901.2
2067.42 17911.9
2068.69 17916
2068.67 17921.3
2068.64 17925.5
2069.35 17945.5
2069.4 17946.8
2069.4 17945.4
2069.44 17947.7
2069.32 17950.2
2071.21 17949.7
2071.38 17950.2
2070.81 17960.4
2075.03 18025.4
2075.13 18031.6
2074.79 18024
2074.92 18028.6
2074.94 18039.9
2076.03 18038.9
2076 18049.8
2075.99 18058.3
2075.86 18067.8
2079.05 18110.6
2078.88 18138.6
2079.53 18161.9
