263.745 2.92869
294.377 2.92869
422.83 5.93542
533.045 44.3345
592.266 41.8286
596.384 41.8286
726.799 53.9702
736.361 53.5845
744.732 53.4387
858.698 59.0357
863.785 59.1872
895.452 59.3146
952.483 84.2729
966.292 81.5009
991.999 91.3714
1032.82 69.4326
1037.24 67.7428
1087.89 81.7958
1089.68 84.4774
1119.97 84.1985
1137.94 101.489
1164.91 113.624
1175.48 112.545
1179.32 104.252
1189.04 116.89
1193.04 115.941
1193.1 116.135
1221.86 116.446
1228.53 116.392
1241.54 111.053
1260.05 112.251
1264.46 112.604
1302.25 118.265
1307.58 202.997
1322.01 197.213
1322.53 197.102
1327.69 208.771
1333.05 210.684
1342.09 253.867
1342.67 275.299
1389.46 327.008
1414.85 415.281
1411.55 642.355
1410.64 633.117
1459.25 661.7
1470.68 902.647
1474.86 895.355
1501.3 850.301
1513.01 891.677
1521.62 895.606
1518.5 1021.71
1521.19 1635.82
1522.37 1461.67
1519.5 1320.86
1519.88 1239.68
1527.7 1147.34
1553.16 1121.56
1551.79 1081.32
1556.56 1087
1562.61 1086.46
1562.35 1235.81
1556.24 1291.48
1555.9 1346.83
1554.79 1409.62
1588.19 1440.52
1594.51 1450.57
1618.43 1559.16
1627.1 1574.17
1631.09 1516.91
1633.38 1511.63
1633.37 1486.31
1634.08 1481.39
1683.63 1410.3
1688.22 1364.18
1679.43 1426.09
1685.19 1441.15
1684.44 1461.76
1674.41 1493.61
1706.94 2040.63
1707.4 2155.77
1691.57 2130.14
1700.48 2226.27
1702.34 2312.38
1706.09 2383.2
1734.04 3977.28
1734.71 3739.4
1749.21 3599.09
1763.57 3549.23
1761.58 3423.45
1758.64 3352.66
1754.13 3408.38
1755.57 3440.71
1759.35 3504.59
1758.5 3510.59
1758.4 3503.19
1759.05 3479.69
1758.85 3425.5
1756.39 3411.2
1756.03 3310.83
1787.61 3188.84
1787.03 3206.36
1788.92 3176.91
1792.66 3073.25
1793.26 3047.52
1789.98 3025.56
1786.37 3048.66
1787.14 3082.01
1781.59 3132.13
1781.96 3139.72
1781.49 3143.27
1782.32 3131.95
1781.89 3141.8
1782.1 3110.76
1782.18 3110.34
1782.13 3101.9
1788.94 3368.4
1793.84 3430.86
1794.1 3371.52
1802.96 3398.58
1804.51 3418.26
1804.58 3504.03
1804.74 3587.05
1805.77 3583.16
1806.18 3550.11
1806.4 3522.53
1811.5 3432.05
1822.69 3507.7
1863.63 4803.93
1864.31 4260.8
1864.85 4131.09
1865.24 4013.9
1866.94 3915.05
1866.9 3879.14
1857.97 3876.85
1858.32 3885.13
1856.58 3896.92
1854.25 3836.19
1859.95 3795.46
1860.08 3776.12
1858.97 3775.27
1855.29 3714.33
1851.19 3659.45
1830.09 3491.29
1828.94 3557.45
1832.63 3848.15
1836.93 3601.87
1839.06 3780.69
1842.26 3754.35
1842.33 3755.15
1840.77 3737.55
1837.41 3713.06
1836.89 3707.62
1836.71 3728.68
1838.99 3781.87
1835.95 3845.86
1836.17 3881.43
1836.17 3834.01
1836.5 4039.75
1844.33 3997.24
1844.82 3956.29
1845.34 3934.92
1845.32 3929.89
1845.04 3995.42
1847.59 3981.47
1847.45 4029.27
1847.93 4034.52
1847.92 4067.03
1849.29 4117.54
1849.3 4136.93
1847.94 4148.66
1847.83 4119.81
1847.63 4108.15
1847.92 4120.44
1849.39 4208.54
1849.92 4247.43
1849.93 4285.77
1853.23 4214.11
1852.33 4233.01
1853.17 4197.99
1853.16 4211.34
1853.21 4246.33
1851.7 4434.65
1853.3 4561.78
1853.33 4538.32
1852.46 4521.14
1862.8 4595.75
1863.48 4635.11
1863.97 4632.59
1866.87 4652.06
1866.65 4669.54
1865.17 4693.32
1865.4 4743.18
1867.3 4745.01
1866.5 4761.56
1865.92 4777.42
1865.49 4779.98
1866.91 4818.07
1866.46 4858.66
1868.73 4861.42
1869.32 4890.05
1865.99 4916.28
1866.01 4908.63
1868.03 4958.86
1868.01 4938.72
1869.97 4996.53
1869.34 5077.86
1871.52 5077.04
1870.43 5100.48
1871.79 5044.03
1872.63 4956.05
1872.08 4908.6
1872.47 4888.51
1873.69 4904.86
1873.31 4906.7
1875.57 4980.78
1880.17 4990.71
1879.21 5007.12
1878.46 4994.47
1877.39 4979.08
1879.87 4911.1
1878.11 4837.16
1878.07 4857.44
1878.19 4830.31
1879.77 4825.45
1879.44 4846.46
1879.46 4857.42
1882.35 4865.83
1876.54 4885.74
1876.93 4943.37
1875.65 4918.38
1874.42 4970.32
1878.69 5016.11
1878.69 5044.67
1878.11 5057.29
1878.27 5013.05
1881.6 5000.47
1881.75 4960.67
1881.72 4946.37
1878.36 4931.01
1877.81 4922.12
1876.96 4919.08
1876.93 4885.1
1878.27 4893.24
1873.59 4899.79
1873.86 4890.62
1874.09 4871.48
1874.26 4869.99
1874.74 4848.71
1874.68 4853.99
1874.77 4852.2
1874.7 4850.6
1877.28 4814.88
1878.21 4796.97
1882.74 4829.63
1882.89 4862.04
1882.15 4891.78
1882.33 4915.93
1882.55 4933.89
1881.22 4947.94
1879.81 4922.96
1879.21 4914.21
1878.48 4908.16
1877.81 4905.95
1877.44 4907.35
1877.49 4892.79
1878.14 4894.17
1878.04 4894.06
1879.02 4878.56
1878.96 4885.57
1878.53 4880.99
1878.77 4927.9
1878.61 4928.42
1877.9 4937.78
1878.1 4950.96
1877.6 4878.93
1877.59 4818
1879.41 4781.82
1879.87 4804.74
1875.39 4881.22
1874.57 4901.1
1874.59 4913.37
1874.28 4903.5
1876.07 4889.21
1876.72 4905.8
1877.33 4879.22
1877.18 4847
1877.18 4881.86
1873.59 4914.26
1875.61 4948.74
1875.15 4824.4
1875.03 4843.45
1875.58 4861.35
1875.32 4835.81
1875.36 4842.49
1873.43 4920.97
1873.47 4963.9
1873.48 4986.96
1876.17 5015.76
1879.14 5007.45
1889.34 5072.23
1893.36 5104.2
1893.52 5126.82
1892.44 5155.81
1891.62 5231.3
1891.29 5258.03
1891.17 5244.58
1890.7 5236.05
1890.65 5236.95
1890.69 5228.72
1891.46 5226.37
1891.33 5228.32
1890.68 5250.62
1894.49 5359.82
1891.26 5371.46
1891.61 5379.89
1893.91 5380.7
1894.67 5378.75
1894.91 5394.3
1901.92 5423.55
1900.77 5407.81
1900 5407.34
1906.83 5502.43
1906.93 5532.44
1905.33 5551.4
1904.44 5611.33
1904.92 5679.16
1904.79 5691.37
1904.93 5672.38
1904.81 5697.36
1904.73 5689.38
1904.75 5671.78
1905.91 5706.28
1905.93 5709.76
1905.03 5722.11
1906.23 5742.15
1906.5 5753.98
1904.66 5778.49
1904.4 5765.91
1903.65 5727.19
1906.59 5749.65
1907.97 5754.09
1910.06 5766.4
1907.72 5722.97
1909.01 5762.56
1909.22 5780.23
1908.81 5787.68
1908.66 5794.39
1908.69 5805.17
1907.86 5832.99
1911.89 5885.03
1911.57 5933.65
1911.39 5957.92
1915.2 5911.18
1914.9 5912.86
1913.77 5916.91
1913.69 5981.79
1913.89 5984.08
1913.9 5998.35
1914.18 6003.64
1913.9 6003.68
1913.93 5974.32
1913.69 5948.67
1913.09 5944.12
1918.77 5949.41
1918.43 5921.11
1918.47 5903.82
1919.26 5910.9
1919.31 5933.42
1919.48 5935.23
1918.28 5934.23
1918.31 5945.83
1917.65 5942.13
1914.8 5951.7
1914.85 5934.62
1914.74 5955.1
1918.27 5971.65
1918.35 5957.7
1918.28 5957.32
1918.27 5985
1918.17 6034.24
1918.2 6045.33
1920.32 6033.64
1920.24 6021.04
1920.19 5992.15
1920.2 5970.42
1920.78 5974.7
1920.38 5976.86
1920.41 5924.51
1920.1 5895.57
1920.11 5856.78
1921.68 5846
1921.8 5856.85
1922.37 5853.94
1920.3 5845.76
1920.12 5920.66
1920.06 5884.89
1920.38 5866.38
1920.37 5881.99
1920.98 5919.22
1920.86 5948.66
1918.32 5899.46
1918.11 5870.1
1918.18 5850.22
1918.17 5865.63
1918.07 5867.03
1918.06 5865.11
1917.76 5873.14
1917.7 5854.42
1918.48 5843.3
1918.66 5803.52
1918.44 5813.85
1918.22 5824.1
1918.3 5820.1
1918.93 5843.01
1918.32 5826.8
1918.22 5810.7
1915.09 5787.91
1913.01 5739.48
1912.82 5737.1
1912.79 5747.98
1913.02 5730.84
1913.27 5739.08
1913.13 5731.37
1912.54 5739.03
1911.72 5737.43
1911.6 5756.32
1911.58 5777.58
1910.81 5773.69
1911.6 5753.39
1912.54 5735.47
1913.15 5761.07
1913.36 5776.67
1913.79 5798.48
1914.01 5829.32
1916.44 5836.41
1916.35 5854.33
1916.81 5878.87
1916.59 5866.79
1916.56 5870.38
1916.39 5830.26
1914.29 5834.66
1914.11 5814.67
1913.54 5705.82
1913.46 5726.16
1912.64 5696.93
1912.64 5636.58
1913.27 5585.82
1913.15 5597.33
1910.97 5585.82
1910.62 5594.73
1910.91 5598.56
1911.15 5619.35
1910.95 5673.15
1910.69 5668.51
1910.86 5728.69
1908.64 5795.92
1908.72 5813.07
1907.41 5783.77
1910.29 6057.24
1908.77 6177.71
1909.46 6235.06
1908.84 6222.76
1907.37 6216.39
1908.68 6195.66
1908.47 6208.29
1908.36 6271.12
1908.6 6343.94
1909.27 6382.19
1909.33 6417.84
1908.78 6419.83
1908.73 6421.08
1907.13 6424.39
1907.59 6487.58
1912.09 6706.34
1911.95 6707.56
1911.67 6713.91
1911.82 6674.28
1911.73 6622.82
1912.24 6600.44
1912.89 6563.31
1911.31 6611.3
1911.67 6656.56
1911.98 6684.53
1911.35 6691.77
1911.2 6710.61
1910.81 6671.36
1911.06 6800.86
1911.59 6856.94
1912.21 6888.91
1917.58 6856.17
1917 6807.18
1916.84 6770.08
1916.81 6743.81
1916.77 6748.9
1918.47 6808.49
1918.44 6833.12
1918.78 6846.68
1924.98 6925.1
1925.01 6952.87
1924.82 6956.4
1927 6941.15
1926.99 6945.13
1926.33 6949.27
1926.15 6948.47
1926.75 6937.9
1930.21 6860.57
1931.17 6839.01
1931.36 6856.82
1931.34 6856.32
1934.31 6872.14
1934.64 6876.95
1936.21 6906.55
1936.84 6916.36
1936.13 6902.39
1936.92 6898.08
1937.08 6861.59
1936.11 6819.68
1933.7 6799.92
1934.07 6785.77
1932.58 6727.48
1932.29 6688.66
1931.55 6707.42
1931.08 6705.14
1931.07 6686
1930.92 6730.69
1930.95 6782.35
1930.84 6805.74
1930.95 6811.86
1931.09 6829.64
1931.39 6836.41
1931.23 6863.77
1931.57 6880.94
1932.86 6923.27
1932.88 6924.82
1932.82 6904.66
1933.25 6880.42
1932.96 6849.91
1933.74 6838.88
1933.68 6841.75
1933.67 6856.46
1933.52 6843.23
1933.76 6831.48
1933.68 6835.61
1932.86 6837.01
1932.48 6834
1930.4 6833.85
1929.5 6844.49
1929.34 6824.45
1929.27 6815.46
1928.95 6817.83
1928.55 6824.98
1928.16 6798.27
1928.08 6800.26
1928.13 6801.38
1928.16 6792.39
1929.09 6796.22
1929.54 6821.07
1928.83 6801.61
1928.79 6783.84
1928.96 6761.63
1929.06 6711.28
1930.96 6674.12
1930.4 6657.99
1930.8 6711.1
1929.82 6716.12
1929.88 6703.52
1930.08 6677.89
1927.84 6696.52
1928.75 6734.62
1930.11 6737.93
1930.08 6756.53
1930.16 6783.77
1932.73 6801.98
1932.82 6808.77
1932.49 6860.16
1932.76 6876.79
1932.14 6871.34
1932.21 6871.22
1932.04 6809.87
1933.11 6781.3
1933.21 6777.21
1932.88 6761.31
1932.92 6768.73
1933.64 6821.43
1933.66 6837.81
1934.07 6825.48
1933.94 6817.19
1933.99 6820.69
1934 6825.95
1934.23 6842.57
1934.95 6856.42
1935.47 6865.33
1935.45 6848.21
1935.65 6847.51
1935.46 6805.66
1935.02 6809.54
1935.21 6826.43
1936.29 6840.35
1935.78 6824.67
1937.47 6733.82
1937.73 6663.53
1937.7 6663.83
1937.89 6701.68
1937.51 6734.06
1937.43 6724.01
1938.29 6725.3
1938.29 6735.22
1938.67 6737.77
1938.79 6743.86
1938.23 6753.52
1938.22 6783.78
1938.22 6791.67
1938.15 6795.1
1938.13 6787.89
1936.59 6764.34
1937.9 6749.62
1937.63 6703
1937.52 6660.19
1937.35 6640.18
1937.33 6629.44
1937.07 6614.01
1937.02 6603.1
1937.07 6597.57
1937.08 6595.12
1936.82 6581.51
1936.86 6561.4
1937.27 6513.94
1936.93 6487.57
1936.79 6478.11
1936.79 6464.71
1935.87 6485.91
1935.46 6497.33
1934.39 6520.79
1934.79 6537
1934.76 6554.06
1934.15 6803.88
1934.15 6838.95
1934.22 6839.12
1934.64 6826.81
1934.69 6816.3
1935.35 6809.5
1935.48 6809.33
1935.17 6810.56
1935.08 6819.77
1935.08 6804.11
1935.22 6796.81
1934.98 6755.2
1933.52 6703.44
1933.59 6711.34
1932.66 6729.5
1932.7 6749.4
1933.18 6774.02
1932.73 6796.77
1932.73 6819.95
1932.49 6847.2
1932.55 6882.36
1932.39 6900.3
1932.41 6913.29
1931.92 6915.41
1931.58 6910.52
1931.59 6913.22
1931.78 6918.03
1931.95 6894.22
1932.13 6894.49
1931.98 6896.62
1932.6 6877.59
1932.65 6891.18
1932.58 6905.61
1931.98 6885.05
1932.56 6874.57
1932.5 6870.99
1932.63 6922.69
1932.06 6936.72
1932.25 6948.64
1932.01 6942.55
1932.07 6952.53
1932.18 6969.83
1931.6 6998.4
1931.77 7044.46
1930.55 6996.11
1930.2 6978.8
1930.17 7018.72
1930.51 7018
1930.52 7025.66
1930.45 7037.68
1930.63 7030.56
1931.5 7029.23
1930.44 7021.87
1930.56 7018.18
1931 7014.47
1931.12 7013.9
1931.21 7013.85
1933.75 7011.39
1933.63 7042.09
1933.74 7040.42
1934.58 7051.59
1934.69 7077.13
1934.59 7088.26
1934.21 7105.45
1934.25 7115.49
1934.16 7116.16
1934.8 7135.69
1935.72 7151.7
1936.92 7155.21
1936.91 7175.11
1935.76 7207.92
1935.85 7213.33
1936.32 7217.57
1936.16 7216.61
1936.32 7204.79
1936.32 7191.77
1935.86 7190.47
1936.97 7200.72
1938.37 7257.51
1938.34 7259.73
1938.35 7242.78
1938.77 7219.18
1938.71 7226.41
1938.68 7229.57
1938.75 7227.12
1938.73 7226.71
1938.37 7213.61
1938.49 7199.43
1938.47 7214.21
1938.55 7252.98
1938.56 7270.78
1939.53 7276.43
1939.75 7287.56
1939.8 7391.95
1939.87 7358.37
1939.62 7371.02
1939.36 7395.46
1939.2 7394.8
1939.6 7406.86
1939.54 7401.64
1941.68 7402.28
1942.87 7366.65
1943.05 7355.68
1944.12 7362.43
1945.01 7363.93
1945.48 7373.46
1946.25 7396.52
1946.18 7434.05
1947.7 7390.6
1947.8 7371.4
1947.87 7381.69
1947.8 7383.84
1947.26 7351
1947.24 7359.9
1947.25 7369.13
1946.84 7378.85
1949.66 7406.87
1951.07 7430.7
1950.83 7439.05
1950.93 7436.33
1950.92 7429.41
1950.98 7421.86
1947.44 7418.23
1947.42 7420.48
1947.42 7428.81
1947.29 7433.36
1947.62 7436.49
1947.39 7428.42
1945.85 7470.86
1944.59 7484.53
1944.71 7502.94
1946.06 7534.9
1947.14 7536.04
1947.14 7530.7
1947.1 7536.81
1946.6 7536.62
1946.55 7530.74
1946.4 7522.08
1946.37 7522.62
1946.42 7526.5
1946.36 7539.24
1947.28 7545.79
1946.82 7544.8
1946.62 7552.16
1946.8 7553.6
1946.75 7557.49
1947.64 7549.28
1947.45 7541.25
1947.4 7535.85
1948.34 7526.2
1948.35 7520.45
1948.32 7526.51
1948.32 7526.67
1948.35 7520.79
1948.84 7527.62
1949.04 7526.43
1949.04 7533.7
1948.98 7538.2
1948.83 7548.26
1949.12 7573.59
1949.18 7586.73
1949.13 7565.73
1949.47 7552.18
1949.89 7538.47
1949 7526.28
1949.49 7543.43
1948.86 7541.37
1949.05 7530.03
1947.72 7540.1
1948.2 7557.46
1948.17 7539.05
1948.18 7558.57
1948.29 7571.75
1948.23 7584.96
1947.99 7591.62
1947.58 7588.25
1947.38 7583.59
1946.93 7531.91
1946.88 7529.47
1946.26 7541.89
1946.01 7519.07
1945.99 7513.81
1946.1 7507.68
1946.41 7507.49
1946.48 7504.69
1946.43 7505.51
1946.32 7494.84
1946.31 7500.67
1945.39 7521.11
1946.94 7548.38
1947.01 7576.5
1947.09 7584.92
1947.14 7571.36
1947.09 7549.03
1947.26 7522.77
1947.32 7500.62
1947.24 7506.48
1947.34 7492.88
1947.37 7472.57
1947.25 7500.87
1947.56 7502.67
1948.11 7495.34
1947.16 7444.9
1947.2 7443.94
1947.52 7452.09
1946.67 7439.6
1946.39 7451.8
1946.43 7440.42
1946.34 7445.09
1945.61 7439.08
1946.13 7440.93
1945.93 7332.62
1945.92 7260.54
1945.73 7283.79
1945.12 7273.24
1946.4 7302.26
1946.5 7325.54
1946.57 7349.61
1946.33 7361.58
1946.74 7372.41
1946.72 7367.12
1947.02 7350.32
1947.03 7349.49
1947.55 7350.22
1947.54 7345.03
1947.52 7344.87
1947.5 7348.23
1947.38 7353.09
1947.29 7370.96
1947.35 7364.61
1946.81 7355.85
1947.07 7338.35
1946.72 7315.42
1946.77 7303.15
1946.8 7300.05
1946.79 7287.61
1946.54 7286.54
1946.62 7298.35
1946.8 7292.79
1947.42 7287.08
1946.72 7315.13
1947.34 7340.47
1947.65 7325.02
1946.18 7309.7
1946.18 7304.75
1949.3 7267.75
1949.23 7253.28
1949.12 7239.99
1948.94 7245.01
1949.21 7266.88
1949.05 7269.99
1949.11 7253.27
1948.88 7258.98
1948.84 7220.32
1948.97 7211.75
1949.23 7218.5
1949.22 7206.41
1949.27 7201.47
1949.04 7116.34
1949.95 7134.46
1949.74 7151.95
1949.74 7153.61
1949.72 7154.48
1949.72 7168.57
1949.67 7154.33
1951.4 7128.96
1951.54 7142.4
1952.06 7145.48
1951.92 7125.2
1952 7117.11
1952.01 7108.23
1953.46 7083.15
1953.87 7065.59
1954.8 7062.75
1955.41 7088.06
1955.25 7099.09
1955.21 7087.83
1955.32 7074.22
1955.89 7142.01
1956.75 7221.06
1956.51 7222.63
1957.4 7187.92
1957.43 7183.85
1957.41 7180.6
1956 7230.58
1955.89 7218.56
1955.99 7207.82
1955.86 7196.04
1956.9 7206.03
1956.09 7226.42
1956.11 7202.55
1956.08 7182.03
1955.45 7118.04
1955.52 7122.73
1955.31 7133.31
1954.73 7130.47
1955.17 7104.46
1955.18 7105.98
1955.32 7101.32
1954.44 7120.91
1955.06 7127.49
1955.67 7125.88
1957.1 7150.22
1957.36 7176.11
1956.27 7176.63
1956.89 7196.84
1957.09 7195.25
1955.22 7240.91
1955.99 7224.77
1954.92 7236.08
1954.63 7259.72
1954.68 7282.73
1954.71 7271.69
1954.54 7281.78
1954.54 7293.7
1954.04 7309.38
1954.05 7306.31
1954.17 7315.86
1953.91 7316.57
1954.61 7306.73
1954.21 7320.9
1954.25 7317.4
1954.57 7320.03
1954.58 7296.24
1954.55 7312.17
1954.44 7298.39
1953.74 7301.16
1953.6 7308.8
1953.58 7317.13
1953.4 7321.39
1953.5 7324.13
1953.45 7333.8
1953.37 7344.61
1954.11 7328.9
1954.08 7330.23
1953.13 7326.58
1952.38 7333.88
1952.39 7341.68
1952.54 7330.83
1952.51 7326.53
1952.91 7321.63
1952.83 7318.14
1952.9 7317.35
1953.3 7319.81
1953.75 7327.23
1953.71 7358.91
1953.89 7382.8
1953.9 7374.71
1953.66 7393.44
1954.06 7399.5
1954.27 7402.25
1954.22 7416.14
1954.38 7404.11
1954.17 7419.1
1954.39 7420.65
1954.26 7430.08
1954.07 7430.61
1955.06 7424.47
1955.07 7417.93
1955.08 7402.29
1955.72 7407.19
1955.67 7402.47
1955.67 7409.86
1955.67 7420.42
