79.9615 0
229.64 0
252.765 0
324.399 0
335.279 0
523.243 21.983
526 18.4262
537.4 15.7678
537.601 15.7678
542.607 15.7678
555.443 15.7678
1506.75 4773.97
1519.11 3880.97
1549.8 3230.32
1564.95 3157.89
1608.35 3402.8
1611.49 3433.63
1638.47 3418.3
1390.16 3330.42
1402 2550.78
1427.15 2281.76
1451.52 2227.68
1453.83 2203.69
1454.81 2189.5
1455.01 2177.73
1308.43 1828.76
1308.6 1562.65
1325.45 1627.22
1373.39 1881.66
1373.4 1987.21
1398.77 1997.64
1417.55 2282.79
1424.65 2215.69
1481.07 2238.2
1481.98 2222.07
1482.08 2214.56
1512.37 2189.69
1517.56 2162.26
1525.35 2132.59
1525.68 2101.79
1541.85 2082.86
1555.55 2066.77
1555.83 2052.72
1566.25 2041.99
1565.06 2172.57
1565.56 2285.03
1587.83 2293.64
1597.24 2292.94
1596.73 2364.95
1599.42 2392.74
1587.2 2683.12
1590.84 2707.56
1590.86 2669.5
1594.4 2633.88
1618.66 3022.64
1610.97 2887.37
1630.37 2782.25
1637.01 3088.9
1646.22 3054.78
1648.58 2979.26
1650.05 2951.17
1655.14 3026.31
1657.18 3077.27
1651.21 3099.94
1651.19 3096.2
1651.22 3094.39
1688.5 3254.15
1705.67 3220.6
1715.79 3189.57
1714.23 3115.61
1699.55 3121.38
1728.17 3105.06
1628.58 3365.96
1606.5 3192.52
1593.67 3107.72
1593.77 2948.04
1593.81 2837.79
1606.64 2802.84
1608.76 2780.73
1611.52 2827.06
1612.27 2842.56
1612.51 2833.34
1615.58 2827.6
1630.59 2848.12
1628.61 2854.4
1670.59 2897.3
1672.24 3015.09
1671.59 3039.54
1671.83 3066.75
1648.08 3133.24
1648.03 3100.83
1648.17 3118.49
1649.91 3112.08
1637.36 3277.33
1639.33 3346.92
1673.93 3478.04
1676.63 3555.67
1669.49 3363.26
1679.27 3244.72
1678.64 3137.21
1679.26 3081.22
1679.39 3037.2
1675.13 2995.34
1675.05 3006.14
1671.95 2983.45
1669.38 2978.08
1675.82 3275.1
1675.11 3202.84
1676.8 3193.75
1680.75 3199.48
1684.14 3219.34
1682.1 3255.67
1683.33 3264.4
1682.55 3254.83
1685.05 3257.38
1688.65 3322.12
1680.89 3263.14
1680.37 3373.62
1682.23 3419.24
1680.57 3526.28
1680 3547.63
1680.51 3576.29
1669.77 3588.6
1673.75 3617.88
1675.23 3691.05
1656.44 3887.82
1655.27 3863.04
1668.73 3875.7
1667.22 3857.43
1664.61 3892.89
1663.63 3949.64
1665.47 3985.54
1666.65 3991.75
1665.97 3944.18
1666.76 3969.27
1669.2 4128.37
1668.82 4187.47
1668.43 4248.13
1669.64 4273.75
1659.91 4273.18
1638.32 4270.41
1632.69 4280.28
1633.75 4282.97
1633.75 4290
1634.1 4301.63
1634.07 4352.44
1634.03 4344.13
1622.57 4348.28
1624.57 4326.32
1625.33 4334.96
1624.97 4416.81
1624.94 4511.12
1621.41 4555.77
1621.09 4582.01
1620.96 4576.87
1620.74 4555.27
1626.07 4865.83
1624.68 4890.42
1624.11 4882.61
1619.58 4917.74
1624.89 4974.2
1623.73 5101.77
1623.94 5120.38
1626.88 5010.98
1627.2 5025.37
1627.67 5001.98
1632.37 5018.66
1631.06 5018.34
1634.38 5042.24
1635.58 5101.88
1635.53 5143.6
1636.09 5166.75
1635.87 5163.98
1635.71 5165.72
1643.74 5178.87
1642.62 5189.04
1641.33 5197.42
1635.99 5183.19
1634.6 5143.32
1636.11 5171.23
1633.03 5195.7
1634.67 5180.08
1632.08 5193.67
1628.53 5194.22
1629.11 5102.31
1622.44 5096.67
1624.77 5144.48
1625.24 5161.41
1625.78 5183.85
1625.93 5176.97
1629.18 5125.46
1623.98 5117.97
1623.38 5100.04
1623.45 5095.97
1621.66 5069.95
1622.32 5162.35
1625.76 5232.76
1625.74 5260.76
1627.58 5271.84
1627.39 5276.55
1627.45 5279.91
1637.15 5289.73
1636.04 5275.15
1635.66 5233.2
1633.5 5188.07
1633.08 5192.35
1639.43 5165.87
1640.38 5163.08
1629.25 5369.32
1628.82 5591.2
1617.91 5482.23
1619.42 5472.08
1619 5469.64
1621.06 5343.54
1621.84 5237.81
1621.19 5223.56
1624.6 5262.09
1624.84 5310.41
1627.44 5336.05
1626.94 5268.56
1627.76 5274.39
1629.58 5276.96
1629.41 5269.65
1631.56 5266.26
1631.35 5313.7
1631.84 5331.71
1630.58 5290.24
1630.82 5274.75
1629.31 5275.59
1629.09 5213.02
1629.46 5232.41
1629.8 5247.05
1629.44 5215.71
1629.5 5202.87
1627.24 5130.45
1627.12 5139.42
1629.27 5147.66
1628.94 5136.99
1629.07 5117.29
1627.89 5101.19
1627.79 5094.56
1628.39 5086.26
1630.99 5087.3
1631.54 5069.73
1631.53 5077.03
1632.24 5083.35
1632.21 5087.74
1633.22 5092.4
1633.26 5088.64
1637.21 5144.65
1637.27 5163.3
1637.37 5165.37
1639.09 5107.52
1639.17 5105.81
1636.08 5308.08
1635.31 5463.26
1635.06 5372.46
1634.93 5284.14
1634.55 5235.21
1633.4 5193
1633.07 5178.23
1632.46 5173.36
1632.29 5163.98
1632.33 5165.75
1632.72 5178.93
1631.19 5190.4
1630.89 5208.49
1631.2 5708.86
1630.95 5764.19
1630.31 5725.33
1629.84 5689.5
1628.91 5755.13
1628.91 5801.35
1629.74 5870.95
1630.62 5725.45
1629.49 5687.28
1628.3 5673.02
1628.88 5640.21
1627.83 5641.78
1626.35 5662.94
1636.7 5645.62
1636.82 5612.2
1637.05 5856.78
1637.67 5805.9
1636.23 5896.08
1636.82 5762.49
1635.76 5756.42
1633.62 5702.38
1633.59 5737.56
1632.97 5741.65
1633.25 5735.01
1632.16 5750.61
1635.17 5696.07
1636.73 5674.99
1634.72 5656.11
1634.82 5652.78
1634.79 5674.63
1633.13 5660.48
1632.81 5641.03
1633.33 5633.67
1637.64 5670.61
1639.73 5681.58
1640.6 5686.14
1638.04 5696.94
1638.14 5708.14
1639.36 5794.05
1639.69 5834.85
1641 5793.62
1641.03 5779.25
1639.75 5795.93
1639.9 5790.05
1637.81 5784.45
1653.34 5948.43
1651.59 5856.93
1651.1 5841.45
1647.46 5784.04
1646.32 5811.27
1647.84 5822.77
1645.39 5823.08
1645.36 5856.57
1646.06 5828
1649.15 5850.49
1650.58 5973.53
1645.92 6065.28
1646.13 6150.93
1645.43 6191.92
1645.81 6294.08
1650.53 6205.25
1650.51 6216.43
1651.1 6262.3
1651.33 6276.09
1651.2 6280.14
1653.23 6328.77
1652.8 6267.65
1653.32 6308.55
1653.04 6317.92
1651.66 6319.64
1647.72 6328.99
1647.78 6345.1
1647.86 6361.54
1646.88 6353.09
1646.9 6340.48
1646.1 6352.42
1649.01 6347.98
1649.75 6334.51
1649.29 6324.88
1649.05 6313.04
1648.86 6290.88
1648.85 6280.09
1648.54 6271.17
1647.5 6285.18
1644.81 6293.1
1641.02 6276.11
1642.11 6311.83
1641.12 6323.08
1640.71 6316.94
1641.17 6303.57
1640.46 6313.68
1640.14 6182.42
1639.03 6187.55
1639.32 6202.23
1640.17 6228.29
1640.19 6292.67
1639.94 6313.2
1640.22 6338.96
1640.61 6333.27
1639.38 6343.91
1639 6360
1640.09 6390.2
1639.13 6424.44
1639.3 6456.27
1639.5 6512.64
1637.33 6576.69
1636.37 6561.32
1637.69 6562.84
1636.52 6515.88
1636.86 6536.18
1636.16 6552.59
1636.18 6563.11
1650.27 6618.26
1650.33 6667.62
1649.47 6724.28
1649.97 6750.23
1650.18 6752.68
1651.37 6718.96
1645.89 6663.2
1646.93 6625.79
1647.25 6559.89
1646.77 6575.6
1646.79 6563.3
1646.93 6599.71
1647.08 6560.59
1646.67 6576
1645.85 6569.57
1643.87 6553.13
1645.11 6521.2
1645.11 6527.51
1645.73 6500.6
1648.09 6452.01
1647.61 6517.83
1652.75 6590.25
1653.7 6649.29
1657.19 6690.05
1646.56 6674.44
1646.88 6660.23
1647.62 6690.36
1649.02 6674
1649.1 6670.18
1649.29 6663.87
1653.06 6701
1652.43 6734.82
1652.2 6729.44
1655.98 6800.12
1655.07 6822.48
1658.97 6879.39
1661.28 6883.76
1661.26 6871.12
1661.22 6850.43
1661.16 6848.76
1661.9 6856.87
1661.26 6862.71
1658.95 6853.31
1658.96 6865.51
1659.54 6903.68
1659.41 6919.98
1658.95 6930.28
1658.18 6924.49
1661.04 6873.85
1661.28 6956.67
1661.69 6976.53
1661.03 6966.38
1661.53 6964.3
1662.14 6957.74
1662.07 6958.53
1662.09 6940.34
1662.58 6892.15
1660.92 6913.05
1661.38 6877.26
1662.19 6842.3
1661.96 6882.76
1661.65 6878.23
1657.97 6819.72
1658.84 6905.54
1663.12 6912.49
1664.26 6916.15
1667.18 6927.77
1667.19 6946.58
1666.6 6956.93
1665.81 6944.71
1665.73 6969.37
1665.51 6954.06
1666.97 6921.87
1665.49 6915.75
1665.75 6921.02
1668.03 6936.29
1666.16 6883.24
1664.62 6916.2
1664.66 6916.76
1663.73 6969.81
1663.61 6974.53
1663.49 6971.76
1663.37 6974.32
1662.97 6986.42
1662.95 6989.71
1663.28 6985.51
1662.46 7001.47
1662.61 6996.82
1659.63 6988.1
1657.06 6990.71
1657.96 6984.81
1657.69 6978.48
1660.48 6990.22
1660.22 6961.08
1663.04 6902.13
1662.77 6869.07
1664.01 6940.01
1664.78 7001.62
1664.98 7000
1664.01 6990.7
1662.74 6990.99
1663.65 6970.53
1647.83 6912.18
1647.31 6982.34
1647.19 7158.24
1647.36 7191.28
1647.49 7197.72
1645.61 7249.57
1644.43 7265.9
1640.44 7316.42
1638.97 7485.35
1639.63 7522.71
1638.12 7564.48
1637.7 7583.32
1637.33 7573.05
1636.5 7557.51
1637.72 7549.4
1638.53 7548.78
1639.23 7574.47
1639.46 7577.47
1639.58 7597.33
1636.97 7683.23
1633.89 7614.33
1634.97 7505.74
1635.04 7450.24
1636.06 7435.54
1634.23 7493.93
1632.08 7475.97
1631.84 7473.05
1630.81 7506.74
1630.08 7530.86
1630.06 7545.48
1629.2 7626.29
1629 7666.44
1628.83 7647.16
1626.79 7638.26
1626.61 7644.29
1625.78 7728.69
1625.51 7730.16
1625.29 7729.65
1625.28 7727.72
1625.46 7733.18
1625.35 7733.28
1625.8 7733.7
1624.3 7762.35
1623.82 7793.88
1623.74 7807.8
1623.55 7797.68
1621.85 7713.48
1621.89 7584.51
1618.85 7520.02
1618.87 7477.25
1619.94 7492.89
1619.03 7470.26
1621.57 7453.15
1621.61 7463.98
1619.29 7466.48
1619.36 7496.59
1619.22 7502.02
1619.6 7501.09
1619.25 7474.15
1619.17 7472.25
1618.4 7518.39
1619.46 7503.62
1620.23 7498.03
1620.28 7499.8
1620.35 7504.97
1621.07 7497.5
1621.3 7473.03
1621.3 7467.43
1622.3 7466.56
1624.19 7505.26
1624.35 7468.48
1624.19 7479.11
1623.94 7485.09
1623.28 7476.45
1622.7 7465.95
1622.8 7461.11
1622.91 7449.86
1623.13 7435.19
1623.32 7427.47
1622.62 7449.22
1622.26 7441.11
1622.9 7442.71
1622.87 7431.12
1625.14 7434.8
1626.01 7461.88
1626.01 7449.36
1625.95 7452.91
1625.92 7409.75
1625.84 7373.48
1626.27 7366.92
1625.94 7353.76
1625.99 7344.9
1626.2 7362.6
1626.18 7357.37
1625.68 7356.31
1626.4 7350
1626.39 7388.77
1623.72 7366.75
1622.7 7337.67
1621.37 7313.12
1621.34 7308.32
1620.55 7301.42
1618.85 7262.54
1618.49 7216.78
1617.91 7188.11
1617.34 7186.67
1617.47 7207.77
1617.33 7215.35
1618.29 7233.81
1618.67 7250.88
1616.91 7139.48
1618.57 7100.97
1618.67 7088.69
1619.45 7086.47
1618.91 7099.79
1616.85 7099.71
1617.37 7071.1
1618.84 7089.47
1619.55 7102.69
1619.49 7162.76
1620.77 7158.28
1619.41 7098.78
1620.41 7109.74
1619.92 7093.05
1621.91 7081.43
1621.36 7067.64
1624.79 7184.99
1625.77 7192.2
1626.51 7198.69
1627.15 7220.22
1626.63 7217.65
1627.1 7231.11
1627.54 7253.11
1627.6 7264.83
1628.42 7258.96
1628.51 7263.82
1629.29 7259.54
1629.38 7266.74
1629.34 7269.44
1629.19 7264.65
1628.62 7269.04
1627.98 7257.49
1627.69 7248.54
1627.47 7259.78
1627.64 7243.79
1627.48 7181.19
1627.96 7160.33
1627 7170.5
1625.58 7152.49
1626.13 7131.43
1626.49 7120.79
1627.29 7112.22
1626.74 7125.45
1626.39 7122.08
1626.57 7116.27
1626.96 7121.01
1627.52 7145.92
1627.56 7145.44
1622.9 7133
1623.48 7158
1621.61 7090.58
1621.03 7097.66
1621.96 7090.73
1624.25 7106.44
1624.86 7077.2
1632.74 7033.6
1632.98 7032.97
1634.53 7002.07
1627.53 7147.44
1629.3 7180.1
1629.33 7170.74
1629.32 7161.56
1629.04 7167.37
1629.19 7175.82
1629.32 7178.2
1629.19 7190.91
1628.08 7183.83
1628.86 7204.35
1628.74 7198.4
1628.9 7197.88
1631.88 7197.11
1631.75 7198.08
1632.35 7194.88
1632.38 7196.25
1634.58 7201.88
1633.96 7204.71
1633.7 7169.66
1633.9 7143.25
1633.64 7132.89
1633.72 7136.75
1633.6 7130.55
1633.13 7088.72
1633.34 7037.56
1633.28 7026.6
1634.88 7030.23
1632.16 7022.58
1632.05 7041.44
1632.19 7047.36
1629.41 7104.05
1629.06 7108.76
1628.47 7124.36
1628.62 7131.99
1628.99 7121.81
1629.09 7132.98
1629.1 7143.85
1629.03 7148.5
1629.65 7136.42
1627.52 7082.13
1627.36 7069.32
1627.25 7017.54
1627.33 6945.03
1624.3 7062.68
1624.3 7116.96
1624.3 7145.11
1631.14 7229.43
1631.04 7229.06
1630.38 7272.49
1630.2 7265.75
1629.31 7203.08
1629.29 7192.55
1628.77 7194.97
1628.64 7192.07
1628.58 7161.44
1629.05 7178.44
1629.2 7220.72
1629.04 7220.79
1629.09 7221.24
1629.52 7223.83
1629.41 7224.55
1629.86 7229.38
1630.24 7237.28
1630.41 7249.15
1630.64 7264.32
1632.01 7303.01
1631.98 7335.66
1631.17 7304.29
1630.95 7315.37
1631.98 7372.67
1629.75 7387.83
1629.42 7380.85
1628.91 7402.84
1629 7402.25
1630.62 7431.28
1631.45 7437.86
1631.44 7448.25
1629.52 7457.06
1629.49 7483.01
1630.22 7501.4
1630.41 7507.97
1630.21 7510.79
1630 7520.51
1630.43 7508.87
1630.26 7526.5
1630.35 7546.53
1628.32 7581.88
1628.81 7616.54
1628.22 7617.29
1628.38 7583.98
1630.02 7585.32
1629.69 7595.96
1630.31 7602.33
1630.15 7596.59
1630.05 7617.88
1630.04 7647.9
1629.32 7627.18
1632.5 7613.54
1632.36 7643
1632.33 7635.63
1633.18 7660.43
1633 7656.77
1633.04 7701.36
1633.11 7721.79
1634.17 7745.03
1633.61 7744.12
1634.06 7750.84
1624.56 7719.08
1624.54 7733.46
1624.64 7737.36
1624.23 7738.34
1622.49 7725.09
1622.51 7731.14
1623.09 7776.54
1623.05 7810.5
1622.57 7801.99
1622.16 7814.18
1622.39 7818.11
1622.7 7803.03
1622.77 7793.17
1622.89 7783.87
1623.04 7796.1
1622.76 7787.24
1622.94 7777.74
1622.66 7752.11
1624.44 7766.51
1622.99 7776.07
1622.08 7782.48
1622.92 7790.32
1624.02 7779.5
1623.25 7777.51
1623.54 7787.84
1624.51 7782.95
1623 7781.48
1622.02 7781.33
1622.07 7770.32
1621.15 7769.17
1621.46 7781.85
1621.24 7785.46
1621.55 7795.97
1620.48 7808.36
1619.68 7834.02
1618.74 7840.13
1618.82 7844.91
1618.56 7846.53
1619.87 7924.63
1619.78 7904.78
1619.24 7910.74
1619.24 7922.72
1619.23 7944.05
1618.47 7955.8
1618.48 7985.86
1617.83 7993.04
1617.89 8009.57
1617.54 8008.48
1617.78 8004.26
1617.8 8003.78
1618.26 7996.82
1625.05 8049.88
1624.01 8003.73
1624.78 8000.29
1624.6 8003.39
1625.13 8030.3
1625.09 8030.36
1624.1 8071.8
1624.07 8067.99
1623.2 8041.07
1623.11 8064.79
1623.31 8075.38
1623.45 8053.29
1623.04 8029.98
1623.66 7996.29
1623.61 7981.26
1623.6 7978.33
1623.58 7973.29
1623.62 7977.52
1618.77 7878.08
1617.15 7887.32
1617.41 7901.17
1617.52 7906.98
1617.53 7913.11
1617.3 7907.34
1617.34 7907.14
1617.38 7900.76
1617.37 7885.78
1617.37 7866.9
1618.05 7851.72
1617.28 7813.53
1617.4 7785.71
1617.38 7770.69
1616.09 7790.4
1615.6 7786.75
1616.07 7805.94
1616.36 7815.42
1616.3 7814.04
1617.49 7836.19
1617.73 7843.97
1620.19 7850.39
1620.14 7843.74
1620.03 7855.48
1619.75 7852.36
1618.53 7827.2
1618.45 7812.06
1618.33 7806.8
1618.59 7812.18
1624.36 7800.45
1624.45 7756.55
1623.72 7727.14
1623.81 7762.84
1623.18 7802.6
1622.97 7892.77
1624.1 7897.28
1624.6 7910.03
1621.76 7872.88
1622.07 7870.92
1622.03 7898.63
1621.9 7890.5
1621.42 7907.76
1621.06 7947.11
1619.84 8043.44
1622.1 8043.43
1622.14 8078.69
1622.17 8104.61
1622.75 8126.46
1622.52 8144.84
1622.78 8171.1
1622.76 8189.8
1622.76 8218.84
1622.07 8224.37
1621.74 8234.66
1620.92 8281.24
1620.7 8295.98
1621.07 8352.43
1621.31 8342.42
1621.17 8315.81
1621.24 8309.43
1620.59 8308.26
1618.91 8302.13
1619.35 8298.94
1618.87 8287.56
1619.22 8290.58
1619.16 8285.76
1618.84 8281.1
1618.46 8270.02
1614.75 8134.06
1614.74 8129.55
1614.88 8135.94
1614.98 8126.6
1615.5 8113.62
1614.83 8092.61
1614.83 8082.6
1614.36 8055.47
1613.76 8041.82
1613.72 8026.22
1613.55 8021.56
1613.14 8015
1613.4 8007.38
1610.61 8061.9
1610.57 8065.26
1611.26 8081.61
1610.93 8071.41
1610.81 8045.5
1611.3 8030.72
1610.19 8018.33
1610.03 8024.62
1610.17 8040.18
1610.43 8037.97
1611.36 8024.68
1611.3 7992.1
1612.47 8010.34
1612.36 8046.74
1612.41 8078.7
1611.53 8102.34
1610.92 8111.9
1614.6 8178.27
1615.87 8232.88
1615.89 8233.76
1616.62 8250.24
1616.8 8272.87
1616.87 8290.97
1617.51 8255.19
1617.57 8220
1617.55 8214.14
1617.77 8235.8
1617.37 8240.27
1617.31 8245.99
1617.5 8255.23
1618.36 8255.82
1620.07 8309.49
1620.02 8314.86
1618.75 8304.89
1619.2 8346.08
1618.93 8351.31
1619.04 8350.11
1618.56 8356.53
1618.63 8368.82
1619.9 8384.73
1619.6 8401.76
1617.58 8393.83
1617.81 8408.11
1617.59 8393.06
1617.46 8378.08
1617.34 8354.77
1616.79 8349.57
1618.84 8351.34
1618.26 8339.4
1618.03 8312.84
1618.41 8278.62
1618.71 8272.19
1619.18 8264.13
1618.88 8263.5
1618.23 8272.36
1617.02 8286.2
1616.93 8285.81
1616.78 8286.89
1616.85 8306.14
1616.87 8288.12
1616.79 8285.11
1618.08 8293.76
1618.07 8294.34
1617.5 8287.17
1617.59 8290.47
1618.71 8272.7
1618.19 8262.22
1617.99 8260.72
1617.47 8264.59
1617.46 8248.01
1617.46 8237.95
1616.35 8271.26
1616.02 8309.23
1615.84 8319.44
1616.33 8326.54
1616.31 8314.08
1616.89 8325.63
1618.12 8336.99
1617.81 8287.93
1617.1 8279.62
1617.09 8280.3
1616.93 8310.81
1616.72 8316.06
1616.29 8322.84
1616.49 8346.04
1617.03 8346.92
1615.29 8390.42
1614.4 8432.88
1614.29 8469.86
1614.49 8477.76
1614.36 8479.79
1614.02 8495.99
1613.99 8499.69
