85.387 0
407.007 9.46688
441.032 9.40582
488.335 9.38543
525.976 9.37342
528.598 9.36946
530.849 9.36549
533.954 9.36152
535.853 9.35755
560.741 9.35681
563.245 9.35681
570.273 9.35681
596.003 9.35681
605.979 9.35681
624.47 9.35681
636.01 9.35681
665.9 9.35681
694.504 9.35681
731.545 46.6863
784.931 49.785
791.95 49.777
794.478 50.0824
837.154 61.7973
838.537 60.1672
895.117 70.5193
895.219 68.7995
934.976 72.0266
950.871 71.9814
955.289 71.9692
955.398 71.9651
958.656 68.0029
959.12 67.0466
961.933 67.0466
979.148 67.0466
994.827 64.1148
995.535 64.1522
1004.9 65.261
1005.97 65.1914
1006.31 64.9917
1015.34 69.1414
1016.94 97.25
1017.5 106.912
1089.2 150.666
1094.23 155.055
1105.58 187.496
1110.4 232.224
1123.35 291.521
1131.12 328.121
1132.11 338.031
1187.86 405.863
1187.25 429.983
1190.77 434.558
1189.94 451.356
1186.7 524.271
1188.07 590.618
1279.11 860.518
1279.83 992.235
1283.28 1014.07
1239.55 1171.09
1259.65 1237.93
1260.65 1221.45
1307.67 1413.32
1306.28 1366.18
1301.77 1412.14
1303.91 1472.72
1328.51 1548.73
1330.49 1595.62
1331.29 1628.73
1344.68 1679.18
1347.96 1741.22
1377.51 1800.61
1381.15 1858.47
1380.58 1900.84
1360.37 2152.48
1360.81 2749.49
1364.27 2620.04
1385.91 2473.25
1387.83 2451.58
1390.46 2435.55
1393.41 2433.08
1395.11 2411.99
1398.04 2465.45
1399.33 2461.71
1405.69 2424.09
1399.78 2385.24
1410.41 2662.04
1410.65 2822.09
1408.64 2816.6
1412.38 2783.24
1411.57 2881
1423.79 2977.13
1426.79 3081.59
1411.24 3130.67
1420.64 3133.42
1420.09 3094.79
1461.14 3123.95
1465.19 3079.98
1486.4 3622.46
1503.94 3861.97
1508.56 4067.92
1512.78 4158.27
1507.63 4347.78
1507.59 4397.12
1506.47 4487.39
1509.12 4502.74
1509.97 4490.36
1517 4447.57
1515.67 4428.32
1513.15 4406.4
1510.19 4528.21
1504.92 4528.92
1506.32 4517.77
1509.53 4468.95
1518.96 4406.12
1521.34 4429.21
1528.7 4438.3
1527.34 4538.32
1527.46 4443.67
1527.49 4460.19
1554.46 4502.76
1553.56 4445.3
1549.4 4469.39
1533.1 4672.52
1535.32 4682.03
1539.43 4648.82
1549.22 4636.74
1546.09 4607.81
1545.35 4591.04
1566.22 5712.43
1567.29 5677.71
1567.79 5658.44
1566.13 5707.83
1563.57 5607.54
1582.88 5583.79
1580.43 5666.67
1567.15 6306.4
1567.31 6280.25
1571.26 6303.76
1576.87 6392.35
1583.27 6536.47
1576.68 6748.55
1580.66 7100.11
1581.79 7319.45
1591.85 7379.87
1593.01 7478.65
1593.25 7544.07
1593.23 7548.29
1592.8 7556.06
1595.81 7629.97
1595.27 7691.17
1596.51 7799.62
1598.22 7826.44
1603.15 7933.05
1605.11 7849.27
1605.51 7745.53
1613.03 8039.66
1616.8 7923.3
1615.65 7815.62
1625.26 7952.81
1624.76 7883.68
1625.55 7811.93
1638.44 8049.41
1636.79 8079.95
1636.84 7968.87
1636.63 7933.22
1637.93 7919.57
1638.12 7890.9
1660.61 8295.49
1660.86 8278.24
1662.7 8181.06
1679.51 8534.29
1684.54 8541.84
1683.99 8438.79
1684.36 8444.2
1680.64 8414.66
1680.7 8495.4
1693.11 8651.96
1687.19 8745.49
1689.89 8694.57
1684.49 8884.73
1686.37 8791.99
1687.91 8767.97
1692.94 8990.9
1692.68 8930.57
1695.37 8831.51
1693.98 9389.43
1694.18 9066.34
1694.55 9030.07
1697.54 9016.1
1699.81 9034.48
1695.64 9109.81
1696.3 9159.13
1695.96 9205.84
1699.69 9282.9
1699.38 9290.3
1700.33 9291.18
1701.35 9273.53
1700.8 9278.33
1712.63 9481.62
1724.15 9658.65
1725.35 9700.55
1724.81 9696.47
1725.94 9742.96
1727.07 9619.36
1728.73 9580.2
1728.7 9540.24
1729.03 9538.48
1728.92 9549.23
1731.66 9581.88
1730.33 9634.86
1729.97 9552.12
1732.25 9532.87
1732.3 9522.19
1728.55 9575.3
1730.62 10195.8
1728.07 9913.6
1723.24 9881.67
1726.14 9898.73
1724.36 10041.9
1724.55 9991.22
1724.43 9882.95
1727.43 9870.74
1729.48 9750.92
1728.53 9697.71
1728.61 9621.95
1728.58 9642.71
1739.79 9975.6
1737.46 9938.79
1738.84 9905.09
1738.6 9866.43
1738.64 9855.67
1739.97 9882.69
1741.83 9926.74
1741.88 9888.14
1742.06 9879
1743.1 9832.34
1744.62 9824.67
1746.43 9846.59
1746.13 9943.08
1745.98 9903.78
1751.27 9818.78
1755.61 9694.53
1758.53 9713.25
1758.59 9697.55
1758.12 9631.22
1757.95 9599.44
1761.4 9756.88
1761.73 9693.8
1763.13 9761.7
1767.65 9731.06
1766.37 9693.16
1771.04 9764.77
1773.13 9820.16
1771.36 10023.9
1770.73 10133.5
1760.57 10219.5
1759.36 10183.1
1759.19 10207.4
1759.75 10198.2
1760.68 10163.4
1760.54 10110.9
1761.43 10026.5
1761.7 9998.68
1762.88 10064.4
1763.06 9937.82
1766.03 9802.33
1766.72 9904.16
1766.17 9768.52
1766.35 9712.87
1765.83 9737.22
1765.83 9884.45
1766.55 9943.63
1767.13 9965.81
1767.51 9978.84
1766.52 10059.4
1766.58 10027.6
1766.06 10211.1
1767.11 10083.5
1766.42 10187
1766.31 9994.08
1766.51 9899.76
1768.03 9906.17
1766.82 9884.91
1767.27 9834.71
1769.16 9783.88
1766.29 9727.4
1765.56 9795.55
1765.42 9762.88
1764.32 9781.96
1764.21 9748.6
1763.97 9677.74
1762.31 9702.93
1762.44 9704.81
1764.9 9675.65
1765.26 9702.19
1764.53 9703.73
1764.58 9719.12
1764.39 9792.24
1763.74 9805.4
1757.31 9860.1
1756.49 9841.84
1754.62 9914.42
1753.77 10031.5
1747 10169.1
1747.03 10145.4
1747.17 10125.9
1739.51 10245.1
1741.3 10216.7
1740.24 10478.5
1741.08 10534.6
1742.74 10699.3
1742.8 10674.7
1742.54 10499.3
1740.97 10618.7
1740.86 10720.3
1740.62 10785.2
1740.06 10768.4
1740.22 10761.7
1739.8 10781.3
1740.03 10773.1
1739.75 10774.4
1738.75 10762.1
1738.61 10765
1736.41 10782.1
1735.46 10761.5
1735.14 10624.6
1736.14 10608.5
1736.46 10572.7
1735.95 10560.1
1736.67 10555.4
1737.99 10644.5
1738 10697.2
1738.5 10733.7
1740.28 10664.1
1740.44 10634.5
1740.27 10676.9
1743.89 10712.8
1745.4 10757.7
1745.76 10772.4
1745.84 10761.2
1745.84 10735
1741.89 10793.8
1742.79 10877.4
1742.83 10889.5
1742.69 10899.5
1743.95 10858.3
1747.34 10788.3
1745.97 10861.4
1746.55 10825.2
1755.88 10756
1755.97 10785.5
1756.87 10723.4
1755.66 10715
1756.29 10679.1
1756.24 10674.2
1756.43 10704.7
1758.19 10703.8
1759.09 10630.5
1759.42 10705.9
1759.73 10716.5
1758.26 10722.2
1756.86 10784.3
1756.52 10812.9
1756.58 10916.5
1756.9 10897.9
1760.49 10875.4
1759.89 10856.6
1758.23 10992.6
1758.45 11033.7
1760.9 11068.9
1761.72 11098.9
1761.31 11170
1761.76 11235.5
1761.2 11251.5
1761.25 11256.1
1761.28 11294.1
1760.72 11174.5
1760.86 11138.6
1762.71 11115.7
1762.53 11030.7
1752.53 11340.7
1752.93 11365.4
1752.44 11493.7
1757.27 11664.5
1757.14 11523.2
1757.19 11478.7
1757.49 11484.3
1757.74 11468.9
1759.26 11441.6
1760.05 11430.1
1756.64 11392
1755.86 11444.9
1755.51 11543.2
1755.69 11558.1
1759.71 11632.4
1764.13 11651.8
1764.2 11600.1
1764.71 11581.2
1765.64 11577.6
1766.06 11514
1765.86 11497.2
1766.77 11482.3
1766.43 11499.9
1766.33 11511.3
1765.94 11532.9
1766.54 11536
1767.14 11491.3
1767.85 11367.6
1769.31 11346.2
1769.24 11479.4
1770.34 11446.1
1769.87 11454.9
1770.05 11493.4
1770.1 11431.9
1770.58 11362.6
1771.11 11390.8
1770.71 11372.5
1769.76 11382.6
1769.75 11405
1769.7 11392.5
1771.14 11401.5
1771.35 11392.4
1771.49 11429.9
1773.97 11367.9
1773.88 11345.2
1773.65 11389.6
1773.76 11380.1
1775.41 11406.6
1774.76 11467.4
1774.03 11508
1774.22 11513.7
1774.51 11529.7
1774.52 11495.8
1773.04 11505.9
1774.79 11515.9
1775.06 11495.5
1775.17 11509.1
1776.16 11537
1777.79 11542.6
1778.48 11544.8
1778.6 11553.4
1778.6 11590.6
1778.01 11603.4
1778.05 11622.9
1779.36 11675.8
1779.35 11700.8
1779.35 11718.2
1779.41 11729.6
1779.42 11730.9
1779.84 11749.2
1778.97 11746.4
1778.99 11750.8
1779.15 11757.9
1780.74 11808.8
1777.77 11756.9
1779.26 11746.2
1779.23 11765.8
1779.25 11794.1
1780.13 11794.9
1781.97 11839.8
1782.08 11793.4
1781.53 11827.4
1781.5 11830.4
1781.2 11832.9
1781.29 11853.7
1780.99 11899.9
1781.62 11906.1
1781.96 11908.8
1782.35 11934.4
1784.03 11900.1
1784.91 11895.7
1785.32 12031.2
1785.26 12077.2
1785.24 12087.2
1780.36 12062.4
1779.34 12093.4
1779.68 12118.9
1779.91 12152.4
1780.12 12188.5
1780.25 12185.3
1779.92 12197.8
1779.71 12269
1779.61 12282.3
1778.28 12306.8
1777.95 12293
1777.72 12229.6
1777.36 12211.8
1776.08 12202.4
1776.46 12207
1776.72 12187.4
1777.08 12229.2
1777.08 12229.9
1777.1 12289.7
1777.45 12249.9
1777.46 12202
1776.43 12216.1
1776.74 12241.8
1777.53 12239.6
1777.56 12238.8
1777.7 12234.1
1777.95 12223.9
1778.1 12221.1
1778.36 12225.1
1780.21 12414.8
1781.47 12521.2
1781.84 12518.8
1781.79 12512.3
1781.31 12491.4
1780.44 12481.2
1780.96 12496.6
1780.84 12492
1781.06 12505.3
1780.01 12557
1780.92 12579.6
1780.94 12582.8
1780.82 12723.4
1780.17 12740.9
1780.43 12721.4
1780.44 12743.4
1780.75 12700.9
1781.31 12719.7
1781.62 12729.1
1781.63 12743.3
1781.57 12761.1
1782.95 12760.7
1783.26 12600.3
1781.71 12611.9
1782.09 12728.3
1782.08 12735.7
1782.09 12715.3
1782.09 12702.6
1781.81 12697.4
1782.26 12717.8
1782.58 12712.1
1782.04 12683.7
1782.08 12661.6
1782.2 12681.1
1777.38 12723.2
1777.14 12724.8
1776.78 12735.4
1777.92 12746.1
1778.19 12738.5
1778.85 12741.7
1778.87 12741
1779.03 12740.8
1779.67 12750.5
1779.18 12751.9
1779.34 12748.1
1779.1 12741.8
1778.54 12770.7
1778.87 12788.8
1778.86 12797.3
1778.67 12801.4
1778.58 12810.7
1778.64 12831
1778.51 12854.1
1778.5 12861.5
1780.14 12889.6
1780.21 12868.1
1780.75 12887.9
1780.49 12891.4
1780.44 12888.3
1780.27 12875.1
1779.49 12862.1
1779.44 12845
1779.12 12843.4
1779.5 12853.8
1779.33 12844
1781 12843.6
1781 12854.3
1780.21 12844
1779.53 12848.2
1779.5 12843.1
1779.56 12841.7
1779.49 12848.4
1780.71 12852
1780.44 12858.5
1782.86 12846
1782.29 12884.9
1781.72 12872.2
1781.79 12902.2
1781.21 12922.9
1781.05 12925.7
1781.08 12931.9
1781.42 12964.8
1781.56 12964.2
1782.13 13012.2
1782.13 13007.8
1781.98 13009.6
1781.66 13025
1781.55 13019
1781.48 13033.7
1782.38 13033.9
1782.86 13058.3
1783.18 13097.3
1783.21 13118.7
1783.78 13127.8
1784.37 13147.3
1784.39 13146.4
1784.55 13153.7
1785.22 13165.5
1785.01 13167.1
1781.5 13181.1
1780.79 13252.1
1779.94 13326.2
1779.95 13348.4
1779.82 13333
1779.83 13328.4
1778.15 13323.9
1778.23 13323.2
1778.28 13329
1778.39 13333.7
1779.03 13276.3
1779.58 13312.1
1780.17 13363.7
1779.47 13374.2
1779.05 13400.8
1779.06 13401.4
1779.05 13401.2
1778.95 13395.3
1779.42 13381.3
1778.27 13357
1777.66 13379.6
1776.67 13389.2
1775.76 13470
1775.55 13432.4
1775.1 13359.3
1775.2 13359.6
1775.16 13357.4
1776.82 13394.6
1775.02 13344.7
1777.29 13327.3
1777.04 13325.3
1777.15 13325.7
1777.17 13348.9
1776.83 13363.3
1777.26 13373
1777.26 13378.9
1776.82 13391.1
1776.66 13433.5
1779.88 13271.2
1779.98 13252.3
1779.28 13270.7
1779.41 13285.1
1779.46 13281.2
1779.2 13249.7
1778.72 13191.3
1780.31 13179.5
1780.28 13240.5
1780.29 13254.1
1780.68 13255
1781.83 13381.3
1782.72 13432.5
1782.79 13439.9
1785.13 13481.8
1785.89 13391.5
1785.26 13426.7
1785.29 13437.4
1787.43 13461.2
1787.4 13488.3
1787.55 13506.8
1787.54 13501.9
1788.15 13546.1
1788.2 13560.4
1787.79 13571.4
1786.12 13568.9
1786.53 13570.2
1787.06 13600.8
1786.99 13583.3
1788.04 13590.9
1788.07 13621.9
1788.18 13769.9
1788.07 13779.9
1788.28 13805.7
1788.56 13774
1788.58 13788.2
1788.62 13802.5
1788.25 13829.8
1788.23 13868.8
1786.63 13898.6
1787.08 13920
1787.5 13946.1
1787.38 13936.5
1787.61 13905.5
1787.63 13891.1
1786.69 13887.6
1784.68 13976.9
1784.3 13978.5
1784.16 13995.1
1785.3 13973.8
1785.36 14021.1
1785.35 14035.2
1785.51 14055.9
1785.84 14058.3
1786.57 14062.4
1787.29 14067.9
1787.84 13981.7
1787.85 14034.2
1783.42 13946.6
1783.82 13988.2
1783.8 14097.8
1783.78 14106.7
1784.02 14110.2
1782.7 14113.5
1782.94 14109.5
1778.47 14318.3
1778.03 14314
1778.34 14299.4
1778.64 14258.7
1775.49 14241
1775.84 14270.1
1777.03 14286.2
1776.66 14279
1777.34 14281.1
1776.96 14289.9
1777.24 14275.1
1777.34 14273.1
1777.32 14283.7
1777.27 14283
1776.43 14283.3
1776.52 14267.6
1776.37 14279.3
1776.39 14313.1
1776.13 14356
1776.16 14324.9
1776.68 14330.2
1776.74 14322
1777.44 14323.1
1775.75 14339.7
1775.59 14336.1
1775.69 14341.1
1775.8 14383.1
1775.7 14367.7
1775.71 14361
1776.11 14358.5
1775.03 14330.3
1774.92 14317.6
1774.88 14312.6
1774.61 14307.4
1772.15 14371
1771.7 14366.5
1771.29 14375.8
1771.66 14387.2
1771.66 14389.2
1771.57 14396
1771.78 14397
1771.17 14410.9
1772.83 14465.3
1771.6 14534
1771.4 14555.8
1771.49 14576.4
1770.98 14569.5
1769.97 14543.6
1770.24 14552.6
1770.97 14557.2
1771.15 14555.4
1770.35 14577.3
1770.61 14563.4
1770.7 14558.7
1771.39 14553.1
1771.01 14554.8
1771.53 14549.6
1771.95 14502.1
1772.15 14530.3
1772.24 14537.3
1772.95 14550.1
1773.29 14637.9
1773.13 14653.1
1772.41 14693.3
1772.53 14720.4
1772.64 14735.7
1772.63 14746.9
1771.59 14748.5
1771.57 14747.6
1771.46 14765
1771.78 14742.5
1771.95 14744.9
1772.19 14788.3
1772.34 14782
1771.83 14833.5
1771.67 14848.4
1771.3 14872.6
1770.03 14963.6
1771.05 14989.3
1770.98 14979.6
1771.81 14954.7
1771.85 14968.5
1771.72 14983
1771.18 14946.5
1771.55 14900.8
1773.47 14955.6
1773.25 14977.3
1773.17 14947.8
1773.14 14925.9
1772.49 14895.3
1770.32 15022
1770.21 14972.1
1770.21 14991.4
1770.27 14983
1771.89 14956
1771.95 14968.6
1772.18 14978.7
1773.29 14927.2
1773.04 14903.7
1773.17 14888.1
1772.19 14778.2
1772.34 14772
1772.41 14779.9
1772.38 14782.5
1772.3 14776.5
1772.38 14779.5
1772.1 14799.2
1771.86 14823.4
1771.86 14829
1771.86 14829.2
1771.96 14829.8
1772.06 14833
1771.93 14839.7
1771.52 14831.6
1773.36 14876.9
1774.14 14918.7
1774.08 14932.2
1774.08 14928.7
1772.95 14929.2
1772.78 14931.8
1772.89 14962.2
1773.11 14958.6
1773.14 14955.3
1772.96 14952.5
1772.94 14966.9
1772.84 15002.1
1772.72 15001.7
1773.03 15010.8
1773.38 15021
1773.43 15015.3
1774.15 15012.3
1774.44 14992.2
1774.45 15041.1
1774.65 15016
1774.58 14965.6
1774 14982.2
1774.36 14979.8
1774.43 15019
1775.8 15042.9
1775.54 15054.2
1775.47 15041.9
1775.17 15042.1
1775.25 15050.2
1775.37 15053.8
1775.39 15056.5
1774.85 15039.9
1775.07 15056.9
1774.37 15128.2
1774.69 15146.4
1774.58 15141.1
1773.47 15170.8
1773.2 15304.8
1773.37 15293
1773.69 15311.6
1774.68 15338
1774.7 15408.8
1774.5 15415.4
1773.98 15420.3
1775.65 15441.3
1777.34 15412.7
1777.3 15383.4
1777.34 15394.8
1776.85 15408.9
1776.57 15425.9
1777.22 15408.8
1778.36 15431.1
1779.79 15431.5
1779.79 15436.4
1780.04 15377.5
1779.97 15385.5
1780.01 15367.8
1780.06 15352.3
1777.26 15296.9
1776.89 15246.3
1776.72 15220.1
1777.32 15238.7
1777.24 15243.1
1777.24 15242.5
1778.3 15275.3
1780.92 15365
1779.35 15352.9
1780.17 15372.2
1780.43 15383.5
1780.41 15385.7
1780.79 15379.9
1780.8 15390
1781.1 15400.6
1781.1 15395
1781.16 15383
1780.8 15356
1781.35 15328.3
1779.85 15442.8
1780.32 15497.2
1781.27 15476.4
1781.81 15449.4
1781.92 15444.9
1782.1 15574.2
1782.17 15595
1782.76 15588.6
1782.86 15609.1
1782.83 15610
1782.68 15593.7
1782.21 15606.8
1781.66 15611.2
1779.24 15599.9
1778.77 15577.6
1778.49 15568.4
1778.43 15568.7
1778.57 15583.4
1778.84 15592.1
1778.78 15602.7
1778.39 15628.4
1778.21 15620.2
1780.13 15614.9
1780.06 15622.1
1780.09 15632.3
1779.78 15646.9
1780.12 15646.8
1780.1 15655.1
1779.9 15649
1780.22 15648.4
1779.2 15639.4
1779.05 15647.2
1778.57 15635.9
1778.57 15646.4
1778.4 15661.3
1779.91 15677.3
1780.22 15622.2
1780.9 15615.8
1780.96 15607.7
1780.04 15595
1780.29 15617.2
1780.88 15621
1780.98 15597.7
1780.89 15576.4
1780.76 15566.5
1781.49 15523.5
1781.46 15518.8
1780.64 15478.6
1781.44 15558.1
1781.4 15594.8
1781.4 15596.3
1781.25 15586.9
1781.38 15547.4
1781.94 15516.6
1781.26 15519.1
1781.28 15537.5
1781.52 15514.8
1781.52 15451.6
1781.53 15388.5
1782.11 15391.6
1782.37 15425.1
1782.82 15434.6
1782.63 15426.8
1782.51 15431.3
1782.37 15435.2
1783.04 15387.2
1782.95 15384.3
1782.65 15386.3
1783.59 15424.5
1782.92 15419.3
1782.17 15428.5
1782.16 15427.7
1782.19 15429.6
1782.38 15436.6
1782.77 15433.2
1782.68 15436.2
1782.08 15459.1
1782.39 15471.1
1782.35 15447.8
1782.32 15446.2
1782.23 15440.5
1782.19 15500.7
1782.13 15481.3
1782.27 15480.3
1782.13 15481.7
1784.45 15571.8
1785.53 15585.6
1785.68 15617.9
1786.36 15649.5
1786.33 15649.8
1786.29 15655.1
1786.35 15658.6
1786.28 15660
1785.92 15674.4
1785.71 15686.4
1786.03 15665.3
1786.07 15701.7
1785.76 15688.5
1785.91 15687.8
1785.74 15697.3
1786.76 15752.8
1786.73 15762.3
1787.47 15780.7
