457.472 29.984
468.143 28.2526
471.165 27.703
478.138 27.3929
536.758 27.2537
537.983 27.1145
616.35 34.1391
630.988 34.0263
632.081 33.9815
634.466 33.9415
635.027 33.9016
635.55 33.2054
655.968 33.1655
664.922 33.1379
673.46 33.1379
676.597 33.1379
688.695 39.3676
689.326 38.1763
690.29 36.8471
690.332 37.2141
820.033 581.941
787.988 750.985
799.44 714.981
802.281 690.522
821.943 657.931
828.698 665.304
867.764 643.61
869.326 637.702
915.237 652.123
958.517 689.24
981.518 855.006
1005.03 896.536
1008.76 889.756
1037.69 874.025
1046.12 871.316
1043.14 869.705
1054.42 893.222
1055.07 901.933
1058.94 896.718
1056.58 897.551
1087.82 902.676
1094.65 900.453
1094.72 900.391
1097.03 871.357
1096.95 934.169
1112.53 926.001
1130.79 924.816
1141.23 924.846
1147.01 930.022
1147.34 934.824
1148.81 937.198
1167.01 943.685
1170.36 943.358
1170.59 940.636
1169.94 943.856
1180.38 961.888
1189.41 1139.29
1192.01 1161.55
1188.97 1363.12
1188.44 1411.79
1194.79 1419.8
1179.26 1533.34
1192.86 2436.13
1210.78 2716.11
1219.67 2687.75
1229.84 3549.25
1233.41 2976.48
1252.48 2768.42
1251.05 2655.34
1252.55 2631.85
1259.88 2634.92
1261.11 2602.11
1264.23 2674.91
1257.77 2801.24
1234.56 2894.1
1225.13 2939.42
1224.67 2963.28
1224.67 2985.13
1221.29 3026.95
1218.41 3070.66
1182.26 3166.39
1170.26 3648
1173.18 3726.29
1174.66 3748.31
1185.74 3776.49
1186.3 3870.66
1187.03 3806.66
1186.89 3728.67
1193.42 3743.59
1198.37 3857.3
1197.89 3893.82
1205.28 3818.46
1199.3 4924.83
1193.3 5061.26
1192.98 5004.36
1223.38 5320.49
1272.76 6129.24
1273.34 6481.99
1256.14 6734.23
1240.88 7040.78
1242.94 7066.51
1243.22 7150.6
1248.04 7142
1253.05 7145.17
1252.86 7159.27
1246.74 7195.55
1251.24 7224.74
1247.9 7259.6
1248.66 7228.88
1248.86 7243.5
1250.95 7234.08
1253.5 7218.24
1256.36 7172.23
1278.75 7395.59
1278.36 7461.44
1278.03 7829.14
1270.61 8001.83
1270.43 7972.83
1274.53 8018.23
1300.24 8088.12
1289.65 8301.64
1314.8 8348.43
1314.34 8577.01
1302.57 8685.8
1302.68 8719.87
1303.22 8785.46
1303.25 8784.4
1302.55 8892.91
1303.74 8986.11
1304.18 9051.62
1298.07 9230.5
1298.49 9416.01
1297.8 9441.45
1309.09 9603.33
1308.19 9553.18
1311.05 9550.09
1311.56 9514.59
1314.82 9527.2
1318.21 10249.5
1314.82 10146.8
1313.45 9891.98
1312.95 9811.39
1309.8 9944.17
1311.99 9995.06
1312.19 9975.9
1312.52 10170.7
1312.1 10211.7
1312.53 10242.4
1312.56 10323.3
1312.55 10420.6
1312.56 10414.4
1312.26 10376.5
1315.94 10539.2
1320.13 10463.5
1319.53 10402.4
1319.45 10364.6
1320.16 10387.1
1319.81 10570.5
1321.68 10761.5
1323.61 10955.5
1323.52 11025.7
1322.7 11081.6
1332.25 11177.9
1317.74 11440.8
1319.95 11634.8
1320.31 11667.8
1320.34 11730.9
1320.5 11857.4
1320.32 11948.7
1320.92 11971.9
1323.08 12072.8
1338.63 12094.8
1338.64 12148.8
1326.72 12184.7
1333.19 12284.6
1331.47 12262.8
1328.07 12287
1322.84 12357.1
1321.64 12439.1
1321.86 12469.6
1321.75 12488.1
1321.53 12469.7
1320.17 12460.9
1322.75 12483
1315.66 12623.8
1316.79 12766.5
1325.54 12918.6
1327.46 12869.5
1328.98 12873
1328.9 12950.1
1329.23 13006.3
1329.8 13058.4
1311.5 13302.2
1301.25 13404.6
1301.27 13344.2
1301.24 13343.7
1301.73 13291.5
1302.72 13325
1253.41 13893.6
1254.24 13745.3
1262.08 13625.1
1265.29 13553.1
1264.18 13494.5
1264.23 13461.6
1266.71 13504.6
1266.73 13532
1266.86 13649.8
1267.47 13736.7
1275.68 13785.7
1276.1 13692.9
1276.34 13643
1277.58 13616
1274.37 13585.9
1279.7 13718.8
1274.59 13685.3
1270.84 13701.1
1270.97 13658.9
1272.19 13683.6
1272.13 13691.2
1274.07 13623.1
1274.03 13609.4
1274.07 13416
1274.83 13370.6
1275.23 13301.2
1267.59 13637
1272.64 13895.2
1273.36 14109
1271.16 14201.3
1273.72 14239
1273.49 14236.3
1269.77 14206
1275.07 14185
1274.57 13968.2
1274.53 14012.2
1274.22 13986.7
1273.72 13967.2
1275.75 13966.2
1275.5 13937
1275.46 13930
1275.41 13769.8
1275.68 13737.2
1275.91 13711.4
1276.16 13791.1
1276.21 13604.8
1275.85 13520.1
1275.9 13552.4
1278.57 13603.9
1273.06 13636.2
1258.43 13615.5
1257.42 13548.2
1257.98 13687
1258.63 13629.8
1257.78 13577.7
1259.52 13540
1257.26 13576.4
1256.59 13607.6
1255.74 13712.9
1248.41 13469.4
1248.9 13508.5
1246.83 13656.4
1246.74 13741.7
1246.71 13821.6
1248.14 13889.1
1250.06 13924
1251.61 13935.6
1251.1 13983.1
1239.93 14546
1238.97 14399.1
1239.62 14469
1238.89 14382.9
1240.65 14452.7
1243.39 14494.8
1244.04 14619.6
1243.68 14695.2
1239.87 14733
1239.86 14772.7
1239.95 14755.3
1240.46 14748.6
1240.04 14712.8
1241.23 14688.4
1242.59 14689
1241.91 14668.4
1241.5 14721
1241.98 14656.7
1241.87 14642.3
1243.84 14677.1
1245.07 14724
1246.87 14794.5
1245.83 14782.9
1246.32 14720.7
1247.1 14673.1
1247.08 14683.8
1247.35 14725.4
1248.78 14759
1246.2 14686.7
1246 14749.9
1245.96 14760.4
1245.83 14682.9
1245.83 14684.3
1243.02 14478.7
1242.93 14399.6
1243.6 14428.3
1243.47 14466.5
1245.91 14625.7
1246.18 14722.4
1245.89 14812.1
1245.03 14814.3
1245.12 14803.2
1245.15 14808.6
1244.54 14844.1
1243.81 14818.9
1243.97 14776.7
1245.6 14597
1245.88 14553.4
1246.62 14530.8
1248.9 14501.9
1249.01 14497.2
1251.8 14568.6
1251.85 14605.5
1251.85 14645.1
1253.02 14663.7
1253.64 14683.2
1253.13 14686
1253.07 14696
1251.75 14668.2
1248.74 14685.4
1248.7 14672.8
1249.06 14674.5
1246.02 14706.8
1244.81 14628
1246.73 14667.9
1246.74 14688.1
1246.81 14704.8
1246.39 14707
1248.15 14791.3
1248.66 14829.6
1248.78 14821.5
1252.22 14912.6
1251.92 14894.1
1251.9 14776.1
1252.41 14625.1
1246.74 14657
1247.57 14628
1245.86 14632.4
1245.77 14601
1245.69 14630
1247.76 14678.4
1246.33 14690.9
1246.37 14684.6
1247.01 14693.7
1248.25 14730.4
1247.37 14721.5
1245.89 14779.2
1245.69 14809.7
1246.9 14822.4
1246.29 14848.8
1246.34 14836.5
1245.96 14838.4
1245.91 14785.8
1245.61 14748.4
1245.55 14808.2
1245.4 14815.1
1245.49 14816.5
1246.31 14798.6
1246.31 14789.4
1245.7 14798.9
1245.56 14806.9
1243.31 14846.4
1243.25 14872.4
1243.66 14871.6
1243.89 14831
1244.06 14803.5
1245.38 14794.8
1247.66 14894.1
1247.87 14924.9
1248.45 14977.8
1249.19 14977.4
1248.54 14967.4
1248.61 14970.6
1248.57 14974.1
1250.27 15001
1250.02 14987.6
1247.83 14992.4
1248.61 14959.5
1249.16 14857.5
1247.59 14891.7
1246.1 14874.5
1246.23 14911.3
1246.25 14942.5
1245.87 14967.1
1245.86 14908.8
1247.52 14904.1
1247.71 14978.8
1248.08 14922.9
1249.62 14995.5
1255.36 15047.7
1255.84 15049.6
1255.73 15097.8
1259.43 15153.2
1259.73 15169.1
1260.64 15195
1261.27 15234.6
1262.9 15299.9
1262.12 15392.4
1262.08 15457.7
1262.05 15485.7
1262.33 15506
1262.61 15519.8
1259.99 15491.3
1259.31 15489.5
1261.65 15430.4
1262.84 15489
1263.4 15539.7
1263.22 15574.3
1264.04 15598.4
1264.21 15645.1
1264.28 15721
1264.04 15730.5
1263.85 15858.5
1265.05 15835.3
1265.32 15847.4
1265.1 15865.1
1265.54 15942.3
1265.23 15784.2
1264.41 15787.1
1265.48 15794
1265.36 15785.1
1264.64 15778.8
1265 15856
1270.36 15884.2
1270.03 15758.4
1269.64 15751.2
1271.29 15805.2
1270.75 15761.5
1270.71 15771.1
1265.1 15773
1264.9 15741.3
1264.91 15726.2
1262.86 15686.1
1263.03 15653.1
1263.55 15637.3
1263.29 15629.5
1263.21 15665.6
1263.92 15659.1
1264.05 15596.9
1263.96 15674.2
1264.46 15656.1
1265.42 15689.7
1265.03 15689.7
1265.79 15712.5
1265.84 15676.7
1266.44 15688.1
1265.55 15675.3
1265.79 15685.3
1265.44 15688.4
1265.01 15864.3
1265.08 15816
1265.07 15822.2
1264.87 15843.1
1264.51 15841.6
1264.62 15867.3
1266.93 16302.6
1266.88 16092.9
1266.7 16018
1266.59 15990.5
1266.56 15936.5
1266.64 15918.8
1266.44 15898.9
1266.19 15879.7
1265.26 15949.7
1265.37 15936.4
1265.42 15910.5
1265.77 15906.1
1264.87 15899.8
1264.61 15913.7
1264.71 15918.7
1266.59 15919.1
1266.81 15923.6
1267.05 15931.8
1266.96 15921.7
1266.66 15901.6
1265.16 15895.7
1265.38 15879.8
1265.37 15883
1266.19 15883.8
1266.75 15907.5
1266.72 15915.6
1266.14 15927.3
1266.51 15910.1
1268.05 15860.1
1267.97 15835.6
1270.53 15920.9
1272.22 15941.5
1273.4 15913.5
1273.5 15994.1
1273.45 16042.8
1273.39 16070.9
1273.09 16099.1
1273.26 16102.9
1272.6 16147.2
1272.67 16203.7
1272.69 16256.8
1267.85 16756.1
1267.77 16773
1267.79 16766.1
1266.79 16803.1
1266.55 16851.4
1267.15 16874.3
1267.35 16896.8
1267.41 16909
1266.12 16896.4
1266.3 16891.6
1265.23 16899.9
1265.45 16934.7
1266.29 16933.4
1264.85 16982.5
1265.05 16826.2
1265.12 16696.6
1264.85 16608.6
1264 16593
1263.29 16593.5
1263.82 16672.6
1264.01 16703.8
1264.01 16715.8
1264.34 16697.4
1264.79 16754.2
1264.88 16751.6
1264.78 16737.4
1266.17 16856.7
1266.13 16853.1
1270.98 16911.2
1271.02 16989
1271 16985.1
1269.65 16997.8
1269.26 17006.2
1269.05 17028
1269.07 17051.8
1269.01 17039.2
1273.07 16950.6
1272.99 16991.8
1274.06 17004.8
1273.27 17038.2
1274.27 17051.5
1273.7 17029.2
1274.13 16924.8
1274.41 16842.8
1275.99 16868.3
1269.98 16994.8
1270.11 17016.1
1269.75 17057.6
1269.21 17102
1269.45 17120.2
1269.47 17133.3
1271.06 17176.7
1270.82 17190.8
1270.77 17166.2
1269.36 17147.8
1269.65 17114.3
1270.24 17082.8
1270.22 17059.5
1270.49 17032.2
1270.2 17061.3
1270.21 17080
1270.21 17104.8
1270.92 16979
1270.6 16824.4
1270.69 16827
1271.56 16823.2
1271.26 16773.1
1271.06 16710.2
1269.08 16708.7
1269.6 16740.5
1269.47 16737.8
1269.02 16711.1
1268.59 16709.1
1268.56 16736.4
1267.76 16737.1
1267.76 16734.9
1267.11 16857.7
1267.14 16902.1
1267.31 16917.6
1267.55 16920.1
1267.26 16919.2
1267.14 16834.2
1267.02 16822.4
1267.93 16779.2
1267.75 16773.4
1268.22 16816.7
1268.34 16832.7
1268.45 16854.3
1268.68 16862.9
1270.51 16862.9
1271.3 16888
1268.96 16836.9
1268.79 16805.7
1268.96 16818.8
1268.01 16783
1268.07 16784.7
1268.13 16802.9
1269.2 16818
1271.34 16817.2
1277.46 16926.1
1277.63 16947.5
1277.62 16894.2
1277.03 16852.2
1276.63 16828.8
1276.63 16789.9
1279.7 16850.6
1279.34 16852.1
1280.24 16857.4
1280.23 16896.3
1280.84 16917.9
1282.13 16918.4
1281.55 16760.2
1281.49 16720.3
1281.66 16734.1
1281.93 16723
1283.52 16851.1
1283.53 16937.6
1283.59 16950.7
1283.67 16966.5
1283.38 17001.6
1283.1 17036.2
1283.08 17066.6
1282.92 17012.9
1281.72 16977
1281.52 16953.2
1281.2 16934.4
1281.18 16956.3
1281.55 16982.4
1284.11 17066.8
1284.09 17084.5
1284.13 17115.7
1284.57 17144
1284.48 17164.7
1284.61 17185.4
1283.41 17207.1
1283.68 17195
1283.44 17196.6
1283.89 17201.7
1283.89 17135
1284.87 17154.2
1283.82 17307.1
1283.68 17170.8
1283.76 17189.2
1283.89 17193.5
1283.62 17172.2
1283.55 17158.7
1283.65 17149
1284.26 17128.2
1284.55 17136.6
1285.66 17145.2
1286.12 17166.6
1286.23 17131.9
1286.18 17117.6
1286.29 17120.3
1286.05 17117.5
1285.55 17142.2
1285.89 17150.2
1286.48 17084.6
1286.53 17051.8
1286.63 17046.6
1286.85 17112.2
1286.99 17132.6
1286.55 17123.7
1286.59 17116.7
1286.33 17106.4
1286.3 17120.4
1287.24 17161.4
1287.37 17163.5
1287.7 17155.3
1288.27 17149
1290.16 17208.1
1290.15 17201.3
1290.84 17120.6
1290.81 17131.6
1290.83 17114.1
1291.87 17109.3
1291.92 17132.6
1291.73 17151.3
1290.85 17144.8
1290.98 17005
1292.41 17002
1291.11 17064.2
1291.17 17051
1291.62 17028.8
1291.36 17047.3
1291.14 17055.3
1290.72 17046.2
1290.6 17083.2
1290.63 17110.7
1290.6 17137.9
1290.67 17185.2
1290.95 17187.9
1289.93 17201.2
1289.57 17215.4
1287.38 17225.7
1287.69 17241.9
1287.15 17277.9
1285.97 17291.6
1286.16 17311
1285.97 17325.8
1285.6 17321.2
1286.26 17343.6
1286.22 17366.3
1285.85 17364.3
1285.41 17353.6
1285.85 17377.4
1285.67 17389.4
1285.7 17413
1286.03 17413.4
1285.74 17427.6
1285.47 17425.6
1285.73 17435.1
1284.39 17414.9
1284.39 17407.2
1284.15 17401.1
1284.11 17395.1
1284.71 17379
1284.82 17394.7
1285.21 17483.6
1285.54 17580.3
1284.64 17644.9
1284.29 17641.1
1284.14 17606.5
1284.23 17637.6
1283.95 17647.8
1283.9 17642.1
1283.59 17625.3
1284.06 17636.3
1283.97 17611.8
1283.53 17602.3
1284.04 17609.4
1284.13 17610.9
1284.13 17612.5
1284.26 17610.7
1284.22 17604.3
1283.87 17618
1284.34 17614.7
1284.39 17603.3
1284.62 17607
1284.95 17662
1285.15 17664.6
1285.18 17667.8
1284.81 17679.5
1284.54 17678.6
1284.65 17620.3
1283.84 17593.7
1283.81 17580.1
1281.31 17615.4
1280.57 17622
1280.88 17656.2
1280.72 17733
1280.8 17760.7
1281.11 17780.5
1280.51 17781.8
1280.48 17815.5
1281.12 17829.8
1280.37 17880.9
1280.57 17817.8
1280.77 17748.3
1280.72 17658.5
1281.07 17629.1
1281.55 17658.3
1281 17683
1280.18 17783.2
1280.25 17893.3
1280.4 17941
1280.33 17951.8
1279.8 17957.8
1280.13 17951
1280.18 17951.5
1280.16 17943.8
1280.27 17933.6
1280.23 17915.9
1280.13 17920
1280.13 17908.5
1279.58 17899.1
1280.52 17899.5
1278.79 17904.8
1278.34 17914.5
1277.8 17907.1
1271.43 17913.1
1271.45 17915.1
1272.16 17905.3
1272.09 17899
1272.11 17877.7
1272.65 17868
1272.47 17867.2
1272.43 17869.1
1272.22 17865.3
1273.58 17831.1
1272.98 17964.2
1272.81 17976.5
1272.8 17954.1
1274.34 17969.7
1274.74 17978.3
1274.74 18017.9
1274.91 18047.7
1274.9 18035.5
1274.97 17999.5
1274.73 17988.5
1274.62 18001.2
1276.38 18033.6
1277.03 18067.9
1277.84 18125.9
1280.94 18249.5
1280.13 18277.5
1279.78 18276.3
1280.17 18265.5
1280.27 18217.9
1280.39 18161.7
1280.73 18138.9
1280.49 18121.6
1279.5 18098.8
1279.41 18055.8
1278.34 18287.7
1276.81 18332.1
1277.18 18328.9
1277.03 18282
1277.36 18247.9
1279.12 18242.4
1280.6 18256.1
1280.61 18272.3
1280.22 18280
1280.19 18260.9
1280.47 18270.5
1280.43 18265.1
1280.53 18275.6
1280.5 18277.9
1280.5 18285.4
1280.61 18306.5
1281.46 18342.9
1281.51 18353.3
1282.81 18368.8
1283.09 18449.6
1284.17 18469.1
1284.16 18418.3
1284.08 18415.4
1284.81 18419.7
1284.58 18426.4
1284.84 18419.2
1284.61 18426.7
1284.51 18426.3
1284.02 18440.2
1283.87 18446.8
1285.93 18454.7
1285.93 18490.5
1284.41 18493
1284.5 18490.7
1287.32 18470.2
1286.49 18438
1286.46 18438.5
1286.72 18458.7
1285.87 18472.4
1285.21 18492.2
1285.21 18531.3
1285.65 18575.8
1285.82 18604
1286.18 18592.1
1286.18 18575.2
1284.54 18611.6
1283.96 18604.6
1284.05 18573.8
1284.12 18573.5
1283.43 18591.1
1283.49 18591.3
1283.62 18589.6
1283.61 18592.5
1283.61 18583.8
1283.62 18604.7
1283.63 18610.4
1283.99 18625
1284.1 18669
1283.89 18649
1284.26 18620.8
1284.34 18585.1
1284.33 18587.3
1284.1 18599.2
1284.28 18623.6
1284.71 18613.4
1284.67 18642.4
1284.09 18689.3
1284.03 18696.1
1284.24 18702
1284.24 18704.2
1283.58 18697.5
1283.54 18728.8
1283.49 18724
1283.61 18722.8
1283.7 18770.3
1284.09 18798
1284.19 18771.2
1284.19 18764.8
1284.63 18752.1
1284.31 18722
1285.49 18733.2
1285.64 18752
1285.73 18752.3
1285.58 18750.6
1287.71 18738.1
1287.75 18725.4
1289.28 18745.1
1290.23 18748.6
1290.37 18734
1290.61 18743.7
1290.69 18804.7
1290.7 18796
1290.29 18783.7
1289.25 18784.8
1289.16 18751.2
1289.14 18723.3
1290.4 18722
1289.89 18776
1289.56 18783.8
1290.55 18852.7
1290.13 18822.5
1289.84 18802.1
1288.66 18789.2
1288.07 18824.5
1288.07 18820.6
1288.34 18844.6
1288.34 18848.7
1288.36 18848.3
1288.1 18842.1
1288.77 18870.1
1289.31 18872.1
1289.62 18817.1
1289.53 18806.2
1289.62 18792.7
1288.13 18875.2
1289.89 18821.4
1290.62 18876.4
1290.63 18790.2
1290.9 18792.6
1290.78 18612.2
1290.61 18441.3
1290.42 18339.8
1294.76 18415
1294.57 18427.4
1294.37 18465.4
1294.66 18653.4
1293.72 18741.9
1293.7 18782.2
1293.7 18720.1
1293.48 18708.1
1293.54 18707.1
1293.22 18702.8
1293.21 18698.2
1297.59 18785.7
1297.63 18635.9
1297.61 18616.8
1297.64 18616.2
1297.4 18617.9
1297.1 18626.3
1297.11 18626.6
1297.01 18725.7
1297.01 18720.9
1297.26 18736.7
1297.73 18788.5
1297.68 18803.8
1297.8 18809.2
1297.63 18809
1297.64 18800.2
1297.06 18801.4
1294.23 18696.8
1294.97 18650.5
1295 18603
1294.6 18633.7
1294.39 18668.2
1294.6 18706.7
1294.71 18710.1
1294.63 18726.9
1294.96 18748.3
1295.09 18749.9
1294.87 18731.7
1294.9 18742.9
1294.64 18712.5
1296.48 18713.8
1296.53 18675.8
1296.55 18685.6
1296.93 18711.1
1296.14 18703.6
1296.06 18717.4
1295.84 18739.1
1295.74 18721.5
1295.68 18712.9
1295.88 18739.7
1296.29 18779
1296.48 18813.2
1296.54 18840.9
1296.57 18866.9
1296.55 18871.4
1296.46 18867.7
1296.29 18874.5
1296.13 18840.2
1297 18888.1
1297.3 18806
1297.54 18819.3
