353.49 9.07363
354.091 8.97071
433.71 11.6468
482.687 11.6087
630.079 52.5637
719.65 66.4853
824.665 76.7202
837.866 76.2138
874.707 75.9469
905.681 70.995
912.123 70.9363
971.936 91.0671
1007.83 91.5883
1019.39 91.31
1031.66 91.1472
1037.66 90.9925
1040.45 90.7162
1040.38 91.9154
1043.02 91.9125
1049.16 91.9097
1065.28 91.9068
1067.01 91.9039
1070.77 91.901
1084.27 91.899
1084.3 91.899
1084.84 92.2598
1133.67 135.525
1134.95 133.267
1135.37 132.304
1177.85 149.862
1201.41 159.794
1202.54 260.394
1273.67 306.263
1276.2 307.632
1279.88 306.894
1279.9 307.253
1287.82 282.468
1288.85 292.928
1343.57 331.724
1359.44 339.151
1400.55 394.779
1409.14 424.982
1413.28 424.551
1413.08 425.694
1413.69 425.54
1434.47 457.844
1461.95 542.366
1465.76 512.161
1471.51 700.267
1479.69 619.139
1478.94 600.297
1492.4 1329.76
1506.68 1100.28
1481.14 1223.6
1510.28 1295.48
1510.47 1249.19
1511.01 1233.96
1512.54 1223.06
1520.73 1290.57
1556.35 1278.1
1556.91 1321.47
1559.22 1257.59
1561.28 1240.36
1559.54 1251.68
1557.53 1249.58
1561.78 1251.58
1592.43 1306.13
1591.46 1308.82
1583.37 1367.25
1600.54 1255.55
1612.75 1265.6
1616.32 1316.74
1624.13 1366.49
1623.84 1393.13
1626.57 1386.69
1641.21 1443.23
1643.32 1477.2
1648.71 1762.01
1648.84 1724.47
1647.7 1862.4
1649.16 1929.96
1651.13 2001.74
1713.13 1995.91
1766.44 2130.76
1767.46 2134.79
1765.05 2329.14
1758.84 2472.27
1759.56 2800.04
1761.27 2665.14
1761.75 2576.77
1761.29 2532.28
1758.67 2504.85
1757.81 2512.65
1758.22 2535.78
1759.36 2533.97
1861.73 8536.41
1914.09 9275.47
1913.91 7314.84
1913.75 6972.21
1913.66 6816.91
1919 5917.55
1919.34 5059.05
1909.4 4340.59
1911.44 3936.48
1919.12 3725.19
1918.87 3691.61
1917.64 3801.38
1915.52 3756.54
1914.41 3716.35
1919.9 3815.02
1918.64 3756.65
1918.71 3725.38
1916.3 3752.21
1917.37 3746.63
1918.24 3747.02
1918.17 3733.75
1916.93 3802.09
1909.75 3856.58
1910.52 3917.92
1910.25 3915.04
1910.63 3882.34
1906.45 3905.22
1911.67 3943.33
1911.68 4000.58
1912.24 4036.49
1906.56 4110.97
1909.17 4154.23
1881.22 3984.66
1880.58 3735.34
1880.81 3686.03
1880.77 3669.21
1902.4 3719.01
1900 3633.07
1900.48 3675.75
1900.55 3708.84
1900.86 3728.77
1900.82 3753.64
1896.66 3777.7
1896.64 3771.99
1896.76 3808.32
1896.37 3825.19
1893.03 3806.37
1894.27 3863.11
1894.62 3889.23
1894.46 3892.64
1894.18 3894
1895 3904.95
1894.12 3900.74
1893.89 3931.52
1893.09 3956.61
1881.79 3901.64
1881.14 3911.38
1881.42 3940.32
1881.61 3985.14
1881.01 4020.04
1881.05 4026.25
1871.05 3984.66
1871.04 4006.03
1871.01 4009.83
1872.89 4278.3
1872.93 4201.77
1872.8 4222.53
1873.95 4182.42
1873.12 4163.87
1873.11 4134.84
1876.31 4125.71
1876.01 4095.5
1873.92 4174.01
1871.2 4132.16
1873.79 4077.55
1863.08 4167.12
1863.53 4157.73
1863.45 4130.05
1866.03 4146.96
1866.35 4091.35
1867 4091.25
1866.76 4075.86
1867.03 4061.02
1866.73 4059.11
1865.72 4053.73
1866.82 4062.61
1866.94 4060.68
1864.81 4085.98
1866.02 4107.53
1866.89 4118.26
1866.6 4129.71
1866.66 4134.84
1865.07 4118.37
1865.45 4117.42
1866.91 4117.06
1867.27 4123.45
1868.74 4130.53
1866.36 4152.49
1866.41 4161.46
1866.43 4222.68
1866.51 4219.22
1866.72 4215.43
1866.66 4201.1
1866.38 4173.64
1866.25 4185.91
1866.4 4191.84
1866.28 4187.48
1865.83 4181.83
1865.8 4189.63
1861.8 4092.69
1861.28 4088.9
1861.27 4075.94
1861.72 4074.49
1861.6 4092.61
1860.56 4082.98
1862.46 4031.11
1862.37 4036.45
1862.47 4041.1
1862.77 4060.72
1861.56 4071.13
1864.92 4088.06
1864.93 4075.83
1865.51 4075.34
1865.48 4063.74
1865.07 4081
1863.62 4105.93
1864.7 4117.69
1864.47 4112.77
1863.49 4095.12
1864.78 4034.29
1864.59 3979.05
1864.58 3964.12
1864.64 3948.34
1865.15 3951.28
1866.07 3946.9
1865.79 3936.57
1866.06 3922.18
1865.51 3816.15
1865.1 3761.86
1865.25 3748.3
1864.53 3784.86
1864.15 3804.11
1864.98 3828.01
1865.23 3835.37
1860.85 4025.42
1859.65 4033.21
1859.63 4043.24
1858.63 4013.21
1858.16 3979.94
1857.1 3946.34
1855.84 3913.56
1856.41 3910.36
1856.59 3900.62
1856.32 3899.84
1857.9 3867.22
1858.4 3839.89
1858.34 3823.91
1858.49 3833.52
1859.41 3827.05
1859.14 3841.73
1859.11 3850.38
1860.73 3854.74
1860.54 3854.66
1858.61 3857.26
1858.67 3856.27
1858.27 3853.76
1858.19 3856.8
1857.49 3891.3
1857.37 3849.92
1857.87 3913.51
1857.99 3909.74
1857.88 3935.01
1857.61 3930.08
1857.19 3932.37
1857.19 3925.63
1857.04 3932.9
1856.67 3942.67
1856.65 3954.4
1856.43 3947.61
1856.49 3955.56
1853.84 3934.18
1852.85 3904.67
1852.84 3905.16
1852.79 3916.55
1852.79 3927.15
1853.53 3951.6
1853.5 3956.56
1852.26 3943.6
1854.75 3945.41
1854.56 3931.25
1854.45 3855.66
1854.57 3835.43
1853.65 3822.06
1854.11 3807.47
1854.8 3794.45
1854.97 3768.97
1854.77 3761.47
1854.22 3765.38
1854.14 3777.2
1853.26 3763.06
1854.76 3762.9
1854.93 3775.18
1853.16 3766.96
1853.21 3776.36
1853.52 3759.02
1853.52 3742.39
1853.52 3721.87
1853.96 3710.15
1853.52 3695.67
1853.5 3685.93
1853.27 3676.84
1852.39 3679.21
1852.39 3686.09
1852.75 3688.33
1852.53 3697.51
1851.31 3718.64
1851.01 3716.52
1850.82 3711.62
1850.44 3704.41
1850.39 3707.04
1849.93 3716.7
1850.72 3710.67
1850.71 3699.49
1851.06 3701.5
1852 3736.89
1852.04 3752.67
1851.97 3765.39
1852.89 3746.45
1852.56 3712.69
1852.96 3726.15
1853.39 3740.41
1853.44 3753.49
1853.17 3759.97
1851.86 3762.8
1851.85 3757.68
1851.85 3740.49
1851.67 3727.99
1851.82 3702.42
1851.51 3684.74
1852.94 3708.36
1852.21 3714.48
1852.9 3707.49
1853.03 3706.16
1852.29 3718.06
1852.31 3703.92
1852.23 3715.25
1851.89 3726.64
1852.19 3741.89
1852.42 3713.03
1852.79 3720.19
1853.08 3740.16
1853.57 3750.6
1852.82 3750.1
1852.42 3771.43
1852.29 3770.33
1852.74 3784.92
1852.95 3788.8
1852.37 3797.84
1852.53 3763.23
1852.64 3758.83
1853.7 3773.56
1852.9 3795.92
1853.03 3781.29
1852.95 3754.16
1852.96 3751.96
1852.25 3746.01
1853.88 3749.63
1854.01 3788.38
1854.01 3806.19
1853.59 3803.5
1853.41 3804.38
1853.41 3804.03
1853.64 3801.75
1853.9 3829.7
1853.41 3832.66
1852.72 3769.08
1853.4 3801.14
1852.87 3817.47
1852.87 3812.44
1852.56 3798.7
1852.68 3784.43
1852.23 3779.75
1852.28 3781.76
1852.19 3777.12
1851.61 3769.34
1852.2 3775.12
1852.75 3774.94
1852.6 3805.63
1858.57 3732.01
1858.6 3725.74
1857.78 3710.35
1857.86 3714.36
1858.17 3708.83
1858.05 3709.74
1858.05 3717.91
1857.92 3731.61
1857.92 3739.28
1858.24 3733.06
1859.37 3749.92
1859.28 3746.99
1859.04 3747.71
1860.54 3727.66
1860.55 3717.68
1860.6 3716.76
1860.81 3717.91
1861.72 3729.8
1861.79 3736.08
1861.96 3739.02
1862.54 3748.46
1862.66 3741.4
1862.56 3740.14
1862.53 3764.56
1862.09 3752.35
1861.84 3686.8
1860.34 3708.91
1860.1 3727.54
1861.29 3758.43
1861.35 3745.42
1861.16 3747.02
1861.31 3750.57
1861.23 3747.32
1861.84 3741.41
1862.43 3738.66
1862.2 3729.68
1862.25 3736.59
1862.55 3736.44
1862.89 3753.35
1862.73 3755.53
1862.19 3753.04
1862.46 3750.94
1862.71 3750.97
1862.69 3747.85
1861.32 3721.71
1861.48 3712.96
1861.48 3713.28
1861.51 3711.19
1861.86 3713.79
1861.67 3715.87
1861.57 3720.33
1861.43 3710.88
1861.64 3709.14
1861.56 3716.62
1860.9 3733.52
1858.75 3739.99
1858.82 3745.1
1859.24 3749.16
1859.44 3748.06
1859.03 3737.27
1858.67 3730.7
1857.74 3719.11
1857.59 3706.48
1856.27 3724.77
1856.34 3742.64
1856.39 3757.38
1856.35 3750.77
1856.42 3747.68
1856.38 3742.89
1856.29 3741.61
1856.46 3740.77
1856.05 3718.68
1856.06 3715.03
1856.05 3725.06
1856.51 3729.8
1856.47 3732.98
1856.2 3738.66
1856.01 3728.47
1855.06 3747.08
1855.16 3764.79
1855.14 3773.05
1855.14 3775.85
1855.13 3766.57
1855.27 3757.42
1855.24 3743.97
1855.25 3744.43
1855.36 3754.26
1855.06 3769.08
1854.36 3777.95
1854.35 3786.96
1854.52 3794.73
1854.1 3797.21
1854.02 3803.78
1853.65 3789.89
1853.59 3783.68
1853.69 3771.24
1853.93 3764.83
1853.87 3761.31
1854.09 3760.15
1854.57 3773.67
1854.76 3770.78
1855.82 3764.23
1856.18 3768.31
1856.31 3767.8
1856.09 3764.61
1856.17 3761.51
1856.11 3747.62
1856.03 3729.91
1855.9 3706.42
1856.46 3695.57
1856.52 3690.17
1856.54 3681.65
1857.29 3676.62
1858.01 3631.32
1858.08 3624.61
1862.25 3690.58
1862.29 3670.33
1862.21 3672.29
1862.32 3672.77
1865.83 3672.19
1865.85 3675.16
1865.95 3677.45
1866.42 3678.89
1866.42 3678.42
1865.86 3673.12
1864.74 3689.96
1864.07 3682.62
1863.89 3672.35
1863.71 3667.47
1863.96 3662.72
1863.85 3657.17
1863.65 3654.17
1863.77 3650.55
1863.78 3647.18
1863.5 3622.53
1864.03 3634.36
1863.99 3632.13
1863.96 3628.39
1863.92 3612.22
1863.92 3619.12
1864.28 3621.08
1863.98 3617
1864.16 3614.43
1864.22 3615.6
1864.22 3618.22
1864.21 3611.57
1864.51 3597.9
1864.01 3579.41
1864.27 3579.11
1864.27 3576.75
1864.39 3580.93
1865.23 3607.72
1865.21 3613.25
1865.32 3600.35
1865.28 3592.06
1865.3 3589.01
1865.26 3591.17
1865.34 3595.65
1863.74 3598.78
1864.65 3597.71
1864.64 3601.52
1864.63 3609.22
1865.5 3603.96
1865.23 3613.95
1865.28 3631.55
1865.06 3630.41
1865.26 3635.87
1864.93 3657.1
1864.8 3639.93
1864.67 3622.82
1865.04 3600.58
1865 3598.13
1864.64 3579.15
1865.21 3581.16
1865.34 3586.88
1868.33 3595.39
1868.88 3603.21
1868.89 3593.81
1868.52 3593.51
1868.4 3594.03
1868.45 3598.59
1868.44 3600.13
1864.5 3600.65
1864.64 3620.46
1863.99 3645.44
1864.04 3661.13
1864.21 3657.05
1864.17 3648.7
1864.32 3647.46
1864.36 3647.97
1864.4 3648.2
1864.6 3632.49
1864.19 3606.94
1864.5 3607.85
1864.46 3597.81
1864.82 3603.25
1864.8 3600.02
1864.18 3592.64
1863.4 3583.02
1863.17 3549.87
1863.13 3530.57
1863.29 3522.76
1863.19 3516.55
1863.22 3508.15
1863.57 3498.9
1863.34 3496.57
1863.22 3528.73
1863.11 3539.2
1863.48 3552.97
1863.57 3559.98
1863.59 3564.31
1863.6 3569.58
1862.93 3568.19
1864.26 3583.41
1864.43 3581.07
1864.36 3593.36
1864.16 3597.92
1864.34 3604.42
1864.4 3612.59
1864.57 3624.72
1863.01 3640.28
1863.28 3636.15
1863.43 3630.34
1863.48 3632.72
1863.49 3643.37
1863.77 3638.18
1863.73 3640.38
1863.89 3632.25
1863.95 3638.29
1863.77 3629.87
1863.69 3630.62
1863.71 3632.17
1862.9 3589.45
1862.6 3590.55
1862.74 3600.22
1862.76 3601
1862.2 3602.21
1862.17 3601.01
1862.42 3605.08
1862.45 3610.3
1862.45 3620.07
1861.86 3624.95
1861.89 3635.93
1861.85 3649.52
1860.63 3664.68
1860.94 3665.15
1860.92 3669.6
1860.91 3673
1859.95 3684.44
1859.94 3679.86
1859.92 3669.1
1860.02 3666.25
1859.98 3666.47
1860 3668.32
1859.85 3670.58
1859.9 3670.81
1860.16 3678.91
1859.38 3681.24
1859.45 3683.44
1859.49 3668.42
1859.56 3661.4
1859.61 3659.76
1859.63 3651.24
1859.62 3649.36
1859.1 3636.64
1859.1 3634.75
1859.34 3648.33
1864.02 3710.37
1864.05 3728.96
1864.01 3734.52
1863.71 3731.77
1862.58 3740.01
1862.51 3760.46
1862.68 3768.4
1862.79 3786.48
1862.85 3791.98
1862.83 3796.42
1863.39 3799.26
1863.46 3797.85
1863.45 3803.3
1863.33 3801.74
1863.3 3801.51
1863.5 3806.26
1863.44 3786.72
1863.13 3785.75
1863.41 3777.26
1862.84 3783.65
1862.82 3798.26
1862.78 3801.88
1863.04 3792.15
1863.04 3822.59
1862.11 3876.86
1862.2 3891.84
1862.27 3891.46
1862.31 3916.09
1862.22 3923.02
1861.98 3921.22
1861.74 3927.19
1861.79 3934.12
1861.02 3922.62
1860.99 3928.6
1861 3927.59
1861.02 3926.35
1860.7 3926.93
1860.72 3933.84
1861.03 3932.48
1861.2 3930.98
1863 3903.78
1863.07 3910.74
1862.61 3926.31
1864.41 3957.3
1864.39 3971.14
1862.74 3987.85
1862.74 3993.95
1862.76 4002.04
1862.29 4002.57
1861.51 4019.61
1861.53 4021.09
1862 4027.3
1861.93 4034.94
1861.92 4039.47
1861.26 4053.33
1861.04 4066.12
1860.19 4070.44
1860.87 4079.66
1860.86 4084.04
1860.69 4086.11
1860.66 4086.46
1860.71 4091.41
1860.31 4081.01
1860.35 4084.21
1860.32 4084.74
1860.35 4082.14
1860.28 4082.15
1860.22 4078.32
1860.03 4083.81
1860.21 4081.08
1860.26 4079.33
1859.77 4070.4
1860.16 4079.35
1859.81 4085.72
1859.82 4092.75
1860.62 4089.17
1859.89 4095.2
1859.21 4097.69
1858.63 4100.77
1858.66 4115.96
1858.49 4122.35
1857.89 4119.97
1858.14 4116.61
1858.18 4121.74
1858.06 4123.21
1857.84 4120.07
1857.82 4118.84
1858.59 4123.72
1858.78 4125
1858.89 4116.37
1858.9 4104.26
1858.88 4091.05
1858.83 4077.74
1858.8 4064.15
1858.43 4057.52
1858.7 4064.17
1858.68 4055.64
1858.73 4048.32
1858.54 4052.03
1858.48 4050.83
1859.07 4050.75
1859.05 4047.54
1861.05 4083.01
1860.67 4089.43
1861.54 4084.98
1862.21 4078.97
1862.16 4096
1862.16 4088.43
1862.39 4082.63
1862.42 4075.6
1862.58 4067.38
1862.5 4067.36
1862.45 4068.26
1862.69 4069.17
1862.68 4072.09
1862.4 4068.54
1862.27 4087.28
1861.74 4084.42
1861.55 4125.4
1861.66 4132
1861.66 4135.54
1861.27 4128.07
1861.07 4126.44
1861.01 4126.41
1861.1 4132.91
1861.56 4147.52
1861.3 4167.27
1861.89 4189.95
1861.96 4190.63
1861.78 4193.39
1861.5 4206.19
1861.51 4208.01
1861.46 4217.61
1861.51 4225.17
1861.4 4226.15
1861.11 4235.09
1861.27 4243.55
1861.25 4245.97
1861.17 4250.37
1861.11 4228.12
1861.26 4216.13
1861.22 4220.32
1861.26 4222.69
1861.25 4226.98
1860.63 4244.37
1860.56 4261.64
1860.55 4276.64
1860.51 4287.02
1860.52 4289.47
1860.49 4289.2
1860.71 4302.53
1860.22 4312.65
1860.8 4324.67
1860.76 4335.04
1860.92 4339.4
1860.83 4341.08
1860.72 4347.08
1860.94 4350.46
1860.87 4344.63
1861.78 4351.94
1861.77 4350.53
1861.5 4352.75
1861.9 4347.96
1861.86 4347.59
1861.85 4341.65
1861.85 4329.57
1861.92 4325.72
1861.8 4315.6
1861.8 4303.94
1861 4306.72
1860.98 4307.97
1860.87 4307.01
1860.56 4304.25
1860.67 4301.97
1860.81 4298.97
1860.93 4301.4
1860.93 4301.75
1860.68 4301.31
1860.78 4305.67
1860.82 4304.93
1861.26 4264.45
1861.09 4255.8
1861.15 4263.78
1861.23 4274.28
1861.39 4264.85
1861.26 4261.18
1862.28 4203.03
1862.28 4192.45
1862.32 4188.42
1862.34 4184.48
1862.28 4181.09
1862.28 4185.25
1862.89 4192.34
1862.84 4201.71
1863.17 4195.03
1863.4 4189.83
1863.1 4184.87
1863.28 4189.78
1865.02 4170.83
1866.85 4146.72
1866.49 4148.04
1866.49 4140.22
1865.83 4129.99
1866.05 4115.04
1865.38 4096.21
1865.35 4080.84
1865.39 4073.11
1864.88 4078.04
1864.94 4074.4
1864.82 4105.64
1864.81 4119.38
1864.79 4123.25
1864.83 4126.32
1864.94 4123.34
1864.3 4122.11
1864.2 4120.75
1863.75 4125.7
1863.13 4137.24
1862.87 4146.99
1862.52 4147.06
1862.48 4149.87
1862.1 4147.84
1862.08 4149.95
1862.08 4156.06
1860.72 4157.52
1860.78 4158
1860.69 4189.68
1860.69 4193.8
1860.41 4202.68
1860.46 4200.15
1860.63 4205.82
1860.68 4213.65
1860.71 4192.41
1860.71 4201.9
1860.42 4192.59
1860.43 4186.03
1860.67 4187
1860.65 4192.51
1860.26 4224.29
1860.54 4270.94
1860.81 4297.17
1860.71 4304.42
1860.64 4303.41
1860.41 4315.28
1860.31 4320.71
1859.35 4307.97
1859.42 4331.91
1859.74 4360.94
1859.71 4368.62
1859.37 4363.14
1859.58 4366.86
1859.58 4322.76
1859.36 4317.04
1859.49 4313.81
1859.3 4297.97
1859.01 4302.85
1858.83 4313.01
1858.7 4316.86
1858.6 4315.05
1858.74 4319.17
1858.66 4278.99
1858.41 4268.65
1858.41 4274.14
1858.35 4278.69
1858.27 4285.12
1858.21 4288.18
1858.26 4278.66
1857.98 4249.25
1858.05 4206.73
1857.97 4203.54
1857.87 4201.67
1857.88 4192.35
1858.2 4175.18
1858.69 4161.31
1858.58 4166.59
1858.73 4183.67
1858.55 4184.02
1858.51 4186.97
1858.44 4190.26
1858.44 4195.31
1858.77 4216.53
1858.78 4214.66
1858.78 4223.81
1858.11 4216.72
1858.1 4212.04
1857.21 4208.36
1857.07 4206.89
1857.21 4206.24
1857.56 4171.97
1857.61 4202.12
1857.52 4224.26
1857.8 4240.23
1857.61 4217.33
1857.59 4213.94
1857.42 4220.62
1856.96 4230.29
1857.12 4244.34
1857.14 4250
1857.25 4240.85
1857.23 4241.16
1857.58 4246.4
1857.62 4248.5
1858 4261.68
1857.75 4271.93
1857.68 4279.58
1857.79 4274.16
1857.39 4265.06
1857.48 4286.59
1857.25 4307.94
1857.25 4327.76
1857.1 4338.59
1857.08 4335.31
1856.89 4346.69
1856.76 4335.55
1856.71 4333.62
1856.43 4315.52
1856.91 4327.83
1856.97 4336.18
1856.81 4346.53
1856.83 4340.97
1856.8 4339.6
1856.81 4338.51
1856.64 4345.49
1856.58 4349.19
1857.09 4376.57
1856.82 4350.77
1856.96 4333.71
1857.09 4368.69
1857.08 4377.2
1857.06 4367.56
1856.99 4365.57
1856.93 4361.63
1857.13 4344.12
1857.16 4347.12
1856.79 4355.89
1856.87 4354.71
1856.97 4351.2
1856.99 4352.18
1856.47 4369.78
1856.52 4374.49
1856.43 4369.46
1856.48 4363.39
1856.51 4373.48
1856.38 4373.28
1856.76 4376.01
1856.81 4374.45
1856.79 4371.6
1856.22 4374.7
1856.43 4379.89
