211.71 0
213.934 0
227.481 0
305.026 0
373.074 0
436.034 0
438.704 0
534.88 0.350001
579.221 0.350001
579.221 0.350001
639.348 2.2926
639.922 2.28511
690.832 12.1792
707.339 11.4233
776.59 16.5396
796.641 16.8733
814.064 33.0033
882.137 48.84
882.829 53.9276
919.311 77.1051
919.368 87.5895
917.857 91.9505
919.434 90.2355
969.971 97.1998
972.588 96.3705
986.582 105.284
992.335 127.327
1005.51 135.212
1005.46 137.501
1009.83 136.031
1024.14 314.302
1036.54 409.143
1091.56 460.484
1099.99 478.288
1109.77 468.791
1140.82 463.247
1146.94 459.205
1206.94 575.596
1205.32 544.967
1221.5 546.174
1224.88 555.497
1231.45 559.883
1238.61 580.739
1232.17 612.639
1260.83 663.356
1275.03 696.842
1269.01 818.456
1296.65 880.772
1310.79 885.243
1311.68 882.677
1368.62 1066.13
1370.23 861.892
1391.9 787.86
1383.81 688.652
1392.02 712.104
1381.14 974.169
1380.86 1018.48
1383.32 1061.65
1382.41 1094.33
1385.87 1109.84
1392.58 1098.07
1393.51 1106.74
1394.14 1093.87
1399.63 1076.34
1403.7 1134.29
1405.07 1085.58
1423.73 1120.71
1424.01 1126.19
1454.57 1372.81
1474.09 1266.21
1481.9 1217.9
1493.78 1268.2
1499.97 1283.36
1510.22 1304.99
1522.42 1317.36
1555.89 1528.96
1585.07 1844.46
1588.29 1860.77
1604.98 1871.22
1608.83 1873.05
1608.52 1870.13
1620.76 2346
1636.17 2220.62
1656.05 2096.3
1646.49 2329.92
1640.01 2411.89
1639.04 2381.63
1654.1 2373.77
1669.86 2426.79
1679.53 2481.42
1689.02 5121.2
1704.61 3948.44
1705.53 3812.52
1704.74 3752.32
1715.34 3675.15
1737.87 3765.1
1738.06 3662.55
1736.59 3645.49
1736.18 3624.11
1739.43 3601.68
1734.58 3607.52
1719.5 3697.3
1719.4 3702.1
1712.93 3737.76
1714.58 3734.95
1713.59 3739.47
1715.93 3776.08
1715.77 3797.87
1719.18 3795.2
1720.33 3792.18
1715.55 3788.75
1718.89 3795.04
1722.43 3819.2
1724.88 3814.79
1726 3892.67
1721.42 3998.48
1721.83 4021.74
1730.77 4061.78
1730.5 4030.72
1730.91 3996.68
1732.33 3967.68
1730.46 4008.75
1727.84 3998.26
1728.48 3980.12
1727.53 4004.85
1729.37 4020.06
1729.84 3975.24
1729.87 3974.23
1728.64 3963.84
1719.37 4007.47
1718.89 3981.68
1718.68 3968.64
1717.98 3931.91
1720.95 3956.31
1727.23 3932.34
1722.79 3950.22
1720.75 3943.43
1719.24 3917.91
1719.48 3901.38
1717.67 3899.33
1716.82 3887.45
1716.67 3890.81
1716.56 3867.91
1713.57 3825.76
1735.06 4167.26
1734.74 3979.3
1735.44 3990.46
1737.16 3893.49
1736.51 3805.55
1736.04 3820.88
1733.67 3793.6
1734 3841.06
1735.63 3868.97
1734.15 3845.45
1735.37 3935.4
1732.7 3928.21
1735.13 3968.8
1735.14 3982.21
1734.61 3991.78
1735.34 4001.08
1735.23 3995.23
1735.41 4001.45
1734.97 4013.13
1727.12 4020.15
1727.98 4098.85
1727.52 4199.04
1727.16 4272.37
1723.28 4275.64
1723.37 4309.45
1723.46 4330.31
1722.12 4375.54
1722.71 4829.88
1722.27 4597.85
1722.2 4687.34
1723.14 4749.54
1720.99 4669.1
1721.42 4677.07
1721.7 4702.72
1721.39 4708.96
1720.56 4733.49
1722.07 4767.07
1721.88 4789.25
1723.32 4809.13
1723.44 4820.58
1721.1 4858.63
1721.17 4884.14
1720.95 4888.9
1720.91 4893.76
1720.79 4895.76
1720.14 4841.63
1720.46 4792.5
1723.47 4807.37
1723.77 4834.32
1723.73 4848.68
1723.69 4859.04
1725.6 4833.51
1727.95 4865.68
1726.59 4892.44
1726.14 4887.42
1726.05 4872.97
1726.11 4873.75
1725.71 4880.95
1721.59 4808.62
1721.01 4817.05
1721.4 4796.75
1723.2 4793.57
1723.19 4792.6
1722.39 4798.98
1722.28 4789.26
1721.68 4740.95
1713.79 4502.08
1714.04 4535.3
1710.79 4736.46
1712.17 4844.82
1712.19 4865.35
1712.01 4869.18
1711.56 4862.08
1711.54 4873.2
1711.53 4887.98
1711.39 4870.81
1710.61 4829.41
1710.52 4828.02
1710.7 4841.46
1711.87 4760.64
1711.77 4713.61
1711.75 4717.96
1713.16 4757.91
1713.19 4765.25
1714.58 4791.37
1713.71 4813.82
1709.89 4948.07
1710.29 4948.1
1710.53 4954.47
1708.56 4957.54
1708.61 4955.67
1707.77 5012.3
1708.86 5036.6
1708.98 5030.65
1708.88 5039.34
1708.85 5062.14
1708.71 5088.37
1708.91 5117.49
1708.77 5104.66
1710.65 5105.4
1710.82 5113.92
1710.66 5070.6
1709.21 5024.94
1710.07 5016.07
1710.45 4932.53
1711.61 4920.79
1711.89 4933.46
1709.84 4957.54
1709.99 4990.77
1709.69 5005.81
1709.95 5049.11
1710.53 5095.46
1711.33 5093.48
1709.13 5117.56
1709.36 5127.17
1716.86 5072.01
1718.11 5031.1
1717.29 5046.46
1717.95 5067.74
1717.79 5057.14
1717.34 4984.35
1717.18 4978.89
1717.02 4970.85
1715.83 5083.75
1715.94 5227.73
1716.18 5253.39
1716.12 5264.13
1707.08 4922.78
1707.52 5024.72
1707.37 5036.22
1707.1 5032.41
1706.94 5047.99
1706.68 5024.35
1707.45 5045.09
1707.43 5073.32
1705.78 5249.96
1707.17 5277.12
1708.89 5345.12
1709.02 5332.94
1709.3 5312.63
1709.18 5298.36
1709.92 5299.8
1709.38 5337.02
1709.47 5353.47
1709.36 5358.81
1709.58 5305.35
1707.98 5207.41
1713.5 5100.06
1713.02 5082.93
1711.89 5043.4
1711.67 5035.64
1711.67 5020.43
1711.38 4976.16
1711.47 4943.49
1711.25 4921.63
1711.09 4900.67
1712.52 4822.06
1712.2 4860.36
1712.72 4877.1
1714.28 4843.02
1714.08 4819.94
1714.08 4758.03
1714.6 4742.02
1714.12 4738.02
1714.23 4751.16
1714.5 4754.23
1714.52 4751.84
1713.7 4709.16
1713.08 4720.79
1712.33 4761.61
1712.94 4761.87
1712.94 4763.56
1711.53 4771.47
1711.45 4782.76
1712.25 4849.75
1711.48 4882.24
1709.5 4909.27
1707.65 4936.2
1707.71 5015.82
1707.9 5020.97
1708.64 5004.8
1708.68 5010.81
1708.53 4996.99
1707.55 4994.77
1708.3 5030.42
1708.17 4983.33
1708.63 4900.52
1710.54 4890.67
1710.57 4908.31
1710.73 4921
1710.74 4923.51
1710.69 4933.3
1710.4 5129.67
1710.49 5133.99
1710.74 5144.62
1710.85 5152.03
1710.84 5127.09
1710.7 5101.1
1711.12 5083.69
1710.54 5079.1
1710.56 5079.24
1710.65 5109.32
1710.77 5103.66
1710.65 5103.51
1710.6 5087.39
1710.68 5077.04
1710.62 5087.28
1710.62 5078.16
1710.39 5057.34
1710.37 5058.32
1710.76 5061.86
1710.59 5100.98
1711.06 5138.39
1712.98 5117.69
1714.35 5069.97
1712.6 5052.56
1713.37 5076.25
1713.75 5044.43
1713.81 5057.56
1713.91 5058.19
1713 5012.44
1713.04 5060.7
1713.66 5105.83
1713.6 5112.06
1712.42 5171.08
1712.57 5175.66
1712.45 5186.58
1712.42 5171.98
1710.56 5114.35
1710.97 5110.61
1711.09 5113.55
1706.9 5122.84
1706.87 5123.07
1706.67 5127.43
1706.82 5148.35
1706.75 5136.41
1706.82 5192.62
1704.86 5166.31
1704.89 5194.14
1704.09 5153.21
1704.85 5150.6
1704.6 5126.63
1705.64 5148.6
1705.63 5172.13
1705.67 5180.89
1706.05 5184.13
1705.74 5163.5
1705.62 5140.33
1705.3 5104.25
1706.38 5100.5
1706.21 5089.95
1706.21 5092.38
1705.91 5089.51
1705.83 5101.86
1706.13 5159.31
1706.54 5165.72
1707.73 5160.62
1707.79 5170.66
1707.74 5208.1
1707.46 5223.08
1707.52 5214.8
1707.5 5226.45
1707.22 5208.25
1707.31 5207.17
1708.01 5170.06
1708.01 5153.77
1707.97 5138.89
1708.14 5126.86
1707.03 5134.24
1707.12 5157.19
1706.98 5187.15
1706.98 5183.15
1707.48 5204.52
1707.55 5236.82
1709.64 5239.63
1709.93 5247.26
1710.43 5265.84
1710.6 5253.57
1716.81 5227.94
1716.58 5182.31
1711.27 5152.5
1711.27 5122.47
1711.26 5139.04
1710.74 5121.35
1710.99 5098.18
1711.09 5107.45
1711.08 5099.46
1713.03 5136.93
1713.37 5131.91
1713.48 5114.76
1713.49 5110.15
1713.46 5082.77
1713.29 5089.9
1712.73 5066.07
1712.78 5060.2
1712.75 5047.95
1713.06 5055.59
1713.07 5070.58
1713.03 5062.72
1712.81 5074.03
1713.29 5076.55
1712.17 5082.65
1712.26 5086.77
1712.33 5088.29
1712.31 5123.67
1712.31 5144.01
1711.95 5190.66
1712.22 5124.01
1713.23 5102.37
1712.82 5064.52
1712.27 5041.52
1713.76 5024.09
1712.73 5020.62
1712.97 5012.36
1713.24 5011.89
1713.27 5016.18
1713.28 5023.51
1713.52 5024.67
1712.18 5056.96
1712.24 5071.58
1712.25 5074.16
1711.03 5038.36
1710.8 4979.26
1709.82 4935.85
1710.18 4940.54
1710.07 4959.2
1709.51 4990.77
1709.58 4985.76
1709.45 4975.9
1709.32 4983.86
1709.87 5008.33
1709.73 5027.3
1709.75 5032.28
1709.68 5036.2
1708.96 5038.87
1708.87 5037.89
1708.55 4995.45
1708.53 4995.4
1708.51 4994.13
1708.05 4990.08
1708.25 4979.88
1708.39 4963.44
1708.44 4964.68
1708.51 4980.29
1710.14 5000.15
1710.08 5034.78
1710 5057.13
1709.96 5064.12
1709.27 5072.81
1708.15 5084.97
1708.68 5122.39
1708.49 5149.79
1708.33 5169.2
1712 5149.25
1711.77 5177.47
1711.63 5178.87
1711.49 5187.58
1711.54 5195.31
1711.48 5197.52
1711.9 5203.8
1712.1 5194.89
1711.85 5162.96
1711.86 5157.02
1712.4 5167.38
1711.79 5180.95
1711.71 5185.71
1711.72 5190.21
1711.57 5191.91
1711.55 5177.73
1711.5 5166.2
1711.82 5169.48
1711.95 5160.13
1711.82 5168.58
1711.61 5185.64
1711.75 5197.69
1711.77 5194.04
1711.77 5208.83
1711.53 5212.49
1711.1 5252.47
1709.49 5247.91
1709.52 5244.09
1709.38 5245.93
1708.49 5195.04
1708.42 5157.12
1708.17 5134.34
1708.16 5130.61
1708.2 5124.47
1708.28 5136.8
1707.94 5125.6
1707.84 5110.8
1707.35 5118.68
1707.15 5089.47
1706.95 5083.49
1706.84 5087.85
1706.78 5084.98
1706.8 5064.43
1706.64 5064.34
1706.67 5062.5
1706.49 5036.62
1705.79 5043.51
1705.51 5015.02
1705.34 5054.68
1705.62 5087.92
1705.42 5080.11
1706.32 5070.75
1706.84 5077.18
1706.92 5087.72
1706.93 5099.11
1706.93 5067.58
1706.94 5049.24
1705.99 5031.1
1706.9 4977.75
1706.71 4978.55
1706.71 4972.07
1707.23 5013.67
1704.21 5011.1
1704.79 4957.65
1703.27 4950.36
1703.26 4964.6
1703.5 4962.19
1703.66 4952.69
1703.67 4962.5
1703.58 4956.02
1703.58 4960.63
1703.56 4969.51
1703.68 4997.96
1703.74 5006.87
1704.46 5020.12
1704.37 5023.21
1702.78 5074.8
1703.51 5104.2
1702.88 5117.41
1702.41 5125.53
1702.43 5135.3
1706.1 5156.39
1707.04 5191.5
1707.89 5137.84
1708.51 5159.82
1708.71 5167.45
1708.56 5180.28
1708.35 5166.92
1708.36 5160.95
1710.3 5188.39
1711.16 5201.24
1711.26 5201.52
1711.17 5206.57
1710.27 5203.82
1711.31 5210.41
1711.24 5219.49
1711.31 5243.62
1711.55 5243.32
1710.43 5278.95
1710.36 5286.5
1708.04 5271.89
1708.71 5263
1708.82 5254.74
1709.65 5278.22
1711 5313.94
1710.36 5348.94
1710.67 5354.35
1711.24 5353.76
1711.21 5340.24
1711.31 5330.08
1711.3 5326.76
1711.25 5323.64
1710.96 5303.87
1712.92 5307.26
1713.25 5296.6
1713.22 5283.49
1713.55 5283.04
1713.87 5280.42
1713.45 5267.56
1713.26 5275.65
1712.9 5248.53
1714.16 5243.85
1714.12 5238.75
1714.11 5238.21
1713.89 5236.59
1714 5222.01
1713.77 5225.46
1713.71 5194.42
1713.87 5186.31
1712.88 5213.63
1713.03 5225.98
1712.98 5210.9
1712.94 5201.42
1713.2 5209.23
1710.83 5257.38
1710.83 5291.51
1711.14 5313.81
1711.05 5327.92
1711.14 5344.1
1709.96 5328.18
1709.95 5323.04
1709.97 5326.61
1709.06 5325.01
1709.58 5320.12
1709.88 5330.22
1709.86 5342
1709.82 5358.64
1709.79 5368.81
1709 5396.32
1708.82 5408.63
1708.9 5400.79
1708.99 5391.71
1709.06 5401.47
1709.12 5399.92
1709.39 5400.26
1709.39 5393.67
1709.39 5382.07
1708.33 5359.2
1706.44 5274.54
1705.69 5295.62
1705.4 5296.79
1705.27 5322.18
1705.02 5338.44
1704.73 5365.17
1704.82 5365.73
1704.73 5359.89
1704.81 5360.28
1704.11 5350.15
1704.18 5365.43
1704.2 5372.39
1704.1 5367.53
1705.3 5383.19
1705.27 5403.98
1705.19 5428.49
1705.14 5449.8
1704.29 5374.71
1704.54 5371.26
1704.49 5372.16
1704.16 5367.41
1704.13 5354.71
1703.53 5350.73
1703.62 5341.39
1703.56 5323.58
1703.58 5335.14
1704.35 5358.9
1704.66 5372.75
1704.64 5372.42
1705.46 5377.34
1705.46 5368.73
1705.97 5381.72
1705.15 5394.09
1707.1 5391.83
1707.1 5392.96
1707.84 5404.51
1707.07 5477.56
1707.69 5542.6
1708.01 5517.1
1708.01 5519.41
1708.17 5537.14
1708.43 5559.84
1708.53 5593.08
1708.42 5600.99
1708.42 5602.14
1708.53 5627.59
1708.48 5637.69
1708.13 5733.16
1707.31 5772.91
1707.62 5798.41
1707.03 5782.78
1707.52 5806.86
1706.94 5832.39
1707.43 5815.28
1707.14 5810.47
1707.2 5804.14
1706.59 5789.38
1709.77 5765.11
1709.65 5808.8
1709.51 5832.21
1709.65 5876.21
1709.58 5895.82
1709.58 5901.71
1709.55 5899.39
1709.74 5926.2
1709.72 5926.16
1709.75 5925.25
1709.48 6103.99
1708.89 6087.8
1708.67 6083.6
1708.99 6092.63
1708.99 6096.34
1708.85 6105.78
1708.87 6103.09
1708.81 6055.83
1708.81 6080.46
1708.36 6107.47
1708.36 6090.83
1708.34 6092.95
1708.32 6094.55
1708.43 6086.09
1708.33 6079.69
1708.64 6056.86
1708.37 6034.78
1708.49 6015.24
1708.55 6036.85
1708.64 6040.76
1708.63 6055.47
1708.5 6061.06
1708.93 6061.84
1708.92 6069.84
1708.96 6073.97
1709.4 6071.41
1708.58 6098.3
1709.24 6131.04
1709.13 6132.11
1709.42 6133.12
1709.39 6132.24
1709.45 6135.73
1709.49 6140.09
1709.45 6145.8
1709.31 6132.62
1709.28 6123.1
1709.32 6112.84
1711.37 6160.68
1711.85 6218.74
1711.9 6242.23
1711.78 6253.34
1711.88 6259.54
1711.82 6262.81
1712.35 6282.26
1712.34 6271.73
1712.61 6275.38
1713.31 6313.99
1713.37 6394.88
1712.94 6420.4
1714.67 6444.75
1714.1 6462.06
1714.08 6481.07
1715.37 6487.18
1714.95 6470.97
1714.29 6439.37
1714.13 6430.96
1713.06 6455.31
1712.73 6467.04
1712.59 6462.76
1711.62 6428.23
1711.62 6409.19
1711.73 6407.11
1710.39 6411.6
1710.35 6408.88
1710.24 6407.2
1709.98 6384.51
1710.01 6371.08
1710.37 6383.99
1710.46 6428.4
1710.4 6473.57
1710.82 6488.4
1711.66 6494.92
1711.76 6500.87
1711.81 6487.65
1711.54 6498.2
1712.3 6525.87
1711.96 6529.91
1712.22 6520.55
1712.48 6519.07
1712.79 6527.09
1712.89 6530.75
1712.71 6368.5
1712.21 6340.52
1712.16 6318.04
1712.07 6298.55
1711.75 6385.72
1710.89 6381.35
1711.11 6386.37
1711.38 6389.17
1713.67 6366.46
1713.8 6360.11
1713.13 6495.4
1713.43 6509.12
1713.44 6486.78
1715.53 6502.59
1715.54 6498.94
1715.78 6472.51
1715.59 6427.17
1715.43 6414.11
1715.41 6416.39
1715.28 6433.82
1715.21 6442.62
1715.57 6446.2
1715.47 6455.05
1715.64 6466.01
1715.28 6470.2
1715.63 6474.53
1715.8 6476.96
1715.82 6486.44
1715.83 6478.93
1716.09 6469.74
1716.15 6467.42
1715.84 6465.84
1715.83 6459.77
1715.83 6489.69
1715.85 6509.99
1716.03 6520.84
1716.19 6541.43
1715.96 6555.27
1715.61 6621.89
1715.51 6641.23
1715.36 6635.41
1715.36 6633.03
1715.26 6633.13
1715.3 6632.8
1715.23 6622.16
1715.23 6620.69
1715.03 6612.72
1715.44 6578.07
1715.55 6594.06
1715.13 6602.79
1715.27 6620.29
1715.18 6622.99
1715.23 6617.14
1714.82 6617.79
1714.58 6609.08
1714.66 6603.7
1714.91 6611.81
1714.5 6636.71
1714.48 6650.97
1714.41 6653.91
1714.41 6650.59
1714.39 6645.81
1716.79 6652.06
1716.71 6638.98
1716.72 6632.19
1716.68 6629.19
1716.21 6620.3
1716.2 6615.1
1715.98 6610.26
1715.9 6615.33
1716.08 6624.22
1715.72 6633.53
1714.91 6638.69
1714.5 6653.42
1714.28 6678.12
1714.4 6669.04
1714.6 6663.78
1714.63 6672.12
1714.4 6667.99
1714.52 6664.49
1714.5 6659.67
1714.63 6624.96
1714.34 6627.43
1715.04 6659.24
1715.1 6647.37
1714.99 6644.58
1715.24 6621.51
1715.57 6623.33
1715.57 6619.06
1715.57 6648.75
1715.59 6689.52
1715.29 6718.29
1715.11 6703.51
1715.06 6691.84
1715.26 6696.88
1715.41 6636.23
1715.33 6659.67
1715.22 6672.46
1713.97 6654.01
1713.85 6696.43
1713.83 6731.68
1713.72 6741.4
1714.23 6777.92
1714.39 6804.94
1714.81 6825.06
1717.01 6877.93
1717.03 6900.43
1716.93 6912.4
1717.12 6902.25
1717.22 6894.89
1717.45 6906.58
1717.6 6921.2
1717.1 6921.4
1717.68 6925.89
1717.61 6927.75
1717.68 6918.75
1717.63 6906.82
1717.74 6895.19
1717.18 6871.65
1716.99 6878.63
1717.76 6892.5
1717.42 6903.95
1717.37 6889.42
1716.96 6888.73
1716.91 6882.48
1717.1 6891.02
1716.87 6878.92
1717.19 6890.92
1717.45 6894.37
1717.89 6918.64
1717.92 6908.9
1717.86 6910.39
1717.55 6911
1717.66 6933.1
1718.53 6935.25
1718.96 6947.76
1718.66 6965.04
1718.28 6983.5
1718.93 7013.52
1718.95 7011.13
1718.92 7030.58
1719.59 7027.98
1719.59 7031.81
1719.82 7028.16
1719.83 7009.02
1719.54 7013.9
1719.54 7006.56
1719.54 6989
1719.6 6986.68
1719.6 6979.63
1719.83 6969.93
1719.75 6968.83
1719.74 6962.88
1720.08 6957.53
1720.04 6953.36
1719.62 6992.43
1719.71 6992.25
1719.7 6995.65
1719.68 6993.24
1719.66 6986.06
1719.57 6977.97
1720.21 6977.29
1720.25 6974.76
1719.76 6965.8
1719.76 6964.02
1719.58 6985.28
1718.88 7001.22
1718.44 7012.31
1718.54 7026.24
1718.62 7040.19
1718.61 7044.56
1718.84 7042.68
1718.84 7041.45
1718.54 7023.12
1718 7017.12
1717.94 6992.74
1717.99 6981
1718 6970.93
1717.96 6963.42
1718.05 6956.87
1718.24 6955.47
1718.89 7038.62
1718.88 7040.95
1718.84 7034.54
1719.05 7025.25
1719.04 7007.84
1718.9 6992.09
1719.22 7012.7
1719.04 6988.58
1718.65 6972.76
1718.61 6951.89
1718.57 6928.04
1717.49 6843.33
1717.48 6799.44
1717.45 6830.76
1717.41 6861.36
