78.1917 0
134.447 0
195.519 0
326.378 0
379.161 0
410.135 0
417.215 0
537.202 17.639
558.403 16.7313
633.498 22.102
639.508 14.3428
641.017 14.2858
641.298 14.2571
642.239 14.247
659.319 14.2391
675.099 14.2391
675.164 14.2391
711.429 20.2026
741.632 18.4111
748.093 12.8251
792.248 143.403
793.298 206.314
865.91 259.411
873.081 251.555
879.68 245.142
891.073 247.967
892.746 246.477
898.072 244.879
898.089 243.483
942.494 245.37
948.484 242.661
968.7 308.978
965.292 363.255
966.521 356.847
971.332 370.303
956.647 420.527
957.758 447.613
962.767 463.775
1006.02 472.552
1002.57 459.518
1007.14 485.094
1017.44 510.328
1022.41 520.1
1039.31 592.245
1063.79 549.772
1064.26 544.974
1100.09 573.874
1100.17 606.85
1136.54 623.352
1119.56 978.569
1120.59 1060.21
1129.35 1030.6
1129.64 1025.96
1149.26 1036.55
1174.68 1021.27
1196.96 1018.48
1183.29 1184.74
1186.87 1240.48
1189.64 1254.6
1202.11 1296.01
1205.09 1345.6
1210.07 1378.79
1223.89 1405.15
1224.87 1455.34
1244.21 1399.42
1276.21 1465.68
1285.35 1671.21
1282.48 1964.5
1287.7 2000.99
1297.14 2011.9
1297.13 2008.83
1297.05 1994.9
1331.36 1995.31
1331.88 1985.35
1333.98 1983.92
1332.22 1920.85
1319.14 4391.63
1319.19 4567.26
1318.21 4110.01
1318.1 3651.38
1327.96 3735.58
1335.55 4054.68
1334.21 4005.72
1343.62 4168.46
1358 4187.37
1379.72 4246.11
1376.38 4197.69
1374.23 4150.63
1384.78 4203.49
1376.23 4831.6
1377.76 4774.38
1374.31 4664.6
1378.1 4836.19
1381.28 5129.5
1375.48 5220.27
1376.32 5160.19
1374.18 5194.88
1376.29 5461.49
1376.46 5507.43
1377.64 5464.08
1424 5600.91
1433.73 5720
1440.25 5746.27
1439.14 5723.69
1433.31 5890.45
1421.01 6153.2
1434.06 6180.15
1430.72 6393.16
1418.21 6392.33
1416.91 6403.24
1417.42 6436.36
1416.6 6537.88
1414.54 6494.48
1414.25 6478.67
1407.94 6463.06
1409.03 6406.84
1407.22 6374.13
1407.33 6401.67
1407.8 6471.31
1408.03 6431.65
1405.57 6499.43
1402.69 6507.75
1402.04 6476.94
1402.29 6529.03
1403.79 6552.14
1404.21 6579.99
1405.45 6561.41
1404.92 6543.92
1404.89 6585.97
1404.85 6618.79
1392.27 6862.43
1391.84 7047.91
1391.85 6936.5
1401.35 6885.74
1401.63 6840.41
1409.01 6849.89
1407.86 6749.59
1408.47 6692.51
1408.27 6624.45
1408.69 6591.56
1409.24 6582.64
1400.1 6571.59
1399.03 6588.76
1398.32 6582.32
1399.73 6546.34
1399.77 6572.36
1411.86 6996.16
1407.57 7388.67
1409.39 7368.18
1411.57 7260.19
1410.22 7248.63
1416.44 7276.04
1416.01 7268.06
1409.63 7264.24
1413.24 7251.08
1416.43 7432.16
1417.05 7547.08
1417.67 7566.13
1418.16 7584.29
1422.68 7984.63
1416.21 8244.24
1417.79 8258.7
1417.67 8218.57
1413.1 8254.54
1412.98 8280.17
1414.59 8333.72
1427.65 8721.53
1427.69 9052.52
1435.48 8835.9
1434.87 8818.79
1437.2 8910.23
1437.69 11409
1445.91 10814.2
1437.7 10653.4
1438.45 10404.1
1441.58 10413
1440.56 10384.4
1441.2 10253.3
1438.88 10133
1451.77 10129.4
1455.83 10221.3
1460.8 10324.4
1460.84 10367.3
1461.08 10367.4
1460.7 10366.4
1462.34 10385
1473.7 10694.5
1473.45 10746.2
1480.61 10654.5
1480.54 10644.1
1482.19 10649.7
1482.31 10640.7
1483.92 10681.9
1512.12 10460.4
1511.33 10472.2
1508.19 10496
1506.69 10515.5
1506.76 10511.6
1506.76 10500.6
1507.05 10413.1
1507.05 10334
1506.97 10243.3
1513.03 10373.5
1514.33 10368.7
1515.7 10331.2
1524.28 10282.8
1524.71 10241.3
1529.8 10315.4
1529.78 10282.4
1531.37 10235.6
1537.25 10262.8
1541.34 10404.1
1544.15 10499.3
1543.98 10546.2
1552.11 10644.4
1554.8 10618.1
1557.33 10613.4
1557.3 10593
1557.27 10556.5
1557.1 10528.7
1567.32 10536.1
1561.24 10515.7
1560.87 10516
1549.24 10424
1543.33 10385.3
1542.56 10362.7
1542.31 10331.8
1541.09 10302.4
1540.85 10303.6
1544.63 10305.2
1542.52 10123.7
1537.09 10194.2
1537.66 10274.9
1537.91 10307.2
1537.86 10337.8
1537.86 10211.6
1537.84 10257.1
1536.31 10338.7
1539.02 10459.3
1539.25 10481.8
1536.7 10525.2
1533.67 10573
1533.23 10613.1
1530.71 10604.8
1528.36 10657.9
1529.76 10718.2
1544.83 10827.5
1555.3 11038.8
1554.04 11038
1554.21 10980.7
1562.32 11076.6
1562.35 11117.5
1568.24 11108.6
1564.16 11232.1
1564.66 11260.6
1564.78 11330.6
1566.77 11342.2
1567.02 11363.1
1566.35 11382.5
1566.29 11428.1
1566.44 11464.3
1567.44 11408.4
1567.54 11351.2
1564.19 11264.3
1563.93 11223.5
1563.67 11158.8
1564.98 11121.6
1564.84 11123.4
1566.21 11126.8
1566.33 11137.8
1566.27 11120.8
1566.15 11111.4
1566.27 11080.1
1566.28 11052.2
1566.26 11037.1
1566.79 11053.4
1566.93 11059.6
1568.43 11136.6
1568.87 11129.1
1569.98 11148.2
1574.63 11281.4
1575.88 11426.5
1577.38 11512.1
1576.34 11569.8
1576.34 11584.2
1577.69 11616.5
1577.22 11643.9
1575.99 11633.9
1577.69 11621
1578.17 11589.4
1579.82 11562.8
1575.07 11527
1574.93 11591.8
1575.17 11673.8
1564.65 11773.7
1566.02 11891.4
1567.88 11822.7
1561.12 11074.7
1560.74 10858.7
1560.77 10878.3
1562.4 10943.6
1562.54 11003.2
1562.29 11082.9
1564.71 11308.9
1564.72 11396.6
1564.71 11453.6
1564.72 11468.8
1564.6 11469.9
1564.62 11470.2
1564.57 11525.2
1564 11541.5
1566.84 11656.6
1567.23 11673.6
1567.15 11645.6
1567.2 11600.3
1565.05 11522.4
1565.15 11526.2
1565.31 11485.9
1565.28 11443.4
1566.19 11408
1567.2 11325.8
1573.98 11335.9
1569.89 11321.1
1570.13 11290.2
1570.22 11298.7
1571.41 11341
1571.4 11330.5
1571.4 11321.9
1568.99 11320.1
1568.99 11228.2
1569.61 11193.6
1567.37 11225.8
1567.2 11230.5
1567.86 11280.5
1567.93 11269.7
1567.41 11262.1
1566.27 11258.9
1565.65 11298.7
1566.15 11394.5
1565.95 11423.4
1566.21 11445.4
1566.02 11462.1
1566.13 11450.2
1565.62 11428.7
1563.42 11426.1
1563.45 11388.5
1557.68 11391.8
1556.34 11415.7
1555.67 11408.3
1555.81 11421
1557.74 11501.3
1558.27 11471.7
1558.8 11470.6
1558.61 11449.4
1558.75 11457.2
1559.21 11455.8
1559.53 11477
1559.8 11413.8
1554.33 11368.8
1554.35 11259.8
1554.13 11214.3
1553.76 11232.1
1554.88 11227.6
1554.88 11246.4
1554.88 11253.2
1555.88 11251.5
1554.71 11265
1554.9 11248.6
1554.85 11246
1555.51 11278.6
1553.95 11241
1553.82 11196.8
1553.82 11218.3
1553.55 11241.8
1557.27 11301.9
1564.62 11708.8
1564.73 11818
1564.78 11888.8
1563.01 11926.7
1555.51 11774.7
1555.41 11857.5
1554.82 11898.6
1553.63 11862.2
1555.03 11885.3
1555.68 11878.7
1554.86 11812
1555.1 11792.1
1555.36 11777.3
1555.31 11765.1
1558.2 11743.6
1558.08 11750.7
1558.25 11747.8
1559.62 11734.4
1559.51 11720.1
1562.31 11813.1
1567.41 12012.7
1565.65 12054.3
1565.76 12053.9
1565.91 12104.1
1565.69 12158
1567.17 12177.5
1568.29 12194.5
1568.32 12201.5
1568.32 12205.8
1568.49 12198.8
1568.42 12231.7
1568.01 12257.1
1561.9 12160.5
1561.77 12098.7
1561.67 12166.7
1561.62 12172.8
1561.66 12145
1561.5 12115
1561.02 12171.9
1560.86 12176.4
1560.45 12127.4
1561.22 12098.1
1559.88 12052.4
1560.4 12100.9
1556.91 12072.1
1559.11 12082
1558.62 12108.3
1558.58 12095.5
1559.39 12118.3
1560.94 12160.3
1560.75 12151
1559.67 12133.1
1559.69 12111.7
1561.01 12122.8
1561.79 12180.7
1562.06 12149.1
1562.37 12161.2
1562.42 12152.2
1564.07 12150.7
1565.12 12118.3
1564.91 12100.8
1564.96 12111.9
1565.06 12110.5
1564.12 12124.2
1563.24 12114.2
1564.37 12173.3
1565.07 12256.1
1564.96 12300.8
1565.09 12324.1
1565.15 12318.8
1565.35 12317.4
1565.42 12312.4
1567.42 12384.2
1567.4 12402.6
1567.9 12375.1
1569.56 12383.1
1568.83 12394.9
1568.83 12396.8
1568.36 12389.9
1568.27 12443.8
1569.35 12419.3
1569.33 12436.7
1569.74 12433
1569.75 12427.8
1569.75 12419.3
1569.58 12443.7
1569.57 12438.3
1568.52 12412.8
1568.65 12385.9
1569.11 12362.9
1569.13 12351.4
1568.99 12344.7
1567.3 12336.9
1567.27 12308.1
1569.88 12323
1569.97 12364.9
1570.12 12369.7
1570.66 12290.7
1570.82 12227.3
1570.47 12202
1569.96 12223.8
1570.24 12264.8
1570.31 12280.7
1570.38 12294.1
1570.24 12315.5
1570.21 12324.2
1572.68 12321
1572.84 12354.6
1572.06 12327
1572.87 12314.2
1573.11 12301.8
1573.71 12300.2
1576.14 12363
1576.98 12552.8
1578.87 12584.5
1578.75 12598.9
1579.08 12622.9
1579.35 12631.3
1579.39 12617.2
1578.44 12604
1578.58 12598.6
1578.32 12602.3
1577 12537
1575.7 12481.4
1572.95 12472.9
1572.82 12516.9
1574.17 12836.3
1575.41 12922
1575.21 12654.6
1575.23 12585.8
1577.27 12655.4
1577.88 12682.8
1577.31 12673.6
1576.69 12648
1577.09 12629.8
1577.27 12641.8
1577.71 12721.9
1578.05 12733.9
1577.92 12715.3
1578.06 12721.9
1578 12648.5
1577.95 12649.4
1577.88 12654.7
1577.86 12664.1
1578.35 12677.1
1578.99 12687.2
1579.01 12679
1578.92 12694.7
1579.06 12674.8
1579.14 12665.1
1579.23 12703.6
1579.81 12683
1577.88 12710.4
1576.14 12784.8
1577.41 12835.6
1577.41 12841.9
1577.46 12825.1
1577.33 12783.8
1577.31 12777.5
1577.73 12769.8
1577.75 12773.8
1576.12 12773.3
1576.14 12721.9
1577.24 12712
1577.54 12709.2
1577.7 12653.5
1581.94 12804
1581.38 12826.8
1583.33 12855.9
1584.86 12848.1
1584.36 12870.1
1586.31 12853.2
1585.58 12887.6
1585.29 12852.1
1585.29 12837
1584.32 12823.7
1584.84 12820.6
1584.62 12825.2
1583.35 12788.5
1584.31 12898
1584.19 13031.1
1583.73 13059.8
1583.37 13089.1
1583.98 13098.2
1584.17 13080.9
1584 13093.8
1588.71 13206
1589.23 13233.7
1589.41 13228.7
1589.13 13219.3
1589.03 13228.8
1592.19 13233.9
1592.12 13271.9
1592.23 13277.8
1591.8 13560.4
1591.34 13620.9
1591.73 13618.7
1591.46 13607.7
1587.08 13633.2
1587.08 13565.7
1586.91 13480.6
1586.85 13445
1586.65 13429
1586.67 13425.3
1587.08 13430.8
1587.14 13431.5
1587.13 13446.3
1587.15 13466.3
1586.44 13493.3
1587.26 13522.9
1586.9 13558.8
1586.59 13594.5
1586.61 13581.2
1586.54 13574.2
1586.59 13584.1
1586.19 13570.5
1586.22 13592.8
1586.24 13600.9
1587.03 13602.1
1586.81 13593.3
1587.34 13596.7
1587.03 13580.4
1587.19 13561.5
1586.68 13557.1
1586.53 13575.6
1586.9 13594.7
1586.18 13582.7
1584.75 13553.8
1584.9 13532.1
1585.11 13539.3
1583.94 13603.9
1583.92 13618.9
1584.09 13610.5
1584.1 13619.8
1583.64 13597.7
1583.63 13605.4
1581.84 13745
1582.04 13760.4
1582.09 13765.9
1581.77 13749.8
1581.19 13733.1
1579.85 13746.4
1579.83 13772.2
1579.87 13765.5
1579.09 13923
1580.64 13977.5
1578.19 14040.7
1578.98 14078.6
1579.07 14095.5
1579.16 14122
1579.17 14135.2
1578.76 14151.3
1578.83 14162
1578.19 14141.9
1578.26 14168.5
1578.06 14164.9
1578.24 14157.9
1577.93 14153.5
1577.7 14173.8
1577.5 14164.4
1576.1 14128.7
1579.4 14135.7
1576.3 14274.1
1576.49 14245.1
1576.55 14208.5
1576.25 14210.9
1575.2 14188.4
1575.09 14224.8
1574.83 14224.9
1573.73 14233.7
1573.45 14206.7
1573.41 14185.7
1573.58 14182.5
1573.43 14232.5
1572.51 14140
1572.07 14145.4
1572.15 14232.2
1572.24 14300.9
1572.34 14350.1
1572.06 14381.3
1571.97 14392.3
1571.85 14421.1
1571.25 14403.5
1571.28 14391
1571.04 14442
1571.14 14436.7
1571.02 14422.9
1571.04 14451.7
1570.95 14427.6
1571.61 14414.9
1571.59 14415.5
1572.01 14410.1
1573.32 14429.4
1573.36 14408.7
1573.58 14408.1
1577.72 14532.9
1577.37 14536.6
1576.96 14528.3
1577.81 14529.6
1577.92 14532
1578.33 14546.1
1577.33 14528.6
1578.23 14495.9
1578.23 14474.9
1575.59 14476.8
1572.6 14681.4
1573.22 14705.2
1572.7 14646.1
1571.88 14703.3
1572.34 14728.1
1572.39 14732.7
1572.36 14731.1
1572.22 14707.6
1572.28 14703.6
1572.23 14708
1572.33 14712.6
1572.64 14721.4
1572.17 14719.7
1572.52 14719.2
1572.48 14710.2
1572.87 14741.6
1573.36 14836.8
1573.29 14781.3
1573.21 14776.8
1574.49 14803.1
1575.26 14832.2
1575.5 14832.2
1575.68 14837
1575.84 14870.4
1575.84 14878.9
1575.71 14833.3
1575.74 14827.2
1575.58 14847.6
1576.27 14832.3
1576.08 14821.3
1576.97 14829.6
1576.04 14793.7
1575.72 14804.2
1575.74 14807
1575.42 14776.6
1577.16 14881.9
1577.48 14902.7
1577.53 14888.3
1577.53 14840.6
1577.64 14886.9
1577.75 14885.7
1577.08 14888.7
1576.47 14891.3
1576.34 14876.2
1575.47 14862.4
1575.22 14883.5
1574.84 14922.2
1574.37 14922
1574.22 14898.5
1574.17 14877.6
1574.14 14861.8
1575.92 14848.8
1575.92 14769.1
1577.02 14753.7
1577.07 14755.4
1577.17 14726.6
1577.26 14734.6
1577.3 14743.6
1576.66 14731
1576.59 14727.6
1576.67 14716
1577.12 14711
1577.11 14710.9
1577.32 14720.4
1576.78 14713.6
1576.48 14696.3
1576.64 14626.7
1576.63 14605.1
1576.62 14601.9
1576.72 14586.1
1576.75 14576.2
1576.95 14563
1577.15 14564.8
1576.78 14593.8
1576.93 14594.8
1576.85 14606.9
1576.06 14613
1575.83 14644.6
1576.4 14597.2
1576.37 14601.1
1576.33 14583.3
1576.46 14588.7
1576.4 14584.2
1576.4 14583.2
1577.88 14572.6
1578 14559.2
1578.01 14560.8
1579.12 14655.5
1579.53 14642.4
1579.54 14633.8
1579.24 14616.4
1579.21 14619.9
1578.98 14641.3
1579.1 14668.6
1577.93 14678.6
1577.71 14688.9
1577.56 14689.5
1577.81 14689.4
1577.49 14693.8
1577.89 14728.4
1577.74 14654.3
1577.73 14636.3
1577.48 14635.9
1576.02 14638.1
1576.17 14649.4
1576.15 14621.1
1576.21 14653.1
1576.59 14646.9
1577.99 14717.4
1578.27 14742.3
1578.24 14792.3
1578.98 14799.2
1579.01 14787.1
1579.16 14837.2
1579.28 14837.8
1579.09 14859.4
1579.11 14875.4
1578.94 14879.7
1578.95 14881.1
1578.88 14889.9
1579.25 14893.4
1579.27 14883
1577.49 14899.4
1577.53 14900.5
1577.6 14899
1577.58 14898
1577.67 14889.7
1577.68 14965.3
1577.97 14982.7
1579 15035
1579.02 15049.2
1578.97 15045.5
1578.67 15032.8
1578.59 15012.4
1578.05 14987.1
1577.74 14943.7
1577.79 14931.1
1576.42 14922.4
1576.64 14915.1
1576.7 14906.6
1576.86 14901.4
1576.92 14899.3
1576.68 15008
1576.19 14982
1576.2 14983.5
1576.57 14982.1
1576.57 14973.3
1576.65 14981.4
1576.79 14984.8
1575.12 15042
1575.17 15057.7
1574.91 15090
1574.91 15107.5
1575.06 15109.5
1580.16 15167.5
1580.18 15221.3
1580.5 15252.5
1579.2 15305.3
1579.08 15337.3
1578.62 15366.5
1578.6 15407.3
1578.41 15435.8
1578.4 15463.3
1578.46 15482.1
1578.89 15485.1
1581.41 15520.3
1581.38 15529.8
1581.66 15529.5
1581.64 15559.7
1581.73 15607.2
1581.66 15630.8
1581.68 15645.9
1581.57 15641.8
1581.33 15640.5
1581.26 15609.3
1581.48 15610.3
1581.52 15616.4
1582.25 15638.1
1582.09 15616.9
1581.88 15589.4
1581.9 15601.7
1581.73 15604.4
1581.59 15613.3
1581.6 15610.1
1581.5 15604.5
1581.53 15594.4
1588.7 15606.9
1588.78 15695.3
1588.69 15683.6
1587.99 15705.2
1589.67 15735.1
1589.66 15774.2
1589.56 15771.3
1589.8 15781.2
1589.74 15798.9
1589.68 15814.6
1589.68 15834.9
1590 15862.9
1589.84 15857.5
1590.06 15910
1592.38 15943.7
1592.31 16022.6
1592.24 16043.8
1593 16064.9
1594.2 16070.3
1594.23 16076.8
1594.18 16088.8
1594.24 16095.4
1595.74 16097.4
1596.2 16102.4
1596.21 16097.3
1596.14 16088.9
1596.13 16088.9
1596.05 16054.4
1596.22 16043.7
1595.58 16223.7
1596.13 16268.4
1596.62 16248.7
1596.62 16278.2
1596.87 16301.9
1597.43 16316.9
1598.21 16291.5
1598.23 16275.5
1597.4 16321.3
1597.4 16356
1597.43 16375.1
1598.48 16395
1598.53 16415
1598.34 16435.2
1598.23 16433.8
1599.7 16402.2
1601.03 16399.4
1601.15 16421.6
1601.21 16438.8
1600.52 16451.5
1600.58 16467
1600.02 16491.2
1601.79 16503.2
1603.34 16533.2
1603.69 16547.5
1601.94 16645.8
1601.67 16674.9
1601.39 16687.4
1599.28 16706.1
1599.43 16690.8
1599.58 16697.4
1599.42 16704.8
1599.38 16704.3
1599.45 16720.1
1599.54 16697.1
1599.64 16696.1
1598.78 16703.3
1598.77 16711.8
1598.66 16734.1
1596.06 16776.8
1595.9 16797
1595.59 16808.7
1595.58 16813.4
1596.27 16836.2
1595 16860
1594.91 16863
1594.89 16863.1
1594.88 16915.7
1595.76 16930.2
1593.65 16957.3
1593.95 16973
1593.92 17016.5
1594.18 17019.9
1594.05 17027.3
1594.31 17029.9
1593.92 16967.8
1593.89 16958
1594.08 16930.4
1594.13 16902.6
1594 16896.6
1594.65 16930.3
1594.81 16949.3
1594.98 17001.9
1595.02 17004.5
1595.05 16999.2
1595.07 17008
1595.14 17019.2
1594.75 17028.1
1594.53 16999.9
1594.37 16993.7
1594.38 16978.7
1594.29 16973.9
1594.28 16976.2
1594.51 16953.8
1594.15 16876.8
1594.27 16847.9
1594.48 16827.6
1594.75 16845.2
1594.67 16892.9
1594.37 16883.2
1594.18 16894.1
1594.4 16890.9
1594.96 16891.9
1594.71 16881.1
1595.07 16893.5
1595.1 16905.3
1595.2 16914.6
1595.48 16917.5
1595.52 16926.2
1595.33 16923.8
1594.4 16809.7
1594.52 16786.6
1594.42 16789.8
1594.22 16796.8
1594.28 16799.5
1594.46 16801.8
1596.54 16788.6
1597.06 16740.9
1597.03 16690.2
1596.03 16659.9
1595.92 16642.1
1595.98 16648
1595.98 16651.5
1595.98 16672
