40.5536 0
142.623 0
251.599 0
314.343 0
315.443 0
464.654 12.4211
465.686 12.3213
548.928 12.7255
577.118 12.7135
636.465 17.5179
786.913 34.4001
792.202 27.68
823.766 27.4414
841.201 27.3198
858.864 27.2527
899.466 32.121
900.315 31.7995
903.934 32.2834
934.967 39.6609
1019.61 85.8098
1077.08 99.0447
1077.45 97.7813
1079.54 97.5956
1105.76 109.115
1154.49 129.74
1168.39 149.258
1221.5 155.914
1232.24 168.814
1238.9 171.758
1271.05 188.13
1280.01 188.128
1323.81 327.279
1324.09 356.502
1445.87 485.152
1448.79 513.947
1469.4 543.514
1580.88 1332.94
1657.55 1159.24
1677.16 1079.09
1677.28 1020.1
1676.63 995.129
1683.4 964.257
1689.57 957.633
1690.03 958.197
1686.83 1381.1
1736.98 1726.86
1736.76 1895.32
1803.12 2073.77
1796.3 2149.93
1871.46 2156.3
1875.29 2110.46
1885.61 2143.89
1859.18 2486.4
1854.01 2537.97
1851.37 2597.92
1861.89 2593.18
1803.12 3122.93
1723.86 4070.23
1727.14 4181.99
1758.29 4225.61
1761.38 4295.2
1761.4 4317.35
1764.73 4322.29
1763.91 4312.7
1731.77 4336.41
1773.37 4364.32
1773.74 4355.15
1775.21 4994.21
1771.37 4870.93
1769.16 4876.78
1773.77 4945.97
1778.84 5362.66
1778.42 4825.3
1773.59 4859.63
1782.16 5065.93
1782.03 5295.59
1789.63 5412.77
1858.85 5517.74
1855.76 5687.63
1891.98 5984.15
1887.7 5949.61
1887.99 5998.71
1858.75 6513.3
1888.08 6549.6
1888.35 6531.36
1892.32 6574.23
1872.29 7199.05
1881.5 7266.05
1887.04 7629.71
1896.7 7467.53
1903.29 7252.26
1913.81 7295.62
1916.64 7560.28
1921.5 7392.8
1907.88 7335.48
1910.05 7426.37
1909.68 7451.17
1906.15 7534.36
1940.76 7705.91
1918.27 8478.56
1920.6 9083.67
1912.99 9609.53
1949.49 10012.2
1965.45 9969.42
1954.29 9977.07
1955.71 9967.45
1958.45 9922.14
1958.83 9788.48
1931.16 10216.6
1927.25 10166.3
1927.17 10107
1952.25 10079.6
1952.82 10150.8
1953.26 10157.8
1993.1 10417.5
1986.34 10410.9
1991.75 10481.9
1991.15 10499
1991.32 10474.1
1993.35 10433.2
1993.63 10456.1
2002.13 10864.8
2002.05 11149.4
1975.99 12223.6
1978.36 12486.7
1978.08 12502.3
1967.54 12452.8
1967.53 12267.2
1967.67 12180
1965.08 12114.4
1963.51 12216.8
1958.72 12319.3
1958.97 12316.9
1959.14 12326.1
1961.62 12322.4
1960.63 12265.9
1957.8 12271.8
1957.16 12265.2
1953.81 12522
1953.93 12489.8
1968.32 12391.8
1969.36 12510.1
1969.8 12533.7
1972.67 12553.3
1975.35 12508.7
1989.66 12423.2
1988.77 12290.8
1986.71 12274.5
1983.53 12259.3
1984.89 12188.1
1981.3 12254.9
1981.19 12313.3
1979.99 12419.9
1979.99 12220.2
1979.95 12175.2
1980.49 12246.2
1980.33 12282.6
1981.86 12354.1
1980.29 12377.3
1980.2 12374.4
1976.25 12461.3
1977.31 12387.7
1978.83 12365.8
1977.86 12362.5
1992.95 12381.1
1984.09 12332.3
1983.96 12328.8
1983.75 12314.9
1996.18 12352.5
2000.38 12483.7
2006.2 12467.2
2006.47 13171.9
2006.79 12866.2
2007.49 12644.6
2010.18 12589.5
2020.49 12657.6
2030.73 12565.4
2030.66 12539.2
2026.47 12523.7
2027.41 12529.5
2033.91 12604.6
2039.12 12542.1
2035.26 12496.2
2033.93 12481.3
2029.88 12501.6
2029.68 12467.1
2029.56 12474.5
2031.91 12653.6
2035.03 12660.4
2034.94 12640.3
2035.13 12624
2031.52 12637.1
2034.18 12720.5
2029.12 12854.7
2029.73 12930.8
2028.98 12975.7
2020.86 13014.2
2022.34 13255.7
2020.24 13207.6
2023.45 13329.5
2023.08 13305.1
2032.18 13434.4
2033.57 13243
2035.11 13293.8
2035.65 13333.7
2037.98 13351.4
2038.25 13307
2037.73 13283.5
2038.1 13238.3
2038.49 13234.5
2038.66 13209.4
2038.85 13194.7
2037.62 13164.1
2040.46 13145.8
2042.12 13087.3
2051.17 13128.7
2051.47 13258.2
2047.97 13289.7
2064.36 13290.1
2068.81 13472.7
2068.26 13500
2072.3 13516.7
2068.14 14296.3
2068.21 14400.7
2068.84 14329.9
2068.42 14285.6
2070.12 14264.3
2069.27 14236.3
2062.71 14195
2064.74 14197.3
2065.18 14166.6
2065.78 14171.6
2067.61 14193.9
2067.47 14216.9
2066.57 14321
2066.45 14307.7
2069.24 14321
2067.68 14285.7
2068.28 14325.3
2068.41 14307.9
2075.7 14307.1
2076.75 14301.7
2080.12 14326.8
2080.22 14408.3
2085.65 14344.4
2089.72 14408
2089.64 14457.7
2090.63 14530.4
2115.04 14395.1
2115.03 14382
2115.03 14503.5
2115.05 14577
2114.37 14602.3
2115.04 14607.6
2114.81 14600
2115 14580.1
2114.41 14650.1
2115.73 14612.9
2114.29 14681.9
2114.46 14772.2
2116.45 14793.1
2118.79 14793.9
2120.06 14796.5
2120.33 14813.9
2121.58 14807.6
2121.61 14774.6
2122.46 14773.2
2122.38 14793.7
2122.3 15183.9
2122.11 15216.2
2122.32 15191.1
2122.07 15124.7
2122.67 15062.1
2120.77 15338.7
2120.79 15444.4
2120.1 15599.7
2119.74 15613.6
2120.65 15619.6
2121.13 15635.3
2119.22 15678.3
2117.81 15691.8
2120.13 15682.5
2120.47 15690.1
2120.86 15714.9
2121.04 15743.2
2121.39 15762.1
2121.8 15771.6
2132.78 15865.3
2139.01 15928.2
2138.61 16004.1
2138.78 16051.2
2138.44 16084.4
2137.81 16099.9
2137.93 16113.4
2138.22 16111.1
2144.53 16035.3
2142.98 16196.8
2143 16205.9
2143.8 16241.8
2145.1 16342.3
2145.51 16301.9
2145.17 16274.3
2145.24 16260.6
2146.35 16261.6
2148.02 16306.4
2147.99 16369
2147.34 16404.9
2147.28 16430.3
2147.49 16449.9
2146.41 16464
2145.84 16451.4
2145.48 16441.3
2146.91 16451.3
2147.59 16324.9
2147.3 16294.7
2147.36 16296.7
2146.81 16282.6
2146.34 16274.7
2147.45 16316.8
2147.74 16310.5
2147.32 16307.2
2147.77 16305.1
2147.34 16356.2
2146.79 16395.2
2147.68 16432.8
2160.49 16418
2161.62 16489.1
2157.74 16610.1
2159.24 16650.5
2159.21 16685.6
2159.39 16713.1
2158.14 16747.1
2168.64 16729.5
2170.37 16760.8
2169.44 16815.1
2172.6 16799.8
2173.28 16798
2173.99 16780.6
2174.42 16761.6
2176.44 16753.1
2176.64 16776.2
2179.23 16798.2
2179.17 16830.1
2179.91 16810.7
2180.01 16796.4
2180.23 16797.7
2180.29 16808.6
2180.42 16895.2
2180.44 16854.1
2181.04 16885.4
2182.47 16906.3
2182.8 16864.8
2182.88 16879.7
2183.09 16880.6
2183.12 16877.1
2184.61 16877.4
2184.85 16882.1
2185.79 16990.3
2185.37 17015.9
2185.38 17012.4
2186.4 17001.5
2186.49 16987.5
2184.32 17063.9
2184.25 17094.2
2184.56 17081.5
2184.64 17081.8
2184.45 17069.7
2185.82 17041.5
2184.38 17036.1
2186.55 17018.9
2186.35 17016.9
2186.06 16999.8
2185.39 16897.1
2188.24 16917.4
2188.41 16930.8
2188.51 16946.9
2188.18 16963.1
2185.74 16931.4
2186.51 16884.9
2187.16 16865.8
2188.38 16860.8
2188.46 16862.6
2188.81 16877.8
2188.73 16875.3
2188.75 16875.4
2188.43 16927.4
2188.83 16897.5
2186.92 16915.2
2187 16809.6
2188.6 16783.4
2189.36 16802.1
2200.72 17009.6
2201.13 17083.3
2203.83 17100.4
2203.73 17129.9
2205.52 17163.9
2205.53 17194.3
2202.6 17205.2
2203.17 17222.6
2203.67 17223.9
2203.58 17235.9
2204.81 17243
2204.29 17248.7
2201.96 17244.3
2200.85 17259.5
2200.11 17252.9
2198.44 17309
2198.59 17271.5
2197.87 17301
2198.19 17322.8
2195.64 17393.3
2195.07 17409
2195.12 17417.4
2194 17413.7
2193.08 17403.7
2193 17382.4
2193.43 17366.5
2193.44 17357
2193.27 17350.4
2186.47 17342.6
2186.66 17376.7
2187.46 17391.9
2183.92 17449.1
2183.26 17482.3
2184.04 17497.6
2186.84 17507.1
2187.56 17514.9
2187.6 17542.3
2187.71 17553.8
2187.44 17549.9
2187.03 17580.7
2188.14 17594.3
2187.89 17962
2187.7 17979.7
2189.87 17988.7
2187.81 17946.6
2187.17 17922.6
2188 17942.8
2189.5 17963
2188.91 17942.2
2188.24 17898
2188.42 17915.3
2180.42 18115.2
2178.82 18191.7
2183.03 18214.7
2178.75 18169
2177.19 18214.3
2178.5 18259.9
2178.72 18300.3
2179.78 18313.1
2180.32 18326.9
2181.05 18339.6
2181.52 18408
2181.57 18442.4
2181.5 18500.7
2181.5 18524.1
2179.46 18542.5
2179.79 18548
2183.08 18525.8
2183.41 18562
2183.47 18592.6
2181.17 18628.9
2186.18 18648.4
2186.96 18703.4
2186.96 18754.7
2183.2 18788.4
2183.01 18714.3
2183.05 18719.9
2183.47 18722.3
2183.2 18723.9
2182.43 18767.3
2182.83 18805.5
2182.89 18820.9
2182.89 18816
2182.88 18811.5
2183.05 18807.8
2183.09 18801.4
2183.38 18792.8
2185.87 18786.9
2188.6 18812.4
2191.16 18832.3
2191.24 18839.8
2191.16 18832.1
2191.49 18816.2
2191.36 18800.5
2191.37 18782.7
2191.33 18952.3
2191.94 18955.8
2191.71 18993.6
2193.12 18994.2
2193.27 19133.9
2193.27 19119.8
2193.44 19058.9
2194.6 19094.4
2194.92 19118.2
2196.29 19120.3
2195.36 19168.2
2195.67 19149
2195.68 19141.3
2195.45 19150
2194.8 19155
2195.75 19125.6
2195.8 19117.1
2194.19 19151
2194.13 19147.6
2194.09 19148.7
2193.95 19159
2194.76 19170.6
2194.94 19166.5
2195 19184.1
2186.72 19224.4
2186.65 19259.2
2186.86 19217.6
2186.85 19221.1
2186.86 19228.3
2186.5 19257.1
2184.71 19284.5
2184.74 19301.2
2185.15 19320.9
2184.43 19342.4
2184.75 19344.6
2184.69 19313.2
2184.58 19297.6
2184.88 19293.3
2184.84 19292.2
2184.83 19294.3
2183.84 19378.4
2184.36 19371.5
2184.34 19371.7
2184.77 19373.3
2184.45 19387.6
2184.87 19390.2
2185.04 19349.5
2185.04 19325.5
2184.81 19297.5
2183.2 19278.9
2182.81 19276.7
2182.45 19338
2183.39 19404.4
2183.16 19418.5
2182.91 19425.3
2178.92 19641.1
2178.44 19655.6
2178.52 19648.5
2178.85 19643.7
2176.64 19666.9
2175.3 19682.9
2176.13 19697
2176.19 19704.9
2175.72 19726.8
2176.02 19739
2177.79 19870.4
2177.88 19848.2
2176.6 19857
2176.28 19864.8
2176.56 19866
2175.52 19893.1
2175.93 19886.2
2175.6 19857.4
2175.83 19855.8
2173.81 19840.3
2173.82 19823.2
2174.05 19813.2
2176.44 19816.8
2175.83 19820.3
2176.15 19830.2
2176.44 19840.9
2177.08 19854.7
2177.69 19857.6
2177.33 19859
2178.41 19838.4
2178.89 19896.2
2179.13 19876.9
2179.08 19857
2178.37 19854.6
2173.57 20136.6
2173.77 20196.5
2173.27 20246.9
2173.17 20215
2173.17 20192.6
2172.67 20179.5
2172.58 20177.4
2172.59 20171.7
2172.66 20211
2172.44 20224.5
2173.5 20240.4
2174.33 20239.3
2169.95 20855.9
2169.12 20862.1
2152.53 21322.7
2154.43 20860.2
2153.81 20971.8
2153.74 20968.2
2153.91 20991
2153.89 21001
2153.9 20996.2
2153.98 21007.1
2156.2 21151
2156.46 21153.3
2151.92 21128.5
2150.9 21240.6
2150.7 21292.5
2150.19 21348
2150.4 21345.4
2150.23 21371
2151.81 22019.9
2169.71 22090
2184.36 22115.7
2184.24 21832.5
2183.78 21908.6
2185.4 21926.4
2185.5 21969.2
2201.28 22601.7
2202.89 22183.1
2202.3 22097.1
2202.89 22123.1
2202.76 22104.9
2203.43 22086.7
2203.51 22087.5
2203.43 22081
2205.13 22082.8
2205.23 22052
2199.89 22001.8
2198.68 21989.9
2198.78 21956.5
2198.75 21958.8
2201.06 21953.2
2204.95 22004.4
2210.68 22066.3
2212.65 22087.1
2212.66 22103.4
2212.66 22121.6
2212.85 22149.7
2212.71 22154.8
2212.67 22152.4
2214.26 22154.2
2214.63 22154.9
2216.95 22164.7
2220.91 22132.2
2222.85 22205.5
2222.98 22277
2222.79 22298.1
2221.11 22311.6
2221.15 22320.5
2223.8 22323
2214.33 22548
2214.13 22629.3
2213.91 22611.3
2213.81 22611.9
2215.19 22602.4
2215.49 22607.6
2215.48 22623.4
2215.72 22599.9
2216.22 22581
2218.58 22608.6
2217.56 22608.8
2219.44 22621.1
2215.64 22712.7
2215.66 22768.8
2218.04 22825
2218.13 22818.6
2218.5 22808.5
2217.62 22860.1
2217.72 22870
2217.7 22871
2214.68 22856.4
2214.6 22845.5
2214.58 22844.5
2214.79 22837
2214.58 22830.8
2214.59 22827.5
2214.59 22848.8
2214.5 22888.9
2219.83 23107.3
2220.36 22945.9
2218.97 22921.1
2219.44 22892.6
2219.45 22862.8
2218.77 22838
2218.96 22808.9
2220.69 22796
2220.49 22770.8
2220.48 22765.6
2220.42 22761.6
2220.77 22762.4
2220.8 22772.3
2220.99 22772.9
2220.17 22754.4
2220.37 22750.4
2220.49 22743.3
2220.71 22732.5
2220.33 22741.6
2224.87 22764
2224.95 22844.4
2224.92 22838.3
2224.92 22861.1
2223.57 22982.4
2230.02 22975.9
2229.77 23003.6
2229.73 23030.9
2229.73 23021.4
2227.96 23018.4
2229.11 22991.7
2228.29 22989.3
2228.13 22993
2227.92 22940
2229.95 22955.4
2233.79 23017.5
2234.22 22990
2234.44 23004.9
2235.19 23009.3
2235.99 23012.1
2235.4 23009.5
2235.64 23014.1
2235.05 23026.2
2235.52 23032
2235.41 23027.6
2235.41 23024.2
2235.52 23027.7
2236.61 23015.5
2236.51 23004.9
2236.61 22977.1
2231.41 22891.5
2231.92 22888
2231.57 22894.2
2231.47 22912.9
2231.25 22924.9
2230.89 22921.1
2228.58 22957.2
2228.35 22953.7
2228.22 22950.4
2228.39 22940.3
2229.78 23191.5
2230.23 23136.7
2229.27 23131.5
2231.34 23160
2231.34 23151.8
2231.2 23157.1
2231.61 23154.9
2225.5 23118.7
2225.49 23095.3
2225.47 23085.9
2225.58 23087
2225.72 23079.6
2225.81 23080.9
2225.73 23068.5
2227.8 23066.5
2227.18 23048.1
2227.16 23046.6
2226.81 23064.2
2227.18 23089.6
2227.52 23093.4
2227.19 23103
2229.66 23061.3
2229.46 23070.6
2229.67 23069.1
2228.89 23064.7
2229.5 23070.9
2229.32 23070.4
2229.35 23049.3
2227.07 22985.1
2226.97 22970.8
2227.26 22953.4
2227.34 22947
2227.37 22937.2
2221.94 22847.2
2221.67 22847.1
2221.65 22835.4
2222.28 22829.5
2222.26 22846.9
2222.86 22851
2222.38 22876.7
2222.37 22881.2
2224.98 22859.1
2225.53 22856.8
2227.21 22945
2227.16 22928.5
2226.74 22922.6
2226.95 22899.6
2226.97 22900.6
2218.04 22750
2218.06 22731.1
2220.58 22862.5
2220.95 22770.8
2221.07 22778
2220.71 22784.3
2220.6 22780.1
2219.65 22786.5
2219.78 22793.3
2220.54 22814.1
2220.43 22820.1
2220.49 22815.5
2220.27 22832.8
2220.2 22851.5
2220.22 22844.9
2219.69 22848.7
2219.28 22856.1
2219.48 22853.5
2219.76 22858.7
2219.89 22849.4
2220.47 22861.3
2220.09 22868
2220.08 22869.2
2220.61 22848.1
2220.4 22847
2220.47 22849
2220.63 22861.7
2220.64 22861.8
2220.3 22874.2
2219.63 22916.5
2219.63 22922.6
2219.36 22936.5
2219.21 22945.7
2220.89 22999.3
2225.83 23017.1
2225.57 23004.9
2225.21 22979.4
2225.48 22994.9
2218.58 22881.1
2217.72 22820.9
2217.08 22822.1
2216.48 22804.3
2216.55 22803.4
2216.53 22809.4
2214.69 22722.3
2214.8 22785.2
2215.17 22796.1
2215 22808.6
2214.62 22842.1
2213.12 22861.3
2211.82 22871.8
2211.93 22889.7
2211.52 22886.9
2211.57 22887.1
2211.22 22890.9
2211.19 22894.1
2211.46 22890.8
2211.84 22891.9
2211.86 22878.6
2211.84 22879.7
2211.3 22884.7
2213.35 22939
2213.91 22925.7
2213.66 22956.4
2212.77 22983.2
2213.83 23027.2
2214.39 23012.1
2216.02 23036.5
2215.83 23015.5
2215.5 23020.6
2216.92 23051.8
2217.11 23022.8
2215.81 23021.3
2216.68 23046.5
2216.29 23067.6
2218.6 23096.7
2217.64 23056.4
2217.65 23039.2
2217.92 23051
2217.85 23041.9
2218.75 23045.3
2219.13 23052.3
2219.27 23065.8
2219.3 23071.5
2219.37 23088.7
2219.44 23100.4
2219.59 23105.2
2219.59 23102.6
2220.28 23123.9
2220.37 23117.4
2219.13 23118.9
2217.36 23086.7
2217 23053.6
2218.04 23090.5
2218.56 23086.6
2219.17 23075.9
2219.22 23120.6
2219.27 23093
2216.14 23083.1
2215.81 23107.3
2215.53 23115.1
2215.6 23129
2215.63 23136.6
2215.26 23147.8
2215.4 23181.1
2215.32 23172.9
2215.6 23178.5
2215.36 23184.3
2214.2 23225.4
2214.09 23212.6
2214.22 23220.7
2214.24 23211
2214.36 23227
2214.53 23340.4
2215.02 23355.8
2215.29 23353.9
2215.26 23353.8
2215.32 23355
2215.29 23354.5
2215.47 23351.4
2215.41 23374.2
2215.39 23379.4
2214.48 23370.8
2214.23 23368.7
2213.99 23366.3
2214.01 23366.4
2213.94 23348.2
2213.94 23346.3
2213.98 23353.2
2213.84 23370.5
2213.86 23432.1
2213.37 23427
2213.37 23407.6
2213.38 23404.9
2213.71 23469.5
2214.16 23426.7
2213.54 23440
2214.45 23460.2
2214.38 23435.1
2214.2 23435.8
2214.62 23445.3
2214.84 23445.5
2216.75 23481.2
2216.59 23472.4
2216.53 23453.3
2216.38 23451.5
2216.31 23449
2216.81 23425.6
2216.83 23422.5
2216.81 23388.1
2217.34 23375.1
2217.69 23380.1
2216.93 23385.7
2216.94 23379
2217.1 23372.8
2217.52 23378.3
2217.78 23376.3
2217.02 23400.9
2217.02 23410.5
2217.19 23399.2
2217.06 23386
2217.46 23386.1
2217.63 23383.7
2217.44 23383.5
2217.47 23371.3
2217.58 23370.7
2217.48 23343.5
2217.43 23334.5
2209.94 23200.2
2210.06 23218.5
2210.01 23140.4
2209.76 23134.3
2209.99 23128.3
2209.98 23132.9
2211.08 23114.2
2211.14 23106.6
2211.15 23103
2211.11 23068
2210.99 23064.3
2210.92 23063.8
2210.87 23056.5
2211.28 23033.7
2211.61 23033.1
2211.61 23029.6
2212.01 23075.1
2212.02 23117.7
2212 23102.6
2213.01 23104.4
2211.97 23100.3
2212.1 23094
2211.92 23086.9
2210.83 23078.3
2211.5 23071.3
2212.33 23059.1
2210.06 23041.7
2210.24 23040.2
2210.04 23220.8
2210.15 23245.3
2210.2 23231.7
2210.23 23227
2210.25 23219.9
2210.82 23217.1
2210.71 23213
2210.58 23215.4
2210.73 23212.2
2211.14 23202.1
2211.18 23200.9
2211.17 23189.1
2211.11 23195.4
2211.12 23187.8
2211.03 23189.2
2211.69 23192.2
2214.14 23289.5
2214.1 23204.3
2214 23263.3
2214.01 23250.3
2213.69 23292.5
2213.13 23334.2
2213.24 23355.9
