233.816 0
417.281 6.64352
419.774 6.56115
425.141 6.53507
438.426 6.52119
492.076 6.51319
549.179 6.50699
583.857 6.50454
646.891 6.5021
691.978 7.38735
745.281 11.9799
780.837 13.1432
817.063 21.9833
837.374 22.9272
849.394 22.8959
848.903 20.4221
848.907 20.3166
856.323 20.303
874.889 19.2608
913.266 21.6264
917.853 21.6264
947.67 145.478
971.82 272.89
977.715 360.027
977.489 410.515
998.82 426.706
1026.9 721.181
1106.24 681.102
1106.26 652.068
1112.11 627.779
1114.47 623.262
1115.77 617.218
1130.89 619.531
1126.23 630.369
1135.14 654.305
1153.14 662.349
1153.21 659.199
1151.44 652.994
1185.54 672.163
1188.89 785.944
1212.72 828.56
1298.98 921.144
1294.09 921.07
1294.82 904.061
1300.35 898.33
1301.23 889.316
1299.79 884.324
1299.64 898.413
1303.44 897.634
1303.56 888.87
1309.87 873.661
1311.06 856.482
1320.74 888.561
1320.75 896.279
1342.43 883.741
1338.67 1505.68
1354.64 1384.03
1359.55 1295.99
1391.86 1394.97
1393.11 1383.3
1406.83 1691.46
1412.32 1797.35
1412.53 1732.93
1412.05 1735.35
1411.69 1706.93
1413.55 1668.25
1414.51 1694.72
1450.57 1663.94
1450.04 1702.71
1450.08 1636.27
1450.19 1641.54
1448.56 1750.57
1449.15 1781.41
1444.54 1796.17
1458.97 2290.3
1461.9 2239.45
1463.89 2167.08
1460.2 2147.43
1459.38 2127.35
1456.3 3543.03
1456.69 2638.54
1457.28 2192.89
1460.16 2150.75
1464.73 2123.4
1449.05 2180.5
1447.67 2119.68
1445.7 2145.49
1445.48 2162.52
1445.65 2155.01
1444.08 2152.76
1446.2 2124.58
1446.82 2143.18
1458.52 2183.38
1456.86 2169.52
1455.79 2233.63
1474.65 2279.11
1475.19 2288.86
1469.26 2317.15
1466.82 2329.11
1463.09 2450.57
1459.12 2384.28
1455.55 2382.55
1448.15 2298.03
1452.86 2417.58
1457.78 2405.2
1457.77 2417.87
1470.51 2404.91
1472.24 2401.82
1468 2403.63
1470.2 2402.58
1471.01 2417.31
1471.25 2423.74
1472.36 2405.16
1470.45 2394.88
1464.95 2495.61
1459.35 2592.67
1457.26 2648.99
1459.18 2717.65
1459.39 2734.53
1459.99 2723.83
1459.94 2743.34
1465.76 2803.29
1465.56 2810.81
1475.16 2820.65
1475.02 2823.86
1480.84 2850.09
1480.79 2852.26
1480.54 2853.45
1482.34 2830.4
1483.49 2834.49
1479.57 2843.94
1474.34 2935.75
1475.29 2937.37
1475.72 2955.4
1476.78 2979.3
1481.24 3019.43
1486.46 3016.07
1486.58 3021.17
1487.84 3030.66
1487.82 3014.56
1487.49 2995.29
1493.72 3010.28
1492.81 3018.22
1492.85 3062.84
1489.78 3206.26
1488.34 3283.78
1487.03 3334.68
1486.29 3369.76
1486.25 3410.71
1486.27 3432.75
1486.78 3482.58
1486.65 3504.16
1486.28 3532.78
1487.55 3522.86
1489.53 3529.6
1489.23 3491.59
1489.1 3455.09
1491.14 3457.91
1489.63 3454.9
1487.42 3466.39
1485.16 3483.8
1485.47 3462.72
1484.97 3480.22
1484.22 3488.45
1484.02 3497.18
1493.83 3456.43
1494.08 3352.34
1494.54 3334.91
1493.9 3257.33
1491.97 3239.36
1491.62 3252.06
1491.7 3234.64
1491.65 3226.45
1491.66 3115.53
1493.23 3109.98
1493.19 3078.64
1493.26 3082.02
1488.08 3080.74
1488.31 3093.68
1488.48 3098.56
1491.77 3064.12
1491.44 3140.77
1491.41 3191.15
1491.33 3198.49
1492.73 3192.67
1493.12 3192.32
1493.17 3176.91
1493.03 3203.18
1487.39 3320.33
1486.81 3233.34
1486.99 3252.48
1486.15 3281.75
1488.84 3320.84
1491.45 3364.33
1491.43 3410.89
1491.66 3399.77
1490.64 3416.85
1490.85 3423.63
1490.77 3443.61
1502.18 3450.98
1502.54 3464.38
1503.11 3482.49
1503.46 3497.58
1527.9 3509.79
1528.58 3525.9
1534.56 3595.19
1532.34 3621.1
1532.32 3582.84
1532.09 3597.09
1532.75 3572.55
1529.44 3530.38
1524.91 3547.31
1525.09 3572.6
1523.83 3568.49
1521.16 3569.25
1518.58 3593.87
1518.2 3607.38
1518.94 3633.41
1519.19 3648.13
1518.02 3646.66
1524.37 3689.79
1526.93 3670.45
1524.8 3667.77
1516.52 3706.5
1516.45 3721.2
1516.35 3744.05
1517.73 3780.52
1517.72 3786.5
1517.29 3788.12
1517.87 3770.56
1517.7 3766.68
1518.35 3762.81
1518.61 3750.74
1518.37 3741.21
1518.56 3734.92
1522.21 3724.32
1523.15 3744.24
1522.58 3716.34
1522.57 3716.47
1523.12 3727.65
1524.99 3729.95
1527.65 3775.73
1527.93 3790.18
1528.6 4109.01
1528.28 4035.88
1528.31 3901.34
1529.06 3861.95
1534.55 3883.5
1534.46 3896.15
1534.46 3906
1534.14 3942.07
1533.04 3957.59
1535.39 4016.81
1536.16 4181.11
1536.2 4199.92
1534.11 4219.02
1533 4215.28
1533.04 4235.58
1532.78 4239.25
1534.89 4243.5
1534.37 4244.79
1534.46 4256.21
1532.19 4276.01
1532.23 4289.39
1532.86 4289.02
1532.49 4317.62
1532.92 4324.5
1533.47 4298.17
1533.45 4300.14
1533.82 4304.06
1533.04 4327.86
1534.15 4339.51
1534.8 4338.92
1534.23 4317.46
1534.09 4314.7
1535.07 4315.97
1536.4 4297.49
1530.88 4340.99
1531.17 4344.82
1531.28 4342.76
1530.37 4348.32
1531.67 4363.97
1532.44 4377.89
1530.73 4371.84
1533.78 4376.62
1533.57 4375.04
1534.22 4306.19
1534.36 4310.05
1533.97 4315.56
1533.72 4320.39
1533.24 4311.24
1532.44 4307.18
1531.57 4307.32
1531.56 4301.86
1531.52 4299.77
1532.19 4354.75
1531.11 4367.41
1530.82 4393
1530.77 4415.48
1546.29 4440.19
1547.57 4373.76
1546.26 4372.31
1546.38 4351.73
1544.09 4393.66
1544.2 4413.39
1547.89 4481.82
1549.6 4526
1552.87 4531.89
1551.51 4543.29
1551.55 4544.34
1550.74 4558.15
1549.82 4597.13
1552.24 4629.62
1551.91 4644.76
1561.36 4704.36
1562.73 4740.27
1562.78 4775.92
1562.6 4812.63
1564.37 4833.76
1564.33 4836.89
1564.44 4878.47
1564.19 4900.1
1565.48 4878.17
1572.67 4856.74
1573.22 4875.4
1575.4 4743.79
1576.29 4647.42
1572.55 4672.4
1573.49 4674.34
1576.53 4710.93
1578.43 4730.15
1579 4732.25
1586.42 4687.96
1585.91 4700.61
1586.23 4704.52
1586.43 4718.84
1585.92 4722.99
1583.81 4752.2
1584.87 4754.48
1585.35 4761.17
1585.47 4762.65
1583.36 4813.79
1585.81 4862.5
1585.94 4926.53
1585.54 4957.12
1590.62 5027.19
1590.31 5065.6
1590.5 5087.07
1590.62 5094.92
1590.4 5140.59
1590.38 5142.96
1591.24 5132.74
1592.45 5122.45
1593.71 5107.33
1593.35 5137.68
1593.11 5155.07
1593.21 5154.85
1593.88 5168.7
1594.91 5223.73
1594.93 5056.02
1595.31 5064.46
1596.01 5157.89
1595.88 5245.93
1595.13 5284.88
1596.09 5306.24
1596.23 5318.42
1598.28 5324.33
1597.11 5353.74
1595.67 5389.4
1595.8 5397.62
1595.15 5386.75
1595.43 5385.82
1594.15 5455.28
1594.28 5484.53
1593.86 5453.95
1593.59 5444.81
1597.27 5401.63
1596.5 5383.9
1596.9 5380.34
1597.01 5392.07
1593.57 5492.13
1593.53 5509.9
1593.62 5497.61
1592.73 5470.99
1593.68 5466.67
1593.68 5466.12
1593.82 5475.23
1593.45 5468.85
1592.18 5489.3
1591.98 5464.57
1592 5444.04
1592.75 5426.69
1593.39 5430.04
1593.57 5435.52
1593.47 5432.98
1593.14 5436.84
1592.58 5455.08
1600.21 5413.78
1599.98 5398.28
1599.96 5392.46
1599.77 5410.72
1600.73 5366.78
1599.27 5366.82
1599.88 5348.07
1599.88 5339.09
1600.5 5329.59
1601.32 5353.74
1604.09 5362.41
1603.97 5347.25
1604.08 5339.46
1600.57 5388.05
1607.7 5507.38
1607.62 5516.97
1608.46 5532.08
1608.79 5563.92
1609.2 5577.6
1608.72 5576.35
1608.65 5579.75
1608.3 5579.26
1604.52 5457.38
1604.55 5471.73
1604.74 5454.02
1604.61 5439.73
1602.28 5542.8
1602.52 5694.93
1606.28 5728.35
1606.24 5676.88
1605.54 5623.41
1607.75 5602.02
1607.69 5582.75
1608.14 5563.39
1608.79 5580.57
1608.82 5567.08
1608.89 5549.42
1605.58 5531.83
1604.24 5593.78
1609.66 5626.76
1609.7 5617.58
1609.75 5581.01
1610.66 5571.82
1610.39 5552.3
1610.39 5547.23
1610.33 5542.08
1610.97 5582.07
1611.48 5632.64
1609.49 5647.27
1609.49 5669.96
1609.04 5640.21
1609.04 5612.42
1609.4 5611.28
1609.55 5620.92
1609.1 5621.27
1605.26 5593.53
1605.31 5598.9
1605.12 5565.94
1606.12 5567.24
1604.99 5585.76
1604.9 5576.26
1605.04 5593.03
1604.65 5604.58
1604.79 5577.71
1604.87 5587.73
1603.97 5584.41
1604.06 5640.89
1603.35 5703.13
1602.91 5719.5
1603.05 5728.99
1602.86 5728.94
1602.06 5693.45
1602.09 5689.27
1602.1 5666.87
1601.94 5552.19
1604.25 5490.21
1604.42 5456.63
1604.31 5450.15
1600.86 5408.65
1600.71 5323.2
1600.02 5318.38
1608.88 5370.55
1608.82 5386.04
1608.69 5390.33
1607.52 5392.73
1608.49 5382.69
1608.41 5396.13
1609.32 5390.79
1609.16 5396.3
1610.43 5410.97
1610.39 5414.36
1614.63 5443.12
1614.61 5373.62
1614.71 5377.29
1613.89 5367.53
1614.59 5336.69
1614.4 5401.24
1615.18 5409.03
1616.47 5409.01
1615.8 5403.82
1616.28 5408.93
1616.53 5367.17
1616.42 5366.19
1615.36 5313.32
1617.47 5312.82
1617.74 5313.22
1619.71 5300.66
1621.08 5306.02
1621.19 5311.7
1621.05 5302.25
1620.86 5311.08
1620.89 5282.96
1621.79 5356.52
1621.98 5379
1620.92 5378.1
1621.02 5376.9
1619.87 5468.84
1618.98 5487.51
1619.08 5488.96
1618.9 5474.17
1617.8 5456.37
1617.82 5445.17
1617.63 5448.88
1617.47 5468.18
1617.42 5466.64
1617.83 5492.42
1619.06 5500.26
1619.38 5494.88
1619.38 5513.23
1618.4 5515.63
1621.5 5533.24
1621.27 5536.94
1621.26 5526.02
1621.36 5502.98
1621.76 5497.81
1621.76 5488.16
1620.99 5443.15
1620.9 5441.02
1620.98 5456.5
1620.71 5479.49
1618.84 5488.13
1618.67 5499.36
1618.16 5506.78
1619.07 5475.7
1619.11 5467.13
1619.26 5472.98
1619.88 5467
1620.62 5504.76
1628.76 5456.28
1628.5 5558.07
1628.4 5573.02
1628.52 5552.17
1628.98 5554.14
1628.75 5568.62
1628.67 5611.4
1628.75 5577.65
1628.62 5569
1628.77 5573.67
1627.98 5579.37
1627.34 5599.48
1627.83 5607.55
1628.17 5603.75
1626.7 5622.9
1626.37 5591.57
1626.13 5583.39
1625.89 5619.69
1625.7 5625.25
1625.85 5628.01
1626.68 5642.28
1626.08 5651.86
1626.52 5681.47
1625.34 5675.42
1626.06 5730.11
1625.97 5728.69
1621.25 5709.97
1620.98 5725.49
1621 5725.59
1621.37 5750.66
1621.7 5751.75
1621.44 5769.93
1621.74 5765.2
1622.02 5779.32
1622.36 5787.47
1621.99 5769.87
1622 5758.94
1622.61 5731.31
1623.79 5746.2
1623.85 5753.94
1624.95 5735.64
1625.55 5743.31
1625.45 5734.59
1625.57 5720.41
1624.83 5744.32
1625.08 5768.96
1624.82 5791.22
1624.43 5784.71
1624.39 5781.68
1624.23 5773.99
1624.24 5770.89
1623.71 5771.51
1623.41 5775.16
1623.61 5776.74
1625.3 5791.09
1624.66 5801.08
1624.5 5790.49
1624.36 5777.55
1624.41 5775.51
1626.57 5788.26
1626.21 5784.6
1626.46 5804.41
1626.49 5805.79
1626.62 5802.78
1626.34 5812.68
1626.56 5814.16
1627.3 5807.97
1628.24 5840.36
1627.8 5834.39
1627.89 5825.99
1627.09 5819.83
1626.88 5812.41
1629.48 5837.55
1629.59 5829.59
1629.79 5879.01
1629.31 5983.53
1629.31 6015.07
1629.75 6017.64
1628.93 6009.31
1631.07 6051.06
1632.71 6077.11
1633.1 6094.41
1633.06 6110.13
1634.37 6122.78
1634.05 6113.09
1634.07 6118.64
1634.72 6120.35
1634.7 6140.44
1634.51 6135.46
1634.72 6119.86
1634.3 6113.18
1634.57 6107.36
1635.82 6110.25
1635.74 6110.84
1635.32 6143.13
1635.16 6146.63
1634.01 6139.27
1634.73 6141.81
1634.75 6136.55
1634.73 6119.79
1634.62 6115.32
1630.74 6107.33
1630.39 6099.61
1630.32 6096.09
1630.59 6086.87
1630.41 6087.68
1629.91 6130.56
1629.27 6141.26
1629.03 6151.83
1628.95 6148.54
1628.96 6156.07
1628.74 6162.76
1629.24 6163.19
1629.07 6166.8
1629.15 6165.87
1629.53 6160.19
1630.51 6176.99
1630.61 6193.83
1626.03 6152.48
1626.17 6170.6
1626.5 6169.33
1626.59 6179.09
1625.52 6183.02
1625.18 6169.14
1625.07 6165.73
1625.44 6152.5
1624.93 6188.57
1624.66 6202.81
1624.65 6191.19
1624.66 6187.62
1626.25 6195.71
1628.89 6188.11
1628.72 6202.57
1628.51 6206.62
1629.01 6223.56
1628.54 6227.15
1628.9 6240.14
1628.81 6228.47
1628.69 6185.57
1629.01 6170.81
1628.98 6173.26
1628.01 6185.31
1628.11 6188.96
1627.99 6187.57
1628.25 6187.76
1627.47 6191.58
1627.47 6187.61
1627.57 6183.14
1627.37 6252.47
1627.44 6289.51
1627.55 6298.28
1627.4 6278.64
1627.41 6278.42
1628.11 6293.29
1627.58 6319.3
1627.18 6326.91
1626.91 6327.55
1627.51 6330
1626.67 6354.77
1626.61 6454.92
1626.84 6517.69
1626.85 6568.08
1626.78 6604.88
1624.79 6580.78
1623.87 6574.57
1624.9 6571.2
1623.85 6547.11
1624 6530.68
1623.73 6535.1
1622.64 6534.51
1622.66 6534.77
1623.85 6530.46
1623.86 6543.67
1623.84 6552.96
1625.21 6587.66
1623.66 6623.18
1623.44 6595
1623.41 6596.84
1623.95 6612.46
1624.03 6619.14
1624.56 6607.12
1624.92 6605.82
1625.08 6608.77
1624.7 6598.31
1624.51 6571.67
1624.44 6566.53
1624.92 6558.93
1625.42 6646.81
1625.49 6699.02
1626.02 6729.6
1628.74 6746.18
1628.85 6758.95
1632.01 6742.8
1631.98 6731.64
1628.42 6743.9
1628.45 6745.98
1628.07 6751.96
1627.83 6740.79
1626.08 6732.64
1625.34 6788.4
1625.45 6787.91
1625.24 6765.06
1625.23 6739.77
1625.04 6735.72
1625.52 6742.95
1625.02 6747.08
1625.01 6759.8
1625.21 6772.48
1625.27 6780.5
1623.64 6796.93
1623.81 6820.36
1629 6845.74
1628.85 6843.74
1628.65 6838.84
1629.38 6876.25
1629.36 6876.94
1629.32 6872.24
1629.37 6864.84
1629.17 6812.32
1629.19 6773.47
1629.22 6755.2
1630.13 6752.24
1630.35 6752.55
1630.14 6743.27
1628.88 6724.41
1629.44 6724.25
1629.54 6722.01
1629.52 6696.95
1629.06 6687.03
1629.07 6679.85
1629.16 6678.76
1629.2 6675.22
1630.19 6669.19
1630.17 6639.58
1629.69 6627.11
1629.91 6621.8
1633.42 6624.37
1633.54 6636.75
1633.67 6558.23
1634.19 6553.5
1633.82 6536.97
1633.55 6504.2
1633.31 6509.2
1633.24 6523.69
1633.11 6528.77
1632.82 6533.61
1632.7 6529.49
1632.75 6525.86
1632.68 6508.14
1632.9 6512.2
1633.06 6498.96
1633.41 6512.59
1633.59 6511.91
1633.57 6515.77
1633.45 6516.91
1633.14 6515.99
1633.25 6483.7
1633.25 6486.39
1632.79 6481.47
1632.14 6465.52
1632.18 6453.3
1633.61 6437.94
1634.99 6453.6
1637.27 6481.23
1637.01 6489.44
1637.24 6606.73
1637.22 6582.08
1637.67 6576.29
1637.58 6578.54
1637.53 6568.1
1636.47 6574.4
1636.49 6503.86
1638.33 6513.72
1638.42 6517.83
1637.68 6543.73
1636.7 6519.74
1636.77 6502.35
1636.28 6487.08
1636.03 6477.18
1636.72 6478.76
1636.98 6488.84
1636.7 6487.86
1636.65 6490.7
1636.77 6479.41
1634.25 6485.23
1634.11 6472.88
1634.32 6465.88
1635.36 6471.1
1634.71 6479.96
1634.74 6480.32
1634.6 6483.42
1634.29 6482.24
1634.87 6494.87
1634.88 6496.04
1634.05 6510.76
1633.91 6485.49
1636 6485.55
1636.22 6508.92
1636.56 6517.96
1635.65 6509.84
1635.36 6527.14
1635.29 6567.04
1634.88 6575.5
1635.11 6578.59
1634.24 6590.88
1633.68 6618.43
1632.81 6605.82
1633.13 6607.72
1633.16 6607.1
1633.09 6604.18
1633.13 6608.69
1631.96 6620.3
1631.77 6621.76
1631.8 6621.2
1631.73 6625.66
1631.95 6620.77
1631.5 6627.47
1631.59 6626.25
1631.51 6627.22
1631.46 6629.82
1631.18 6628.75
1631.06 6647.75
1631.05 6654.61
1631.03 6654.16
1630.66 6629.16
1630.94 6616.86
1630.76 6583.01
1631.22 6556.7
1630.93 6552.07
1630.91 6551.79
1632.21 6556.5
1636.68 6575.96
1636.42 6568.03
1636.43 6567.99
1636.28 6576.6
1636.34 6583.53
1636.09 6591.64
1635.29 6571.97
1635.18 6567.4
1640.31 6622.81
1640.28 6633.86
1639.98 6639.43
1639.98 6643.25
1639.88 6652.43
1639.35 6658.74
1639.74 6665.63
1639.25 6651.75
1639.54 6652.63
1639.39 6668.34
1641.44 6680.69
1655.29 6681.64
1655.27 6678.48
1655.49 6684.28
1656.11 6688.96
1656.68 6699.08
1657.34 6683.98
1651.96 6685.93
1651.95 6673.63
1651.93 6675.59
1652.02 6676.84
1652.09 6673.33
1653.21 6684.81
1652.82 6673.83
1651.88 6705.38
1651.97 6723.23
1651.96 6726.93
1653.2 6727.62
1653.75 6733.12
1653.68 6735.42
1653.06 6720.42
1652.97 6724.67
1653.46 6721.87
1653.51 6711.11
1654.16 6685.31
1654.67 6676.15
1654.29 6627.86
1654.27 6635.32
1654.27 6643.43
1654.49 6638.47
1654.54 6631.93
1654.37 6626.34
1654.13 6619.65
1654.34 6612.46
1654.46 6607.39
1654.74 6609.31
1655.35 6596.55
1654.86 6626.71
1654.75 6634.92
1655 6641.6
1655.03 6669.79
1655.04 6674.98
1655.2 6685.72
1655.42 6724.92
1655.44 6725.31
1657.1 6740.55
1657.02 6756.13
1657.48 6750.37
1658.53 6767.01
1659.18 6787.61
1659.3 6803.26
1660.38 6902.41
1661.08 6989.7
1661.05 7021.75
1660.18 7061.12
1660.23 7103.58
1660.55 7138.43
1661.4 7176.58
1661.33 7185.46
1661.58 7179.59
1661.55 7183.75
1661.22 7196.52
1662.11 7195.7
1663.14 7212.88
1663.12 7211.99
1663.18 7214.66
1663.28 7217.25
1663.57 7224.24
1663.02 7220.47
1662.64 7234.15
1661.05 7288.11
1661.26 7341.79
1660.04 7373.58
1660.17 7409.03
1660.42 7424.25
1661.02 7464.43
1660.91 7461.49
1660.99 7436.39
1660.99 7449.7
1660.72 7448.31
1660.65 7437.58
1659.47 7388.33
1659.55 7330.5
1659.53 7321.18
1659.27 7307.02
1659.89 7308.82
1660.67 7258.75
1660.43 7228.87
1660.43 7219.82
1660.47 7219.07
1660.87 7208.53
1660.82 7205.24
1660.92 7184.56
1662.08 7188.32
1662.04 7204.33
1661.87 7207.8
1661.88 7236.66
1662.28 7266.48
1662.47 7242.87
1662.2 7210.73
1662.74 7203.24
1662.5 7179.18
1663.28 7173.26
1663.26 7158.29
1662.89 7163.67
