80.2783 0
119.813 0
148.721 0
344.443 16.7406
371.355 16.2721
409.107 16.0744
409.129 16.0746
523.465 21.3908
580.899 21.4105
613.402 21.4434
615.997 21.4799
706.692 27.3303
716.752 35.2607
730.243 40.5491
787.952 48.9999
894.187 86.6277
898.947 89.1602
900.121 89.2285
900.759 89.3672
944.641 93.2536
944.951 92.015
947.011 92.0213
1007.51 475.102
1017.86 404.411
1042.25 395.058
1058.05 404.41
1066.59 410.792
1068.69 421.187
1068.6 435.722
1070.04 449.909
1061.26 449.7
1100.25 480.813
1121.05 505.919
1123.09 516.816
1140.45 523.518
1151.74 519.712
1151.99 521.849
1143.65 566.353
1174.97 631.559
1210.25 677.167
1210.6 704.904
1210.87 723.694
1230.99 735.946
1276.43 786.823
1277.21 780.804
1274.8 774.966
1278.2 774.019
1290.5 773.385
1288.58 760.357
1305.36 777.174
1300.5 766.314
1300.31 767.18
1296.49 769.928
1296.47 755.329
1307.89 751.52
1308.23 743.483
1311.63 718.694
1311.98 718.229
1329.53 754.944
1346.45 923.355
1346.56 988.458
1351.26 991.475
1356.93 1100.94
1367.75 1108.11
1368.99 1156.65
1369.84 1239.75
1362.91 1269.39
1363.77 1270.86
1350.66 1225.65
1361.95 1168.35
1362.01 1157.22
1464.59 3134.02
1493.3 3137.13
1497.23 2931.63
1471.95 2671.84
1469.05 2481.3
1473.71 2304.37
1470.42 2394.68
1469.85 2391.47
1469.55 2408.79
1470.79 2423.95
1466.58 2463.01
1467.8 2480.93
1459.46 2483.63
1406.49 2636.69
1385.04 3268.54
1386.93 2962.52
1386.09 2808.8
1386.2 2759.64
1386.76 2731.28
1565.68 8181.49
1569.37 9770.46
1556.32 9321.72
1555.28 8865.79
1562.13 8204.77
1565.44 7962.75
1565.76 7837.64
1564.07 7646.67
1549.74 7619.88
1536.79 7419.98
1535.43 7402.31
1536.77 7401.07
1537.6 7478.5
1527.22 7466.64
1550.09 7488.88
1549.22 7490.62
1547.71 7449.39
1520.7 8250.2
1520.56 7558.11
1530.31 7484.16
1530.09 7362.13
1526.65 7190.44
1537.48 7066.92
1543.41 7012.79
1544.07 6889.18
1543.91 6975.34
1547.3 6988.98
1550.21 6987.23
1564.4 7024.93
1565.46 6990.07
1560.93 6977.93
1560.97 6893.07
1564.57 7874.76
1576.29 7771.25
1575.79 7738.42
1570.29 7721.73
1568.89 7641.38
1571.9 7676.09
1577.01 7643.9
1563.58 7574.88
1564.11 7509.88
1565.95 7416.27
1565.59 7375.09
1567.61 7354.72
1565.61 7403.28
1518.17 7059.53
1518.01 7181.15
1516.58 7090.91
1532.92 6948.55
1536.2 6833.75
1536.73 7015.71
1537.47 6954.45
1537.22 6932.81
1537.88 6963.62
1537.35 6974.17
1538.73 6954.52
1538.87 6942.33
1537.66 6949.06
1536.36 6816.45
1536.16 6766.84
1535.79 6740.42
1535.79 6740.3
1539.49 6761.41
1539.45 6821.08
1537.63 7389.49
1533.39 6967.09
1525.05 6804.94
1513.19 6752.48
1511.51 6774.45
1511.49 6777.83
1509.35 6768.31
1509.32 6790.19
1496.94 6661.1
1498.18 6595.73
1504.17 6711.15
1499.98 6636.93
1499.45 6609.27
1495.71 6631.76
1494.32 6691.39
1496.46 6764.18
1505.26 6861.83
1505.23 6843.62
1503.97 6857.88
1502.42 6815.36
1486.18 7226.79
1501.33 7423.77
1500.54 7428.52
1499.39 7346.8
1498.1 7336.6
1494.08 7384.31
1494.91 7400.32
1494.51 7391.64
1494.95 7423.99
1495.42 7433
1495.27 7433.07
1492.99 7436.16
1486.92 7427.42
1486.84 7451.31
1481.2 7306.13
1481.31 7312.78
1481.42 7318.73
1481.44 7321.95
1481.08 7310.31
1485.12 7194.89
1482.59 7101.52
1479.5 7073.56
1478.52 7044.6
1478.41 7047.84
1483.95 7043.71
1483.87 7118.45
1484.23 7123.63
1484.86 7168.64
1485.15 7233.24
1485.23 7225.86
1478.14 7119.73
1494.76 7166.59
1494.72 7196.65
1494.96 7182.04
1495 7163.31
1494.53 7152.74
1493.55 7136.87
1493.4 7135.93
1493.93 7121.87
1494.03 7085.49
1494.01 7049.95
1493.52 7018.89
1495.93 7082.25
1508.92 7056.46
1507.16 6987.74
1507.17 7004.76
1507.44 6987.05
1507.22 7004.06
1507.08 7013.61
1507.75 7019.64
1507.07 7041.13
1506.9 7058.38
1507.37 7064.8
1509.36 7060.15
1508.8 7060.77
1508.76 7049.2
1524.05 6991.95
1515.49 6894.39
1509.39 6850.39
1510.03 6834.93
1510.36 6823.41
1513.87 6853.97
1513.81 6894.83
1513.34 6904.74
1513.15 6921.1
1503.88 7041.48
1500.07 6849.39
1506.93 6924.14
1506.72 6944.39
1506.57 6937.56
1504.73 6926.37
1502.79 6887.31
1504.52 6903.19
1506.72 6901.59
1506.76 6894.26
1506.75 6887.16
1506.63 6883.36
1507.32 6864.64
1507.49 6857.68
1508.22 6840.63
1504.7 6832.65
1504.68 6821.19
1506.5 6736
1505.36 6769.04
1507.51 6836.68
1507.85 6852.51
1506.11 6895.49
1506.11 6905.64
1505.36 6908.94
1505.4 6902.72
1512.28 7023.53
1511.86 7131.26
1511.88 7162.32
1513.18 7230.46
1514.22 7266.93
1516.7 7051.96
1516.85 7058.27
1517.36 7070.46
1516.55 7042.95
1516.44 7054.57
1510.54 7101.47
1500.83 7144.08
1500.85 7166.83
1500.85 7199.25
1500.81 7215.93
1504.04 7297.2
1502.27 7295.59
1502.25 7294.1
1502.21 7288.37
1501.15 7308.17
1501.66 7212.91
1501.22 7199.32
1499.77 7149.43
1499.83 7145.57
1499.84 7083.98
1500.42 7075.28
1502.75 7045.48
1502.88 7040.05
1506.05 7021.7
1505.14 7025.02
1506.35 7006.14
1506.49 6986.86
1506.53 7001.42
1511.36 7024.05
1511.2 7061.6
1509.36 7108.38
1507.84 7122.87
1507.68 7116.61
1507.43 7097.34
1508.1 7078.75
1508.11 7058.99
1510.99 7205.09
1511.43 7145.5
1511.4 7132.18
1510.92 7122.91
1511 7121.36
1509.98 7127.39
1509.94 7150.22
1509.53 7163.17
1509.28 7148.5
1509.55 7157.59
1506.27 7162.97
1506.22 7125.48
1506.43 7096.65
1498.23 7322.04
1499.69 7334.56
1493.17 7378.4
1491.73 7389.73
1491.48 7425.24
1491.77 7442.75
1491.69 7465.34
1491.29 7491.8
1491.29 7479.82
1491.43 7463.88
1491.53 7454.71
1491.51 7437.83
1491.4 7447.35
1491.18 7474.51
1491.25 7505.76
1491.35 7529.44
1491.02 7540.58
1490.88 7485.74
1491.21 7509.86
1491.59 7503.14
1493.14 7499.97
1494.41 7502.76
1493.99 7511.2
1494.47 7549.58
1493.75 7598.14
1491 7756.28
1490.45 7791.56
1490.65 7793.22
1492.08 7830.39
1491.64 7865.68
1493.08 7894.84
1493.36 7894.58
1493.3 7873.88
1492.45 7875
1492.5 7873.41
1490.87 7894.74
1491.05 7890.09
1491.69 7876.29
1491.6 7840.85
1491.21 7844.54
1492.22 7831.51
1491.95 7830.9
1491.02 7816.2
1491.06 7777.3
1490.99 7769.21
1491.47 7753.92
1492.13 7750.18
1493.15 7825.01
1493.16 7866.44
1492.55 7915.9
1491.86 7948.07
1491.57 7965.07
1490.84 7965.06
1490.79 7966.59
1490.82 7968.49
1490.72 7972.15
1490.19 7977.9
1487.98 7977.13
1487.93 7995.75
1487.98 8014.85
1486.87 8032.63
1488.52 8034.62
1486.09 8072.38
1486.33 8040.44
1485.74 7988.22
1487.09 8011.56
1486.76 8144.48
1485.44 8171.12
1485.63 8184.14
1486.49 8206.87
1486.46 8266.15
1486.4 8338.04
1486.4 8372.98
1487.46 8407.55
1489.33 8478.69
1488.37 8483.34
1486.33 8488.8
1491.01 8805.42
1491.04 8859.66
1490.87 8907.93
1490.32 8909.87
1490.43 8924.6
1490.07 8964.94
1489.52 8966.51
1489.77 8971.4
1489.85 8812.42
1489.94 8781.75
1489.65 8778.56
1490.44 8793.36
1489.54 8798.38
1490.08 8809.31
1490.71 8819.28
1490.61 8850.59
1490.1 8851.9
1489.94 8854.93
1489.85 8857.65
1489.19 8816.47
1489.67 8780.08
1489.89 8743.07
1489.9 8732.95
1489.82 8748.18
1489.28 8788.65
1489.18 8795.53
1486.39 8792.74
1487.1 8810.37
1487.32 8856
1487.99 8906.58
1488.45 8926.49
1488.43 8941.81
1489.56 8956.31
1494.22 9063.85
1494.25 9105.02
1495.75 9074.72
1496.34 9105.19
1496.17 9090.89
1496.46 9106.5
1496.23 9091.21
1496.16 9107.2
1496.66 9121.05
1497.76 9123.78
1497.96 9117.82
1498.05 9137.71
1498.26 9116.14
1498.07 9115
1498.38 9112.85
1499.04 9118.11
1498.93 9129.53
1495.85 9078.26
1493.81 9016.95
1494.12 8999.1
1493.76 9044.37
1493.79 9036.69
1489.02 9041.71
1488.49 8957.59
1488.34 8893.89
1489.24 8932.55
1490.66 9020.16
1490.67 9026.3
1490.27 9031.09
1487.78 8988.14
1487.7 8963.15
1487.58 8966.88
1488.66 8980.13
1488.47 8975.95
1488.46 8978.72
1488.48 8955.66
1488.62 8973.21
1488.16 8951.88
1487.48 8959.33
1488.44 8989.69
1488.57 8967.72
1488.2 8943.9
1488.23 8919.59
1488.33 8904.81
1488.34 8872.63
1487.6 8864.34
1487.38 8845.06
1487.55 8933.92
1487.7 8972.94
1487.77 8995.41
1487.86 8979.49
1487.93 8955.93
1487.93 8940.61
1487.6 8931.57
1488.47 8916.62
1488.46 8910.31
1488.17 8910.88
1487.91 8916.46
1487.38 8919.31
1488.13 8897.36
1489.44 8904.89
1488.63 8955.98
1488.45 9065.52
1488.48 9119.97
1487.88 9130.65
1480.67 9159.35
1480.35 9156.73
1480.34 9160.39
1480.92 9208.78
1479.16 9204.34
1478.76 9195.74
1478.56 9258.64
1478.43 9291.72
1478.73 9331.55
1478.09 9354.94
1477.83 9373.7
1477.77 9379.1
1477.44 9364.63
1477.57 9412.09
1477.58 9446.86
1475.54 9422.56
1475.6 9442.93
1475.8 9470.18
1476.2 9469.13
1476 9473.66
1475.89 9485.79
1476.76 9462.86
1475.03 9423.4
1475.05 9434.59
1474.46 9459.35
1472.39 9451.05
1472.28 9445.83
1472.68 9493.63
1469.74 9431.88
1471.14 9239.66
1470.84 9265.57
1471.28 9245.19
1471.38 9402.53
1472.4 9327.53
1472.82 9353.06
1472.93 9342.12
1471.59 9326.98
1471.53 9363.34
1472.27 9285.89
1473.57 9246.55
1473.37 9272
1473.56 9283.89
1473.86 9302.82
1473.88 9292.97
1474.18 9217.99
1474.13 9216.57
1474.72 9204.88
1474.77 9206.04
1474.83 9186.87
1474.56 9210.98
1475.13 9246.81
1475.11 9253.72
1475.31 9219.31
1475.36 9215.1
1475.34 9240.24
1475.11 9218.65
1475.02 9209.2
1474.84 9343.21
1474.95 9353.19
1475.15 9368.46
1475.14 9361.87
1475.29 9349.17
1472.97 9390.04
1473.23 9377.87
1473.26 9389.28
1472.93 9400.11
1472.02 9412.93
1471.19 9428.86
1471.52 9418.67
1471.37 9411.93
1469.75 9396.44
1469.78 9383.27
1469.69 9351.36
1469.67 9346.05
1469.77 9443.6
1469.94 9445.59
1470.03 9439.08
1469.66 9421.47
1469.72 9399.09
1467.95 9389.27
1467.93 9412.99
1467.26 9375.98
1467.22 9333.88
1467.15 9313.9
1467.36 9340.91
1466 9341.82
1466.42 9352.43
1466.8 9358.29
1466.83 9347.56
1466.44 9355.66
1465.86 9340.69
1465.84 9320.92
1465.28 9356.04
1465.67 9346.85
1465.4 9338.62
1465.61 9348.94
1465.52 9340
1465.03 9478.68
1465.22 9515.46
1466.4 9453.48
1466.32 9449.8
1466.19 9457.8
1467.01 9479.44
1467.5 9471.82
1467.36 9449.77
1467.08 9435.46
1466.25 9440.56
1465.97 9440.11
1464.35 9405.74
1464.47 9006.75
1464.82 8996.1
1464.74 9011.73
1464.73 9019.96
1464.4 9021.37
1463.41 9001.9
1463.36 8979.39
1463.77 8976.6
1463.78 8971.72
1463.64 8977.13
1462.04 9028.64
1462.49 9063.73
1461.46 9055.63
1462.44 8991.7
1462.64 8975.96
1463.11 8991.85
1462.86 8997.67
1462.97 9005.37
1462.8 9011.9
1462.7 9022.64
1463.06 9099.61
1463.93 9125.68
1464.22 9122.14
1464.51 9172.93
1464.81 9196.84
1464.75 9194.04
1465.44 9168.4
1465.39 9205.93
1465.58 9138.98
1465.65 9153.16
1465.32 9161.26
1463.57 9182.48
1463.57 9194.41
1463.56 9208.09
1462.69 9190.32
1462.59 9193.79
1459.93 9196.46
1460.59 9249.77
1460.07 9295.01
1460.47 9232.77
1460.88 9279.4
1460.98 9176.05
1461.13 9162.22
1461.12 9170.73
1461.04 9132.36
1461.3 9058.24
1461.56 9085.1
1461.65 9089.34
1460.94 9085.26
1461.06 9098.25
1461.2 9127.77
1460.9 9144.36
1461.01 9197.83
1461.4 9226.69
1461.34 9214.77
1461.75 9144.38
1461.83 9108.35
1461.95 9056.13
1462.05 9107.06
1462.02 9078.96
1462.52 9076.59
1462.54 9057.64
1462.47 9066.56
1463.02 9198.74
1463.1 9242.96
1463.3 9245.53
1463.14 9218.97
1462.04 9229.01
1463.08 9231.39
1463.16 9223.32
1463.13 9246.22
1463.44 9248.87
1464.6 9267.97
1463.15 9305.09
1461.14 9363.08
1463.37 9556.71
1463.19 9477.2
1463.28 9490.47
1463.38 9511.96
1463.86 9506.84
1464.64 9465.66
1464.46 9475.41
1461.45 9426.84
1461.43 9388.58
1461.72 9400.82
1461.37 9445.23
1461.35 9467.65
1461.42 9465.85
1461.36 9461.03
1462.03 9493.23
1462.57 9498.13
1462.64 9432.22
1462.88 9387.01
1464.05 9369.98
1463.96 9414.63
1463.75 9431.02
1463.38 9458.1
1463.18 9464.71
1463.17 9431.31
1463.03 9442.92
1463.04 9460.99
1463.08 9482.99
1463.46 9464.56
1463.07 9480.86
1463.06 9490.58
1462.88 9484.96
1463.87 9489.04
1463.97 9478.87
1463.96 9479.13
1464.23 9464.24
1465.07 9497.89
1464.46 9540.22
1464.12 9556.76
1463.58 9571.71
1463.91 9576.94
1468.72 9551.1
1469.04 9589.56
1468.93 9601.59
1468.8 9635.96
1468.79 9646.4
1467.23 9639.07
1467.49 9708.95
1467.4 9706.1
1466.14 9647.6
1465.96 9628.12
1465.88 9650.86
1465.5 9656.27
1465.43 9646.43
1465.3 9628.58
1464.78 9598.32
1464.67 9526.39
1464.72 9506.35
1464.52 9509.99
1464.79 9506.97
1464.93 9527.74
1464.91 9535.93
1464.95 9565.92
1465.55 9566.48
1465.48 9566.77
1465.48 9567.58
1464.76 9568.66
1464.63 9584.35
1465.23 9614.02
1464.92 9598.83
1464.12 9573.01
1464.5 9595.59
1464.61 9550.99
1464.23 9560.18
1465.17 9568.47
1465.13 9566.68
1465.05 9561.5
1464.97 9560.79
1465.32 9546.76
1465.42 9534.38
1465.44 9530.96
1466.92 9494.12
1466.92 9445.73
1466.91 9421.66
1468.83 9459.83
1468.76 9478.69
1468.84 9478.93
1468.99 9460.18
1467.31 9484.57
1467.44 9557.32
1467.33 9573.97
1467.26 9580.45
1467.47 9557.79
1467.24 9540.36
1466.48 9543.23
1466.51 9568.1
1466.61 9545.05
1466.4 9617.09
1466.6 9619.92
1467.05 9554.49
1466.97 9549.61
1466.83 9555.29
1465.83 9595.22
1466.02 9593.4
1465.29 9565.45
1465.46 9541.08
1465.41 9501.47
1465.42 9485.78
1466.22 9475.93
1466.2 9453.21
1466.21 9437.39
1465.86 9436.43
1465.98 9432.33
1468.26 9419.97
1469.34 9427.72
1470.34 9436.04
1470.38 9421.5
1470.36 9422.55
1470.36 9449.25
1470.34 9437.35
1470.78 9482.01
1470.78 9460.56
1470.73 9352.9
1471.4 9346.42
1471.44 9316.35
1472.03 9319.34
1472.01 9315.75
1470.83 9313.71
1471.21 9599.13
1471.01 9603.76
1471.13 9558.17
1471.11 9537.76
1469.1 9537.41
1470.01 9555.91
1469.49 9545.52
1469.87 9541.92
1469.98 9554.54
1470.03 9562.59
1469.88 9564.06
1469.96 9591.83
1469.99 9625.56
1469.66 9615.05
1469.43 9623.49
1468.84 9622.36
1468.07 9583.55
1469.83 9586.52
1469.73 9568.86
1469.8 9573.95
1469.81 9588.15
1469.99 9593.36
1469.92 9594.03
1469.46 9601.58
1469.21 9613.53
1468.18 9662.66
1468.18 9678.09
1468.17 9693.84
1467.74 9716.82
1467.42 9718.4
1467.45 9729.19
1464.3 9767.87
1464.66 9727.69
1464.95 9733.71
1464.98 9746.38
1465.01 9774.7
1464.95 9784.09
1464.92 9776.07
1464.87 9762.45
1464.86 9752.77
1465.36 9738.6
1466.43 9733.24
1466.52 9737.43
1466.4 9744.93
1466.38 9752.11
1466.01 9733.9
1465.88 9728.43
1465.84 9725.11
1465.85 9694.27
1463.99 9676.87
1463.92 9696.8
1463.53 9703.42
1464.01 9700.34
1464.76 9729.16
1462.78 9702.18
1462.7 9683.55
1463.02 9615.39
1462.99 9640.55
1463.06 9646.76
1463.27 9727.82
1463.43 9718.08
1463.13 9707.06
1462.81 9696.05
1463.33 9701.54
1463.48 9715.39
1463.12 9702.71
1463.28 9662.55
1463.5 9672.98
1462.9 9699.57
1462.49 9791.7
1462.58 9812.4
1463.5 9799.28
1464.56 9822.12
1465.21 9798.57
1465.06 9813.32
1465.48 9842.11
1465.36 9857.99
1465.23 9882.31
1465.17 9901.71
1466.01 9921.86
1465.22 9920.25
1465.04 9918.66
1465 9934.61
1463.68 9899.31
1463.22 9835.17
1463.59 9893.96
1462.8 9972.79
1462.73 9999.76
1462.89 10012.7
1463.19 10025.6
1463.21 10020.2
1463.4 9976.49
1463.07 9976.32
1463.1 9953.79
1462.5 10031.1
1462.64 10045.1
1462.39 10019.8
1462.57 10015.1
1462.86 10041.3
1462.91 10039.9
1462.08 10030.3
1462.87 10000
1463.84 10005.7
1463.95 10025.1
1463.95 10029.4
1463.74 10036.6
1465.04 10031.7
1465.93 9997.57
1466.56 9990.71
1466.35 9979.01
1466.4 9991.74
1466.43 9978.14
1466.27 9964.89
1466.25 9948.48
1466.41 9935.13
1466.68 9944.12
1466.8 9950.79
1466.68 9982.14
1466.6 9972.79
1466.13 9964.46
1466.42 9961.75
1466.67 9964.22
1466.1 9947.96
1466.13 9919.73
1465.53 9942.14
1465.7 9963.7
1465.62 9978.88
1465.46 9991.53
1465.5 9981.68
1465.51 9980.88
1465.52 9981.38
1464.95 9968.74
1465.25 9968.56
1464.43 9950.68
1464.42 9938.79
1464.37 9926.36
1464.13 9922.2
1463.47 9924.1
1463.45 9918.69
1463.42 9909.07
1463.44 9908.5
1463.99 9967.17
1463.98 9962.84
1463.98 9949.21
1463.74 9943.04
1462.77 9967.13
1462.78 9963.03
1462.68 9990.48
1462.11 9988.03
1462.68 10012.8
1462.72 9980.28
1462.79 9969.74
1463.65 9973.48
1463.63 9987.99
1462.08 9984.09
1462.17 9970.21
1462.32 9980.62
1464.25 10012.5
1464.24 10007.5
1464.28 10015.6
1464.14 10020.7
1464.21 10039
1463.79 10018.5
1463.48 9952.57
1463.33 9932.46
1464.14 10008.7
1464.18 10017.1
1464.16 9994.31
1464.03 9976.29
1465.62 10019.6
1465.43 10028.4
1465.6 10029.4
1465.75 10028.7
1465.57 10033
1465.8 10004.8
1465.73 9959.8
1465.99 9943.29
1465.73 9953.2
1465.66 9985.63
1465.64 9965.96
1465.75 9954.55
1466.12 9932.2
1465.91 9937.68
1465.94 9953.86
1466.43 9880.43
1466.73 9882.78
1466.7 9906.7
1467 9928.62
1467.09 9972.12
1466.96 9953.68
1466.9 9907.2
1466.93 9875.47
1467.5 9862.05
1467.51 9859.58
1467.38 9862.49
