48.6128 0
286.564 0
329.661 0
356.073 3.44146
402.297 3.42511
414.307 3.41977
438.813 3.74135
521.281 8.32506
529.695 8.04639
530.471 5.96104
571.936 6.0155
649.117 8.64865
764.029 18.6638
798.839 18.9345
799.221 18.9657
803.646 18.725
811.784 18.7559
828.715 18.6367
828.899 18.5887
921.183 28.7031
921.809 28.9456
925.862 29.5061
961.227 29.5065
971.009 39.1489
971.093 42.0587
972.645 41.6758
976.963 42.6255
976.962 42.6406
995.322 42.8203
1077.2 326.838
1106.82 347.855
1084.76 520.069
1089.18 602.551
1089.2 578.578
1098.03 561.39
1100.46 546.45
1125.14 1175.31
1251.54 1980.16
1252.21 1613.92
1335.67 1631.84
1331.31 1702.32
1332.68 1766.18
1334.2 1789.57
1353.72 1792.58
1358.97 1811.61
1374.53 2471.63
1374.69 2667.57
1371.78 2828.84
1374.53 2877.22
1377.33 2858.01
1344.68 3050.76
1371.22 3059.65
1376.91 3149.47
1376.07 3232.34
1384.62 3540.7
1391.48 3468.29
1395.4 3440.4
1390.23 3985.2
1390.59 4035.5
1392.28 3874.3
1385.86 3850.94
1385.86 3856.77
1384.64 3843.68
1389.32 4001.48
1417.29 4114.35
1416.67 4112.94
1424.27 4205.02
1469.96 4465.19
1443.08 4814.42
1344.19 6423.49
1343.89 7130.84
1342 6792.38
1339.8 6695.74
1339.05 6573.3
1356.71 6510.24
1381.71 6758.79
1382.74 6494.02
1386.11 6457.14
1387.5 6487.75
1411.8 6827.92
1418.95 6545.41
1409.91 6686.97
1422.51 7033.24
1438.56 7258.78
1438.5 7085.07
1441.23 7574.24
1430.69 7328.25
1454.52 7417.93
1456.95 7447.36
1455.24 7410.54
1470.23 7687.61
1496.06 8453.87
1528.97 8375.24
1535.89 8258.37
1540.23 8230.42
1545.03 8375.33
1545.09 8584.66
1547.78 9048.52
1540.33 8546.06
1539.62 8289.11
1541.47 8264.3
1540.38 8173.59
1538.86 8156.68
1524.43 8189.01
1522.66 8177.81
1524.4 8016
1524.74 8154.23
1524.89 8018.87
1525.79 8092.73
1525.27 8019.06
1523 7914.57
1523.35 7901.39
1523.28 7879.49
1491.56 9363.59
1491.15 9790.81
1495.85 9166.17
1496.39 9117.28
1520.19 9205.39
1520.29 9274.53
1516.69 9298.8
1516.32 9362.15
1516.99 9343.64
1517.01 9221.54
1517.23 9248.77
1518.12 9227.88
1518.16 9166.14
1520.62 9084.28
1522.5 8988.65
1522.11 9032.37
1520.65 9001.85
1521.79 9288.1
1525.66 9139.06
1528.2 9093.97
1566.41 9118.61
1578.88 9150.47
1578.91 9175.83
1578.88 9192.06
1570.15 9296.49
1569.84 9296.34
1576.7 9357.23
1576.68 9402.08
1576.15 9360.64
1575.62 9475.08
1575.11 9466.65
1580.44 9527.96
1580.08 9558.77
1563.93 9746.85
1564.06 9812.38
1564.62 9855.91
1571.42 9951.39
1575.09 10166.9
1580.95 10309.2
1586.2 10346.9
1584.99 10372.7
1587.27 10349.3
1587.22 10353.1
1588.46 10338.4
1587.98 10356.7
1588.06 10373.6
1590.66 10375.5
1589.98 10371.7
1589.58 10424
1588.95 10440
1589.69 10435.3
1589.39 10317.7
1592.01 10363.9
1591.98 10451.3
1586.92 10697.7
1576.82 10826.5
1576.43 10845.2
1578.6 10778
1581.09 10750.5
1585.08 10774.3
1585.21 10750.1
1584.82 10838.1
1587.98 10820.7
1588.22 10759.3
1590.86 10797.5
1588.67 10718
1582.19 10734.6
1582.11 10715.9
1581.85 10675.9
1581.7 10631.5
1581.55 10600.8
1582.5 10555.5
1582.55 10417.9
1582.04 10440.8
1604.65 10309.6
1605.87 10339
1604.75 10357.2
1604.92 10439.9
1615.12 10604.7
1615.19 10545.1
1614.56 10451
1642.27 10798.1
1644.23 10800.9
1644.64 10816.7
1644.69 10784.8
1636.19 10576.3
1627.88 10807.8
1629.53 10891.2
1629.42 10912.2
1629.45 10918.7
1629.69 10899.5
1628.69 10988.6
1630.88 11032
1629.16 10906.3
1630.72 10866
1630.87 10901.6
1635.14 10943.1
1635.04 10844.8
1633.69 10809.9
1634.9 10969.5
1635.5 10945.3
1637.53 10930.1
1636.32 10875.5
1638.07 11027.2
1637.99 10974.3
1646.57 11144.6
1646.96 11219.6
1646.2 11217
1646.26 11231.3
1646.53 11298.4
1646.46 11307.1
1646.56 11320.3
1645.44 11346.8
1648.36 11386.9
1648.98 11396.8
1655.71 11628
1656.27 11697.6
1654.58 11775.8
1653.24 11824.3
1653.22 11879.4
1653.19 11907.9
1651.98 11941.7
1652.46 11963.5
1651.82 11944.4
1651.79 11914.9
1659.24 12130.1
1669.63 12239.8
1669.55 12213.6
1669.46 12227.8
1669.7 12241.5
1669.59 12313.5
1670.78 12338.9
1671.55 12350.8
1679.44 12383.2
1678.04 12667
1680.88 12834.8
1682.12 12835.8
1682.23 12832.4
1683.76 12784.9
1691.86 12948.9
1692.15 12822.8
1693.22 12884.3
1695.07 13018.6
1694.84 13049.3
1694.52 13080.7
1694.65 13085.7
1694.65 13079.1
1694.73 13071.5
1694.36 13148.5
1694.4 13136.3
1692.84 13224.5
1692.86 13316
1692.73 13585.3
1701.53 13536.7
1701.53 13509.2
1701.58 13421.8
1701.48 13378.1
1701.56 13348
1708.56 13324
1708.74 13290.4
1708.75 13304.2
1708.78 13305.5
1708.74 13310.6
1707.52 13290.3
1712.34 13239.2
1712.49 13264.7
1712.76 13260.7
1712.65 13260.8
1715.32 13321.5
1717.94 13372.3
1717.76 13368.5
1718.51 13371.8
1729.27 13683.3
1727.38 13573
1729.34 13600.8
1729.44 13626.2
1729.84 13579
1729.91 13535.1
1729.99 13569.9
1730.01 13708.8
1730.13 13650.8
1724.08 14065.1
1724.27 14076
1726.47 14108.7
1726.19 14100.1
1724.69 14030.1
1724.55 13960.7
1724.75 13912.4
1723.67 13887.5
1723.27 13835.2
1725.42 13855.8
1725.36 13843
1726.06 13814.3
1723.55 13830.2
1723.33 13871.6
1718.02 13883.2
1718.56 13927.3
1719.06 13953
1719.05 13959.1
1719.73 13975.2
1719.72 13973.1
1718.75 13969.6
1720.77 13943.3
1720.94 13943.1
1715.93 13976
1715.9 14022.8
1715.88 14001.1
1715.26 13942.8
1713.1 13880.6
1712.68 13868.9
1715.44 13850.3
1716.97 13857.1
1717.63 13762.9
1717.77 13711.7
1717.77 13712.7
1717.89 13685.3
1710.95 13649.4
1711.21 13662.7
1711.76 13676.3
1711.63 13666.3
1711.49 13668.6
1711.51 13667.5
1711.35 13693.9
1709.91 13691.2
1709.63 13694.7
1709.29 13688.3
1709.34 13707.2
1709.12 13709.7
1710.12 13723.2
1709.67 13744.6
1709.25 13710.9
1712.4 13683.4
1712.84 13702.5
1715.08 13721.8
1714.77 13746.1
1715.12 13756.9
1714.54 13741.5
1714.49 13727.6
1714.86 13737.9
1715.71 13746.1
1712.75 13607.5
1713.12 13574.6
1713.84 13562.1
1714.22 13501.2
1714.17 13463.4
1712.79 13421.3
1712.8 13349.1
1712.98 13284.5
1712.58 13250.5
1712.35 13201.1
1712.23 13294.1
1712.19 13171.8
1712.21 13098.4
1712.13 13068.6
1712.51 13076.4
1712.67 13123.7
1710.83 13137.2
1711.7 13228.3
1711.82 13255
1714.39 13379
1714.08 13472.5
1714.02 13496
1713.82 13519.7
1702.95 14124.7
1703.51 14156.8
1703.27 14108.6
1702.98 14100.6
1704.09 14072.5
1703.05 13961.5
1703.05 13944.6
1704.32 13925.8
1703.98 13938.7
1704.44 13934.5
1704.4 13930.4
1705.05 13932.2
1705.07 13918.1
1704.64 13880.8
1704.47 13889.5
1705.9 13928
1705.9 13927.3
1706.55 13921.9
1707.43 13901.7
1708.35 13910.8
1708.83 13951.4
1708.29 13923.1
1706.76 13955.3
1707.36 13963.5
1707.57 13937.1
1707.57 13919.7
1703.45 14379.4
1703.65 14192.4
1703.91 14153.5
1703.9 14119.9
1706.02 14106.6
1705.97 14121.5
1706.16 14104.7
1703.72 14084.2
1705.44 14114.4
1705.39 14124.7
1705.34 14132.3
1705.53 14135.7
1706.29 14154.7
1706.35 14166
1705.98 14147.9
1706.08 14105.7
1707.81 14125.9
1708.64 14133.1
1708.45 14131.3
1708.63 14095.3
1708.1 14019.4
1708.7 13967
1708.31 13970.8
1711.04 13972.1
1710.87 13987.5
1704.63 14039.5
1705.03 14196.9
1705.06 14226.9
1705.13 14203.4
1706.02 14220
1706.86 14218.3
1706.92 14278.2
1706.98 14303
1705.93 14312.9
1706.59 14356.3
1707.15 14363.4
1705.98 14387.3
1705.94 14402.1
1703.51 14437.2
1703.49 14420.4
1702.99 14402
1703.04 14428.3
1703.96 14380.4
1704.17 14399.8
1704.23 14329.3
1704.31 14324.5
1704.27 14322.2
1705 14317.1
1705.06 14299.5
1705.19 14264.8
1706.74 14262.9
1706.6 14275.6
1707.61 14295.7
1707.44 14279.2
1707.4 14259.8
1706.94 14228.7
1707.31 14202.8
1707.08 14137.5
1707.12 14122.3
1706.84 14119.3
1701.18 14155.2
1701.2 14178.2
1700.04 14169.1
1699.79 14181.2
1699.59 14179.2
1699.13 14203
1698.18 14186.9
1698.67 14193.5
1698.57 14194.2
1698.87 14205
1698.88 14177.3
1698.07 14243.8
1699.11 14252.7
1699.19 14244.8
1700.31 14236.4
1700.29 14234.6
1697.04 14289.4
1696.91 14304.6
1697.39 14313.4
1697.31 14309.3
1697.29 14322.8
1698.1 14360.5
1697.74 14368.2
1695.63 14372.3
1695.49 14388.8
1695.64 14407.4
1695.65 14437.1
1695.66 14437.5
1696.41 14569.1
1694.14 14528
1694.21 14499
1694.4 14388.8
1694.38 14387.6
1694.16 14378.3
1695.52 14427.6
1696.43 14427.6
1697.06 14437.9
1698 14440.5
1698.04 14452.8
1698.31 14453.4
1699.84 14472.9
1700.02 14424.8
1698.6 14425.7
1699.7 14410.5
1695.61 14381.1
1694.99 14499.9
1695 14555.3
1695.2 14596.4
1695.01 14630.2
1694.99 14655.4
1694.99 14670.9
1694.95 14684.8
1695.19 14761.8
1696.15 14870.1
1697.03 14907.1
1697.04 14919.2
1697.05 14931.9
1697.49 14942.4
1697.4 14932.1
1696.29 14997.1
1696.32 15015.6
1696.39 15035.3
1701.22 15314.8
1701.55 15298.3
1702.74 15322.3
1702.73 15319.2
1701.6 15310.9
1701.62 15287.3
1701.76 15288.1
1702.51 15309.5
1704.7 15246
1705.01 15276.7
1704.96 15297.5
1705.31 15333.7
1705.28 15332.4
1704.55 15314
1704.97 15298
1704.95 15283.1
1704.98 15263.2
1704.96 15244.5
1705.23 15229.8
1705.33 15227.2
1705.2 15204.9
1705.16 15182.6
1704.51 15325.6
1704.52 15322
1705.39 15316.7
1705.46 15302.9
1705.41 15297.2
1706.36 15324.1
1705 15463.1
1707.61 15544
1707.9 15547.8
1713.14 15905.7
1713.22 15630.7
1712.46 15581.7
1714.07 15545.7
1712.53 15552.6
1712.97 15551.9
1712.98 15551.8
1714.21 15565.3
1714.54 15552.3
1714.53 15553
1716.13 15572.4
1716.51 15576
1715.78 15576.4
1716.42 15585.2
1716.36 15593.6
1716.49 15600.6
1716.52 15603.8
1716.5 15607
1716.51 15590
1716.22 15597.3
1717.18 15615.7
1717.18 15592.8
1716.77 15569.5
1717.31 15564.3
1717.2 15546.3
1717.19 15531.1
1717.26 15526.9
1717.81 15484.9
1718.07 15494.4
1718.79 15507.1
1718.82 15505.8
1718.49 15507.2
1718.72 15522.7
1718.56 15511.1
1718.55 15491.3
1718.47 15478.5
1718.43 15477.8
1718.4 15461.7
1718.2 15468.2
1718.59 15447.7
1718.06 15423.3
1718.08 15418.4
1718.1 15405.7
1718.06 15418.2
1718.07 15429.8
1718.03 15436.1
1717.93 15441
1719.05 15408.6
1719.18 15417.4
1719.37 15413.8
1719.23 15399.4
1719.05 15384.2
1718.08 15394.5
1718.05 15405
1717.63 15434.3
1720.87 15566.2
1718.96 15559.7
1718.9 15563.4
1718.86 15548.7
1718.35 15529.5
1721.75 15618.8
1721.74 15576.7
1722.13 15562
1722.37 15551.1
1722.49 15557.4
1721.7 15560.7
1721.38 15518.4
1723.34 15587.8
1724.83 15581.1
1723.99 15592.4
1724 15605.3
1724.02 15614.4
1724.14 15624.2
1724.43 15631.3
1724.72 15647
1724.7 15613.7
1724.76 15609.1
1724.99 15595.2
1725.03 15615.3
1725.14 15605.1
1725.01 15597.5
1725.37 15602.1
1725.33 15591.8
1727.26 15615.6
1727.33 15604.3
1727.44 15616.2
1727.41 15609.8
1727.36 15590.2
1727.58 15590
1727.19 15588.7
1726.5 15607.6
1726.55 15611.4
1727.19 15616
1727 15613.2
1729.14 15662.3
1729.41 15609.6
1729.1 15598.4
1729.09 15587.2
1729.12 15584.9
1729.25 15572
1729.01 15529.6
1729.45 15562.9
1729.43 15518.1
1729.82 15514.3
1728.3 15495.5
1728.23 15507.8
1728.15 15516.6
1726.53 15509.5
1726.53 15566.6
1726.54 15588.4
1726.42 15595.8
1726.44 15601.9
1726.65 15589.6
1726.68 15583.3
1727.86 15586.2
1728.44 15579.1
1728.39 15587.3
1728.89 15588.2
1729.17 15589.7
1729.1 15580.6
1729.2 15585.4
1729.49 15610.8
1730.43 15664.4
1730.45 15663.4
1730.86 15648
1730.95 15638.4
1730.64 15628.6
1730.19 15663.8
1730.21 15681.6
1730.16 15706.8
1729.86 15718.5
1729.88 15737.2
1729.81 15744
1729.24 15752.1
1729.79 15766.4
1729.79 15800.9
1729.52 15793.1
1728.84 15830.3
1728.53 15886.3
1728.53 15867.7
1726.6 15850
1726.98 15829.5
1729.15 15988.9
1729.1 15990.3
1729.25 16001.2
1729.27 16005.8
1729.15 16005.4
1728.94 16002.8
1728.98 15992.2
1728.98 15977.9
1729.03 15975.8
1729.24 15978
1729.97 15992.3
1729.46 16030.7
1730.52 16061
1730.16 16064.5
1730.54 16085.5
1730.53 16082.6
1730.51 16071.1
1729.92 16087.2
1729.36 16098.3
1729.39 16083.5
1729.3 16070.6
1729.76 16031.8
1730.1 16021.4
1730.06 15991.7
1728.08 15967.9
1726.8 15909.8
1726.83 15896.2
1727.26 15854.7
1727.99 15863.4
1727.52 15849.1
1727.11 15838.8
1726.95 15827.7
1727.02 15813.9
1727.07 15794.5
1726.97 15771.7
1726.94 15753.3
1726.97 15733.1
1726.61 15718.7
1727.63 15724
1727.6 15712.2
1727.47 15769.5
1727.51 15804.5
1731.36 15846.8
1731.54 15888.9
1731.39 15874.8
1731.29 15870.6
1731.31 15854.8
1730.97 15846.9
1730.93 15842
1732.11 15843.6
1732.11 15847
1732.04 15826.9
1731.8 15823.7
1731.34 15814.8
1731.34 15861.3
1731.79 15849.2
1731.79 15852.7
1732.29 15850
1732.38 15865.2
1732.36 15866
1735.07 15911.3
1735.09 15867.2
1734 15874.4
1734.11 15889.1
1734.47 15898.4
1735.47 15900.2
1735.28 15914.4
1734.96 15907.1
1734.81 15914.5
1734.54 15914.7
1734.05 15908.4
1734.12 15913.9
1734.65 15909.6
1735.43 15904.2
1735.22 15909.5
1735.23 15944.3
1735.23 15958.7
1735.49 15986.8
1735.38 15977
1735.69 15982.2
1735.58 16001.6
1735.64 16013.6
1735.65 16020
1736.23 16024.3
1736.32 16023.8
1736.62 16045.3
1736.44 16034.6
1736.68 16024
1736.68 16031
1735.71 15991.3
1735.72 16022.3
1735.9 16046.8
1735.91 16047
1735.81 16049.7
1735.55 16055
1734.1 16041.7
1734.16 16028.9
1734.24 16021.5
1734.43 16049
1734.75 16043.2
1734.75 16049.6
1734.74 16041.6
1734.99 16047.5
1735.05 16021.9
1735.15 16012.4
1734.94 15969.3
1735.09 15958.9
1734.92 15915.1
1734.97 15885.9
1734.91 15875.8
1734 15846.8
1733.84 15844.1
1733.82 15849.7
1733.82 15860.9
1733.82 15888.8
1733.94 15896.5
1733.95 15904
1733.95 15910.9
1734.35 15909.3
1734.55 15916.8
1735.04 15931.8
1735.06 15934.6
1734.85 15934.5
1734.84 15946.2
1734.81 15946.8
1734.44 15955.2
1735.61 15944.5
1734.4 15940.8
1734.44 15986.5
1734.45 16002
1733.83 16009.2
1733.07 16056.2
1732.98 16036
1732.94 16031.8
1732.77 16030.7
1732.81 16022
1732.84 16013.8
1733.42 16016.1
1733.39 15992.2
1730.51 15989.1
1730.41 16001.7
1731.22 16050.9
1731.24 16071.4
1731.15 16091.5
1731.39 16117.3
1731.61 16114.2
1731.56 16122.6
1731.53 16135.4
1731.73 16150.2
1732.55 16164.9
1732.81 16158.6
1733.04 16168.7
1733 16178.2
1733.09 16233.8
1733.14 16252.9
1733.13 16274.3
1733.35 16295.2
1733.53 16294.7
1733.77 16295.2
1734.4 16301.3
1734.32 16303.1
1734.83 16315.9
1734.98 16319.3
1735.01 16320.4
1735.01 16320.4
1735 16319.1
1734.75 16327.7
1734.86 16333.8
1735.18 16328.6
1734.96 16334.1
1734.96 16345.8
1734.91 16333.1
1734.92 16334.8
1734.94 16296.7
1735.05 16264.2
1735.66 16275.1
1735.15 16397.5
1736.09 16403.9
1735.32 16435.4
1735.12 16515.6
1738.56 16631.8
1738.11 16520.9
1738.15 16641.3
1738.15 16547.4
1737.98 16535.1
1737.83 16518.6
1738.05 16496.5
1738.3 16483.2
1738.39 16501.7
1737.35 16512.8
1737.13 16493.7
1736.84 16513.2
1736.45 16511.5
1736.45 16501.1
1736.48 16507.2
1736.23 16413.1
1737 16439
1737.8 16473.4
1737.34 16511.8
1737.34 16538.6
1736.97 16533.6
1737.29 16548.3
1737.34 16576.1
1737.03 16602.2
1736.88 16587.6
1736.87 16574
1736.65 16580.3
1736.71 16583.3
1736.04 16584.3
1735.99 16589.6
1735.99 16596.8
1736.14 16582.8
1736.15 16569.2
1736.14 16571.9
1735.18 16550.1
1735.26 16548.4
1735.79 16550.1
1736.18 16544.4
1736.62 16561.6
1736.5 16561.8
1735.79 16580.7
1735.84 16588.1
1735.77 16579.2
1735.84 16597.8
1736.29 16590.7
1736.27 16589.7
1736.28 16573.2
1736.07 16560.3
1736.87 16557.1
1736.41 16571.3
1736.41 16627.9
1736.41 16637.4
1736.13 16636.7
1736.55 16641.7
1735.86 16656.8
1735.89 16662.5
1735.62 16669.2
1735.1 16873
1735.2 16899.6
1735.4 16786.3
1735.31 16786.1
1735.54 16771.1
1735.51 16774.1
1735.34 16802.3
1736.25 16894.3
1736.27 16946.9
1736.61 16998.2
1736.58 17026.3
1736.78 17041.8
1737.05 17030.9
1737.18 17034.5
1737.18 17049.4
1736.86 17053.7
1736.83 17064.9
1736.81 17068.6
1736.9 17074.3
1736.16 16999.7
1736.15 17001.3
1736.2 17011.6
1736.39 17025.5
1736.38 17021.1
1736.43 17013.1
1736.42 17027.9
1737.47 17073
1737.47 17070.5
1737.47 17099
1737.17 17131.2
1737.13 17147.8
1737.08 17161.9
1737.07 17176.1
1737.1 17181.4
1737.3 17179.3
1737.35 17165.6
1737.17 17163.6
1736.94 17166
1736.58 17178.5
1736.55 17163.2
1736.6 17152.7
1736.26 17132.1
1736.31 17146
1736.13 17142.5
1735.84 17130
1735.15 17126.5
1736.32 17111.9
1736.34 17112.5
1736.26 17133.6
1736.24 17137.7
1736.42 17137.1
1736.42 17136.3
1735.89 17173.7
1736.19 17189
1736.12 17185.9
1735.59 17200.7
1735.99 17185.9
1736.15 17197.4
1736.57 17223.4
1736.7 17240.1
1736.83 17281.5
1736.83 17278.4
1737.4 17280.9
1737.76 17296.2
1737.76 17305.5
