283.223 5.79029
366.497 5.72347
401.764 5.69679
405.415 5.69679
405.476 5.69679
823.056 967.848
893.918 1233.38
893.999 1302.19
910.359 1304.92
927.106 1265.34
940.021 1226.8
950.52 1196.39
971.018 1192.81
971.872 1257.54
974.945 1276.9
1024.51 1283.27
1052.94 1282.38
1081.01 1289.09
1087.17 1278.09
1090.43 1272.12
1090.84 1266.56
1120.93 1263.71
1138.76 1260.57
1156.35 1257.47
1194.21 1259.34
1206.79 1255.98
1233 1279.38
1235.56 1431.85
1254.46 1277.61
1255.48 1389.56
1256.27 1368.36
1266.64 1358.87
1268.77 1394.41
1271.33 1396.15
1270.95 1379.97
1282.24 1362.57
1282.34 1343.99
1320.67 1402.11
1341.01 1410.63
1365.24 1537.1
1384.27 1663.89
1385.59 1709.87
1386.93 1731.07
1386.62 1747.24
1368.48 2188.01
1391.62 2423.19
1407.33 2389.79
1312.97 2340.27
1306.75 2027.56
1301.38 1960.77
1304.34 1897.67
1315.15 1799.53
1315.82 1746.98
1312.52 1748.23
1385.42 1910.03
1385.09 1939.42
1395.35 1960.46
1388.98 2079.97
1389.85 2085.89
1367.67 2093.54
1310.23 2856.31
1310.98 3237.18
1312.57 3391.57
1312.58 3688.81
1358.07 3909.65
1360.18 3920.26
1360.25 3963.76
1359.57 4020.73
1371.84 4165.2
1372.47 4561.9
1318.73 4404.06
1323.96 4108.22
1318.81 3774.89
1385.04 3696.65
1423.33 3705
1417.21 3728.34
1418.28 3780.54
1410.58 3969.41
1408.08 3866.11
1407.21 3895.61
1414.59 4416.28
1418.2 4577.08
1410.35 4928.77
1411.01 5046.77
1408.68 5346.83
1409.91 5539.03
1409.82 5570.17
1410.11 5567.89
1392.78 5724.5
1389.25 5702.29
1392.34 5813.95
1388.74 5664.29
1389.62 5727.77
1386.78 5716.38
1399.4 5692.7
1399.97 5685.14
1400.82 5637.02
1404.06 5521.91
1403.95 5520.89
1399.14 6172.46
1401.68 6297.55
1403.07 6262.62
1400.09 6198.74
1400.29 6168.44
1397.98 6190.78
1400.99 6159.62
1401.16 6128.53
1401.02 6125.24
1400.73 6131.68
1409.11 6163.42
1411.28 6197.7
1409.72 6363.08
1412.6 6497.72
1409.22 6530.8
1408.9 6650.19
1410.76 6701.52
1408.93 6762.02
1409.13 6734.47
1405.94 6573.56
1404.65 6439.5
1403.69 6542.59
1404.25 6663.96
1404.22 6606.88
1386.59 6628.77
1387.5 6685.94
1415.43 6656.04
1415.72 6624.05
1402.59 7044.05
1404.37 6942.98
1403.13 6917.14
1401.21 6878.28
1425.48 6952.25
1424.22 7329.02
1438.91 7507.24
1441.63 7511.97
1441.12 7577.26
1441.81 7527.91
1454.32 7539.61
1455.61 7778.28
1456.49 7800.77
1455.75 7803.61
1453.36 7937.3
1453.49 8049.54
1453.81 8070.54
1457.03 8088.72
1457.65 8054.59
1457.69 8101.77
1450.41 8449.88
1450.43 8559.04
1448.64 8571.13
1444.74 8538.08
1441.23 8563.61
1442.88 8437.71
1443.09 8484.92
1446.34 8428.09
1450.82 8282.96
1443.26 8245.78
1425.32 8268.03
1426.18 8144.94
1427.53 8117.91
1429.8 8123.74
1422.07 8387.66
1422.53 8483.45
1422.14 8450.88
1421.73 8386.31
1421.42 8372.91
1422.23 8337.95
1422.2 8395.74
1404.72 8670.13
1400.65 8864.43
1400.49 8893.39
1401.84 8926.78
1401.82 8989.89
1401.97 9051.51
1409.72 9125.47
1408.98 9057.73
1425.03 9232.25
1427.42 9219.45
1427.2 9171.43
1431.16 9316.49
1432.58 9394.89
1431.31 9426.66
1434.92 9388.79
1435.24 9397.57
1438.97 9406.42
1437.75 9460.32
1437.75 9477.17
1436.77 9450.93
1435.55 9435.22
1438.24 9455.53
1437.31 9471.73
1438.25 9490.29
1437.36 9455.97
1436.74 9510.02
1435.47 9461.94
1431.1 9482.06
1431.17 9493.83
1431.19 9455.96
1433.72 9490.81
1433.42 9513.47
1432.14 9577.51
1417.85 9732.37
1419.85 10049.7
1419.74 10163.8
1424.01 10288.3
1422.92 10385.8
1422 10406.1
1421.53 10402.2
1420.68 10410.4
1420.34 10395.8
1420.05 10374.3
1420.2 10377.1
1420.46 10364.9
1420.71 10629.4
1420.31 10683.2
1416.7 10722.1
1416.7 10733
1422.73 10844.8
1423.15 10811.1
1423.48 10842.9
1426.1 10811.2
1425.35 10881.3
1427.27 11033.2
1427.34 11042.4
1429.41 11082.5
1429.29 11079.7
1428.67 11107.1
1441.64 11161.8
1441.67 11137.7
1445.58 11163
1444.36 11172.9
1445.43 11237.5
1439.89 11305.5
1440.08 11294.3
1440.13 12398.3
1439.97 12003.6
1445.64 11925.5
1448.54 11656
1450.86 11439.3
1450.87 11487.4
1451.36 11490.2
1452.66 11473.3
1452.44 11504.5
1452.64 11478.7
1453.05 11452.3
1452.22 11397
1453.36 11402
1455.28 11063.1
1454.19 10913.3
1454.2 10991.6
1454.37 10990.7
1457.23 11021.4
1457.29 11065.7
1457.66 11104.3
1459.48 11150.1
1460.25 11218.4
1465.05 11353
1465.39 11337.6
1463.28 11364.6
1463.07 11337
1464.9 11369.4
1464.84 11342.9
1464.72 11332.8
1463.27 11404.4
1464.78 11426.2
1466.99 11455.8
1466.88 11469.1
1467.06 11621.4
1469.07 11537.6
1469.07 11466.1
1460.26 11369.6
1465.17 11356.7
1465.2 11340.4
1475.34 11394.6
1475.39 11413.9
1471.61 11415.2
1471.82 11392.7
1472.43 11405.4
1472.05 11366.6
1471.94 11303.5
1467.71 11283.1
1467.81 11237.5
1491 11229.7
1494.38 11281.2
1491.89 11244.8
1492.63 11276.6
1487.91 11292.7
1490.44 11345.4
1490.34 11355.6
1484.6 11680.5
1483.38 11702.6
1483.07 11627.5
1484.28 11522.3
1484.09 11472.4
1479.11 11415.1
1478.64 11413.1
1485.14 11553.4
1484.29 11568.2
1485.08 11605.8
1484.58 11607
1491.04 11569.2
1490.8 11924.7
1484.3 11892.3
1483.45 11878.1
1481.97 11839.8
1482.34 11829.4
1482.55 11820.1
1499.88 11898.7
1500.08 11911
1502.14 11906.5
1502.32 11891.4
1502.35 11888.6
1502.61 11892
1502.61 11889.4
1500.84 11788.1
1505.73 11795.3
1506 11952.1
1507.82 12013.2
1509.21 12053.1
1508.19 11979.7
1508.17 11968.4
1507.95 11978.5
1507.84 11995.2
1507.22 12010.6
1507.51 11993.7
1507.56 11994.1
1510.23 12019.9
1509.74 11997.1
1509.32 12028.5
1508.92 12054.8
1510.13 12071.5
1510.79 12073.6
1510.1 12088.1
1527.25 12174.9
1526.19 12195.6
1533.22 12158
1533.07 12137.5
1542.3 12121
1541.81 12105.2
1546 12114
1549.39 12153.8
1549.5 12201.3
1550.77 12220.4
1549.87 12206.8
1549.25 12246.1
1552.32 12228.6
1558.39 12294.9
1557.29 12241.5
1578.41 12401.1
1575.73 12430.1
1575.6 12494.8
1570.51 12549.7
1571.49 12589.3
1569.58 12628.5
1569.44 12634.5
1569.3 12633
1565.9 12702.9
1565.99 12718.7
1565.45 12747.3
1565.82 12793.8
1565.79 12802.7
1575.3 12915.4
1580.59 12979.3
1580.89 12977.7
1580.91 12944.3
1581.07 12939.6
1580.66 12961.6
1580.94 12980
1581.3 12961.3
1580.36 12970.3
1580.78 12962.4
1580.71 13022.6
1584.06 13067.9
1586.88 13234.3
1588.03 13257.3
1586.96 13320.9
1585.94 13336
1585.87 13266.9
1586.75 13270.3
1589.47 13322.2
1588.44 13371.1
1588.05 13339.1
1584.47 13269.2
1583.13 13241.5
1594.25 13366.7
1594.31 13422.6
1594.45 13496.3
1594.63 13525.5
1600.88 13508.1
1604.43 13526.7
1602.91 13544.1
1602.82 13542.1
1603.26 13556.2
1601.28 13537.8
1599.45 13474.3
1599.55 13468.8
1599.57 13448.5
1600.39 13455.2
1599.07 13499.4
1600.99 13700.7
1599.91 13613.7
1604.02 13729.8
1603.88 13572.8
1604.26 13542
1606.88 13687.6
1606.98 13806.1
1606.97 13826.5
1606.43 13881.9
1607.13 13874.8
1607.54 13891.4
1607.38 13885.7
1607.33 13848.6
1606.53 13828.5
1605.84 13812.3
1605.86 13815.2
1606.3 13802.8
1613.57 13876
1613.45 13843.1
1613.26 13847.6
1619.78 13912.6
1620.05 13934.4
1620.13 13948.3
1615.33 13955.4
1615.6 13963.6
1612.92 14069.1
1613.06 14142.8
1612.52 14174.6
1611.63 14258.8
1610.06 14373.9
1610.18 14379.1
1610.3 14348
1608.41 14429.7
1609.5 14432
1610.15 14413.9
1613.5 14538.6
1613.27 14509.7
1610.57 14481
1611.2 14439.8
1610.48 14411.7
1610.45 14353.4
1614.12 14306.3
1614.7 14293.2
1617.17 14306.5
1617.34 14314.9
1616.26 14329.2
1614.41 14331.5
1616.25 14353.7
1616.37 14362.6
1616.38 14388.1
1616.4 14399.9
1616.59 14426.3
1616.68 14447.2
1616.33 14461
1616.22 14448.8
1617.88 14469.3
1617.99 14457.6
1616.57 14426.7
1615.75 14457.9
1614.94 14444.1
1614.7 14469.1
1614.72 14414.3
1614.8 14414.4
1615.02 14431.8
1614.73 14445.9
1614.56 14349.9
1614.53 14346.4
1613.79 14365.1
1614.09 14373.5
1613.78 14375.9
1613.72 14379.8
1613.94 14388.8
1613.38 14390.5
1613.11 14422.7
1612.69 14434.8
1612.72 14430.6
1613.33 14419.3
1612.98 14379.1
1613.15 14362.1
1613.54 14368.8
1613.38 14399.9
1610.21 14490.1
1613.49 14564.9
1613.95 14602.5
1614.13 14592.2
1614.4 14616.5
1614.83 14611.3
1614.61 14619.9
1614.63 14614.1
1614.62 14620.2
1622.03 14649.3
1622.65 14663
1622.92 14634.2
1622.73 14642.3
1621.53 14598.3
1621.67 14649.4
1622 14702.3
1622.16 14722.2
1621.25 14715.5
1621.26 14749
1620.85 14809.8
1620.84 14825.5
1621.43 14860.1
1622.34 14875.4
1622.41 14884.7
1622.48 14899.3
1623.79 14885.5
1623.85 14891.5
1625.27 14895.4
1625.68 14887.1
1625.71 14876.1
1625.59 14908.5
1624.89 14943.7
1624.55 14977.9
1624.42 15003.3
1624.56 15009.6
1624.74 15031.5
1624.52 14999.5
1624.38 14978.7
1626.49 14982.4
1626.84 15010
1626.9 15007.2
1627.64 15057.7
1627.27 15040.8
1627.48 15046.1
1627.83 15035.9
1628.05 15038.8
1627.91 15013.5
1634.63 15078.9
1633.4 15085.5
1634.19 15072
1633.94 15076.1
1632.98 15090.1
1632.63 15102.7
1632.62 15089.9
1632.71 15074.6
1632.7 15103.8
1631.81 15035
1632.08 14973.5
1632.07 14957.3
1633.38 14971
1633.18 14974.8
1633.47 14943.4
1631.18 14937.2
1631.28 14948.1
1630.96 14982.5
1630.5 15029.5
1630.45 15054.3
1629.13 15049.9
1647.83 15065.5
1647.96 15099.4
1647.35 15120.9
1647.25 15152.3
1647.07 15132.3
1646.31 15010.2
1643.96 14987.8
1643.93 14967.4
1644 14945.4
1644.29 14944.8
1671.28 15019.8
1671.18 15048.1
1673.08 15053.4
1672.99 15083.3
1672.96 15113.2
1673.12 15159
1668.17 15124
1667.57 15108
1666.4 15107.1
1666.52 15093.1
1667.26 15135
1666.06 15174.8
1666.23 15139.3
1667.8 15107.8
1667.72 15277.1
1667.78 15178.7
1667.99 15227.5
1667.72 15008
1667.7 15061.4
1667.69 15099.8
1667.61 15129
1668.45 15145.9
1668.48 15130.2
1668.52 15147
1668.79 15162.8
1669.2 15169.3
1669.75 15146.4
1670.29 15081
1670.12 15093.5
1675 15070.1
1675 15115.9
1674.54 15127.2
1673.59 15209.3
1673.35 15202.9
1673.33 15244.8
1673.37 15268.2
1673.33 15270.8
1672.98 15300.4
1672.91 15281.4
1671.85 15291.1
1671.32 15294.8
1673.2 15287.3
1673.96 15275.3
1674.66 15304.8
1674.79 15307.5
1674.84 15308.2
1675.44 15320.5
1679.54 15189.3
1679.95 15282.8
1681.05 15308.8
1682.61 15345.4
1682.28 15352.3
1683.83 15406
1683.83 15399.6
1686.59 15381
1686.81 15504.8
1686.55 15532
1687.21 15552.2
1687.14 15542.3
1688.64 15536
1688.37 15568.6
1687.51 15551.6
1688.28 15586.2
1689.15 15618.4
1689.18 15662
1703.55 15734.9
1703.6 15767.7
1703.68 15783.2
1703.6 15803.4
1704.24 15811.6
1703.96 15821
1703.73 15860.4
1709.16 15815.1
1709.11 15805.8
1711.39 15869.7
1711.03 15925.2
1712.37 15923.5
1714.51 15929.2
1708.46 15953.4
1708.7 15973.9
1708.7 15992.4
1715.87 16004.2
1715.95 16022.5
1718.23 16057.8
1718.39 16073.8
1719.02 16090.5
1717.97 16101.9
1717.85 16117
1717.24 16121.1
1718.12 16166.7
1718.11 16206.3
1718.63 16225.9
1719.81 16215.9
1719.31 16210.5
1719.39 16206.2
1719.39 16206.6
1719.32 16219.5
1718.73 16237.9
1718.67 16201.4
1717.12 16205.8
1716.85 16190.4
1716.56 16184.5
1716.85 16164
1717.19 16176.1
1716.93 16166.4
1716.74 16168
1717.74 16098
1717.73 16061.6
1717.22 16061.5
1717.21 16059.1
1717.56 16043.4
1716.73 16374.1
1716.45 16417.5
1716.99 16439.2
1717.14 16452.8
1717.06 16378.7
1717.71 16395.7
1725.37 16186.1
1725.31 16016.2
1724 16012.4
1724.06 16065.8
1722.55 15987.8
1722.68 15981.4
1722.59 15954.5
1722.59 15951.5
1722.38 15969.9
1723.09 15987.8
1723.63 15990.6
1723.54 15997.1
1723.2 15969.2
1723.19 15977.2
1722.95 15986.4
1722.02 16019.1
1721.6 16038.7
1722.11 16062.5
1720.21 16028.2
1720.54 16034.3
1720 16279
1716.42 16242.1
1716.4 16200.1
1716.09 16169.9
1716.1 16226
1716.03 16238
1717.67 16250.3
1718.06 16274.1
1718.31 16301.4
1718.78 16301.3
1715.33 16294.6
1715.52 16322.1
1715.39 16332.6
1715.12 16312.7
1715.22 16301.6
1715.18 16297.7
1715.24 16212.1
1715.45 16178.8
1716.35 16199.4
1693.49 16173.3
1693.11 16143.9
1694.05 16124.3
1694.55 16116.6
1694.45 16074.5
1694.44 16041.2
1694.09 16024.2
1694.52 16005.2
1692.01 16013.5
1692.94 16016.7
1693.51 16022.8
1692.82 15952.1
1692.94 15967.9
1694.24 15954.5
1694.07 15991.3
1690.03 16017.7
1690.29 15988
1696.4 16084.6
1696 16061.8
1695.89 16021
1696.6 15802.9
1696.61 15839
1696.54 15861.4
1696.61 15867.8
1696.75 15881.7
1696.57 15897.2
1697.36 15906.4
1696.88 15898.5
1695.91 15929.2
1695.58 15982
1695.69 16011
1696.16 16011.7
1698.34 16052.1
1698.26 16068.2
1698.7 16096
1698.53 16108.6
1698.52 16163.7
1698.81 16198.4
1700.5 16198.3
1700.61 16197.8
1700.16 16176.9
1700.21 16153
1700.41 16157.3
1699.15 16196.4
1699.41 16217.6
1698.93 16190.1
1699.15 16118.4
1698.82 15917.9
1698.56 15955.3
1698.56 15926.7
1703.11 16000.5
1704.17 15999.1
1704.07 16009.4
1704.2 16024.5
1704.11 16034.1
1704.12 16048.8
1704.11 16059.3
1705.85 16124.6
1705.9 16229.4
1705.9 16306.4
1705.83 16360.1
1705.84 16400.5
1705.79 16431.3
1711.14 16463.7
1711.31 16530.9
1710.86 16599
1710.73 16604.9
1710.48 16603
1710.83 16618.4
1710.89 16570.5
1709.92 16577
1712.77 16650.7
1713.39 16687.6
1713.26 16662
1713.2 16652.4
1712.49 16654.7
1712.16 16703.1
1711.93 16706.5
1712.2 16713.9
1712.2 16765.8
1711.7 16801.7
1711.87 16795.3
1712.02 16804.3
1712.02 16808.1
1712 16808.7
1712.16 16815.8
1712.12 16801.5
1711.64 16844.6
1711.88 16859
1711.31 16879.5
1710.97 16854.9
1711.66 16850.6
1711.82 16859.1
1711.93 16870.2
1711.98 16883.5
1711.24 16893
1711.21 16896.7
1711.26 16927.6
1710.93 16918.1
1714.18 16887.1
1714.45 16883.2
1714.79 16892.4
1715.02 16875.9
1714.92 16868.8
1715.97 16869.7
1716.32 16894.6
1716.4 16900
1713.83 17361.7
1714.16 17340.3
1714.75 17339.6
1715.61 17342.8
1715.37 17310.2
1715.29 17303.5
1715.28 17309.8
1715.27 17295.5
1715.42 17264.1
1715.46 17239.4
1715.93 17263
1715.69 17208.7
1715.68 17170
1715.68 17167
1716.59 17188.3
1716.85 17142.6
1716.87 17116
1713.51 17111.9
1714.37 17104.5
1714.42 17111.5
1714.22 17055.4
1714.43 17026.6
1714.56 17030.3
1714.54 17037.3
1714.96 17081
1714.95 17115.3
1715.09 17113.9
1714.9 17134.2
1714.65 16944.7
1714.83 16847.9
1714.41 16888
1714.87 16879.4
1715.07 16869.9
1714.61 16912.5
1714.23 16923.9
1713.95 16936
1713.05 16937.2
1713.73 16947.5
1713.74 16941.6
1714.19 16961.7
1714.39 16974.4
1714.25 16959.3
1713.76 16988.6
1715.05 16993.5
1715.12 16980.7
1715.82 16989.1
1716.05 17001.3
1717.01 17001.4
1716.99 17012.9
1716.95 17009.7
1717.09 16998.3
1716.96 17037.9
1716.99 17049.6
1717.19 17065.5
1721.53 17096.1
1721.41 17125.3
1721.26 17115.8
1723.34 17134.1
1723.18 17148.7
1723.38 17151.4
1722.7 17181.5
1723.02 17198.2
1722.75 17203.2
1724.58 17238.5
1724.47 17261.4
1724.2 17332.7
1724.17 17359.4
1723.68 17359.9
1722.51 17323.3
1722.72 17363.8
1722.37 17328.1
1722.68 17350.6
1723 17376.5
1724.09 17368.1
1724.08 17352
1724.56 17327.2
1724.67 17386.1
1724.94 17401.4
1724.39 17401.5
1724.72 17386.3
1724.43 17409.8
1724.87 17418.1
1726.05 17462.7
1725.74 17465.5
1725.56 17468.2
1724.87 17440.9
1725.06 17483.7
1725.06 17494.8
1724.96 17520
1725.35 17534.7
1723.11 17534.2
1723.12 17524.1
1723.43 17521.1
1724.01 17519
1724.12 17511.8
1725.27 17524.5
1725.23 17505.5
1725.12 17508.3
1725.15 17514.3
1725.58 17556.3
1725.62 17544.9
1725.49 17559.4
1725.38 17577.1
1725.32 17595.4
1725.39 17620
1725.93 17568.3
1725.61 17597.2
1725.86 17578.2
1724.88 17620.7
1725.47 17715.8
1725.31 17688.6
1725.68 17690.7
1725.8 17695.8
1725.94 17683.6
1725.99 17667.5
1726.11 17653.9
1726.17 17649.1
1726.19 17637.1
1726.25 17623.3
1726.44 17631.9
1728.36 17637
1728.27 17659.9
1731.17 17670.5
1731.23 17678
1732.01 17665.2
1732 17673.4
1732.07 17688.8
1733.21 17665.4
1734.9 17717.7
1733.89 17794.8
1733.93 17791.3
1733.93 17785.6
1733.99 17759.3
1734.02 17754.2
1733.94 17724.5
1734.09 17720.8
1734.34 17727.7
1734.34 17731.8
1734.44 17606.4
1734.75 17597.1
1734.95 17622.9
1734.69 17677.4
1733.92 17675.1
1733.94 17686.9
1733.91 17687.2
1733.91 17689.5
1734.12 17692
1733.83 17709.8
1733.26 17720.5
1733.28 17732.2
1733.75 17746.7
1733.85 17752.6
1733.66 17773
1733.54 17683.7
1734.62 17758.4
1734.49 17874.6
1734.49 17876.4
1734.32 17871.9
1736.81 18080
1737.2 17866.7
1737.34 17921.8
1736.87 17920.5
1746.23 17947.4
1747.03 18043.5
1748 18140.1
1748.55 18180.7
1749.41 18166.9
1749.02 18158.6
1748.96 18175.4
1748.79 18203.6
1748.46 18223.7
1749.11 18232
1749.12 18236.5
1748.8 18230.3
1748.38 18262
1749.07 18278.6
1748.83 18291.9
1749.03 18280.1
