189.804 0
192.866 0
390.08 11.796
390.773 11.3928
397.302 11.26
405.977 11.1839
407.229 11.1543
422.894 11.1317
448.995 11.1091
449.027 11.0865
518.394 13.8213
530.957 12.9289
579.211 14.572
705.614 41.9422
717.411 41.4126
732.446 41.201
834.497 63.6911
835.57 70.5235
870.458 72.3596
938.087 217.784
939.054 203.418
939.161 200.323
963.459 198.215
967.768 192.558
986.076 188.162
985.319 173.935
1028.13 193.497
1034.81 286.133
1043.47 343.047
1099.81 292.759
1109.13 267.41
1114.44 260.825
1151.13 269.66
1154.3 272.483
1171.81 270.309
1183.91 268.811
1215.89 284.75
1237.38 1086.1
1288.37 773.302
1307.75 697.773
1313.78 688.097
1340.22 816.412
1348.5 694.35
1358.37 670.701
1358.62 635.8
1358.2 602.012
1382.44 575.998
1388.95 572.576
1401.73 789.954
1402.6 804.719
1406.25 800.543
1422.09 922.27
1422.03 996.993
1427.24 957.966
1427.28 925.162
1420.02 1004.46
1407.34 1126.12
1421.26 1650.45
1416.99 1625.03
1440 1499.21
1438.06 1420.25
1492.91 3307.17
1490.54 3240.44
1493.81 3063.35
1483.64 2831.02
1486.3 2724.84
1486.59 2673.13
1485.57 2650.18
1483.64 2580.57
1484.54 2548.81
1501.27 2479.03
1514.9 2415.28
1505.52 2356.78
1517.22 2482.51
1515 2386.81
1503.1 2220.11
1503.12 2234.75
1494.79 2532.46
1494.61 2566.98
1495.89 2546.48
1495.86 2544
1493.4 2575.31
1499.62 2577.49
1500.02 2569.13
1505.33 2650.88
1506.52 2659.62
1503.39 2687.36
1526.6 2715.45
1535.19 2704.4
1536.53 2740.25
1528.92 2700.87
1529.04 2669.14
1525.66 2659.01
1530.76 2733.31
1527.13 2702.76
1524.67 2831.69
1544.27 2799.22
1545.8 2812.63
1541.44 2853.24
1542.13 2935.62
1540.34 2950.05
1540.38 2974.99
1541.16 3007.86
1537.67 3017.93
1535.02 3042.82
1534.22 3046.45
1535.04 3020.45
1532.04 2857.78
1532.86 2874.73
1532.61 2904.87
1539.78 2905.65
1541.07 2913.22
1541.08 2936.83
1541.03 2817.89
1542.83 2841.71
1541.51 2862.87
1539.26 2884.81
1556.02 2873.25
1555.54 2847.18
1555.5 2824.43
1556.42 2858.49
1574.54 2902.49
1573.88 2940
1572.32 2969.94
1570.36 2952.65
1572.02 2922.31
1570.22 2919.92
1575.09 3154.27
1585.21 3200.46
1584.58 3233.55
1584.1 3281.47
1574.34 3380.02
1572.6 3358.83
1578.9 3329.42
1576.69 3364.6
1572.89 3402.7
1573.14 3381.8
1570.95 3368.58
1563.52 3265.73
1563.61 3289.43
1563.21 3321.77
1563.01 3351.55
1562.67 3379.11
1565.36 3510.89
1565.31 3498.24
1565.1 3466.59
1567.9 3499.54
1576.65 3567.94
1574.33 3611.22
1574.23 3657.61
1574.22 3693.31
1574.35 3710.71
1574.39 3713.39
1578.34 3763.06
1580.38 3853.58
1574.78 3872.94
1574.73 3814.25
1577.26 3792.88
1577.75 3776.82
1577.66 3747.55
1580.86 3795.54
1582.19 3804.99
1583.61 3840.21
1583.72 3842.15
1583.66 3840.28
1579.79 3846.13
1580.93 3831.75
1578.39 3848.69
1577.72 3878.68
1577.02 3930.11
1576.41 3959.76
1574.12 3990.35
1573.1 4012.91
1573 3993.17
1571.04 3991.49
1571.21 3911.86
1570.85 3915.66
1569.83 3951.76
1569.99 3937.36
1570.02 3918.42
1571.27 3941.08
1570.26 3934.08
1570.43 3952.77
1571.53 3967.34
1571.97 3984.89
1570.14 4112.28
1570.82 4145.93
1571.4 4121.84
1571.85 4218.4
1576.25 4318.32
1574.42 4395.64
1573.99 4389.46
1573.94 4350.29
1572.7 4317.09
1573.29 4297.86
1573.06 4296.69
1573.21 4137.86
1571.77 3995.3
1572.34 4023.04
1572.3 4021.83
1571.73 4011.31
1571.06 4013.2
1571.04 3930.71
1571.35 3913.1
1571.4 3932.78
1571.62 3949
1571.67 3949.73
1570.93 3991.15
1570.75 4005.53
1570.81 3967.53
1573.17 3961.13
1573.14 3998.21
1573.06 4003.18
1571.53 4013.24
1572.1 4003
1572.01 3994.12
1572.73 3949.5
1574.9 3968.36
1576.62 4025.31
1576.17 4068.32
1576.73 4086.73
1578.01 4107.44
1578.32 4108.29
1576.49 4126.56
1579.59 4136.81
1579.05 4169.83
1578.81 4200.68
1578.66 4204.15
1577.78 4179.72
1577.63 4168.42
1577.57 4179.27
1577.61 4198.79
1587.89 4214.72
1588.85 4217.75
1589.95 4239.76
1595.67 4234.34
1595.46 4230.97
1595.41 4213.74
1596.09 4166.55
1596.16 4123.12
1592.09 4082.8
1592.04 4042.82
1591.84 4035.6
1592.12 4053.23
1592.16 4058.11
1592.4 4051.12
1592.63 4054.58
1593.42 4056.62
1593.34 4065.71
1593.44 4070.46
1593.66 4072.08
1590.94 4092.74
1591.26 4113.99
1588.03 4216.37
1587.94 4293.33
1587.89 4360.09
1587.77 4334.69
1587.73 4305.67
1587.68 4313.61
1587.36 4340.36
1586.76 4386.4
1586.57 4420.26
1587.38 4478.42
1587.61 4535.38
1586.85 4604.57
1586.77 4664.19
1588.49 4697.82
1588.99 4726.17
1588.98 4738.44
1589.14 4739.58
1589.14 4753.99
1589.11 4764.99
1588.1 4777.1
1594.32 4912.35
1594.45 4954.14
1593.67 4947.36
1593.75 4984.65
1593.74 5004.04
1593.82 4988.66
1593.85 4966.97
1610.01 5038.26
1608.88 5058.18
1608.88 5049.18
1609.01 5049.35
1603.24 5023.24
1602.96 5043.75
1602.92 5058.28
1604.68 5076.27
1605.8 5084.85
1605.84 5080.7
1604.99 5151.34
1603.3 5197.11
1603.3 5228.57
1603.05 5237.28
1603.27 5211.52
1602.99 5184.73
1603.99 5157.2
1603.83 5128.09
1602.09 5136.2
1603.45 5148.9
1604.64 5177.61
1604.45 5213.14
1604.81 5187.14
1604.2 5133.73
1605.14 5091.5
1605.68 5070.37
1607.42 5061.08
1607.43 5062.54
1607.4 5057.75
1606.87 5057.64
1607.05 5032.9
1605.19 5031.69
1604.43 5034.93
1604.44 4998.73
1600.87 5045.53
1602.12 5070.58
1602.16 5085.44
1602.74 5067.32
1603.44 5075.68
1602.77 5082.27
1602.96 5073.36
1603.38 5072.85
1604.29 5064.57
1604.3 5040.64
1604.37 4981.91
1604.93 4866.99
1605.09 4818.26
1604.33 4790.84
1601.52 4799.27
1601.23 4816.26
1599.14 4834.08
1599 4836.64
1599.54 4860.29
1599.74 4904.18
1600.43 4944.54
1598.8 4951.39
1598.54 4954.64
1597.65 4921.03
1597.53 4919.75
1598.6 4914.11
1599.07 4917.68
1599.12 4895.88
1598.67 4884.28
1597.86 4857.08
1597.76 4846.01
1599.31 4873.87
1599.33 4901.94
1599.42 4905.35
1599.63 4899.38
1599.99 4897.46
1603.65 4952.22
1604.08 4937.97
1604.07 4941.85
1604.41 4939.61
1603 4911.09
1600.9 4876.27
1600.6 4853.83
1598.85 4822.15
1598.77 4792.19
1601.81 4803.73
1601.84 4778.19
1604.09 4748.95
1606.69 4719.01
1605.36 4734.99
1604.87 4736.17
1604.27 4762.63
1604.97 4766.97
1604.96 4737.83
1605.05 4713.85
1604.79 4707.84
1605.95 4701.22
1606.02 4697.25
1606.48 4683.73
1606.69 4679.5
1606.67 4645.16
1607.4 4608.49
1607.38 4603.43
1607.35 4599.03
1606.77 4600.58
1604.7 4609.47
1606.54 4640.47
1606.57 4663.65
1606.59 4681.58
1605.8 4712.07
1605.7 4701.44
1605.33 4695.49
1607.83 4702.26
1608.93 4710.87
1608.92 4722.1
1610.73 4739.62
1610.75 4739.48
1610.67 4741.39
1612.08 4737.91
1613.12 4760.24
1612.79 4754.76
1613.17 4758.81
1613.14 4747.39
1612.82 4752.24
1611.23 4745.13
1612.98 4829.5
1612.19 4844.89
1611.61 4798.27
1610.74 4782.26
1610.72 4780.73
1610.34 4802
1610.17 4830.43
1610.1 4869.63
1608.76 4920.01
1608.88 5004.65
1609.04 5078.64
1609.82 5115.82
1609.82 5116.02
1609.32 5014.23
1609.16 4951.69
1606.91 4913.3
1607.19 4893.24
1606.81 4879.21
1606.83 4866.22
1606.95 4853.18
1606.33 4873.43
1606.16 4838.83
1606.05 4811.79
1606.38 4788.3
1606.59 4780.78
1606.37 4789.85
1606.59 4810.98
1606.43 4803.99
1606.48 4798.57
1605.89 4799.76
1611.19 4930.03
1612.2 4974.41
1614.71 5052.93
1614.67 5049.72
1614.46 4944.73
1614.26 4867.75
1614.2 4839.84
1614.4 4800.56
1614.37 4810.85
1615.22 4839.57
1615.1 4853.69
1614.81 4842.94
1614.67 4825.07
1611.14 4785.49
1610.47 4806.88
1610.55 4819.33
1610.25 4828.11
1610.03 4858.91
1609.78 4823.89
1609.73 4773.41
1609.38 4763.89
1608.65 4811.4
1609.29 4811.33
1609.33 4811.42
1606.8 4804.84
1607.63 4796.04
1607.11 4779.02
1607.13 4768.27
1603.68 4732.33
1603.74 4758.12
1603.68 4736.02
1603.45 4706.73
1604.65 4714.29
1604.19 4722.03
1603.86 4717.64
1604.48 4666.13
1604.61 4688.96
1604.53 4748.45
1604.16 4784.65
1604.01 4785.73
1603.82 4815.99
1606.85 4912.74
1606.65 5006.74
1606.38 5044.83
1605.26 5101.39
1605.47 5067.43
1605.44 5057.51
1605.42 5062.03
1605.24 5057.17
1605.4 5062.25
1605.32 5072.31
1605.87 5054.52
1606.52 5077.05
1606.69 5104.73
1606.91 5077.83
1607.16 5087.88
1607.18 5106.16
1608.89 5099.66
1608.89 5109.08
1609.05 5105.12
1609.51 5110.79
1610.19 5130.51
1610.23 5163.03
1610.36 5171.53
1610.18 5207
1610.19 5216.88
1609.71 5219.67
1610.59 5224.82
1610.59 5234.49
1610.15 5231.45
1611.82 5275.81
1612.02 5296.06
1611.66 5289.65
1611.91 5268.88
1611.31 5282.83
1611.24 5305.2
1611.46 5272.91
1611.44 5256.38
1610.85 5259.42
1612.99 5244.37
1612.63 5249.05
1612.06 5250.4
1612.1 5250.86
1612.07 5259.85
1612.77 5256.23
1612.65 5267.89
1612.57 5255.83
1613.14 5211.85
1613.18 5166.35
1613.49 5161.5
1614.13 5161.15
1614.28 5162.87
1614.14 5165.45
1614.05 5186.5
1612.6 5162.06
1612.65 5147.84
1612.7 5134.14
1612.81 5144.17
1612.76 5134.98
1614.3 5202.85
1614.02 5215.33
1614.03 5208.59
1614.53 5210.73
1614.61 5203.96
1615.77 5203.46
1615.82 5217.04
1616.22 5211.77
1615.32 5219.44
1619.78 5270.82
1620.51 5282.43
1620.59 5306.94
1620.67 5301.9
1620.54 5310.16
1620.64 5326.51
1618.98 5368.53
1618.61 5401.7
1618.62 5429.32
1618.87 5507.49
1618.88 5532.83
1618.87 5539.6
1620.12 5552.28
1620.32 5532.79
1618.26 5627.16
1617.8 5535.86
1617.03 5607.1
1617.38 5625.64
1618.83 5701.56
1619.09 5723.15
1620.04 5763.48
1620.23 5761.96
1620.23 5765.99
1620.39 5679.51
1620.27 5649.22
1620.24 5636.47
1620.21 5599.95
1620.17 5629.25
1620.4 5643.57
1619.71 5683
1621.43 5768.25
1621.16 5796.4
1621.52 5819.9
1621.15 5799.01
1620.63 5799.65
1620.58 5762.19
1620.53 5739.79
1621.21 5745.22
1621.33 5746.52
1621.26 5760.67
1622.82 5789.63
1621.3 5769.52
1621.54 5735.76
1623.79 5750.53
1623.65 5733.63
1624.05 5713.61
1624.26 5671.38
1624.15 5641.52
1624.91 5677.24
1624.72 5650.01
1624.3 5656.19
1625.07 5624.84
1625.06 5614.32
1624.74 5613.58
1624.39 5574.02
1624.43 5540.21
1624.33 5523.02
1624.31 5517.15
1624.32 5510.37
1625 5508.29
1625.63 5517.34
1625.6 5522.98
1626.37 5484.87
1626.45 5502.96
1626.67 5484.02
1626.74 5483.22
1626.65 5468.6
1627.15 5455.62
1627.11 5454.75
1626.69 5456.07
1625.05 5420.46
1623.91 5436.56
1623.93 5448.03
1623.85 5396.25
1624.05 5453.77
1624.23 5488.48
1623.19 5518.12
1623.06 5575.01
1623.52 5594.34
1623.37 5579.54
1623.35 5560.96
1623.86 5571.27
1622.01 5600.31
1621.21 5635.8
1621.81 5664.95
1621.5 5688.21
1621.51 5643.88
1621.95 5657.35
1621.76 5646.46
1621.84 5603.95
1621.65 5621.94
1621.68 5627.99
1621.62 5624.01
1621.19 5640.33
1621.3 5640.95
1621.3 5634.51
1619.08 5599.09
1619.37 5577.66
1619.41 5559.79
1619.62 5549.23
1617.71 5554.7
1620.69 5601.74
1621 5595.53
1621.22 5585.05
1621.17 5570.7
1621.03 5546.63
1621 5567.51
1623.85 5672.53
1623.92 5676.03
1623.57 5672.47
1623.32 5669.73
1622.2 5695.43
1621.99 5703.84
1621.35 5681.48
1621.23 5701.4
1621.39 5702.5
1621.11 5704.96
1621.11 5718.94
1620.2 5715.03
1620.21 5626.38
1620.25 5579.68
1620.96 5563.43
1621.27 5577.36
1622.48 5636.73
1622.64 5648.52
1622.26 5649.18
1623.17 5671.33
1623.82 5621.57
1623.88 5596.4
1624.02 5589.96
1623.59 5586.54
1624.26 5599.53
1624.69 5586.83
1626.02 5597.92
1626.09 5597.12
1626.09 5625.21
1628.43 5636.49
1628.56 5638.49
1628.31 5630.91
1628.33 5616.34
1628.18 5609.99
1629.17 5598.52
1629.14 5592.47
1629.74 5593.54
1629.78 5580.56
1631.24 5579.98
1631.11 5621.26
1631.51 5601.85
1631.6 5616.21
1631.4 5609.38
1631.38 5643.23
1631.52 5638.96
1631.05 5637.53
1631.19 5643.95
1631.32 5650.5
1631.03 5666.45
1631.17 5660.87
1630.95 5617.73
1631.58 5608.61
1631.76 5598.78
1631.8 5592.71
1631.78 5596.23
1631.51 5618.13
1631.54 5631.14
1631.63 5643.25
1631.28 5653.34
1630.88 5758
1631.06 5784.42
1630.07 5805.34
1629.46 5844.93
1629.61 5912.64
1632.51 6022.62
1632.49 6043.74
1632.41 6046.04
1632.4 6018.98
1632.35 6006.72
1632.37 5985.48
1631.39 5978.55
1632.03 5980.83
1631.14 5960.63
1631.16 5961.53
1631.19 5952.5
1631.14 5947.54
1634.02 5982.72
1634.36 5977.4
1634.39 5978.56
1634.47 5971.65
1634.22 5974.2
1633.81 5971.1
1633.37 5940.32
1636.09 5934.55
1638.49 5986.42
1638.54 5983.63
1638.53 5979.73
1640.45 6031
1640.52 6048.75
1640.86 6038.48
1641.59 6053.36
1641.61 6052.95
1641.68 6067.21
1641.68 6084.78
1641.58 6101.38
1641.04 6137.19
1641 6119.21
1641.69 6101.63
1641.92 6108.68
1642.16 6116.13
1642.08 6126.73
1642.01 6136.03
1641.29 6116.42
1641.29 6111.71
1641.36 6122.86
1641.02 6070.33
1640.76 6045.33
1640.66 6012.29
1641.07 5986.27
1641.7 5989.22
1641.14 6002.88
1641.2 6024.52
1641.58 6039.45
1641.54 6052.33
1641.38 6061.12
1642.37 6066.9
1642.37 6072.86
1642.36 6077.12
1642.58 6087.01
1641.35 6075.42
1641.46 6024.93
1641.93 6011.13
1641.85 6016.96
1642.28 6008.19
1642.6 6040.25
1643.09 6019.06
1643.17 6017.23
1643.08 6016.73
1643.33 6052.95
1643.44 6083.28
1644.01 6100.58
1644.16 6096.96
1644.22 6086.49
1644.22 6094.03
1644.09 6087.08
1644.1 6076.08
1644.03 6070.12
1643.92 6068.91
1643.08 6068.73
1642.96 6066.52
1643.31 6057.83
1643 6053.49
1643.04 6045.22
1643.02 6051.68
1642.5 6047.36
1641.35 5953.86
1642.37 5884.23
1641.67 5865.09
1641.21 5852.49
1641.31 5805.85
1641.29 5774.99
1641.38 5747.98
1641.48 5731.71
1641.63 5738.37
1640.96 5745.26
1640.75 5740.38
1640.8 5739.42
1640.8 5742.32
1641.25 5754.68
1641.08 5760.39
1640.73 5773.3
1640.71 5776.36
1640.77 5781.12
1638.91 5807.51
1639.11 5812.03
1638.88 5796.93
1639.02 5789.15
1639.01 5802.63
1639.11 5795.78
1637.29 5738.79
1637.25 5760.86
1638.43 5742.5
1638.23 5705.35
1637.76 5717.63
1637.52 5727.73
1636.76 5700.14
1637.23 5687.23
1636.78 5692.02
1637.57 5695.22
1637.49 5688.43
1637.35 5715.51
1637.48 5735.73
1637.65 5750.3
1637.58 5774.59
1637.54 5777.82
1638.07 5779.46
1638.14 5776.52
1638.11 5783.07
1637.94 5787.17
1638.13 5783.64
1637.43 5764.31
1637.35 5749.99
1637.02 5758.02
1637.08 5765.63
1636.75 5778.83
1638.94 5777.09
1638.94 5742.97
1638.9 5731.4
1638.87 5737.42
1636.96 5739.84
1637.75 5768.65
1637.87 5784.87
1638.06 5793.09
1638.37 5807.94
1638.09 5793.6
1638.51 5797.22
1638.47 5798.84
1639.1 5812.46
1639.24 5837.39
1638.86 5844.31
1638.58 5837.03
1638.59 5834.94
1639.3 5849.32
1639.43 5853.91
1639.79 5857.11
1640.55 5875.42
1640.26 5879.4
1639.72 5891.56
1639.6 5891.75
1639.79 5883.42
1639.63 5886.14
1639.65 5883.35
1641.09 5896.82
1641.81 5889.23
1640.33 5918.26
1640.58 5889.47
1639.77 5928.82
1640.21 6021.22
1640.16 6018.44
1640.16 6004.19
1640.3 6014.93
1640.39 6028.54
1639.48 6019.39
1638.83 6016.53
1638.66 6034.81
1638.72 6016.31
1639.23 6023.93
1638.93 6078.52
1639 6108.83
1638.99 6122.31
1642.51 6169.31
1642.46 6166.16
1642.63 6136.98
1643.08 6134.32
1643.4 6142.61
1643.66 6127.63
1643.14 6156.28
1642.79 6183.95
1642.78 6198.94
1642.8 6204.82
1643.4 6199.4
1643.26 6200.61
1643.2 6198.72
1642.99 6190.77
1648.85 6189.07
1647.41 6076.79
1647.09 6047.54
1647.4 6007.9
1648.54 6027.52
1648.66 6029.5
1648.55 6008.28
1648.09 6002.49
1648.12 5993.61
1647.79 5984.51
1646.05 5948.43
1646.2 5926.48
1646.21 5915.62
1646.13 5910.16
1646.1 5911.36
1646.1 5906.64
1646.04 5903.27
1646.61 5912.54
1645.81 5971.05
1647.95 6039.84
1648.44 6061.63
1648.7 6080.73
1648.23 6107.69
1648.17 6124.3
1649.7 6147.4
1649.63 6163.1
1650 6176.53
1650.13 6168.05
1652.74 6219.13
1652.18 6257.76
1651.95 6261.39
1651.96 6254.38
1653.95 6265.96
1653.57 6262.04
1653.31 6255.5
1653.47 6237.46
1653.61 6230.1
1653.97 6220.14
1653.9 6203.22
1653.89 6202.36
1653.98 6212.06
1653.36 6189.68
1652.45 6219.92
1652.15 6241.85
1652.24 6249.93
1652.29 6251.43
1651.94 6254.21
1651.51 6276.99
1651.92 6272.91
1651.56 6288.66
1651.45 6303.91
1651.34 6278.75
1651.4 6272.45
1651.13 6272.87
1651.11 6267.2
1651.21 6265.51
1651.86 6282.26
1651.87 6294.68
1652.52 6227.61
1652.62 6225.06
1652.01 6236.88
1652.1 6250.06
1652.93 6256.31
1652.75 6253.77
1652.75 6253.98
1652.99 6280.1
1652.04 6323.88
1651.82 6330.99
1651.69 6337.02
1651.8 6315.82
1651.69 6301.24
1651.72 6293.26
1651.59 6319.13
1652.09 6342.26
1652.69 6331.71
1652.76 6326.12
1652.66 6314.69
1652.84 6296
1651.3 6308.41
1651.3 6279.9
1651.34 6252.09
1651.42 6231.7
1651.49 6187.42
1651.28 6179.03
1651.36 6155.43
1651.14 6250.28
1651.27 6273.68
1650.74 6256.47
1651.02 6257.78
1651.4 6271.42
1651.78 6282.2
1652.58 6355.96
1652.73 6431.93
1652.5 6520.89
1652.4 6516.43
1653.9 6541.47
1654.52 6566.78
1654.04 6604.11
1654.37 6636.24
1654.29 6615.66
1654.56 6650.87
