118.356 0
281.992 0
312.586 3.18016
312.624 4.33523
383.734 4.33523
397.23 4.33523
537.315 16.6267
586.534 17.1096
609.959 17.0268
633.564 17.0268
671.249 17.0268
687.65 17.1386
688.755 17.1386
718.163 17.1386
725.158 17.1386
725.049 15.6621
727.744 15.5899
745.591 15.7646
753.908 24.2452
806.168 27.2011
869.971 56.7935
991.32 169.856
990.047 152.49
993.845 148.639
996.937 154.467
1126.11 1482.51
1126.16 1031.57
1158.77 913.81
1143.73 930.357
1200.33 840.738
1207.85 847.844
1210.74 823.266
1241.8 805.985
1263.7 726.414
1263.13 673.993
1264.56 659.104
1280.38 702.1
1302.99 665.975
1305.05 676.538
1309.36 720.831
1339.14 6018.08
1366.15 4830.14
1369.45 4128.74
1378.82 3995.74
1378.42 3753.66
1376.73 3650.83
1404.51 3504.83
1414.31 3413.22
1414.07 3272.8
1411.21 3179.83
1408.66 3180.51
1408.74 3117.58
1409.85 3053.96
1438.98 3019.13
1464.62 2960.52
1469.62 2908.63
1495.41 5388.12
1495.08 4621.58
1501.58 4337.34
1546.64 4439.25
1564.13 4367.14
1594.6 4368.84
1595.45 4395.79
1621.72 4373.63
1621.85 4352.95
1622.59 4552.95
1668.02 4513.2
1667.69 4370.15
1668.31 4287.87
1679.8 4207.58
1680.51 4151.59
1678.31 4109.58
1683.4 4103.58
1684.57 4098.71
1687.68 4101.63
1707.33 4309.81
1706.33 4411.65
1705.78 4422.5
1655.54 4449.36
1654.93 4223.71
1654.86 4107.82
1670.75 4167.43
1670.41 4113.65
1674.89 4103.83
1666.37 4083.3
1665.78 4242.46
1665.59 4278.84
1669.79 4311.54
1716.54 4952.32
1712.1 4430.11
1707.58 4335.74
1707.21 4337.33
1723.25 4262.92
1733.65 4825.21
1737.38 4588.96
1737.51 4451.53
1749.26 4546.04
1747.15 4469.84
1745.37 4456.42
1745.38 4457.28
1746.1 4463.21
1746.78 4418.99
1750.94 4320.9
1752.87 4296.81
1753.29 4272.78
1753.39 4252.27
2032.35 17954
2055.09 15794
2056.86 12170.8
2055.43 12263.4
2054.87 10796.4
2056.96 10322.8
2056.96 10019.9
2058.32 9811.14
2073.29 9776.96
2071.89 9566.59
2071.79 9320.84
2088.98 8961.93
2091.15 8753
2090.92 8566.62
2091.34 8436.02
2090.04 8228.43
2096.5 8094.73
2101.84 7991.35
2104.83 7898.41
1909.91 7687.93
1915.26 5951.16
1909.41 5439.14
1908.12 5588.1
1908.32 5717.85
1909.37 5628.64
1908.49 5589.51
1910.01 5555.54
1911.5 5535.05
1911.53 5515.7
1906.01 5522.82
1906.6 5428.26
1906.48 5383.97
1908.4 5328.7
1905.39 5327.45
1906.24 5294.22
1906.54 5323.76
1899.58 5305.81
1899.99 5354.1
1899.96 5307.33
1900.04 5293.95
1903.02 5364.49
1902.79 5386.89
1902.93 5367.28
1907.66 5354.65
1907.56 5312.45
1907.97 5278.93
1907.35 5198.28
1905.95 5150.75
1904.91 5117.5
1904.7 5053.93
1904.53 5130.59
1883.65 5088.12
1882.18 5194.81
1880.69 4780.1
1879.59 4596.74
1882.23 4578.91
1882.78 4559.84
1882 4578.69
1882.27 4590.17
1882.4 4600.79
1882.41 4610.75
1882.3 4610.09
1879.85 4578.43
1877.01 4652.84
1876.71 4584.72
1880.99 4546.3
1879.92 4483.59
1878.9 4441.06
1873.06 4398.43
1872.88 4386.13
1872.6 4365.95
1872.29 4347.04
1872.32 4353.81
1873.98 4363.39
1874.04 4430.61
1874.03 4475.5
1873.68 4485.95
1875.64 4476.43
1875.98 4474.33
1876.01 4473.41
1875.24 4456.69
1875.39 4453.2
1874.95 4452.7
1874.53 4487.98
1874.3 4442.32
1874.45 4443.5
1874.86 4443.09
1872.94 4452.64
1870.75 4463.98
1872.11 4463.93
1870.65 4540.41
1871.22 4539.31
1870.51 4520.86
1869.75 4470.51
1866.96 4436.93
1866.35 4431.32
1864.7 4425.7
1864.69 4435.93
1864.44 4432.44
1866.17 4413.21
1866.36 4407.92
1867.02 4418.55
1866.98 4414.42
1866.08 4455.88
1866.43 4456.52
1866.08 4457.24
1867.34 4462.01
1868.05 4465.82
1868.69 4473.46
1868.16 4465
1868.2 4447.14
1867.05 4449.66
1859.13 4419.19
1859.97 4410.35
1860.21 4417.39
1860.08 4431.93
1859.55 4437.76
1860.6 4437.65
1861.18 4423.75
1861.17 4427.06
1860.94 4429.68
1860.16 4417.94
1860.86 4425.3
1861.25 4426.1
1861.44 4429.55
1856.65 4406.42
1859.48 4371.57
1859.31 4364.67
1859.55 4393.75
1859.16 4418.71
1859.2 4442.52
1858.66 4476.51
1858.87 4512.52
1859.07 4519.08
1857.47 4450.75
1857.41 4419.78
1857.24 4431.98
1856.86 4443.58
1855.87 4570.42
1856.39 4481.47
1856.35 4479.14
1855.84 4467.2
1855.61 4472.74
1861.6 4603.71
1861.62 4585.85
1861.44 4602.4
1861.91 4621.95
1861.84 4632.97
1862.89 4645.94
1863.48 4664.29
1861.27 4760.15
1861.31 4765.92
1861.78 4769.82
1863.89 4780.28
1863.84 4789.53
1863.78 4791.01
1863.68 4795.01
1864.7 4785.8
1864.91 4812.71
1864.53 4815.07
1865.37 4787.22
1865.1 4748.38
1865.2 4748.34
1864.93 4754.65
1864.58 4729.38
1864.73 4734.97
1867.27 4790.68
1867.31 4796.73
1867.13 4808.17
1865.75 4816.85
1865.71 4827.43
1867.92 4837.47
1867.88 4828.61
1868.08 4827.13
1868.52 4814.77
1868.56 4807.14
1868.36 4826.16
1868.57 4765.85
1868.9 4749.7
1869.66 4739.03
1869.46 4742.45
1869.51 4745.64
1869.39 4752.53
1868.93 4760.65
1868.91 4757.77
1872.92 4759.58
1872.89 4764.39
1872.6 4767.77
1872.71 4767.34
1873.89 4784.9
1870.74 4807.53
1870.57 4818.3
1870.36 4819.64
1871.78 4787.53
1871.73 4776.98
1871.56 4781.75
1869.7 4751.28
1868.77 4692.72
1868.88 4643.32
1868.73 4629.03
1867.66 4625.06
1868.22 4597.53
1868.28 4587.97
1869.57 4595.17
1870.22 4592.03
1870.23 4586.61
1869.89 4598.51
1870.61 4589.79
1870.27 4555.44
1870.06 4553.88
1869.99 4570.77
1870.29 4561.14
1870.71 4559.65
1871.21 4549.27
1871.14 4546.33
1871.6 4565.63
1872.45 4573.47
1870.3 4540.17
1869.71 4513.76
1869.62 4513.01
1869.29 4512.95
1867.3 4511.89
1867.53 4515.38
1867.45 4510.86
1867.46 4504.79
1867.38 4495.18
1867.29 4491.04
1866.98 4493.91
1866.83 4492.32
1867.59 4488.84
1867.65 4504.97
1867.23 4513.52
1867.26 4523.76
1868.34 4525.9
1867.16 4518.42
1866.93 4491.54
1866.56 4486.71
1867.19 4481.63
1867.5 4476.22
1867.77 4455.83
1867.65 4474.88
1868.23 4465.95
1868.1 4462.33
1868.69 4444.99
1868.26 4442.06
1868.25 4439.89
1868.05 4429.71
1867.64 4434.9
1867.66 4427.89
1867.28 4412.7
1867.7 4410.19
1867.7 4415.22
1867.93 4411.24
1867.97 4412.04
1868.09 4392.5
1868.09 4390.86
1867.25 4385.41
1867.41 4400.75
1867.34 4413.79
1866.65 4411.49
1866.6 4391.68
1866.17 4382.01
1866.95 4372.22
1867.04 4365.33
1867.42 4366.1
1867.68 4385.71
1868.67 4407.43
1868.87 4432.14
1870.22 4419.05
1870.19 4425
1869.82 4442.52
1870.77 4466.59
1870.49 4445.45
1866.41 4441
1864.85 4439.17
1865.09 4430.37
1865.02 4423.53
1865.2 4417.82
1865.48 4418.6
1865.09 4398.62
1867.93 4402.54
1867.87 4433.79
1867.85 4443.52
1867.35 4453.24
1867.77 4426.38
1866.65 4446
1866.64 4457.15
1866.44 4450.61
1866.4 4448.31
1866.08 4450.12
1866.15 4422.45
1866.12 4446.47
1866.64 4457.67
1866.71 4454.89
1866.41 4455.79
1866.18 4450.13
1865.82 4450.67
1865.95 4445.7
1865.94 4445.46
1865.94 4457.73
1865.38 4454.27
1866.24 4482.8
1866.28 4502.96
1866.86 4500.06
1866.5 4490.89
1865 4551.05
1865 4602.84
1865.12 4647.64
1864.96 4678.03
1865.47 4715.71
1863.7 4698.85
1863.76 4721.13
1858.03 4679.63
1858.53 4688.75
1858.22 4692.76
1857.21 4711.96
1857.43 4728.06
1857.46 4744.66
1856.36 4767.05
1856.75 4800.07
1855.8 4821.39
1855.55 4829.69
1854.78 4823.5
1855.22 4834.18
1856.36 4834.52
1858.15 4797.08
1859.05 4742.63
1858.85 4716.93
1858.63 4704.35
1858.6 4704.15
1858.07 4699.59
1858.03 4704.22
1856.39 4673.72
1856.5 4691.09
1855.2 4715.19
1855.09 4716.49
1854.15 4715.36
1854.62 4711.22
1854.51 4705.01
1856.15 4695.28
1858.71 4697.62
1857.62 4680.63
1857.55 4683.9
1858.17 4690.94
1858.67 4713.95
1858.8 4715.9
1858.86 4711.74
1858.85 4714.84
1859.61 4717.73
1859.64 4716.86
1859.5 4610.09
1858.68 4600.19
1857.33 4578.24
1857.41 4581.24
1856.83 4588.68
1856.77 4598.93
1856.88 4601.47
1855.76 4590.85
1855.72 4577.9
1856.95 4548.4
1856.97 4507.86
1857.06 4501.98
1856.85 4514.78
1856.55 4503.31
1856.54 4501.9
1856.54 4496.56
1856.56 4493.46
1856.42 4490.86
1856.2 4487.99
1856.2 4492.91
1856 4492.46
1856.98 4511.34
1857.16 4526.88
1857.21 4536.7
1856.91 4547.31
1858.44 4567.95
1858.1 4562.88
1858.1 4565.29
1858.32 4574.42
1858.4 4575.4
1858.42 4574.29
1858.19 4574.36
1858.22 4575.63
1858.09 4573.84
1858.24 4587.63
1858.77 4594.08
1858.33 4584.98
1857.55 4589.19
1860.14 4579.86
1860.33 4577.56
1860.37 4579.96
1860.59 4568.29
1861.87 4571.77
1862.68 4567.91
1863.01 4553.94
1864.13 4568.67
1861.83 4572.05
1862.3 4588.13
1861.83 4596.68
1861.45 4607.23
1861.7 4612.62
1861.84 4624.49
1861.23 4627.28
1860.75 4632.83
1861.17 4637.98
1861.3 4639.17
1861.31 4636.9
1863.03 4600.24
1861.73 4587.7
1860.95 4594.12
1861.14 4604.84
1860.71 4611.54
1860.66 4612.88
1860.68 4602.02
1860.18 4589.92
1860.36 4603.68
1860.52 4613.49
1859.83 4613.26
1860.09 4624
1865.6 4907.19
1865.23 4902.49
1865.03 4896.14
1864.47 4893.63
1865.04 4886.75
1865.54 4940.57
1863.1 4876.43
1863.1 4894.39
1862.41 4874.9
1862.18 4864.57
1862.05 4890.27
1862.82 4896.84
1863.29 4896.57
1863.02 4881.56
1862.47 4887.09
1866.67 4882.21
1866.81 4876.38
1866.64 4865.75
1866.52 4871.94
1866.68 4842.37
1864.49 4842.91
1865.06 4851.71
1865.22 4850.13
1864.33 4892.84
1864.37 4887.23
1864.41 4884.96
1865.54 4890.39
1865.19 4891.63
1863.63 4898.72
1864.38 4918.5
1864.38 4930.89
1864.5 4937.84
1864.35 4936.51
1864.39 4969.61
1864.76 4995.05
1864.95 5008.37
1865.05 5009.99
1863.66 5065.45
1863.69 5090.42
1864.03 5101.58
1862.74 5074.35
1862.55 5052.87
1862.4 5048.21
1862.38 5055.63
1862.25 5073.66
1862.84 5077.5
1862.38 5090.07
1860.55 5111.08
1859.87 5143.53
1860 5153.97
1859.07 5159.46
1858.89 5172.64
1859.37 5191.71
1859.33 5206
1859.49 5227.58
1859.71 5252.02
1859.9 5268.97
1860.18 5264.62
1859.46 5255.65
1860.06 5256.82
1860.31 5243.93
1861.53 5235.53
1861.51 5237.97
1861.64 5232.13
1861.04 5216.57
1861.35 5226.71
1861.18 5222.75
1861.11 5221.36
1861.8 5240.11
1861.83 5260.04
1859.5 5231.17
1859.5 5234.3
1857.99 5216.19
1857.89 5201.04
1857.54 5176.83
1857.58 5156.04
1857.46 5142.31
1857.57 5134.83
1857.59 5132.5
1857.84 5130.97
1858.13 5132.09
1858.13 5136.64
1858.1 5134.77
1858.29 5132
1858.19 5143.67
1859.12 5129.51
1859.74 5100.67
1860.93 5129.27
1860.98 5135.52
1861.28 5131.63
1861.27 5134.99
1861.36 5129.64
1861.98 5129.05
1861.99 5124.94
1862.12 5129.56
1862.09 5136.07
1860.37 5117.83
1859.46 5110.72
1859.47 5102.87
1858.77 5079.44
1858.69 5078.92
1858.56 5100.22
1858.23 5120.59
1857.67 5159.29
1857.79 5149.01
1858.15 5145.33
1858.28 5136.04
1857.23 5132.74
1857.14 5128.33
1857.21 5136.91
1858.74 5176.59
1857.94 5158.5
1857.2 5165.77
1857.15 5199.21
1856.79 5180.48
1856.29 5136.22
1856.36 5116.63
1856.23 5097.71
1856.36 5077.46
1856.04 5069.01
1856.28 5085.86
1856.5 5080.83
1855.93 5082.8
1855.89 5080.19
1855.63 5087.1
1855.65 5080.86
1855.84 5084.48
1855.6 5087.26
1855.99 5098.45
1857.36 5070.06
1857.35 5073.97
1857.46 5074.42
1857.31 5083.61
1857.25 5083.95
1857.91 5107.45
1857.95 5123.63
1857.72 5117.49
1858.01 5110.52
1857.21 5101.43
1854.63 5052.28
1854.67 5056.26
1854.61 5055.97
1854.63 5068.16
1854.7 5069.36
1854.74 5059.91
1855.26 5072.71
1855.39 5079.16
1855.55 5074.73
1856.87 5076.05
1857.26 5065.04
1857.14 5058.04
1857.34 5056.02
1857.25 5054.06
1857 5054.62
1856.81 5054.15
1856.69 5064.83
1856.95 5070.63
1856.7 5079.45
1856.7 5078.95
1856.2 5071.52
1856.15 5072.9
1857.4 5072.52
1857.45 5076.21
1857.56 5065.54
1857.73 5063.78
1857.72 5059.64
1857.17 5066.53
1857.49 5064.34
1857.11 5076.84
1857.16 5075.45
1857.38 5074.36
1857.29 5073.42
1857.94 5078.54
1858.3 5084.18
1857.88 5091.58
1857.91 5087.64
1857.16 5083.04
1857.21 5081.01
1857.28 5088.23
1857.31 5087.36
1856.33 5056.38
1857.12 5036.31
1856.52 5054.04
1856.72 5054.05
1852.56 5052.05
1852.84 5042.82
1852.92 5034.82
1852.61 5026.8
1852.72 5018.92
1852.83 5006.78
1852.84 5016.74
1852.84 5012.24
1851.24 5023.06
1852.04 5018.73
1852.3 5040.06
1851.68 5054.08
1851.48 5009.87
1851.14 5034.66
1850.82 5057.02
1850.34 5054.42
1849.93 5056.52
1850 5061.48
1849.79 5063.35
1849.98 5060.83
1850.02 5037.67
1850.76 5060.47
1851.14 5071.5
1851.32 5074.22
1851.19 5074.19
1853.05 5100.91
1851.48 5133.96
1851.28 5125.44
1850.65 5158.3
1850.58 5161.89
1850.32 5154.05
1850.43 5156.85
1850.67 5160.98
1850.89 5149.7
1856.19 5175.55
1856.3 5182.26
1856.32 5183.4
1857.26 5194.75
1857.01 5190.57
1857.87 5205.29
1857.97 5214.43
1857.54 5219.78
1857.11 5239.51
1857.1 5224.52
1857.15 5205.91
1857.13 5201.49
1857.81 5206.92
1857.92 5210.25
1858.05 5213.32
1857.66 5208.17
1857.41 5210.73
1858.39 5215.73
1858.56 5222.07
1858.98 5254.64
1858.64 5281.42
1858.67 5282.8
1859.47 5333.69
1859.83 5331.15
1859.72 5310.76
1859.69 5295.58
1859.55 5255.02
1859.54 5267.35
1860.36 5202.71
1860.89 5201.46
1860.64 5200.43
1861.54 5228.73
1861.61 5230.4
1861.8 5233.19
1862.34 5246.72
1862.41 5261.33
1862.43 5269.01
1862.89 5267.67
1862.85 5267.78
1862.85 5270.39
1862.25 5287.83
1863.3 5326.38
1863.3 5333.14
1863.31 5334.55
1863.55 5341.96
1863.83 5349
1863.28 5355.66
1863.33 5349.06
1863.78 5354.82
1864.04 5364.36
1863.69 5366.92
1863.75 5372.88
1863.49 5365.26
1863.65 5373.13
1863.65 5378.2
1863.15 5383.41
1863.14 5383.94
1864.27 5389.36
1864.28 5401.59
1864.32 5406.81
1864.14 5412.98
1864.4 5419.13
1864.33 5424.23
1864.46 5426.45
1864.63 5431.2
1864.57 5432.62
1864.64 5433.9
1864.78 5445.16
1863.66 5423.89
1863.24 5405.78
1863.27 5400.14
1862.56 5377.4
1862.61 5363.07
1863.17 5359.73
1863.26 5365.4
1862.9 5385.07
1862.99 5399.56
1863.81 5368.39
1864.46 5402.46
1864.45 5361.93
1864.37 5370.94
1864.45 5376.92
1864.55 5376.5
1864.51 5369.57
1864.72 5362.94
1864.7 5359.59
1864.88 5350.78
1864.93 5343.31
1864.97 5337.22
1865.09 5332.13
1864.91 5299.09
1864.93 5301.31
1864.99 5276.5
1864.77 5271.52
1865.45 5269.67
1865.73 5299.3
1866.16 5301.75
1865.73 5284.46
1865.51 5285.95
1865.81 5301.57
1868.53 5397.96
1868.8 5408.39
1869.19 5428.81
1869.2 5427.42
1869.49 5431.64
1869.11 5460.98
1869.45 5465.17
1869.46 5464.48
1869.13 5471.47
1869.38 5491.16
1869.42 5495.99
1869.41 5500.58
1869.42 5503.25
1869.5 5518.43
1867.67 5555.26
1863.75 5561.9
1864.32 5569.41
1864.11 5594.25
1864.09 5596.32
1864.21 5609.57
1864.24 5640.03
1864.15 5658.8
1864.25 5650.32
1864.41 5605.51
1864.08 5589.11
1865.65 5616.32
1865.38 5632.57
1865.36 5674.07
1865.5 5667.94
1865.1 5663.69
1865.85 5664.95
1864.93 5653.48
1864.95 5659.08
1865.17 5617.33
1865.27 5597.39
1865.2 5594.98
1865.14 5576.66
1865.3 5559.77
1864.09 5556.33
1863.38 5541.85
1863.24 5527.15
1863 5542.99
1862.97 5559.88
1862.83 5571.58
1862.9 5565.43
1862.72 5548.24
1863.36 5529.34
1862.63 5497.15
1863.51 5523.44
1863.4 5521.49
1863.37 5522.64
1862.86 5490.17
1862.91 5473.7
1861.56 5450.43
1861.5 5425.22
1861.43 5418.88
1863.39 5375.74
1863.5 5364.61
1863.45 5366.84
1863.58 5368.87
1863.63 5367
1863.72 5360.09
1863.93 5343.72
1863.88 5336.66
1863.92 5324.89
1863.73 5336.03
1863.45 5331.66
1863.38 5326.61
1860.87 5307.06
1860.84 5322.22
1860.43 5324.95
1860.6 5310.42
1860.16 5317.81
1860.19 5320.78
1860.28 5315.23
1860.62 5308.63
1861.45 5307.79
1861.58 5296.46
1861.27 5310.51
1861.01 5304.97
1861.01 5302.94
1861.56 5320.2
1861.62 5319.81
1861.66 5323.31
1862.17 5332.74
1862.19 5335.03
1862.17 5342.51
1862.4 5353.61
1862.42 5355.92
1862.41 5352.15
1862.35 5330.48
1863.78 5340
1863.75 5338.02
1863.69 5344.25
1863.83 5352.07
1863.68 5367.57
1863.67 5378.9
1863.6 5388.68
1863.38 5385.8
1863.45 5391.85
1863.45 5411.57
1863.36 5415.75
1863.08 5426.87
1863.36 5427.64
1863.59 5434.84
1863.61 5431.99
1863.74 5428.29
1863.67 5426.15
1863.74 5421.04
1863.75 5419.14
1863.59 5420.49
1863.59 5420.44
1863.43 5421.22
1863.53 5423.05
1863.42 5420.52
1863.27 5464.36
1862.65 5463.25
1862.79 5450.98
1862.65 5469.35
1862.47 5492.33
1862.16 5508.85
1862.16 5523.04
1861.88 5531.57
1862.04 5542.34
1862 5526.59
1861.97 5521.98
1862.03 5541.77
1861.76 5536.12
1861.81 5517.79
1861.77 5514.62
1861.3 5517.25
1860.98 5520.39
1861.36 5517.76
1861.08 5518.88
1861.16 5525.3
1861.14 5528.57
1860.96 5513.11
1860.91 5495.91
1860.92 5501.54
1861.12 5514.06
1861.14 5516.27
1861.14 5517.49
1861.27 5522.67
1861.14 5529.43
1861.26 5534.14
1861.84 5544.9
1862.85 5556.12
1862.89 5558.8
1863.67 5581.21
1863.38 5584
1863.3 5579.36
1863.3 5575.2
1862.65 5577.82
1862.65 5577.9
1866.54 5577.82
1866.53 5589.53
