57.5025 0
272.812 1.80671
376.574 4.50316
457.705 5.02452
459.632 5.02452
464.144 5.02452
485.85 5.02452
646.518 20.1049
658.395 19.2669
658.724 18.9965
682.186 18.8608
715.074 18.7786
722.524 18.7389
741.91 18.6993
788.755 20.0797
788.844 20.0386
821.104 21.2314
861.219 21.9983
932.594 33.1405
948.598 34.4649
946.433 34.5968
957.194 144.398
958.988 137.909
962.309 146.814
964.917 156.057
973.178 166.92
991.279 174.017
993.363 250.027
993.511 259.007
1003.33 273.452
1005.2 379.062
1006.09 270.937
1004.93 286.971
1011.31 299.653
1055.5 308.531
1054.87 305.388
1080.99 297.081
1093.36 303.149
1109.93 301.99
1116.01 301.13
1120.75 300.277
1125.33 236.817
1136.88 401.432
1135.5 488.361
1133.64 481.859
1134.82 476.468
1143.2 464.424
1144.44 472.85
1201.65 268.804
1215.49 314.859
1219.57 330.208
1224.31 334.406
1222.84 341.548
1222.67 346.768
1243.74 339.536
1298.79 614.282
1263.06 734.173
1267.35 1109.24
1307.48 1377.64
1339.27 1418.03
1344.17 1377.82
1342.92 1375.1
1345.2 1271.7
1346.68 1236.91
1357.26 1191.85
1360.34 1169.61
1443.1 5696.36
1443.52 4663.95
1461.53 3336.13
1461.55 2962.61
1461.92 2914.9
1497.28 2887.51
1533.38 3189.31
1532.84 3331.29
1532.91 3360.45
1525.79 3525.76
1528.5 3593.87
1537.65 3553.42
1536.52 3488.12
1542.77 3482.03
1543.12 3461.88
1545.85 3454.2
1544.3 3437.51
1544.05 3423.71
1549.68 3471.68
1551.03 3536.12
1547.74 3638.51
1555.99 3688.14
1555.78 3676.66
1551.35 3727.97
1551.16 3785.52
1549.09 3801.52
1549.58 3808.8
1546.63 3858.73
1545.05 3956.05
1556.56 4006.96
1556.38 4045.98
1560.63 4088.84
1560.55 4107.56
1600.75 4172.29
1590.69 4204.38
1592.26 4263.06
1592.23 4151.53
1592.13 4150.55
1591.99 4152.39
1598.18 4144.72
1594.04 4136.29
1592.77 4318.95
1590.82 4325.99
1591.41 4385.47
1591.75 4406.12
1592.92 4444.63
1579.82 4592.26
1576.3 4656.41
1580.44 4679.16
1578.6 4742.18
1579.66 4840.76
1597.67 4935.33
1597.15 5012.6
1602.31 5108.27
1600.81 5096.12
1600.69 5147.01
1601.61 5184.89
1599.64 5161.15
1605.91 5250.84
1607.72 5165.6
1606.78 4930.72
1610.28 4918.66
1609.29 4798.55
1608.55 4773.35
1584.67 4545.6
1583.44 4631.94
1586.26 4681.43
1586.23 4681.92
1588.81 4694.93
1585.17 4772.57
1590.39 4812.48
1590.35 4832.99
1590.38 4796.06
1591.87 4813.46
1584.95 4921.81
1585.11 4911.51
1590.4 4909.15
1590.39 4907.26
1589.89 4858.62
1589.97 4829.33
1595.11 4796.13
1598.49 4742.48
1599.73 4922.1
1599.52 5103.83
1602.14 5094.1
1595.87 5066.24
1592.82 5112.09
1562.05 4993.15
1561.96 5004.83
1562.28 5032.29
1566.8 5144.12
1567.19 5167.24
1567.86 5157.42
1565.46 5100.91
1565.87 5082.37
1555.96 6190.79
1559.7 6158.06
1559.52 6127.16
1559.24 6044.09
1559.22 5992.24
1558.82 5953.93
1560.68 5929.73
1559.91 5881.97
1560.19 5880.36
1557.74 6158.76
1558.07 6221.43
1561.9 6173.44
1561.86 6100.02
1559.16 5930.31
1558.99 5895.2
1559.09 5843.67
1551.8 5980.87
1551.61 5922.37
1548.76 5937.83
1547.3 6061.27
1547.88 6098.5
1547.88 6058.13
1549.06 6127.02
1548.95 6090.71
1549.45 6095.47
1549.29 6086.31
1531.15 6101.41
1531.59 6042.35
1531.17 6063.94
1530.74 6088.35
1522.22 6298.38
1522.68 6317.58
1523.72 6372.52
1529.55 6425.62
1530.39 6467.91
1527.25 6525.47
1526.91 6546.15
1526.55 6588.61
1521.61 6607.49
1522.41 6701.02
1522.2 6663.86
1522.43 6696.44
1523.88 6716.85
1523.31 6718.42
1523.17 6772.61
1523.67 6750.24
1523.2 6746.76
1518.49 6883.05
1518.13 6952.62
1519.98 6933.97
1519.37 6893.38
1519.25 6856.02
1520.38 6820.56
1520.96 6784.28
1520.61 6764.14
1520.93 6716.55
1520.81 6660.95
1521.17 6604.69
1518.64 6600.29
1518.59 6565.05
1519.29 6543.57
1521.65 6561
1521.7 6582.22
1520.87 6627.88
1520.4 6640.62
1520.22 6653.51
1520.27 6635.32
1520.43 6620.73
1520.94 6672.19
1520.85 6690.39
1520.96 6695.47
1521.7 6740.94
1526.62 6768.49
1526.84 6796.91
1526.23 6820.83
1527.05 6800.19
1527.08 6792.38
1524.43 6821.68
1524.47 6833.74
1526.48 6852.2
1525.67 6886.54
1527.54 6939.23
1527.92 6951.82
1526.5 6974.92
1526.27 6966.74
1526.26 6939.47
1525.02 6977.73
1525.02 7017.3
1523.87 7046.42
1524.3 7024.13
1524.59 7024.32
1526.06 7026.04
1526.62 7033.06
1527.33 7015.08
1526.18 7031.15
1526.12 7040.12
1525.57 7063.02
1526.19 7062.48
1527.74 7032.75
1527.05 7021.33
1526.92 7009.87
1525.79 6978.87
1526.51 6965.47
1528.1 6963.22
1529.46 6940.89
1529.82 6910.23
1533.79 6915.14
1534.98 6930.73
1533.91 6933.95
1533.96 6925.07
1533.86 6947.93
1534.39 6976.14
1534.26 7002.14
1532.27 7011.03
1531.66 7023.69
1532.06 6991.05
1533.73 6983.83
1531.78 6911.81
1530.62 6911.94
1531.96 6936.55
1531.72 6962.7
1531.42 6987.2
1537.29 7022.65
1537.65 7035.76
1537.92 7030.21
1537.75 7024.34
1537.75 7001.63
1537.88 6950
1537.94 6958.57
1537.92 6971.85
1537.86 6953.57
1537.64 6946.48
1537.32 6980.96
1537.04 7039.15
1537.06 7054.7
1535.51 7057.81
1534.86 7074.86
1534.64 7089
1536.13 7096.33
1536.72 7138.05
1536.45 7151.14
1536.45 7153.44
1535.32 7151.15
1535.31 7163.82
1534.47 7172.53
1534.48 7210.71
1533.24 7205.91
1533.05 7202.53
1533.16 7201.64
1534.32 7216.06
1534.4 7243.16
1532.16 7257.15
1531.87 7299.57
1532.54 7292.21
1532.53 7291.73
1532.14 7288.12
1532.17 7305.13
1532.09 7306.7
1531.57 7301.41
1531.87 7285.86
1532.14 7182.77
1534.81 7352.06
1534.26 7308.01
1534.55 7300.23
1534.43 7287.7
1534.31 7263.42
1535.99 7170.2
1535.66 7167.45
1535.77 7155.99
1533.39 7187.88
1533.64 7173.04
1533.9 7186.34
1532.59 7159.08
1532.61 7189.76
1532.67 7199.77
1532.69 7196.14
1532.31 7164.14
1532.76 7151.25
1532.86 7155.82
1532.73 7174.96
1532.87 7183.91
1531.13 7198.36
1531.5 7208.21
1532.97 7221.47
1532.93 7214.28
1533.12 7212.94
1533.16 7224.8
1534.15 7221.78
1534.19 7224.39
1534.11 7221.13
1533.68 7218.13
1533.52 7232.01
1533.58 7198.12
1533.59 7169.07
1533.09 7151.74
1533.09 7128.42
1533.27 7127.23
1534.04 7178.24
1532.94 7169.31
1532.94 7150.74
1533.62 7150.19
1533.55 7100.22
1533.76 7088.13
1533.64 7093.12
1533.27 7107.47
1533.23 7119.43
1533.18 7120.94
1534.77 7117.4
1533.14 7237.83
1534.85 7422.09
1534.83 7481.76
1534.72 7499.16
1536.71 7567.36
1544.25 7696.42
1544.51 7783.16
1544.53 7831.94
1543.01 7878.49
1542.99 7907.39
1544.57 7932.16
1544.59 7946.34
1538.41 8210.21
1538.62 8221.45
1538.46 8235.84
1540.26 8549.51
1539.84 8535.14
1541.94 8483.09
1541.72 8467.74
1541.65 8482.7
1541.61 8480.17
1541.77 8499.57
1541.31 8497.96
1541.76 8469.62
1541.56 8471.69
1541.6 8483.83
1541.6 8495.05
1541.87 8536.42
1541.69 8555.2
1541.37 8574.31
1540.67 8555.09
1540.68 8564.94
1540.47 8598.7
1540.43 8597.12
1540.08 8587.45
1541.4 8509.84
1540.86 8470.14
1540.85 8486.78
1539.6 8498.25
1539.95 8447.28
1539.87 8429.2
1539.88 8419.28
1535.58 8412.14
1535.5 8429.57
1532.25 8489.63
1533.81 8486.66
1529.92 9066.39
1529.89 9204.93
1530.12 9132.36
1529.91 9078.28
1529 8977.15
1528.19 8952.64
1535.28 8826.42
1535.41 8823.81
1535.54 8778.98
1535.53 8780.88
1535.3 8846.1
1535.97 8845.06
1536.32 8841.38
1536.2 8826.69
1536.07 8836.59
1536.14 8853.62
1536.35 8858.03
1536.6 8866.58
1536.83 8871.52
1539.64 8948.75
1539.16 8779.79
1539.33 8879.6
1539.37 8877.03
1539.35 8873.56
1539.48 8877.66
1539.48 8888.4
1541.36 8863.93
1541.45 8819.32
1540.94 8809.12
1540.73 8767.02
1540.36 8766.09
1541.35 8768.91
1541.75 8738.41
1541.75 8751.46
1540.98 8729.06
1541.06 8718.85
1540.8 8717.35
1540.86 8715.56
1540.94 8728.45
1547.81 8658.94
1548.67 8671.8
1548.64 8681.83
1548.86 8666.98
1550.96 8623.38
1550.87 8626.23
1555.57 8640.73
1555.07 8640.06
1555.12 8615.01
1555.34 8607.31
1555.34 8604.67
1555.86 8624.33
1555.89 8640.87
1556.24 8690.65
1556.16 8712.87
1556.31 8719.48
1556.23 8606.01
1556.22 8606.26
1556.02 8657.81
1555.57 8677.33
1555.59 8699.23
1553.75 8670.95
1560.85 8762.8
1565.56 8860.24
1565.51 8917.52
1565.81 8940.48
1565.82 8940.94
1565.81 8939.59
1565.81 8946.81
1565.98 8964.86
1566.79 8961.73
1566.68 8933.05
1566.76 8915.09
1568.37 8930.97
1567.65 8970.83
1569.94 9027.37
1570.48 9020.17
1570.69 9033.02
1570.74 9026.31
1568.16 9168.22
1568.14 9197.83
1567.97 9191.59
1567.82 9180.56
1567.46 9160.49
1567.68 9148.85
1570.44 9144.09
1571.29 9133.03
1571.05 9148.81
1580.19 9257.87
1579.9 9229.52
1579.94 9263.47
1579.94 9321.07
1579.75 9355.04
1579.75 9397.1
1579.72 9386.62
1579.19 9392.94
1581.31 9399.98
1581.48 9401.73
1581.49 9415.05
1581.4 9435.91
1581.76 9435.19
1580.28 9413.7
1580.2 9412.84
1579.96 9410.77
1583.51 9413.12
1582.29 9376.61
1582.64 9368.04
1583.59 9368.1
1583.99 9380.88
1583.6 9403.65
1583.51 9426.35
1581.89 9478.76
1582.27 9476.64
1581.94 9477.05
1581.67 9469.99
1581.76 9459.17
1581.65 9485.31
1582.17 9486.16
1582.29 9479.41
1582.96 9484.84
1583.06 9464.91
1583.52 9445.84
1583.55 9478.24
1585.36 9437.72
1585.41 9477.47
1585.42 9486.81
1585.93 9486.48
1586.34 9468.46
1587.74 9474.64
1587.73 9455.54
1587.62 9439.04
1587.51 9440.97
1576.25 9489.52
1575.71 9511.73
1575.56 9506.32
1575.97 9511.98
1575.45 9525.3
1576.02 9517.39
1576.2 9540.85
1577.5 9559.18
1580.49 9638.39
1580.44 9663.68
1582.13 9678.61
1582.8 9658.13
1580.47 9679.72
1580.22 9718.85
1581.18 9770.08
1580.9 9783.41
1580.81 9819.26
1580.87 9836.44
1578.98 9854.04
1579.03 9874.3
1579.05 9887.49
1579.09 9905.85
1579.21 9894.45
1579.55 9922.37
1579.09 9941.92
1581.26 9910.54
1581.31 9902.62
1581.08 9906.56
1581.01 9926.79
1581.27 9920.98
1581.15 9920.77
1580.92 9925.27
1580.97 9925.16
1581.95 9950.55
1581.95 9962.84
1579.72 10008
1579.59 10032.8
1579.62 10020.7
1580.22 10020.5
1580.21 10009.3
1580.24 9989.94
1580.41 9983.33
1580.57 9978.01
1580.44 9987.08
1580.36 9969.11
1580.15 9979.57
1580.12 10000.5
1580.51 9990.86
1580.32 10001.5
1580.13 9987.63
1581.88 10000.3
1582.23 10007.8
1584.65 9984.66
1584.76 10047.5
1584.1 10063.2
1584.29 10077.8
1583.38 10098.1
1584.93 10137.2
1584.94 10145.7
1583.99 10133.8
1584.19 10131.2
1583.92 10130.8
1583.87 10144.3
1583.83 10154.7
1583.58 10170.9
1583.63 10180.5
1581.61 10045.1
1581.81 10033
1581.4 10012.1
1581.31 9994.39
1581.28 9991.97
1582.21 10000.5
1581.86 10006.5
1581.75 10032.7
1582.12 10037.7
1581.83 10035
1580.72 10043.1
1581.44 10038.5
1581.43 10039.8
1580.69 10019.9
1580.71 10023.5
1580.55 10020.6
1581.12 10043.2
1581.31 10036.6
1581.34 10033.6
1581.3 10025.9
1581.11 10030.3
1582.99 10031.8
1584.9 10026.6
1585.26 10033.1
1584.4 10135.8
1584.46 10187.1
1583.78 10201.9
1583.81 10188.5
1584.09 10170.3
1583.82 10150.9
1584.54 10143.2
1584.86 10140.4
1587.56 10064.2
1587.46 10077.4
1587.64 10085.9
1587.71 10082.1
1587.71 10066.6
1587.75 10060.9
1587.81 10041.6
1588.58 10024.4
1588.47 10009
1586.45 10014.7
1587.33 10032.4
1585.66 10070.7
1585.84 10073.9
1585.4 10067.1
1585.87 10049.4
1585.93 10051.1
1586.2 10041.1
1582.6 10007.7
1582.55 10008.7
1583.14 10018.8
1583.16 10018.5
1583.26 10019.2
1583.96 9997.63
1584.22 10010.5
1584.25 10018.3
1584.2 10040.4
1584.53 10035.6
1585.55 10048.9
1585.53 10088.5
1585.38 10093.8
1583.39 10088.3
1583.11 10108.2
1583.14 10102.8
1583.04 10100.1
1582.73 10097.3
1583.75 10116
1584.48 10100.4
1584.45 10093.6
1585.17 10117.6
1585 10143.7
1585.78 10155
1585.21 10209.3
1585.85 10233
1585.89 10247.5
1585.94 10258.8
1585.72 10264.1
1586.56 10303.5
1585.58 10294
1585.32 10302.2
1585.12 10314.3
1583.98 10308.8
1584.1 10308.4
1582.71 10331.3
1583.49 10343.4
1585.87 10621.1
1585.89 10645.2
1585.27 10667.2
1585.17 10689.2
1585.3 10687.2
1584.84 10688.7
1584.67 10737.1
1586.17 10818.9
1586.14 10840.9
1586.99 10881.1
1586.61 10885.8
1586.63 10873.8
1586.78 10870.8
1586.88 10842.6
1587.15 10986.6
1587.04 11151.4
1586.95 11162.5
1587.63 11170.6
1587.78 11176.6
1587.78 11178.5
1589.43 11163.4
1589.54 11148.3
1590.41 11042.6
1590.57 11063.1
1590.63 11096.9
1590.44 11113.7
1590.55 11115.8
1591.14 11128.3
1591.18 11140.1
1591.23 11143.7
1591.29 11148.4
1591.24 11177
1591.21 11193.8
1591.24 11202.1
1591.11 11202.5
1590.97 11202.2
1590.96 11206.3
1591.36 11209.2
1591.27 11205.7
1590.85 11207.6
1589.72 11214.6
1589.68 11227.9
1589.86 11228.6
1589 11211.3
1589.01 11200
1588.91 11190.6
1587.43 11212.9
1587.44 11214.2
1587.32 11231.7
1587.88 11249.2
1588.08 11252.1
1588.34 11248.8
1588.08 11236.5
1588.12 11240.3
1588.22 11234.1
1587.7 11247
1587.8 11239.3
1587.99 11233.9
1588.56 11249.3
1588.68 11263.2
1588.18 11260
1587.95 11283.2
1587.89 11283.4
1587.09 11275.5
1587.3 11243.4
1587.4 11235.8
1588.37 11251.8
1588.4 11233.1
1588.32 11238.5
1587.88 11245.9
1587.88 11246.9
1588.81 11258.3
1588.4 11251.8
1588.47 11250.1
1588.53 11254.9
1588.52 11252.7
1589.61 11257
1589.67 11250
1589.71 11242.4
1588.76 11239.4
1588.76 11244.3
1588.4 11245.6
1588.4 11242.9
1588.19 11240.9
1588.61 11223.5
1588.61 11231.8
1588.53 11228.9
1589.22 11217
1589.7 11213.7
1589.36 11200.2
1590.74 11206.2
1590.65 11246.7
1590.41 11360.1
1590.45 11403.9
1590.34 11440.8
1590.7 11414.2
1590.6 11453.9
1590.65 11468.8
1590.65 11478.8
1589.1 11477.7
1588.91 11466.7
1589.07 11469.5
1592.19 11500.3
1593.08 11526.7
1593.07 11531.2
1593.1 11528.6
1593.32 11529.9
1593.1 11478.2
1592.33 11503.8
1592.64 11457
1592.63 11442.5
1592.83 11414.1
1592.93 11403.5
1592.87 11403.3
1592.85 11404.3
1592.67 11389.4
1592.52 11396.4
1593.46 11397.8
1587.37 11444.8
1588.27 11415.8
1588.26 11422.1
1587.87 11430.4
1587.7 11438.2
1587.7 11453.8
1587.55 11463.3
1587.14 11476.8
1588.19 11474.7
1588.15 11513.9
1588.17 11539.1
1587.49 11535.8
1586.32 11528.5
1586.24 11535.6
1586.73 11523.8
1586.51 11511.4
1586.7 11525.7
1586.8 11524.6
1586.9 11520.8
1586.95 11533.1
1586.93 11521.5
1587.47 11472
1587.63 11440.5
1585.92 11462.8
1586 11468.3
1585.8 11446.9
1585.93 11459.6
1585.83 11473.2
1585.83 11483.6
1585.79 11504.1
1585.83 11518.9
1585.88 11501.3
1586 11536.9
1585.88 11542.2
1585.72 11554.6
1585.2 11560.6
1585.05 11558.5
1584.85 11573.3
1585.04 11584.8
1585.39 11599.6
1585.46 11609.4
1585.98 11616.5
1586.44 11622.1
1586.44 11628.4
1586.47 11642.9
1586.46 11652.7
1586.16 11655.6
1586.09 11657.7
1586.1 11657.1
1586.13 11667.7
1586.1 11678.1
1582.13 11680.6
1582.16 11700.1
1582.13 11699.9
1582.21 11708.4
1582.17 11703.2
1582.45 11696.9
1582.16 11670.6
1582.28 11667.3
1581.86 11667.6
1582.37 11674.2
1582.23 11681.7
1582.28 11697.7
1582.42 11705.5
1582.34 11712.4
1582.38 11721.2
1582.27 11728.7
1581.82 11808.2
1582.02 11792.3
1582.07 11715.8
1580.54 11722.5
1580.55 11722.3
1580.53 11723.1
1585.4 11819.8
1585.41 11897.9
1587.27 11926.9
1587.31 12039.2
1587.47 12104.1
1587.38 12135.5
1587.24 12151.3
1590.75 12199.9
1591.15 12204.9
1591.65 12239.5
1591.93 12248.2
1591.94 12254.4
1591.9 12261
1591.52 12274
1591.49 12284.1
1591.43 12285.1
1591.4 12287.9
1591.47 12281.2
1591.12 12282.2
1591.1 12285.8
1590.94 12279.1
1591.15 12279
1590.92 12292.3
1594.13 12311.6
1593.97 12321.7
1593.51 12275.9
1593.54 12280.7
1593.99 12305.1
1593.95 12322.6
1593.94 12340
1593.82 12346.8
1593.64 12358.7
1593.81 12360
1593.93 12363.3
1593.82 12345.2
1592.26 12307.9
1592.03 12338.9
1591.78 12312.1
1592.24 12310.7
1591.98 12310.7
1592.44 12314.3
1592.36 12304.8
1593.07 12335.4
1593.07 12347.8
1592.97 12373.4
1593.3 12395.5
1593.21 12417.5
1593.22 12426.8
1593.24 12415
1593.34 12377.8
1592.66 12355.5
1592.69 12341.3
1592.6 12326.2
1592.86 12320.5
1593 12336.8
1594.93 12407.2
1594.44 12460.2
1594.41 12483.3
1594.16 12491.5
1594.12 12504.1
1594.1 12479.8
1594.1 12479.2
1594.13 12491.8
1594.15 12491.4
1594.75 12497.5
1595.51 12529
1595.41 12538.4
1595.77 12539.5
1595.89 12544.8
1596.07 12590.5
1594.76 12853
1594.68 12796.4
1594.52 12803.4
1594.55 12807.3
1594.44 12809
1594.5 12806.6
1594.63 12868.6
1594.63 12952.6
1594.63 12980.7
1594.65 12996.2
1594.69 13021.7
1594.54 13041.1
1594.61 13050.3
1595.08 13058.6
1595.07 13068.8
1595.13 13084
1594.95 13078.7
1594.86 13089.7
1595.28 13107.3
1592.64 13132.3
1591.59 13139.1
1591.44 13145.5
1592.05 13164.6
1592.44 13182.7
1591.57 13176.1
1591.36 13183.4
1591.51 13197.2
1590.8 13180.1
1590.96 13183.8
1591.19 13168.5
1590.86 13141.6
1590.98 13150.4
1591.84 13099.1
1592.9 13039.7
1592.95 13068
1592.92 13065.2
1592.72 13066.1
1593.06 13118
1593.35 13155.1
1593.38 13185.5
