185.053 0
366.822 6.03231
395.543 5.96758
429.82 11.981
454.856 11.8919
507.535 11.8626
621.687 34.1111
629.855 29.1737
642.158 28.471
738.444 270.397
740.468 317.882
753.251 311.335
845.019 306.615
847.894 308.732
868.636 734.859
882.694 843.432
884.916 845.278
905.299 832.186
991.843 783.278
1017.41 756.551
1015.93 797.824
1288.8 5574.37
1289.75 5169.53
1338.95 4746.78
1340.47 4379.72
1369.02 3872.85
1411.12 3670.71
1411.79 3560.64
1410.89 3448.86
1412.32 3363.62
1414.73 3333.11
1414.73 3324.53
1406.84 3401.17
1429.05 3511.4
1423.84 3612.08
1416.94 3740.38
1422.83 3814.4
1423.25 3840.46
1429.25 4001.47
1429.77 4079.98
1419.8 4154.17
1420.76 4769.69
1373.25 4482.8
1341.36 4279.06
1345.47 3471.31
1350.35 3436.96
1365.08 3498.88
1420.8 3491.14
1420.8 3524.78
1420.98 3529.98
1398.63 4345.62
1429.84 4601.2
1451.28 4672.69
1451.43 4538.84
1423.05 4673.21
1436.54 4807.26
1446.49 5159.77
1462.63 5125.09
1465.5 5200.57
1514.62 5752.38
1551.43 5553.84
1559.25 5297.17
1578.35 5155.29
1572.37 5475.12
1640.63 5414.26
1636.43 5707.09
1618.51 5920.48
1629.21 6016.89
1635.5 6095.29
1647.02 6011.36
1641.7 5974.67
1688.98 6257.52
1689.78 6302.71
1681.77 6488.69
1715.67 6608.8
1680.46 6608.74
1680.4 6719.49
1680.88 6756.81
1677.5 6735.07
1679.29 6880.59
1685.17 6827.79
1714.15 7244.86
1739.92 7797.57
1745.22 7728.48
1752.27 7748.77
1749.33 7733.18
1757.24 7611.97
1762.98 7464.04
1763.24 7353.81
1762.96 7347.33
1724.24 8331.59
1725.71 8460.36
1726.29 8220.84
1710.36 8379.23
1716.36 8539.24
1751.98 8819.74
1741.52 8556
1741.81 8449.34
1743.05 8290.94
1766.71 8276.38
1765.91 8228.85
1766 8188.41
1764.91 8143.35
1764.43 8144.93
1768 8233.03
1769.04 8293.4
1771.3 8291.83
1761.26 8770.81
1765.34 8800.39
1761.75 8785.09
1764.4 8831.96
1762.71 8895.41
1763.23 8921.4
1767.06 8985.79
1768.26 8989.42
1766.02 8965.34
1769.29 9012.91
1779.24 9009.73
1776.53 9012.44
1776.79 9036.67
1776.83 9046.65
1776.86 9073.5
1783.36 9340.28
1782.59 10333.4
1848.04 11039.3
1854.64 10622.7
1855.9 10483.4
1861.98 10558.5
1865.11 10530.1
1865.14 10503.3
1868.62 10494.1
1883.58 10464.8
1859.46 10044.2
1857.28 9903.95
1858.84 9945.14
1858.66 10001
1858.25 9996.6
1849.29 9950.12
1853.66 9978.68
1852.99 9945.19
1853.78 9931.35
1867.49 10008.4
1866.15 9896.51
1862.88 9968.14
1871.37 10897.3
1877.48 11051.5
1875.79 10951.7
1899.92 10882.3
1903.07 10782.6
1902.93 10681.7
1896.7 10620.4
1902.55 10450.4
1899.85 10387.7
1897.43 10329
1916.41 10291.4
1904.19 10341.9
1904.08 10355.1
1903.73 10398.7
1907.36 10488.1
1878.07 11123.3
1863.42 11450.6
1845.08 11008.5
1846.62 10993.9
1849.34 11146
1849.49 11187.5
1849.74 11201.8
1851.26 11211.1
1830.6 11271.1
1830.53 11289.2
1832.54 11295.4
1835.01 11451.3
1836.13 11483.6
1836 11547.9
1809.67 11600.6
1808.21 11726.2
1811.37 11955.7
1817.25 12129
1827.37 12181.1
1828.68 12198.1
1838.01 12238.6
1837.39 12429.9
1835.52 12422.6
1835.76 12392.1
1836.44 12349.4
1832.68 12351.8
1833.13 12374.1
1833.08 12354.4
1826.27 12429.4
1832.69 12396.9
1833.28 12352.8
1842.97 12507.7
1852.49 12488.1
1852.69 12483.9
1851.11 12528.6
1850.66 12545.6
1853.78 12549
1854.07 12556.9
1854.37 12580.4
1848.26 12607.6
1840.37 12367.8
1840.07 12427.1
1831.4 12544.3
1830.46 12186.2
1819.48 12058.4
1837.75 12218.4
1839.24 12312.9
1838.83 12350.5
1845.41 12283.8
1861.74 12426.9
1860.8 12311.8
1861.93 12151.7
1862.05 12055.3
1861.58 11997.5
1861.69 12042.5
1861.2 12251.5
1860.57 12338.1
1856.25 12305.3
1856 12291.4
1861.31 12427.4
1862.71 12406.3
1862.56 12454.6
1867.35 12532.1
1867.37 12519.3
1868.46 12568.8
1869.3 12617.1
1869.78 12608.7
1870.31 12651.1
1872.29 12801.7
1872.09 12827.9
1871.63 12826.6
1870.48 12866
1870.89 12876.7
1869.3 13094.7
1868.25 13000.2
1866.97 13167.9
1867.28 13181.4
1868.8 13247.8
1878.79 13197.7
1874.02 13085
1875.96 13093.3
1875.72 13096.8
1871.52 12979.1
1871.26 12927.2
1872.01 12944.6
1871.85 12957.6
1871.57 12980.6
1872.45 12983.9
1872.34 12949.5
1873.28 12982.1
1876.61 13132.1
1877.01 13124
1874.5 13149.6
1871.33 13421.6
1869.66 13421
1868.39 13439
1829.5 13519.8
1830.34 13600.2
1830.36 13637.8
1830.47 13640.5
1835.75 13902.3
1834.9 14002.8
1834.41 13792.6
1834.81 13740.3
1835.6 13672.1
1836.58 13662.7
1838.86 13650.3
1841.28 13657.4
1843.28 13493.5
1851.14 13373.3
1857.7 13319.5
1861.96 13314.5
1863.59 13255.1
1865.36 13241.9
1865.35 13227.2
1865.93 13212.4
1870.08 13235.5
1870.29 13217.9
1869.66 13228.8
1869.26 13236.5
1869.19 13208.8
1873.23 13321.4
1872.52 13329.7
1873.6 13285.8
1870.43 13262.8
1869.79 13270.2
1877.26 13479
1876.41 13288.2
1878.59 13253
1878.59 13256.3
1878.99 13239.2
1878.84 13226.3
1879.79 13255
1880.59 13286.7
1882.02 13315.9
1884.41 13322
1885 13334.3
1885.53 13366.8
1885.93 13403.9
1884.16 13341.7
1875.89 13336.6
1879.92 13341.7
1879.5 13371.3
1880.58 13428.7
1880.01 13491.3
1880.72 13542.9
1880.46 13553
1880.65 13548.4
1881.2 13473.5
1881.18 13469.1
1881.19 13484.3
1880.57 13501.5
1876.57 13530.9
1877.47 13583
1874.71 13640.2
1872.67 13633.9
1873.11 13577.7
1873 13549.5
1876.96 13479.2
1877.7 13538.8
1880.84 13574.3
1882.14 13575.4
1882.25 13569.8
1883.79 13584.6
1887.08 13625
1887.08 13648.8
1886.18 13656.7
1886.71 13680.8
1888.23 13469.2
1890.54 13508.4
1890.1 13461.2
1883.09 13387
1883.04 13379.4
1882.95 13381.9
1884.27 13397
1884.37 13335.7
1884.54 13322.3
1886.32 13316.4
1885.36 13248.2
1886.23 13232.6
1886.16 13219.1
1886.11 13219.6
1884.8 13219.5
1884.61 13194.7
1884.65 13145.2
1884.52 13151.6
1884.54 13144.5
1885.06 13100.4
1884.78 13030.4
1884.9 13002.1
1888.68 12983.6
1888.67 12956.9
1889.8 12920.9
1890.44 12896.2
1890.35 13036.3
1890.27 13033
1881.6 13050.3
1881.56 13038.5
1877.98 12947.8
1877.93 12925.6
1875.21 12937.8
1880.01 12924.9
1880.58 12913.7
1880.43 12906.4
1881.2 12904.4
1881.2 12888.7
1887.59 12923.5
1887.59 12909.1
1887.61 12891
1887.49 12865
1887.47 12853.7
1887.43 12848.3
1882.31 12810.2
1882.2 12813.9
1885.83 12840.4
1886.19 12806.2
1886.3 12802.7
1885.62 12795.5
1882.15 12883
1894.98 13037.4
1894.46 13040.9
1894.79 13046.8
1894.27 13050.1
1894.09 13047.7
1884.03 13331.2
1883.93 13345.3
1883.59 13316.8
1884.23 13286.2
1884.11 13256.6
1884.13 13253.9
1884.34 13231
1883.04 13207.5
1882.87 13483.5
1882.66 13498.1
1882.86 13640.8
1882.22 13719.2
1883.74 13735.6
1891.54 13855.1
1906.11 13887.3
1905.98 13845.8
1905.99 13878.9
1905.82 13908.2
1906.31 13947.3
1905.51 13948.1
1905.87 14000.1
1906.33 14032.2
1906.33 14026.9
1906.57 14078.7
1906.92 14101.3
1906.38 14118
1907.59 14136.6
1916.33 14357
1915.17 14392.1
1915.15 14391.5
1915.5 14386
1914.46 14345.3
1914.75 14307.2
1914.97 14317.1
1914.97 14328.3
1914.57 14308.4
1908.96 14280
1907.92 14360.3
1906.66 14295.8
1906.61 14254.7
1906.9 14212
1907.43 14226.1
1907.14 14241.8
1911.03 14300.3
1910.45 14294.5
1910.67 14309.3
1910.66 14319.3
1910.64 14327.7
1910.48 14327.8
1909.88 14327.2
1908.88 14325.5
1910.05 14355.2
1910.19 14354.7
1909.69 14317.1
1909.44 14335.1
1909.72 14325.5
1912.24 14319.3
1911.98 14311.5
1911.56 14302
1911.93 14295.4
1912.68 14302
1912.32 14163.2
1912.53 14228
1913.79 14246.3
1913.11 14179.1
1912.31 14263.9
1912.26 14288.7
1912.26 14285.4
1914.2 14335.8
1914.41 14378.5
1909.13 14444.3
1909.66 14412.4
1907.25 14390
1910.59 14377.4
1910.98 14366.4
1910.97 14338.4
1910.86 14323.7
1909.18 14339
1908.96 14339.8
1908.99 14358.4
1908.79 14371.5
1911.57 14374.4
1910.97 14309.4
1912.56 14325.3
1912.22 14331.8
1912.82 14375.4
1912.98 14387.7
1912.82 14371.7
1919.7 14573.4
1921.32 14629.1
1924.86 14595.6
1925.77 14667.2
1926.21 14655.9
1925.82 14666.8
1925.61 14665.5
1925.5 14671.4
1926.05 14654.3
1927.15 14684.6
1928.94 14657.3
1930.48 14679.1
1929.85 14671.4
1929.62 14724.5
1928.65 14697
1930.47 14696.2
1931.09 14733.3
1930.97 14771.2
1930.27 14790
1929.99 14803.5
1928.01 14808
1927.81 14896
1928.59 14805.1
1928.63 14786.9
1935.77 14877.9
1936.35 14892.4
1936.47 14946.5
1936.46 14945.5
1940.07 14939.4
1940.29 14910.7
1940.14 14913.5
1940 14915.6
1942.05 14956.1
1941.92 14910.6
1941.58 14882.7
1941.62 14961.9
1941.65 14935.9
1940.38 14899.6
1939.63 14893.3
1938.46 14865.5
1938.88 14825.8
1938.41 14826.4
1939.19 14834.3
1939.19 14871.5
1939.3 14864
1940.38 14885.3
1942.43 14974.7
1937.86 14963.5
1940.92 15075.5
1938.67 15100.6
1937.99 15083.6
1940.15 15094.4
1934.06 15143.2
1939.93 15227.7
1939.88 15188.7
1939.62 15233.8
1940.2 15251.6
1938.51 15183.7
1938.82 15227.9
1938.89 15240.4
1939.02 15264.9
1938.81 15291
1938.83 15311.8
1938.95 15302.6
1939.23 15292.2
1938.37 15281.2
1942.38 15315.8
1942.46 15263.3
1943.18 15236
1943.06 15224.3
1940.97 15239.1
1940.95 15242.4
1941.05 15207.5
1941.54 15188.4
1942.56 15180
1942.56 15169.4
1945.64 15305.8
1946.14 15317
1941.76 15333.3
1941.68 15320.5
1940.02 15359.3
1938.72 15348.2
1938.66 15358.1
1940 15363.5
1940.99 15354.4
1940.64 15358.7
1940.7 15355.1
1940.89 15318.9
1939.43 15254.9
1939.52 15215.6
1933.58 15208.4
1933.7 15280.7
1933.48 15264.4
1935.82 15232.1
1935.81 15233.3
1938.62 15236.9
1939.24 15207.7
1938.65 15190
1938.74 15167
1938.2 15137.3
1937.17 15175.1
1936.89 15158.5
1934.61 15187.2
1932.36 15185.5
1935.64 15185.8
1935.64 15209
1935.56 15286.2
1935.39 15292.4
1934.98 15306.2
1934.1 15336.2
1935.22 15354
1935.26 15376.1
1936.46 15365.7
1936.33 15410.1
1935.23 15400.8
1934.64 15366.6
1932.53 15412.4
1932.56 15392.7
1932.19 15397.5
1931.15 15402.4
1932.57 15420.8
1932.5 15400.7
1933.12 15384.5
1936.14 15369.7
1935.9 15346.8
1936.06 15349.7
1935.49 15338.9
1935.07 15321.9
1935.08 15309.3
1934.51 15304.5
1934.39 15354.7
1934.38 15362.9
1933.69 15389.9
1933.64 15410.2
1933.7 15438.9
1934.26 15490.8
1935.68 15510.3
1935.81 15544.8
1935.78 15566.4
1935.26 15601.2
1934.84 15577.9
1936.49 15496.8
1936.61 15552.6
1937.24 15637.3
1932.81 15627.2
1932.66 15613
1932.63 15592.3
1932.75 15583.2
1932.78 15542
1931.22 15523.1
1928.66 15457.9
1928.33 15459.3
1924.79 15508.4
1922.22 15648.1
1922.44 15636.7
1923.27 15627.4
1923.91 15626.4
1923.35 15629.3
1923.07 15597.7
1922.99 15616.9
1918.92 15631.3
1918.91 15581.3
1919.49 15640.1
1919.1 15643.8
1919.01 15644.8
1919.52 15691.7
1919.9 15697.3
1918.91 15678.5
1918.83 15673.9
1917.11 15666.9
1917.05 15667.6
1917.16 15705.9
1917.66 15700.9
1917.49 15596.5
1917.27 15589.5
1913.01 15730.2
1912.53 15737.9
1911 15757.9
1907.85 15693.6
1906.65 15704.6
1910.69 15773.3
1909.4 15766.9
1909.53 15777.3
1909.66 15778.7
1909.8 15760
1909.37 15751.3
1909.36 15732.4
1908.19 15671
1908.54 15662
1909.1 15681.9
1909.06 15688.5
1909.23 15686.5
1910.29 15688
1908.57 15649.2
1908.71 15676.6
1907.4 15695.2
1907.08 15695.9
1907.3 15625.3
1906.24 15536.1
1906.5 15556.1
1906.62 15554.3
1907.17 15562
1905.92 15539.7
1909.5 15552
1909.55 15549.5
1909.73 15479.6
1910.82 15518.8
1911.58 15581.2
1911.73 15591.5
1911.32 15567.2
1911.21 15562.4
1909.58 15558
1909.9 15605.2
1909.96 15604.8
1912.34 15577.3
1914.03 15598
1915 15658.5
1916.92 15697
1917.88 15724.1
1917.99 15736
1917.89 15733.4
1917.69 15730.2
1918.45 15751.2
1918.39 15730.6
1917.63 15769.7
1915.63 15764.7
1915.44 15804.9
1915.46 15816.5
1915.88 15811.4
1916.08 15803.3
1916.06 15779.5
1916.35 15767.3
1914.48 15804.2
1914.48 15834
1914.32 15829.9
1913.77 15821.3
1912.96 15818.2
1912.8 15813.6
1911.79 15821.3
1910.62 15812.4
1910.8 15780.8
1910.99 15778.2
1911.73 15810.6
1910.17 15833.4
1908.77 15869.8
1908.43 15872.7
1900.72 15847.7
1900.22 15794.2
1900.25 15897.7
1900.41 15887.3
1899.74 15886.4
1899.96 15891.3
1900.92 15923.1
1900.74 15947
1899.36 16011.6
1899.44 16034.4
1898.93 16057.5
1899.5 15953
1899.47 15936.6
1901.83 15951.5
1902.1 15967.8
1906.46 15914.2
1908.35 15848.3
1908.48 15862
1907.25 15906.9
1907.55 15915.8
1907.41 15917.6
1905.41 15923.1
1905.38 15909.5
1905.37 15912.6
1905.45 15922.4
1905.46 15924.6
1908.46 15940.7
1906.62 16039.3
1906.57 16068
1906.37 16019.7
1906.21 16008
1906.25 16002.9
1906.35 15992.8
1907.64 15992.2
1908.32 16003.7
1909.85 16027.1
1909.93 16003.1
1909.43 15993.9
1909.41 15985
1909.67 15978.4
1909.55 15921.4
1909.4 15906.9
1908.52 15891.8
1908.54 15848.1
1908.56 15848.9
1908.43 15846.2
1908.33 15854.2
1908.67 15847.3
1909.15 15877.2
1909.28 15868.8
1909.4 15853.7
1909.51 15854.1
1909.69 15853.9
1911.01 15886.4
1911.02 15871.2
1910.43 15864
1910.49 15862.2
1911.08 15884
1911.37 15879.7
1911.35 15914.7
1911.35 15917.9
1911.88 15925
1911.35 15928.7
1911.46 15930.3
1913.66 15942.5
1913.98 15918.8
1913.25 15898.4
1913.41 15902.1
1912.99 15896.3
1913.3 15933.4
1913.47 15949.9
1913.49 15940.4
1913.78 15954.3
1913.65 15985.9
1913.11 15971.5
1913.41 15938.9
1914.28 15972
1914.93 15974.8
1914.73 15975.5
1915.15 15941.9
1914.91 15916
1915.24 15906.1
1914.91 15900.3
1914.96 15900.5
1913.6 15925.2
1912.76 15841.7
1914.14 15894
1914.27 15812.9
1913.13 15779.3
1914.11 15772.3
1914.35 15802.1
1914.61 15791.7
1914.78 15804.3
1914.79 15801.7
1915.91 15803
1915.96 15788.3
1914.63 15787
1914.97 15787.2
1914.93 15767.3
1915.1 15794.3
1915 15810.6
1916.36 15833.1
1916.36 15840.4
1917.01 15846.7
1918.01 15844.5
1917.99 15866.2
1918.04 15873.2
1918.15 15874.9
1918.15 15867.9
1919.13 15872.2
1919.52 15862.4
1919.48 15854.4
1919.47 15852.7
1919.85 15883.2
1919.3 16006.8
1919.47 16065.7
1919.55 16005.1
1921.21 15930.6
1921.14 15953.9
1921.54 15973.5
1921.5 15960.4
1924.77 15991
1924.35 15956.4
1924.27 16034.8
1924.44 16077.7
1924.39 16073.9
1924.51 16076.9
1924.85 16075.1
1925.23 16054.7
1926.14 16019.8
1925.63 16014.8
1926.77 16069.6
1926.54 16079.3
1926.8 16126.1
1926.7 16172
1924.5 16160.9
1921.89 16041.9
1921.74 16054.6
1920.72 16092.5
1921.3 16114.6
1921.36 16129.6
1920.81 16117.8
1920.79 16118.7
1920.81 16114
1921.78 16165.8
1922.33 16182.7
1921.19 16206.8
1921.92 16439.8
1925.46 16512.3
1925.46 16544.8
1925.3 16552.5
1926.33 16570.9
1925.99 16400.9
1924.79 16346.8
1924.45 16361.3
1924.57 16359.6
1924.64 16371.3
1924.61 16317.5
1924.55 16338.1
1924.62 16347
1924.55 16349.9
1924.73 16354.4
1924.66 16356.4
1924.66 16356.4
1924.74 16332.3
1924.72 16322.1
1924.63 16300.5
1924.71 16328.2
1924.71 16336.8
1924.49 16341.9
1924.49 16336.7
1920.35 16389.8
1919.4 16408.2
1919.87 16408.9
1919.94 16406
1921.2 16537.2
1921.26 16561.7
1921.74 16564.8
1922.08 16572.8
1921.94 16589.5
1922.13 16579.1
1922.12 16576.1
1921.47 16557.3
1921.41 16605.4
1921.41 16619.4
1921.07 16627.3
1921.12 16624.8
1919.97 16662.3
1920.23 16733.7
1922.03 16800.2
1922.07 16816.3
1922.65 16763.7
1922.33 16758.8
1922.31 16744.7
1922.53 16751.4
1920.8 16717.9
1921.5 16715.9
1921.7 16718.6
1922.23 16829.1
1921.49 16897.3
1921.79 16898.7
1921.95 16883.3
1921.18 16988.7
1921.09 16987.2
1925.06 17122.8
1925.15 17134.6
1924.7 17153.8
1924.82 17194.1
1925.51 17207.6
1927.51 17237.7
1927.53 17260.3
1927.62 17254.9
1927.61 17242
1927.39 17276.2
1934.38 17385.3
1934.36 17408.5
1934.74 17402.6
1934.4 17409.8
1934.41 17426.1
1934.87 17432.6
1934.67 17452.9
1935.12 17488.6
1935.33 17494.6
1935.72 17504.4
1935.86 17536.5
1936.86 17550.2
1937.21 17557.2
1937.22 17559.5
1936.82 17559.8
1937.27 17550.1
1937.28 17514.1
1937.43 17527.3
1939.52 17557.8
1939.75 17547.4
1939.46 17584.5
1939.42 17601
1940.16 17610.8
1938.64 17697.9
1938.77 17711.7
1938.67 17743.9
1938.79 17772.9
1940.09 17796.3
1940.17 17805.9
1938.85 17811.6
1938.68 17812
1938.74 17815.3
1939.45 17829.7
1938.88 17810
1938.84 17861.9
1939.1 17839.8
1939.09 17829.1
1938.55 17811.3
1938.53 17806.5
1939.31 17836.5
1937.57 17861.4
1937.55 17813.4
1937.41 17801.3
1938.54 17770
1938.73 17772.4
1935.05 17836.6
1934.49 17822.2
1935.2 17838.3
1936.31 17839.1
1934.96 17854.9
1934.91 17834
1934.92 17841.2
1933.99 17848.6
1936.37 17881.8
1936.39 17863.6
1937.23 17916.4
1937.33 17900.3
1935.77 18059.5
1936.06 18034.8
1935.62 18032
1935.22 18062.5
1934.45 18146.1
1934.16 18102.5
1933.53 18105.7
1933.35 18086.9
1933.48 18079.5
1933.96 18076.1
1937.88 18115.7
