146.313 0
146.65 0
260.092 0
294.967 0
412.532 0
446.582 0
481.547 0
529.084 0
534.569 0
551.178 3.18017
558.067 3.22773
639.925 8.37772
685.311 12.2677
697.663 13.9339
698.711 13.9213
701.602 13.9111
701.621 13.9093
773.073 18.9907
785.16 18.9397
822.086 21.4267
823.448 21.3802
870.793 24.6661
897.888 24.6485
900.115 24.6297
915.649 513.731
920.79 369.32
918.496 336.363
947.406 320.443
967.409 310.547
987.037 304.528
987.588 302.352
989.31 299.951
1006.38 312.992
1003.74 284.976
1048.07 239.815
1056.01 173.777
1056.52 195.434
1062.22 811.89
1063.14 660.257
1083.69 615.141
1082.5 597.704
1082.8 590.413
1189.86 857.56
1188.69 1035.81
1198.72 1157.34
1197.84 1231.56
1202.1 1267.06
1234.15 1264.33
1239.56 1259.2
1240.44 1257.46
1242.98 1295.89
1245.28 1339.17
1243.12 1350.31
1248.51 1358.31
1265.81 1335.23
1269.17 1329.34
1281.2 1432.07
1283.27 1627.95
1270.5 1595.36
1270.93 1532.68
1279.38 1537.1
1275.4 1559.42
1302.11 2972.53
1302.18 2281.25
1300.85 2127.29
1333.18 2021.92
1332.96 1886.57
1333.52 1817.98
1349.57 1791.71
1348.58 1848.62
1345.44 1903.24
1345.29 1926.83
1355.89 2101.05
1383.14 2070.82
1387.43 2027.9
1390.81 2025.4
1387.11 2090.88
1384.74 2114.12
1378.69 2108.18
1379.21 2128.56
1381.9 2063.88
1384.06 2071.12
1390.54 2068.8
1394.47 2060.87
1398.59 2099.17
1426.91 2161.23
1411.73 2436.2
1415.45 2390.01
1416.6 2441.84
1454.34 2756.77
1457.57 3039.98
1451.25 3087.87
1449.48 3142.05
1449.49 3088.73
1449.47 3040.47
1461.6 3070.54
1460.14 3172.88
1462.37 3336.56
1435.72 3542.1
1433.62 3579.44
1446.11 3553.05
1446.18 3637.52
1447.12 3724.93
1449.39 3763.93
1450.13 3766.39
1450.06 3748.98
1450.07 3742.83
1447.9 3707.69
1440.35 3724.16
1440.28 3729.95
1440.36 3744.51
1441.61 3754.98
1441.71 3880.2
1435.76 4259.59
1435.01 4509.39
1434.88 4677.54
1434.75 4786.12
1438.28 4790.69
1436.58 4739.09
1427.32 4712.47
1427.28 4656.92
1426.78 4599.66
1425.56 4698.52
1426.01 4742.71
1427.78 4690.95
1426.11 4647.73
1445.72 4624.04
1442.27 4496.74
1437.74 4387.18
1448.73 4572.57
1448.74 4813.55
1450.3 4951.97
1450.7 5013.76
1451.39 5038.56
1451.52 5049.42
1450.66 5071.71
1451.31 5113.42
1452 5204.03
1452.27 5240.76
1445.47 5233.78
1445.92 5244.62
1444.12 5311.22
1443.81 5389.85
1443.89 5419.4
1444.01 5413.6
1444.09 5405.08
1439.36 5332.62
1439.24 5302.36
1438.88 5311.01
1438.9 5257.31
1438.4 5190.41
1440.83 5157.09
1440.63 5175.87
1432.49 5236.75
1435.17 5282.3
1437.35 5332.8
1437.12 5314.04
1450.06 5187.91
1454.17 5392.5
1453.06 5429.71
1455.23 5437.88
1454.96 5478.54
1455.65 5418.62
1456.61 5398.76
1456.95 5418.69
1457.37 5408.4
1458.35 5383.48
1459.24 5298.59
1465.37 5267.39
1466.93 5292.2
1467.89 5310.32
1467.7 5363.46
1467.76 5383.16
1468.69 5412.1
1469.2 5430.11
1468.74 5451.9
1468.39 5442.75
1469.8 5448.5
1469.96 5432.95
1469.41 5437.36
1467.77 5472.35
1467.9 5465.77
1468.19 5505.39
1469.77 5498.82
1470.15 5484.82
1471.72 5514.21
1468.31 5560.7
1468.73 5546.96
1467.69 5531.87
1467.69 5548.07
1466.93 5603.6
1468.47 5582.08
1469.83 5647.05
1473.27 5691.65
1474.68 5702.3
1474.44 5714.47
1474.39 5731.04
1473.16 5751.39
1473.08 5740.65
1473.02 5771.01
1473.99 5757.31
1477.09 5738.01
1477.36 5755.06
1477.68 5782.51
1477.85 5794.47
1478.3 5736.99
1478.54 5775.76
1478.7 5783.94
1477.05 5772.08
1481.05 5730.36
1479.68 5723.49
1480.13 5736.37
1479.96 5740.02
1480.21 5746.67
1481.97 5806.53
1481.44 5815.83
1480.94 5826.44
1480.74 5799.83
1482.49 5768.47
1482.94 5775.63
1481.47 5824.25
1483 5919.38
1479.51 5997.87
1479.59 6036.16
1480.01 6057.97
1480.32 6048.14
1482.03 6043.93
1482.52 6027.78
1481.12 5976.47
1480.92 5999.67
1481.3 6050.77
1482.31 6045.16
1483.38 6064.39
1481.87 6078.04
1482.7 6093.43
1488.19 6065.68
1489.65 6122.44
1489.51 6130.29
1489.56 6120.68
1490.24 6113.74
1491.33 6161.96
1492.6 6321.63
1492.24 6381.28
1494.29 6389.2
1493.83 6338.8
1493.39 6314.12
1496.86 6324.31
1497.18 6298.32
1501.02 6306.14
1501.35 6357.19
1502.08 6348.1
1502.71 6322.35
1501.34 6395.27
1501.31 6600.14
1502.75 6680.97
1502.51 6827.55
1504.61 6875.92
1504.59 6970.57
1505.24 7032.38
1506.87 7012.11
1506.64 7000.49
1506.57 6962.38
1506.4 6902.39
1506.57 6927.85
1506.81 6926.37
1505.82 6952.02
1509.56 7079.4
1509.32 7069.86
1508.84 7076.95
1508.58 7098.56
1507.79 7101.49
1508.77 7154.41
1510.23 7274.41
1509.85 7327.8
1509.67 7347.41
1509.46 7379.14
1509.8 7398.09
1509.87 7451.22
1509.88 7471.35
1509.88 7482.86
1509.8 7492.23
1510.84 7522.45
1507.72 7488.8
1507.72 7481.18
1503.85 7521.03
1503.78 7517.41
1500.89 7564.02
1500.87 7697.31
1500.73 7759.89
1501.89 7802.77
1501.45 7784.87
1502.07 7804.23
1502.22 7846.05
1502.5 7883
1502.59 7904.99
1505.37 7908.46
1505.67 7953.5
1505.7 7977.3
1502.74 8053.03
1531.22 7975.77
1523.36 8151.21
1523.39 8199.8
1523.57 8173.39
1527.11 8175.46
1527.18 8190.25
1527.1 8212.19
1525.9 8181.19
1526.32 8162.73
1526.3 8207.26
1529.53 8283.1
1529.57 8314.52
1528.93 8362.52
1529.42 8394.48
1529.23 8430.8
1528.12 8431.4
1528.11 8406.41
1528.3 8436.14
1528.1 8465.4
1527.98 8421.4
1527.98 8412.77
1529.53 8419.91
1529.47 8355.35
1529.17 8338.48
1529.18 8465.65
1529.29 8456.34
1528.92 8416.34
1529.03 8387.32
1528.3 8393.6
1529.3 8460.08
1529.55 8496.89
1527.79 8585.2
1527.88 8565.13
1527.98 8715.7
1527.99 8801.17
1527.74 8786.34
1527.67 8754.05
1527.84 8737.8
1528.7 8736.18
1528.89 8760.78
1528.11 8753.71
1527.76 8772.47
1527.91 8758.4
1528.52 8749.95
1528.54 8754.2
1528.42 8748.2
1529.43 8767.68
1529.13 8796.22
1528.9 8805.35
1530.35 8818.78
1530.08 8763.49
1529.78 8699.87
1530.63 8660.24
1529.08 8646.72
1531.22 8750.78
1531.18 8768.48
1531 8799.8
1530.7 8803.14
1530.69 8804.75
1531.92 8802.27
1532.68 8756.05
1532.8 8666.37
1533.16 8695.44
1535.01 8679.74
1534.52 8583.94
1532.95 8598.41
1532.26 8607
1532.56 8601.79
1533.07 8677.58
1533.16 8499.79
1533.14 8399.93
1533.54 8363.43
1532.81 8405.99
1532.75 8425.21
1532.65 8445.9
1532.53 8467.72
1532.53 8457.73
1533.16 8458.91
1533.02 8361.38
1533.45 8358.11
1532.88 8373.63
1533.16 8393.98
1533.17 8408.79
1533.37 8370
1533.56 8324.43
1533.64 8293.14
1532.63 8276.18
1532.68 8237.02
1532.49 8217.55
1533.47 8202.88
1533.7 8231.08
1532.94 8218.75
1532.35 8236.58
1531.91 8435.44
1532.33 8506.56
1532.41 8561.81
1531.66 8617.66
1530.63 8628.61
1530.58 8621.89
1530.76 8621.37
1530.65 8633.89
1531.38 8658.65
1531.22 8655.34
1531.24 8667.08
1529.92 8676.38
1529.76 8664.98
1531.57 8815.02
1531.55 8871.3
1531.48 8905.31
1530.96 8936.1
1531.38 8953.98
1534.06 9004.67
1533.26 8996.19
1533.12 8974.66
1533.24 8937.47
1533.33 8947.71
1533.03 8874.01
1532.5 8820
1531.73 8822.62
1531.85 8837.62
1530.25 8868.86
1533.62 8918.39
1534.29 8892.08
1533.42 8834.62
1533.26 8852.82
1532.86 8842.28
1534.53 8881.19
1534.95 8926.86
1534.55 8992.43
1534.54 9013.94
1535.48 9029.21
1536.54 9041.99
1536.62 9035.54
1536.61 9035.57
1536.86 9037.91
1536.87 9050.88
1537.28 9069.69
1536.68 9116.09
1536.55 9121.51
1536.45 9131.94
1537.11 9109.07
1539.63 9237.18
1539.43 9261.99
1540.03 9250.51
1540.83 9259.84
1540.83 9241.9
1537.07 9343.82
1536.82 9338.99
1537.08 9314.59
1537.32 9308.33
1536.58 9281.81
1536.9 9262.97
1536.73 9253.14
1535.91 9246.73
1536.16 9224.55
1535.95 9202.53
1536.82 9230.58
1535.82 9213.11
1536.44 9171.39
1535 9143.39
1534.81 9137.61
1534.9 9150.69
1534.43 9153.98
1534.19 9175.39
1534.39 9182.3
1534.63 9232.13
1535.8 9234.63
1535.91 9284.21
1535.8 9316.16
1537.98 9364.08
1538.02 9365.69
1538.46 9319.52
1538.07 9312.84
1538.05 9343.91
1537.91 9342.65
1537.77 9351.44
1537.61 9356.85
1537.82 9359.66
1538.69 9361.23
1540.27 9398.84
1540.46 9409.24
1539.86 9389.14
1539.86 9371.34
1539.92 9360.58
1539.51 9340.88
1539.49 9346.74
1538.68 9344.77
1538.38 9326.05
1538.45 9364.77
1538.11 9353.82
1538.07 9381.86
1537.23 9408.26
1537.24 9411.34
1536.45 9421.89
1536.81 9432.15
1536.82 9385.52
1536.62 9389.66
1536.9 9388.48
1536.6 9376.53
1536.46 9373.5
1536.16 9387.8
1536.75 9352.4
1536.78 9364.9
1537.01 9387.89
1537 9381.73
1537 9364.79
1536.56 9376.89
1536.55 9384.64
1537.45 9356.99
1537.15 9339.87
1537.38 9354.29
1537.36 9354.67
1537.34 9358.69
1537.22 9345.53
1539.27 9323.69
1539.28 9303.41
1540.22 9300.21
1539.79 9288.34
1539.47 9294.49
1539.17 9288.21
1539.57 9275.19
1539.72 9266.47
1538.2 9277.8
1538.91 9356.63
1538.77 9359.17
1538.84 9360.69
1540.34 9347.7
1540.23 9434.82
1540.38 9425.93
1538.95 9411.01
1539.38 9265.85
1539.46 9272.26
1539.4 9252.34
1540.09 9224.35
1538.71 9281.49
1538.71 9312.29
1538.1 9313.96
1538.07 9306.04
1538.07 9288.22
1538.13 9270.17
1537.97 9262.77
1537.92 9230.34
1538.67 9212.07
1538.63 9176.64
1538.51 9161.95
1537.82 9159.6
1538.13 9156.36
1538.68 9178.56
1537.95 9168.03
1538.35 9164.04
1538.55 9090.38
1538.57 9077.74
1538.65 9055.17
1538.04 9045.66
1538.13 9043.86
1537.11 8935.3
1537.18 8853.58
1537.12 8835.85
1539.17 8879.28
1539.88 8899.89
1539.72 8915.87
1539.61 8925.98
1539.2 8932.23
1539.14 8942.81
1539.2 8942.48
1539.19 8937.89
1538.72 8840.85
1541.45 8799.58
1540.5 8860.51
1540.27 8907.77
1540.59 8928.17
1540.63 8926.07
1540.1 8929.77
1540.23 8936.29
1540.32 8937.76
1540.23 8892.35
1540.55 8814.62
1540.59 8790
1540.44 8807.57
1540.27 8808.7
1540.33 8798.96
1540.33 8742.53
1540.21 8745.16
1539.97 8619.77
1540.25 8546.44
1540.86 8482.86
1540.64 8451.93
1540.48 8434.23
1541.25 8493.71
1541 8505.98
1540.82 8460.61
1540.43 8410.59
1538.89 8306.05
1539.07 8278.41
1539.37 8289.18
1540.45 8325.98
1539.24 8310.41
1539.23 8303.41
1539.77 8308.84
1538.29 8310.99
1539.04 8293.19
1538.77 8301.47
1537.73 8360.61
1537.73 8416.86
1537.73 8443.27
1537.93 8457.33
1537.86 8429.92
1537.65 8424.62
1537.61 8421.11
1537.74 8396.45
1538.24 8384.39
1540.15 8360.8
1540.06 8333.42
1540.07 8372.12
1539.78 8385.73
1539.89 8382.34
1539.89 8356.25
1539.83 8364.3
1538.81 8341.21
1538.8 8355.57
1539.14 8376.89
1538.92 8380.33
1538.75 8398.32
1538.72 8408.29
1538.45 8411.6
1538.53 8401.25
1538.66 8405.18
1536.61 8497.36
1536.01 8544.74
1536.18 8564.91
1536.04 8564.36
1536.17 8571.25
1536.96 8576.3
1536.97 8578.65
1537.18 8580.42
1537.16 8581.58
1536.99 8595.87
1538.02 8616.18
1538.02 8621.49
1538.05 8624.37
1538.52 8623.66
1540.13 8559.06
1540.57 8541.04
1540.48 8525.99
1540.68 8590.8
1540.71 8616.75
1540.52 8630.88
1540.1 8675.07
1540.11 8689.66
1540.1 8693.42
1540.84 8685.17
1539.63 8804.8
1539.61 8831.47
1539.04 8839.34
1539.68 8887.84
1538.76 8874.13
1538.64 8840.33
1538.68 8796.86
1538.61 8812.01
1537.79 8824.66
1537.81 8830.73
1538.74 8822.87
1538.62 8790.74
1538.5 8772.83
1538.62 8754.51
1538.13 8744.22
1538.57 8722.36
1538.51 8693.15
1538.82 8736.21
1538.68 8740.98
1538.94 8768.52
1539.1 8832.73
1539.17 8855.83
1539.27 8887.22
1539 8832.52
1540.84 8814.3
1540.77 8826.8
1540.75 8851.77
1540.41 8872.39
1540.16 8880.68
1540.93 8915.41
1540.89 8906.21
1541.27 8922.89
1541.06 8941.41
1540.39 8923.13
1540.41 8932.77
1540.4 8925.47
1539.11 8916.19
1538.51 8915.34
1538.21 8904.25
1538.49 8877.09
1538.2 8866.43
1538.23 8875.46
1538.09 8899.1
1537.77 8902.34
1537.88 8887.46
1537.71 8894.47
1537.83 8906.51
1537.6 8918.46
1537.77 8921.33
1538.36 8910.22
1537.01 8942.14
1536.97 8879.29
1535.92 8859.9
1536.57 8830.95
1536.31 8824.34
1536.21 8828.07
1535.98 8845.18
1535.98 8855.65
1535.96 8871.13
1535.96 8867.35
1535.82 8875.79
1536.15 8844.12
1535.86 8963.69
1535.41 9004.79
1537.61 9042.74
1536.77 9121.38
1536.83 9139.97
1536.85 9146.32
1536.8 9139.97
1538.5 9138.17
1538.49 9145.27
1537.78 9101.72
1537.35 9097.58
1537.34 9106.43
1537.38 9115.43
1537.42 9114.34
1537.42 9107.61
1537.13 9111.07
1536.94 9104.59
1537.14 9107.9
1537.72 9117.85
1540.14 9132.45
1539.98 9144.24
1539.76 9163.54
1539.42 9194.94
1539.42 9201.27
1538.65 9253.33
1538.16 9280.96
1537.65 9278.03
1538.04 9262.98
1538.19 9303.14
1538.06 9299.75
1538.05 9289.69
1537.91 9282.28
1537.39 9290.66
1537.77 9278.35
1537.85 9328.32
1539.19 9312.94
1538.61 9331.05
1538.65 9326.8
1541.87 9291.15
1541.78 9249.21
1541.43 9225.22
1541.37 9216.58
1541.76 9207.52
1541.97 9149.95
1541.69 9146.25
1541.59 9151.64
1541.5 9138.27
1541.23 9125.44
1541.6 9144.47
1542.32 9127.53
1542.69 9114.87
1542.86 9104.16
1544.17 9127.77
1544 9107.63
1545 9165.5
1544.45 9146.85
1542.5 9161.41
1543.12 9175.78
1543.13 9188.13
1543 9207.22
1543.17 9184.92
1543.9 9178.93
1543.35 9174.88
1543.07 9158.37
1543.09 9147.64
1543.06 9141.14
1543.05 9141.03
1543.06 9143.23
1543.21 9140
1542.72 9120.55
1544.36 9188.54
1545.25 9158.52
1545.23 9122.35
1545.25 9111.11
1544.63 9144.33
1544.43 9172.26
1543.6 9195.39
1543.46 9219.14
1543.53 9217.47
1543.48 9225.52
1542.95 9248.15
1543.14 9268.7
1542.89 9321.54
1543.12 9376.25
1543.3 9382.22
1543.03 9360.57
1543.39 9360.52
1543.41 9363.46
1543.6 9368.91
1542.89 9365.4
1542.94 9359.68
1542.83 9350.54
1542.7 9346.21
1542.91 9333.4
1542.92 9328.38
1542.96 9331.9
1543.62 9337.66
1543.66 9351.72
1544.94 9356.44
1545.1 9364.63
1545.23 9366.44
1545.56 9363.95
1545.17 9369.52
1545 9365.01
1545.25 9339.02
1546.29 9330
1546.27 9351.61
1546.49 9358.47
1546.06 9356.07
1545.97 9352.51
1546.62 9355.28
1548.05 9339.53
1547.69 9342.66
1548.9 9350.65
1549.04 9369.2
1549.09 9362.49
1549.48 9357.55
1548.7 9376.49
1548.49 9412.65
1548.54 9421.39
1548.72 9419.48
1548.81 9402.47
1548.96 9366.65
1549.18 9351.71
1550.8 9417.41
1550.81 9476.48
1550.93 9494.54
1550.86 9502.86
1550.82 9513.54
1550.91 9523.86
1551.97 9552.58
1551.81 9562.07
1551.55 9529.23
1551.68 9509.12
1551.73 9524.49
1551.68 9520.98
1551.49 9493.34
1551.44 9481.46
1551.43 9479.09
1551.41 9481.48
1551.39 9484.5
1551.29 9462.62
1551.4 9460.72
1551.43 9469.05
1551.45 9428.58
1551.45 9397.89
1550.77 9376.65
1550.72 9359.48
1550.73 9341.77
1550.55 9233.26
1551.08 9249.28
1551.34 9274.89
1550.46 9255.81
1550.48 9276.06
1549.46 9329.23
1549.4 9342.64
1549.49 9339.94
1548.6 9326.48
1548.46 9338.8
1548.44 9352.25
1548.32 9313.54
1548.32 9293.23
1548.32 9293.22
1548.8 9294.34
1548.89 9299.48
1548.98 9286.17
1548.98 9289.11
1549.02 9282.28
1548.87 9269.88
1548.6 9232.33
1548.62 9239.43
1547.92 9249.55
1548.04 9215.73
1548.68 9194.17
1548.76 9183.52
1548.72 9175.64
1548.53 9182
1548.27 9185.97
1548.38 9180.9
1548.45 9173.98
1548.32 9173.87
1548.36 9148.4
1547.9 9138.13
1548.18 9138.21
1547.98 9161.36
1548.12 9164.72
1548.11 9162.4
1548.16 9146
1549.11 9180.78
1549.17 9150.35
1551.38 9155.54
1550.11 9114.96
1549.7 9134.91
1549.77 9184.94
1549.73 9203.82
1549.69 9205.53
1550.21 9213.95
1550.31 9214.94
1550.51 9209.36
1548.65 9243.56
1548.61 9290.95
1548.59 9298.22
1548.75 9376.52
1548.29 9389.88
1548.31 9388.77
1548.29 9398.09
1548.46 9404.07
1548.29 9405.73
1547.91 9409.08
1547.88 9411.64
1547.88 9406.55
1547.82 9405.54
1547.79 9396.26
1546.95 9396.44
1546.96 9386.29
1547 9387.95
1546.91 9382.06
1546.89 9377.33
1546.59 9378.78
1546.49 9376.07
1546.62 9379.01
1546.74 9377.5
1546.74 9357.33
1546.72 9348.04
1546.67 9348.29
1545.27 9349.37
1545.45 9292.15
1545.1 9289.78
1545.47 9253.14
1545.51 9250.62
1546.42 9218.65
1546.3 9200.77
1545.99 9130.53
1545.99 9105.12
1545.88 9069.33
1546.26 9043.36
1546.34 9029.82
1546.37 9011.66
1546.47 8987.08
1546.79 8995.93
1545.53 8988.68
1545.38 8993.19
1545.6 9001.63
1545.38 9009.67
1545.65 9005.51
1545.68 9009.89
1545.65 9011.06
1545.51 9016.25
1544.86 9032.95
1544.94 9040.33
1544.95 9058.42
1544.99 9040.52
1545.88 9044.39
1546.03 9085.01
1545.91 9093.62
1545.86 9094.15
1545.65 9069.36
1545.2 9041.45
1545.2 8998.34
1545.3 8991.4
1545.22 8985.27
1546.14 8994.4
1546.13 8991.34
1545.83 9006.31
1546.12 8998.72
1545.78 9009.67
1545.75 9014.38
1545.65 9016.96
1546.06 9013.9
1545.78 9014.85
1545.92 9024.27
1545.58 9030.85
1545.92 9045.67
1545.22 9041.09
1545.17 9044.57
1545.72 9042.44
1546.04 9018.08
1545.44 9034.97
1545.95 9037.49
1545.92 9044.28
1545.96 9054.86
1545.71 9033.2
1545.66 9032.07
1545.69 9043.7
1545.74 9046.64
1545.89 9063.14
1546.2 9057.71
