34.3346 0
68.5573 0
117.056 0
248.097 0
251.699 0
316.653 0
332.009 0
345.833 0
365.146 0
451.349 2.26477
457.9 2.22887
466.275 2.20189
509.394 2.18771
547.367 2.18771
869.171 4861.81
861.519 2692.52
913.865 1831.8
974.384 1645
978.89 1669.96
979.981 1787.01
983.722 1796.52
772.992 3315.66
887.357 2023.8
901.657 1589.89
948.617 1310.18
976.487 1204.57
987.268 1188.55
990.392 1178.38
1024.57 1287.99
1044.75 1303.66
1046.93 1299.14
1049.98 1300.77
1088.02 1311.99
1114.63 1330.35
1168.29 1492.05
1198.65 1500.73
1227.89 2114.92
1228.47 1936.44
1248.38 1884.38
1248.62 1855.54
1249.76 1851.45
1249.78 1855.63
1256.81 1850.8
1263.22 1806.86
1261.47 2034.34
1262.83 2004.25
1268.92 1979.38
1294.06 2276.79
1289.34 2246.83
1289.58 2199.14
1291.76 2194.88
1270.91 2242.47
1270.85 2412.36
1258.42 2502.6
1248.83 2471.89
1328.78 3900.57
1351.26 3286.52
1338.51 3026.05
1338.51 3090.26
1338.85 3003.53
1350.5 2923.7
1363.83 2843.35
1345.21 2981.01
1349.98 2968.6
1400.21 3416.41
1453.14 3364.08
1449.64 3542.03
1467.97 3620.5
1484.46 3525.04
1484.18 3483.43
1483.77 3454.3
1487.19 3590.11
1491.85 3642.54
1500.14 3762.62
1502.35 3818.11
1506.56 3857.91
1514.91 3887.68
1521.03 3916.76
1530.31 3996.27
1539.12 4022.88
1539.16 4208.62
1531.13 4351.95
1537.98 4317.4
1541.64 4350.28
1537.8 4478.97
1539.71 4583.32
1539.56 4597.75
1519.21 4749.73
1541.28 4878.56
1497.81 5047.62
1503.49 5303.79
1504.71 5365.12
1528.02 5712.17
1532.21 5599.43
1523.64 5645.33
1524.74 5679.69
1525.01 5632.73
1527.18 5609.06
1541.93 5690.64
1538.27 5730.6
1536.47 6024.66
1528.52 6178.39
1537.2 6154.94
1540.71 6126.85
1542.39 6127.63
1560.81 6138.56
1560.98 6140.96
1548.65 6223.76
1546.07 6200.46
1546.16 6152
1547.74 6120.66
1542 6042.59
1537.23 5993.79
1529.61 6304.19
1529.76 6267.79
1529.1 6246.43
1526.05 6326.39
1532.55 6332.97
1532.54 6351.76
1532.5 6261.67
1552.95 6228.77
1551.01 6224.05
1551.84 6307.36
1548.9 6507.09
1552.45 6500.66
1548.59 6536.73
1604.41 6593.54
1597.63 6542.74
1596.62 6505.74
1596.98 6501.46
1597.61 6486.68
1601.86 6415.91
1602.14 6407.83
1601.69 6413.23
1607.25 6445.6
1608.01 6492.79
1606.3 6630.84
1605.91 6608.04
1609.75 6563.57
1609.85 6446.24
1608.92 6520.46
1615.28 6651.8
1608.4 6739.05
1607.2 6786.44
1606.7 6792.23
1613.48 6754.04
1621.31 6725.25
1605.42 6789.31
1604 6965.24
1603.94 7019.34
1602.73 7086.89
1602.9 7078.28
1602.88 6996.82
1597.1 7016.12
1600.34 6973.16
1600.03 7016.92
1604.63 6962.33
1608.93 6920.92
1608.69 6886.16
1609.24 6861.32
1606.14 6899.13
1608.54 6902.28
1605.4 6959.5
1606.98 6950.17
1607.73 7000.07
1607.08 6961.33
1606.48 6865.12
1603.96 6789.11
1603.86 6869.02
1604.41 6872.81
1606.63 6890.67
1606.55 6847.98
1606.6 6839.72
1606.98 6824.72
1607.18 6805.55
1607.72 6839.4
1607.92 6830.99
1606.82 6838.06
1606.67 6838.22
1606.21 6810.06
1603.86 6897.7
1603.93 6846.87
1602.28 6856.03
1598.23 7125.56
1598.14 7151.32
1597.32 7163.55
1597.34 7153.04
1599.4 7242.14
1600.89 7303.56
1601.49 7242.47
1601.54 7146.06
1601.81 7069.73
1599.09 7103.31
1599.35 7091.09
1600.93 7085.77
1598.75 7011.22
1599.2 6996.15
1600.33 7013.1
1600.15 6985.13
1598.87 7011.92
1600.44 7021.86
1600.8 6965.74
1601.63 6984.37
1600.27 6963.09
1600.14 6959.24
1601 6998.7
1598.29 7001.52
1597.77 6991.21
1598.86 7026.4
1598.47 7021.33
1598.61 7028.69
1598.65 7007.53
1598.21 7014.06
1595.65 7132.61
1594.94 7265.55
1595.3 7299.96
1594.6 7346.49
1593.78 7424.09
1593.76 7495.6
1593.55 7541.31
1604.07 7632.17
1604.21 7658.08
1604.82 7671.04
1605.37 7654.44
1605.35 7635.88
1602.66 7660.91
1602.22 7645.96
1602.14 7628.72
1602.11 7630.78
1601.78 7639.13
1600.94 7655.06
1607.88 7657.24
1609.97 7725.19
1609.59 7674.83
1610.36 7657.97
1610.37 7666.56
1610.96 7678.27
1610.92 7705.49
1610.73 7708.16
1611.05 7713.75
1612.85 7721.9
1612.33 7711.9
1612.91 7727.91
1613.89 7824.84
1611.7 7850.69
1613.19 7882.34
1612.71 7831.55
1612.77 7883.85
1609.48 7876
1609.42 7864.54
1609.4 7838.72
1613.24 7840.06
1612.39 7833.1
1612.51 7760.29
1613.01 7700.95
1611.63 7688.79
1619.25 7748.45
1618.88 7783.2
1617.25 7806.3
1616.73 7840.72
1616.89 7853.82
1617.14 7882.14
1617.23 7893.61
1617.56 7924.06
1599.26 8080.74
1602.76 8258.57
1604.21 8213.4
1604.14 8227.62
1604.38 8174.01
1604.35 8157.62
1603.08 8096.87
1602.87 8030.39
1602.61 7934.78
1601.71 7891.72
1601.76 7839.26
1601.8 7749.36
1600.93 7729.91
1600.27 7722.56
1600.31 7701.86
1600.34 7685.66
1600.13 7672.66
1600.94 7703.52
1600.76 7742.51
1602.21 7721.26
1602.32 7694.31
1600.13 7739.96
1596.8 7941.76
1597.15 8019.76
1594.93 8022.5
1584.32 8265.17
1584.14 8339.99
1585.02 8337.97
1585.17 8361.18
1585.2 8373.13
1585.35 8351.27
1584.44 8354.72
1584.34 8340.42
1584.72 8337.5
1584.5 8342.64
1584.6 8369.36
1585.13 8450.55
1584.67 8467.01
1581.81 8457.31
1581.84 8457.2
1582.27 8477.78
1584.99 8549.74
1584.36 8583.21
1584.72 8610.74
1585.21 8651.71
1585.18 8591.4
1584.07 8600.29
1584.57 8646.47
1586.71 8668.71
1587.29 8675.62
1590.6 8747.87
1590.6 8805.39
1590.27 8845.04
1589.51 8785.13
1589.25 8768.56
1588.78 8708.38
1588.73 8667.8
1589.3 8660.38
1590.38 8631.53
1588.1 8698.89
1587.82 8697.83
1587.83 8683
1587.81 8686.48
1588.14 8711.78
1587.64 8744.52
1588.69 8771.6
1589.34 8682.2
1588.7 8679.16
1588.6 8568.22
1588.25 8563.77
1587.81 8564.52
1587.24 8551.72
1588.39 8568.85
1588.61 8519.9
1588.56 8506.94
1588.28 8503.71
1588.33 8501.16
1586.85 8510.72
1586.81 8500.11
1586 8448.61
1581.68 8449.91
1585.64 8454.73
1585.07 8485.09
1585.36 8468.32
1585.02 8554.75
1584.71 8638.27
1584.74 8634.24
1584.68 8650.96
1584.68 8667.23
1585.33 8662.78
1586.59 8668.9
1588.38 8692.71
1588.47 8746.25
1588.43 8818.26
1588.68 8830.58
1589.5 8822.44
1589.26 8833.3
1589.17 8835.74
1589.03 8822.07
1589.01 8796.41
1588.96 8783.95
1588.42 8786.26
1588.55 8820.33
1589.36 8831.44
1589.1 8826.73
1589.03 8824.26
1589.11 8828.13
1592.81 8817.66
1592.51 8834.55
1592.53 8855.77
1591.81 8886.06
1592.62 8943.27
1592.6 8982.09
1592.61 9010.3
1593.95 9183.29
1593.69 9265.32
1593.7 9271.89
1588.58 9292.91
1588.62 9267.66
1585.09 9223.33
1585.1 9123.2
1585.24 9079.83
1585.75 8968.14
1585.83 8908.46
1585.81 8868.42
1585.82 8849
1589.79 8843.04
1586.08 8912.42
1584.54 9000.7
1584.04 9029.18
1583.49 9070.67
1584.38 9088.88
1582.23 9141.2
1582.64 9160.9
1582.34 9202.6
1582.54 9187.66
1582.83 9189.3
1582.44 9190.42
1581.18 9172.37
1581.22 9177.2
1581.2 9189.25
1581.21 9228.39
1584.24 9277.48
1584.17 9285.61
1588.39 9306.85
1586.32 9811.01
1582.41 9705.82
1584.2 9879.37
1586.07 9883.07
1587.1 9882.53
1585.9 9902.5
1584.53 9967.9
1583.26 10019.5
1583.58 10032.9
1583.88 10064.8
1584.26 10119
1584.99 10166.8
1585.95 10172.6
1585.87 10182.7
1585.87 10189.4
1587.25 10167.5
1587.33 10163.2
1587.82 10168.4
1588.74 10139.1
1590.06 10152.1
1588.58 10273.5
1589.18 10335.5
1589.2 10373.6
1589.49 10374.5
1589.54 10361.9
1590.08 10345.3
1590.08 10341.4
1590.26 10334.6
1590.26 10331.8
1589.97 10321.7
1589.74 10313
1592.94 10319.6
1592.87 10331.1
1591.27 10282.8
1591.12 10249.4
1587.66 10305.5
1587.78 10324.7
1587.55 10341.4
1587.41 10341
1587.42 10337.2
1587.38 10298.1
1587.98 10248.9
1588.21 10253.4
1589.44 10237
1589.49 10243.5
1589.44 10253.2
1589.46 10239.2
1589.49 10228.2
1589.66 10225.2
1590.23 10228.6
1590.23 10211
1590.26 10198.1
1590.28 10201.3
1589.7 10202
1589.68 10179.8
1588.8 10143.6
1588.53 10141.3
1588.25 10142.9
1588.43 10149.8
1589.37 10151.5
1589.35 10149.8
1589.39 10171.7
1589.36 10165.4
1589.47 10172.9
1589.19 10166.1
1591.88 10180.2
1592.54 10261.9
1592.48 10226.8
1594.41 10224.6
1594.27 10247.3
1594.01 10282.9
1593.4 10327.5
1592.41 10399.3
1592.79 10426.9
1593.54 10448.2
1593.28 10477.6
1593.35 10484.2
1593.79 10479
1592.74 10462.2
1592.62 10460.9
1592.6 10472.7
1592.61 10475.6
1592.6 10484.6
1593.12 10509.7
1593.37 10611.3
1592.81 10602.5
1592.68 10573
1592.68 10588.6
1592.3 10593.9
1592.01 10591.8
1592.57 10597.7
1592.57 10592
1592.13 10600.8
1594 10581.6
1594.42 10593.1
1594.57 10605.4
1594.23 10585.1
1593.9 10579.9
1593.86 10598.2
1588.07 10652
1588.13 10661
1587.11 10666
1587.11 10673
1586.1 10672.8
1586.04 10696.6
1586.35 10676.3
1586.44 10677.5
1589.8 10675
1590.69 10727.5
1590.99 10759.7
1590.85 10761.8
1590.8 10776.4
1590.76 10773.6
1587.99 10837.4
1586.82 10828.1
1586.82 10827.2
1587.11 10831.5
1587.17 10832.6
1587.06 10860.6
1587.07 10869.9
1588.21 10851.6
1588.7 10844.1
1588.48 10791
1590.33 10767.6
1588.76 10703.3
1589.19 10664.4
1589.01 10656.9
1589.49 10706.3
1589.75 10729
1589.75 10735
1589.99 10731.1
1586.87 10789.6
1587.13 10658
1586.94 10667.2
1587.23 10658.8
1586.81 10640.4
1586.77 10619.2
1587 10602
1587.64 10612.3
1588.49 10610.7
1588.35 10671.2
1587.85 10704.3
1590.35 10684.3
1590.15 10685.2
1590.09 10685.6
1590.08 10689.5
1589.14 10684.6
1589.44 10707.1
1589.1 10727.8
1588.42 10743.2
1588.56 10750.8
1589.9 10760.1
1589.52 10734.8
1589.56 10702.7
1590.4 10663.4
1590.29 10631.8
1589.47 10606.4
1589.24 10603.7
1588.57 10561.1
1589.36 10576.7
1589.45 10503.9
1589.39 10513.6
1587.69 10422.7
1587.36 10393.1
1587.09 10361.8
1587.22 10344.3
1586.75 10396.8
1586.16 10416.9
1587.32 10366.7
1587.25 10381.5
1586.87 10316.1
1586.85 10300.8
1587.17 10262.6
1587.4 10211.5
1587.15 10187.6
1586.99 10183.9
1587.08 10135.3
1587.18 10120.2
1587.19 10110.8
1587.24 10098.1
1587.7 10108.7
1588.55 10122.6
1588.55 10118.9
1588.56 10139.1
1588.54 10167.1
1589.1 10171.4
1589.73 10179.6
1590.02 10167.7
1589.95 10152.4
1592.52 10132.7
1591.91 10143.8
1589.96 10211.9
1589.97 10247.5
1590.27 10285.8
1590.6 10324
1590.89 10327.9
1591.22 10344.3
1592.67 10362.8
1593.26 10412.3
1593 10418.5
1590.09 10475.2
1589.95 10536.8
1589.93 10582.2
1589.97 10610.4
1585.86 10652.4
1584.91 10662.4
1584.87 10683
1585.02 10697.6
1585.01 10696.8
1585.56 10747.3
1579.04 10923.1
1579.98 10943.1
1579.64 10988.5
1579.64 11009.8
1580.1 11042
1580.62 11052.6
1580.52 11050.1
1581.32 11062.3
1580.86 11096.8
1580.83 11101.9
1580.76 11116.5
1585.4 11246
1588.22 11308.9
1588.27 11301.5
1588.02 11279.5
1587.05 11255.5
1584.16 11201.8
1584.12 11233.6
1584.58 11212.6
1584.55 11188.8
1584.82 11178.2
1584.7 11293.1
1584.92 11300.7
1584.8 11298.5
1584.62 11296.1
1584.62 11299.8
1584.36 11290.7
1584.66 11289.6
1584.12 11279.5
1583.86 11297
1586 11332.8
1586.12 11346.4
1585.73 11354.2
1585.68 11333.7
1585.6 11320
1585.11 11284.5
1585.19 11278.1
1585.41 11256.6
1584.79 11269.5
1584.94 11252.6
1584.85 11243.8
1584.74 11248
1585.49 11261.3
1585.71 11287.6
1585.74 11268.6
1585.42 11265.3
1587.1 11287.9
1587.25 11289.7
1588.23 11280.9
1586.6 11264.3
1586.64 11254.1
1586.64 11247.9
1586.74 11257.7
1586.77 11254.9
1587.45 11246.2
1587.65 11283.3
1587.68 11284.1
1587.51 11290.3
1587.22 11264.7
1587.25 11259.9
1586.88 11249.1
1586.69 11151.7
1586.58 11122.2
1586.78 11111.7
1586.63 11022.7
1587.26 10997.4
1587.43 10989.8
1588.36 10994
1586.09 11134.1
1586.34 11170.3
1585.99 11183.4
1585.94 11177.5
1585.69 11203
1585.44 11241.7
1585.31 11248.8
1585.24 11260.9
1585.4 11278.2
1584.9 11291.9
1584.82 11290.4
1584.82 11291.7
1584.46 11294.6
1585.12 11264.9
1584.96 11244.7
1585.21 11231.6
1585.6 11216.4
1585.71 11184.2
1586.17 11196.2
1586.69 11222.5
1586.71 11199.9
1585.56 11255.7
1585.23 11251.2
1585.25 11238.3
1585.33 11232.4
1585.22 11239.2
1585.46 11275.5
1584.6 11282
1584.44 11287.2
1584.11 11257.3
1583.97 11257.5
1584.05 11262
1582.06 11278.1
1582.13 11271.2
1582.12 11276.3
1582.31 11269
1582.13 11253.9
1582.13 11266.5
1581.36 11295.3
1580.31 11320.5
1580.26 11332.3
1580.43 11344.2
1579.88 11371
1579.94 11387.8
1580.31 11392.9
1580.53 11542.7
1580.96 11680.6
1581.04 11695.3
1581 11699
1580.01 11640.9
1580.89 11652.5
1580.79 11689.1
1580.31 11727
1581.42 11716.9
1581.83 11710.9
1578.59 11689.7
1578.32 11729.6
1578.2 11719.8
1578.02 11718.5
1578.2 11798.7
1578.72 11831.6
1579.73 11865.3
1580.69 11920.2
1580.49 11915.2
1581.57 11942.1
1583.38 11952.8
1583.1 11946.8
1583.08 11973.5
1582.99 11978.8
1582.36 11988.5
1582.41 11980.7
1582.22 11968.9
1582.39 11967.4
1582.47 11966.5
1582.46 11972
1582.71 11979.2
1582.55 12007.1
1583.89 12057.6
1583.73 12098.9
1582.77 12136.9
1583.27 12133.9
1585.01 12129.1
1584.53 12100.3
1584.25 12074.4
1584.23 12044.7
1583.23 12051.7
1582.83 12134.7
1582.72 12109.2
1582.86 12102.6
1582.93 12087.1
1584.11 12103.5
1584.07 12181
1582.83 12195.3
1582.84 12231.3
1581.47 12236.6
1581.44 12269.7
1582.42 12265.6
1582.36 12252.8
1580.92 12239.5
1581 12239.3
1581.2 12238.1
1581.52 12247.9
1581.61 12264.8
1580.6 12267.3
1580.6 12275.1
1580.94 12291.3
1580.88 12296.7
1581.46 12312.1
1581.56 12340.6
1581.58 12341.2
1582.15 12419.9
1583.59 12443.3
1583.55 12438.7
1583.53 12424.6
1583.72 12413.3
1582.94 12398.4
1582.9 12403.6
1583.1 12413
1583.21 12430
1582.67 12437.9
1581.11 12360.4
1581.04 12360.1
1580.35 12355.5
1581.29 12349.4
1581.29 12366.2
1581.04 12375.5
1581.08 12364
1578.86 12330.3
1578.57 12328
1578.6 12316
1578.65 12315.2
1578.53 12324.1
1578.62 12337.2
1577.4 12330.8
1577.58 12338.4
1577.63 12341.8
1579.11 12353.7
1577.64 12456.2
1577.57 12469.7
1577.67 12469.4
1578.01 12470.8
1577.18 12490.5
1577.22 12450.1
1577.66 12386.6
1576.68 12264.3
1577.71 12188.3
1577.25 12214.9
1577.32 12216.1
1575.64 12203.8
1577.65 12205.8
1577.83 12203.4
1578.12 12223.1
1578.36 12233.3
1578.91 12237.3
1578.89 12238.9
1578.84 12267.4
1578.49 12291.5
1578.53 12307.3
1578.53 12322.5
1579.64 12302
1579.42 12300.8
1579.32 12302.2
1580.62 12320.2
1580.45 12316
1580.48 12301.2
1581.21 12297
1581.27 12302.5
1580.36 12290.3
1579.88 12263
1579.66 12323
1578.26 12297.7
1578.08 12275.2
1572.01 13108
1572.18 12322.3
1572.32 12116.7
1572.29 12043
1572.35 12038.5
1572.29 12024.6
1573.79 12023.1
1573.8 12021.2
1574.56 12025.3
1574.98 12033.9
1575.12 12022.8
1574.75 12012.3
1574.94 12018.1
1574.92 12032.7
1574.85 12031
1575.27 12022.9
1575.36 12023.5
1575.38 12012.2
1575.21 11942.2
1575.32 11920.9
1576.33 11936.3
1576.18 11956.8
1579.99 11995.1
1580.67 12051.8
1580.73 12100.4
1580.74 12089.3
1580.7 12074.3
1580.79 12068.8
1581.18 12073
1581.18 12084.2
1581.14 12065.6
1577.05 12007.6
1576.5 11976.1
1574.07 12065.2
1574.15 12143.8
1574.23 12165.8
1572.33 12215
1572.45 12218.3
1572.38 12208.6
1572.58 12221.9
1572.59 12220.1
1572.47 12195.7
1573.84 12310.7
1574.01 12321.9
1574.01 12291.9
1573.79 12286.5
1573.56 12279
1573.52 12321.6
1573.72 12316.6
1571.76 12291.4
1571.39 12277.3
1570.75 12263
1569.69 12256.3
1570.03 12248.7
1569.63 12280.5
1569.44 12296.2
1569.52 12285.5
1569.18 12256.5
1569.59 12218.5
1570.22 12216.3
1570.34 12201.4
1570.1 12220.6
1569.68 12211
1569.11 12170.8
1569.09 12174.7
1569.11 12175.3
1569.54 12177.4
1569.55 12174.2
1569.63 12177.5
1570.15 12258.8
1570.2 12284.5
1570.93 12287.1
1571.66 12293.7
1571.4 12369.8
1571.48 12371.1
1571.95 12377.5
1571.78 12390.8
1571.85 12386.1
1571.76 12386.7
1571.53 12393
1571.68 12394.5
1571.78 12399.9
1571.79 12405.6
1571.62 12394.4
1571.56 12388.5
1571.45 12387.7
1571.46 12366
1572.15 12418.2
1571.95 12439.7
1572.14 12469
1572.21 12484.1
1572.44 12504
1571.92 12530.5
1571.91 12544.5
1571.56 12574.7
1571.56 12595.1
1570.67 12602.4
1570.24 12595.3
1570.24 12597.1
1570.16 12597.2
1570.2 12593.5
1569.87 12600.3
1569.76 12606.9
1570.49 12626.4
1570.43 12616.7
1569.98 12610.2
1569.74 12548
1568.95 12491.1
1569.83 12472.8
1569.97 12468.5
1570.43 12473
1567.87 12551.1
1567.9 12580.1
1568.34 12591.4
1568.48 12605.7
1570.56 12634.4
1570.52 12634.5
1569.84 12646.7
1569.87 12671.9
1569.91 12703.7
1568.38 12721.2
1568.25 12725.6
1568.55 12732.4
1568.37 12736.4
1568.4 12739.6
1568.43 12741.7
1567.93 12738
1567.84 12738.9
1567.72 12763.3
1567.69 12771.5
1567.65 12781.3
1567.04 12796.9
1567.58 12821.8
1567.65 12840.9
1566.91 12858.6
1566.54 12890.8
1566.16 12897.6
1567.1 12884
1567.01 12890
1567.05 12897.1
