277.55 2.34212
410.635 7.83044
410.908 7.80997
417.968 7.80372
422.71 7.79976
431.028 7.79669
481.831 7.79669
522.972 7.79669
582.987 486.072
594.688 729.907
617.202 650.907
691.914 624.007
708.23 615.464
709.016 608.031
710.415 625.579
718.479 614.795
722.398 610.831
755.418 607.717
766.581 605.059
766.631 601.526
804.824 601.783
792.652 610.767
792.464 618.964
801.096 637.063
823.315 632.729
830.514 631.677
830.895 629.7
832.197 627.905
826.857 646.809
834.081 641.867
893.289 676.611
903.485 863.324
905.591 972.732
938.018 955.818
952.465 935.26
953.458 921.942
972.59 910.426
971.49 902.923
972.313 897.236
969.533 894.372
973.214 907.922
994.211 926.382
1012.12 923.135
999.331 918.587
999.931 907.884
999.948 901.735
1045.45 1198.89
1057.83 1231.55
1046.62 1386.44
1050.6 1484.57
1052.43 1527.54
1056.37 1582.21
1052.06 1632.92
1058.43 1699.5
1062.36 1696.28
1087.7 1697.87
1093.22 1948.28
1099.86 1941.18
1093.97 2010.84
1087.51 2071.43
1088.74 2102.08
1088.73 2099.39
1091.54 2131.85
1091.08 2131.92
1104.51 2304.09
1120.89 2440.89
1120.87 2373.35
1138.42 2436.19
1111.97 2626.2
1247.58 4438.9
1247.79 4109.46
1249.35 3464.11
1171.19 3645.75
1219.09 3660.94
1217.99 3887.8
1217.18 3867.02
1141.99 4678.36
1142.55 5208.62
1144.48 5563.06
1156.56 5661.17
1205.66 5769.53
1197.68 5894.34
1197.82 5933.25
1190.84 5980.37
1191.55 6088.55
1190.5 6173.61
1185.41 6260.55
1187.31 6267.24
1196.62 6544.34
1197.82 6589.14
1198.4 6579.78
1212.04 6570.39
1214.88 6546.16
1206.16 6632.22
1209.68 6739.78
1206.4 6897.69
1272.39 6961.24
1278.24 7086.76
1283.18 7151.62
1283.51 7178.31
1286.03 7181.78
1283.97 7223.26
1266.81 7581.35
1264.24 8141.98
1266.18 8299.63
1271.44 8669.12
1263.9 8651.59
1262.89 8709.37
1261.09 8787.89
1257.77 8998.4
1257.95 9004.98
1257 8950.07
1262.57 8910.96
1259.61 8847.85
1260.25 8926.96
1285.21 9041.03
1285.43 9046.76
1282.89 8879.37
1283.06 8776.66
1279.64 8704.5
1279.69 8537.58
1279.76 8522.39
1292.51 8494.72
1292.02 8459.06
1289.45 8476.03
1288.82 8763.91
1285.87 8932
1289.39 9004.45
1292.51 9007.77
1294.86 8937.47
1292.54 8953.73
1293.24 8892.46
1299.12 8848.67
1303.13 8822.06
1301.82 8807.5
1312.97 9724.04
1268.83 10594.4
1268.05 10632.4
1260.87 10682.5
1257.24 10793.6
1258.01 10590.9
1257.89 10479.2
1258.83 10451.6
1258.86 10456.8
1260.9 10487.1
1260.88 10516.5
1255.82 10483.6
1256.17 10398.5
1256.44 10412.6
1256.05 10490.1
1254.22 10550.9
1250.9 10637.1
1250.72 10818.4
1249.47 10823
1250.37 10927.1
1251.24 10948.7
1258.54 10932.9
1273.31 11184.2
1274.38 11195.4
1273.92 11253.7
1275.44 11124
1278.2 10992
1276.8 10739.7
1276.85 10479.4
1276.97 10351
1276.68 10231.9
1276.82 10163.4
1275.93 10293.2
1296.62 10429.7
1296.7 10267.6
1295.3 10153
1295.13 10117.9
1295.11 9983.93
1316.88 10111.7
1329.45 10034.8
1330.05 10013.7
1330.36 10013.3
1330.38 10023.3
1319.32 9850.21
1318.56 10046.8
1327.74 10227.3
1328.69 10261.4
1332.8 10342
1332.17 10364.2
1332.18 10378.6
1329.26 10442.2
1327.42 10661.6
1347.8 10789.9
1347.82 10837.4
1346.99 10835.4
1348 10861.9
1348.25 10860.8
1346.97 10930.3
1349.68 10996
1351.04 10921.4
1350.47 10938.4
1349.94 10948.1
1350.19 11019.2
1350.04 10947.2
1348.45 10915.5
1348.48 10889.2
1361.54 10899.9
1359.92 10930.8
1362.55 10956.8
1367.67 10961.3
1371.69 10946.4
1372.29 11043
1361.53 11065.9
1361.82 11118
1361.43 11188.2
1361.36 11132.2
1361.41 11073.8
1361.27 11138.1
1356.53 11204.2
1356.93 11165.2
1355.82 11101.4
1356.24 11118.9
1355.51 11102.8
1356.68 11183.4
1355.16 11246.9
1357.92 11199.2
1358.52 11158.1
1362.17 11314.8
1362.66 11449.9
1362.85 11699.3
1363.41 11690.8
1363.07 11649.1
1364.67 11826.1
1365.42 11856.7
1366.19 11777
1366.36 11651
1366.72 11647.4
1366.93 11649.5
1369.5 11694.8
1369.04 11704.3
1369.23 11944.6
1376.56 11951.2
1377.3 12094.9
1375.42 12236.6
1376.62 12331.2
1379.16 12486
1379.39 12546.8
1380.14 12647.6
1381.77 12806.5
1381.91 12878
1382.05 12895.9
1384.5 12887.6
1385.21 12942.8
1385.45 12961.1
1385.44 13010
1386.27 13112.5
1386.26 12951.6
1390.78 13107.3
1394.29 12985.5
1394.35 13082.6
1394.45 13315.1
1394.72 13455.1
1396.59 13676.9
1398.56 13688.5
1401.05 13700.3
1400.36 13501.2
1400.6 13507.3
1398.75 13487.3
1397.2 13472.5
1395.87 13456.5
1395.43 13320.4
1395.13 13341.7
1396.87 13324.5
1397.42 13382.2
1397.49 13461.3
1399.4 13563.7
1397.31 13668
1399.56 13849.8
1399.37 14100.6
1396.36 14076.9
1397.09 14281.6
1399.18 14479.7
1399.21 14591.9
1399.29 14660.4
1399.63 14686.7
1399.47 14735.5
1399.42 14761.5
1405.43 14893.6
1405.42 14937.9
1405.87 14922.8
1405.74 14762.6
1406.33 14718.6
1406.14 14662.6
1405.28 14553.5
1404.54 14444.1
1404.81 14309.8
1404.62 14244.7
1405.14 14096.5
1405.15 14031.3
1402.59 14057
1402.66 13996.9
1402.84 13953.7
1402.84 13913.4
1402.91 13852
1401.03 13818.4
1401.41 13834.5
1401.25 13826.9
1400.53 13959.9
1403.01 14064.7
1402.32 14063
1404.52 14108.8
1405.07 14062
1405.18 14034.5
1404.91 13981
1405.28 13920.9
1403.19 14060.4
1405.1 14194.1
1404.18 14248.6
1403.86 14224.6
1403.31 14210.6
1404.41 14257.3
1404.34 14233.1
1404.3 14167.1
1404.02 14129.7
1399.1 14198.8
1399.63 14254.5
1401.12 14298.3
1401.33 14236.6
1401.25 14315.8
1401.22 14315.6
1400.7 14261.2
1400.73 14275.8
1401.29 14332.8
1401.33 14285
1401.52 14288.7
1401.91 14450.5
1401.96 14452.1
1402.04 14438
1401.03 14418.3
1401.92 14447.3
1401.69 14469.5
1401.96 14573.7
1402.04 14574.1
1401.98 14592.6
1400.71 14600.2
1402.92 14519.7
1402.35 14657.6
1401.84 14727.8
1401.81 14747.1
1401.89 14710.8
1404.68 14721.2
1404.73 14728.9
1404.08 14727.5
1402.87 14838.3
1405.22 14767.9
1407.4 14715.5
1407.92 14722.9
1407.68 14763.8
1409.1 14727
1409.14 14745.9
1409.12 14740
1408.18 14627
1406.35 14733.7
1406.51 14773.3
1406.31 14787.6
1406.33 14782.8
1407.15 14777.5
1407.88 15079.7
1407.39 15105.3
1406.14 15129.6
1405.78 15198.6
1405.81 15165.2
1405.74 15197.8
1404.93 15257.4
1403.75 15282.7
1403.96 15259.5
1404.29 15203.6
1404.11 15207.6
1404.23 15218
1405.57 15186.7
1404.88 15186.6
1396 14985.9
1395.3 15051.4
1394.57 15006.3
1395.26 14992
1391 15079.6
1390.18 15249.6
1389.32 15171.9
1390.52 15146.4
1389.06 15185.7
1390.71 15149.8
1390.79 15142.8
1392.21 15142.8
1392.13 15117.6
1390.47 15173.6
1390.6 15220
1390.61 15243
1389.99 15267.8
1390.21 15275.7
1389.05 15246
1389.56 15297.9
1388.61 15318.5
1389.45 15410.4
1389.54 15351.4
1389.01 15314
1389 15308.4
1389.6 15238.1
1392.1 15166.2
1392.37 15217.9
1392.05 15262.8
1392.05 15251.5
1391.31 15225.5
1391.15 15264.1
1390.48 15289.4
1390.35 15303.5
1390.49 15334.5
1390.68 15447.9
1390.9 15498.8
1392.08 15496.6
1393.03 15549.9
1394.99 15603.7
1392.56 15653.5
1392.21 15652.4
1393.45 15714.8
1393.72 15728.9
1393.71 15702
1392.98 15696.9
1392.36 15660.4
1391.35 15710.5
1391.89 15795.1
1394.02 15838.4
1399.38 15891.1
1400.01 15929.2
1397.96 15962.9
1397.71 16204.3
1397.3 16297
1398.07 16160.9
1399.19 16141.4
1397.12 16113.7
1397.2 16100.2
1397.35 16120.7
1397.98 16119.8
1399.98 16133
1399.97 16123.2
1399.22 16099.4
1397.23 16110.6
1397.01 16250.4
1396.89 16217.6
1396.84 16128.5
1397.1 16011.2
1397.02 15900
1396.35 15840.4
1396.13 15816
1396.18 15813.7
1395.97 15828
1393.95 15785.8
1393.97 15714.7
1393.99 15655.8
1393.99 15656.7
1393.41 15626.4
1392.49 15556.9
1392.76 15544
1391.37 15586.4
1391.52 15610.7
1391.27 15606.6
1392 15719.3
1392.9 15850.4
1393.27 15857.2
1393.24 15883.1
1394.4 15899.8
1394.74 15928.2
1393.83 16036.2
1393.53 15995.5
1392.6 16118.4
1392.52 16176.7
1393.18 16161.1
1393.19 16168.8
1393.13 16193.1
1392.79 16139.6
1393.77 16143
1392.83 16130.3
1392.5 16116.5
1392.47 16142
1389.2 16227.8
1388.86 16331.5
1389.64 16257.6
1389.41 16141.4
1389.27 16163.5
1389.2 16211
1390.59 16287.4
1390.63 16356
1393.92 16478.1
1393.93 16530.5
1394.24 16546
1393.5 16527.5
1392.95 16557.9
1392.86 16526.3
1394.51 16532.2
1394.92 16520
1395.11 16483.2
1395.28 16449.7
1396.69 16480.2
1396.86 16503
1397.02 16583.4
1397.98 16569.9
1398.89 16555.5
1400.15 16470.4
1400.63 16417.6
1401.34 16433.7
1401.39 16462.5
1401.8 16515.8
1401.67 16511.2
1401.09 16475.8
1404.26 16549.3
1403.97 16571.8
1404.12 16598.6
1405.27 16621.5
1408.21 16700.8
1408.17 16687.5
1408.15 16670.9
1406.93 16772
1406.93 16849.1
1406.54 16882.9
1406.39 16870.7
1407.57 16890
1407.37 16887.6
1407.13 16887.1
1407.56 16863.8
1407.59 16821.3
1407.5 16786
1407.81 16784
1407.08 16825.3
1410.97 16948.5
1410.23 17007.4
1410.48 17011.3
1410.76 16985.4
1410.52 16980.2
1410.65 16997
1408.54 16998.1
1408.69 17010.4
1408.64 17044
1408.81 17074.3
1406.26 17140.5
1406.64 17166.9
1405.4 17173.6
1406.33 17242.9
1406.56 17290.3
1405.81 17286.5
1404.07 17306.2
1403.65 17277.3
1403.58 17293.2
1403.28 17291.2
1403.45 17291.9
1403.74 17306.9
1403.94 17310.1
1404.26 17289.2
1404.6 17290.7
1403.9 17271
1405.08 17307.5
1405.36 17343.2
1405.91 17408.7
1406.53 17401.6
1406.67 17392.2
1406.54 17399.2
1407.32 17404.3
1407.39 17399.7
1407.95 17437.4
1408.29 17467.4
1408.69 17435.6
1408.1 17400.8
1408.1 17374.3
1409.22 17371.5
1409.33 17371.5
1409.31 17375
1409.2 17349.8
1409.24 17321.4
1409.24 17297.8
1409.28 17292.9
1408.32 17301.7
1408.23 17296.9
1407.93 17316.8
1408.58 17331.2
1406.87 17335.3
1406.54 17343.2
1406.6 17365.8
1406.74 17315.7
1407.47 17327.8
1406.38 17322.6
1405.24 17402.5
1407.26 17441.3
1407.32 17492.3
1408.36 17526.9
1407.05 17530.5
1408.72 17569.6
1408.75 17587.5
1408.84 17590.2
1408.48 17590.1
1408.57 17549.5
1408.48 17570.7
1409.18 17619.5
1409.14 17679.7
1408.69 17700.1
1408.18 17714.7
1411.41 17728.9
1411.56 17715.4
1412.26 17794.2
1412.4 17823.3
1412.58 17788.8
1412.89 17799.6
1413.68 17716
1413.68 17643.7
1414.29 17642
1414.21 17646.2
1417.22 17668.3
1417.29 17671.7
1416.78 17688.1
1416.39 17700.2
1416.17 17716.5
1421.18 17758.9
1421.18 17757.3
1420.83 17762.4
1420.95 17775.8
1421.39 17801.5
1421.35 17790.7
1421.78 17793.2
1421.37 17803.3
1421.54 17850.2
1421.88 17873
1425.95 17895.3
1423.84 17926.8
1423.74 17929.2
1423.97 17955.5
1424.14 17994.8
1427.17 18035.4
1429.2 18086.9
1429.51 18111.3
1429.81 18130.4
1430.01 18130.4
1429.9 18165.1
1430.1 18173.5
1429.94 18088.8
1430.26 18046
1430.22 18034.5
1430.8 18300.1
1435.97 18630.3
1435.83 18613.5
1436.09 18566.5
1434.91 18649.5
1434.02 18645.3
1432.61 18720.3
1432.8 18774.1
1432.64 18690.5
1431.52 18606.1
1431.62 18642.9
1431.77 18693
1434.32 18701.1
1435.23 18707.3
1435.96 18715.6
1436.86 18708.4
1436.64 18691.5
1438.49 18639.3
1438.16 18580
1437.45 18588
1436.49 18610.4
1436.67 18626.9
1436.2 18630.9
1436.22 18636.2
1435.85 18637.5
1435.85 18646
1436.31 18677.9
1436.58 18625.3
1436.37 18631.7
1436.75 18616.6
1436.26 18602
1433.26 19056.8
1434.32 19102.4
1434.32 19094.9
1434.39 19055.6
1434.36 19040.2
1434.47 19031.7
1434.43 19014.8
1435.25 18947.7
1435.32 18948.7
1435.54 18962.6
1435.51 18927
1433.65 18982.3
1432.94 19023.1
1433.32 19069.1
1432.71 19063.3
1432.46 19084.9
1432.36 19110.7
1434.04 19145.6
1434.02 19122.3
1433.74 19111.8
1435.37 19166.5
1435.87 19148.5
1435.81 19163.9
1437.26 19171.4
1436.73 19166.3
1439.38 19306.2
1439.1 19349.9
1437.41 19355.4
1437.41 19370.4
1439.67 19375.1
1442.05 19403.6
1441.51 19681
1441.44 19694.5
1442.2 19695.5
1441.96 19703.3
1437.72 19792.8
1437.8 19812.3
1437.97 19810.6
1437.76 19821.7
1437.92 19975.6
1437.48 19994.2
1435.11 19698.3
1436.86 19637.6
1437.13 19621
1438.87 19600.9
1439.47 19575.2
1439.75 19583.2
1442.53 19597.3
1442.63 19551.6
1442.64 19560.3
1441.98 19569.9
1443.22 19592.1
1443.68 19612.5
1444.28 19615.3
1444.38 19624.1
1444.39 19616.7
1443.62 19640.8
1444.5 19638.6
1444.6 19628.8
1446.21 19630.1
1445.96 19588.4
1446.05 19631.9
1445.94 19678.8
1446.67 19720
1447.09 19806.6
1448.78 19819.5
1447.14 19871.2
1447.37 19897
1447.33 19914.4
1444.84 19987.7
1445.01 20053.3
1446.11 20115.5
1445.56 20127.9
1445.82 20110.7
1444.97 20137.3
1445.02 20157.5
1445.15 20159.8
1445.13 20169
1447.34 20216.1
1447.24 20205.7
1446.93 20238.7
1446.38 20234
1447.25 20274
1447.08 20281.6
1445.26 20302.7
1445.62 20310.9
1445.55 20341.4
1445.57 20341.7
1446.67 20378.7
1446.66 20372.3
1446.87 20379.3
1446.75 20385
1446.37 20387.5
1447.75 20411
1447.87 20410.1
1448 20383.3
1447.72 20328.3
1447.72 20303
1447.73 20265
1447.78 20248.5
1448.11 20227.4
1448.19 20224.9
1448.28 20272.1
1448.69 20275.2
1448.69 20393.4
1448.98 20438.5
1448.67 20422.8
1448.78 20427
1449.33 20421.6
1448.96 20408.8
1449.53 20402
1449.65 20437
1449.59 20420.7
1450.4 20473.6
1450.04 20485.9
1450.15 20509.8
1450.22 20488.8
1451.57 20517.1
1451.66 20491.3
1450.48 20443.7
1450.76 20447
1450.69 20406.9
1450.8 20353.2
1451.56 20350.4
1451.55 20357
1451.52 20362
1450.9 20361.6
1455.49 20391.4
1455.43 20436
1455.39 20463.6
1455.65 20553.2
1455.69 20556.8
1456.11 20573.9
1456.38 20566.3
1457.18 20582.7
1458.47 20576.1
1458.37 20594.4
1458.3 20581.1
1457.77 20584.7
1459.09 20600.6
1459.57 20636.5
1460.1 20627.9
1459.79 20612.9
1459.4 20609.9
1463.16 20677.4
1464.7 20697.8
1464.5 20677.2
1464.67 20649.6
1464.85 20638.4
1465.01 20673.7
1464.86 20680.8
1464.69 20679.7
1464.49 20649.9
1464.58 20639.1
1464.99 20589.5
1465.01 20572.4
1464.28 20600.4
1464.32 20620.3
1464.04 20641.3
1463.88 20661.6
1460.76 20697.3
1460.58 20893.7
1460.68 20864.7
1459.09 20906.3
1459.09 20957.4
1459.33 21002.6
1459.15 21041.3
1459.15 21068.1
1459.02 21073.6
1459.07 21077.4
1458.94 21101.3
1459.31 21117.2
1459.31 21103.6
1458.97 21099.3
1459.21 21044.6
1459.32 21021.6
1459.39 21007.6
1459.63 20989.3
1460.08 20976.5
1460.02 20968.5
1460.02 20972.6
1460.09 20973.7
1460.96 20990.5
1460.81 20988
1460.95 20911
1462.29 20908
1462.3 20931.3
1462.31 20942.1
1462.16 20924.4
1461.62 20933.6
1462.03 21034.9
1461.21 21093
1463.59 21182.2
1463.62 21185.8
1463.18 21191.5
1462.82 21206.3
1463.62 21278.8
1463.62 21346.1
1463.34 21379.4
1464.14 21375
1464.85 21369.6
1464.37 21348.9
1464.24 21365.7
1464.97 21368.1
1465.09 21375.9
1464.67 21375.2
1464.66 21373.6
1464.98 21400.3
1464.96 21420.7
1469.41 21597.3
1469.13 21504.2
1470.26 21438
1470.22 21419.3
1470.08 21425.7
1469.92 21432.8
1469.56 21439.3
1469.68 21446.2
1470.92 21444.3
1470.82 21466.3
1468.04 21484.2
1468.15 21490.6
1468.27 21489.1
1468.24 21494.8
1468.36 21495.8
1468.55 21487.6
1468.21 21474.4
1468.16 21387.9
1468.79 21321.3
1468.74 21252.8
1468.66 21195
1468.7 21137.9
1467.77 21109.3
1466.59 21081.1
1466.22 21095.4
1466.11 21081.7
1466.1 21070.3
1466.15 21076.5
1466.17 21075.1
1471.31 21364.2
1471.82 21194.6
1472.99 21140.7
1473.14 21172.8
1472.89 21176.7
1472.57 21277
1471.79 21306.5
1472.34 21301
1472.86 21305.1
1471.74 21309.9
1471.7 21347.2
1472.05 21353.1
1472.15 21343.2
1472 21325.5
1471.24 21337
1472.12 21328.8
1476.23 21475.1
1476.26 21307
1476.11 21354.2
1476.02 21410
1476.27 21429.8
1476.66 21456.3
1477.08 21442.8
1477.07 21440.9
1477.38 21367.8
1477.66 21374.4
1481.37 21415.8
1481.3 21411.8
1481.3 21447.9
1481.34 21406
1481.32 21396
1481.4 21444.9
1481.43 21403.6
1482.06 21377.5
1483.64 21423.5
1484.47 21406.9
1484.49 21381.7
1485.69 21367.7
1486.07 21284
1486.07 21300.9
1485.77 21273.9
1485.77 21251.5
1486.18 21241.6
1486.2 21223
1487.08 21225.4
1487.11 21214.8
1487.06 21202.6
1487 21208.1
1486.97 21214
1487.79 21254.1
1487.75 21213.5
1488.07 21211
1494.54 21340.2
1494.42 21325.3
1494.7 21330.6
1494.86 21334.8
1492.66 21424.6
1492.68 21461.8
1492.7 21481.1
1492.39 21477
1493.35 21518.7
1493.31 21518.3
1491.96 21508.5
1492.22 21526.6
1491.99 21531.1
1493.09 21555.3
1493.71 21587.1
1493.8 21620
1493.97 21583.7
1494.34 21562.1
1494.75 21566.5
1495.47 21564.3
1495.32 21561.9
1497.16 21618.8
1497.27 21605.5
1496.83 21516.9
1496.56 21461
1496.62 21434.6
1495.29 21440.7
1494.42 21443.2
1494.45 21453.6
1494.34 21438.5
1493.76 21420.7
1493.48 21403.9
1493.89 21402
1493.96 21392.1
1494.29 21342.9
1494.75 21426.5
1494.82 21423.6
1494.8 21436.9
1494.93 21454.2
1494.86 21470.5
