342.18 3.02458
415.198 2.99849
585.839 29.5858
593.132 28.6765
600.644 28.3714
601.264 28.1873
673.464 40.481
674.357 40.1645
688.743 39.9831
728.922 40.9853
734.002 40.9365
734.019 40.9365
734.534 40.1345
740.951 40.0053
783.117 44.5963
853.058 74.1823
892.867 74.4207
894.43 77.1146
886.193 236.703
886.355 405.573
881.267 987.105
936.295 1148.99
939.157 1253.91
946.727 1341.96
966.854 1373.72
973.34 1389.82
998 1697.4
1014.6 1910.95
1014.73 1951.48
1016.36 1945.99
1041.03 1968.19
1053.15 1956.99
1109.03 1965.71
1126.55 2137.17
1132.06 2189.18
1197.35 2263.09
1198.52 2299.19
1201.42 2328.66
1201.89 2333.72
1199.26 2364.14
1199.74 2354.91
1205.5 2348.77
1205.41 2343.22
1269.11 2354.01
1269.18 2334.12
1260.5 2303.87
1256.19 2347.23
1256.06 2392.89
1259.48 2475.75
1319.47 2406.89
1316.71 2344.78
1316.28 2332.2
1337.1 2377.01
1338.32 2408.19
1347.18 2709.97
1350.75 2627.72
1375.14 2810.05
1371.05 2774.91
1372.05 2847.75
1371.97 2747.35
1371.67 2708.37
1372.68 2698.49
1352.96 2948.48
1350.52 3067.13
1372.47 3208.8
1384.48 3776.64
1384.53 3582.25
1379.06 3398.58
1371.89 3353.05
1372.59 3373.07
1448.51 6754.36
1448.38 6311.07
1448.42 5683.12
1449.51 5556.38
1438.95 5563.98
1442.63 5641.73
1442.7 5666.78
1443.39 5688.51
1454.7 5684.14
1455.24 5697.39
1457.46 5715.28
1458.99 6032.14
1463.04 6223.05
1490.51 6360.99
1496.15 6629.54
1494.79 6791.05
1493.52 6884.4
1493.07 6877.51
1511.2 6837.2
1520.14 6840.8
1520.75 6810.32
1520.91 6824.53
1520.85 6885.4
1497.99 7004.97
1504.76 7128.78
1513.2 7106.78
1514.2 7097.95
1514.24 7113.12
1523.43 7153.04
1523.7 7095.12
1518.81 7128.63
1524.4 7239.05
1522.21 7288.17
1521.16 7115.76
1521.44 7156.17
1517.14 7099.72
1517.52 7139.57
1521.22 7210.47
1523.3 7137.7
1523.8 7107.38
1519.78 7175.25
1519.77 7166.64
1520.4 7155.42
1521.66 7170.35
1496.49 7265.74
1500.05 7159.97
1500.14 7092.22
1503.98 7794.18
1504.24 7765.06
1510.52 7500.6
1510.52 7291.67
1510.54 7102.35
1494.06 6904.4
1494.44 6716.91
1495.49 6608.96
1499.64 6509.42
1499.46 6344.75
1502.51 6320.04
1505.18 6312.49
1506.16 6290.63
1507.31 6307.44
1513.11 6173.99
1531.94 6252.8
1530.36 6278.93
1533.85 6345.17
1530.6 6355
1533.72 6379.14
1548.98 6400.92
1549.51 6283.79
1552.64 6190.99
1552.56 6188.07
1552.61 6191.58
1552.72 6172.13
1548.97 6302.14
1547.07 6528.68
1546.95 6711.05
1556.34 6761.76
1553.92 6849.33
1553.93 6819.92
1549.37 7403.44
1549.44 7423.36
1550.97 7384.78
1553.16 7421.12
1554.29 7696.8
1557.42 7736.49
1552.5 7895.27
1541.99 8108.09
1544.62 7987.55
1545.2 7892.42
1544.82 7959.93
1548.3 8014.56
1517.09 7789.74
1517.88 7799.28
1519.19 7765.92
1519.22 7783.66
1527.22 7814.45
1525.07 7809.52
1526.86 7771.58
1531.39 8017.87
1532.03 8426.33
1535.55 8317.02
1533.93 8376.32
1533.14 8416.49
1533.02 8450.67
1533.72 8509.32
1534.57 8561.54
1534.34 8630.05
1535.43 8731.6
1536.28 8645.67
1536.4 8581
1536.78 8580.87
1535.82 8550.2
1510.13 8715.09
1513.74 8808.03
1513.71 8855.02
1513.93 8883.21
1517.34 8971.19
1518.2 9095.7
1520.23 9039.85
1519.92 9158.83
1519.32 9161.05
1528.33 9130.63
1528.4 9119.5
1531.24 9165.19
1530.94 9156.78
1530.9 9128.28
1529.03 9097.19
1525.05 9381.67
1525.38 9595.25
1529.16 9760.82
1517.03 9887.05
1517.53 9970.19
1517.03 9992.8
1517.06 9984.9
1524.74 9953.97
1525.22 9926.56
1523.49 10065.4
1521.64 10060.6
1525.23 10072.1
1526.21 10093.9
1525.76 10073.2
1528.55 10049
1528.57 10024.7
1526.86 9986.51
1512.22 10044
1513.77 10132.6
1511.22 10052.7
1515.06 10060.2
1514.94 10055.6
1514.47 10045
1517.23 10162.3
1520.08 10264.9
1519.31 10308.7
1519.17 10305.5
1517.14 10306.1
1517.36 10477.4
1518.43 10695
1516.61 10820.5
1516.96 10828.3
1515.16 10934.7
1514.56 10960.4
1521.25 11187.5
1525.97 11452.9
1526.16 11262.7
1527.17 11325.7
1524.5 11455.9
1524.22 11542.5
1524.85 11510
1522.56 11535.3
1535.74 11861.6
1534.23 12196.7
1533.11 11865.9
1532.6 11823.3
1531.07 11797.2
1530.73 11776.3
1530.9 11781.9
1537.42 11774.8
1537.46 11765.6
1545.19 11985.4
1546.36 12281.9
1545.55 12369.4
1554.71 12381.1
1554.45 12483.5
1554.66 12279
1554.61 12243.4
1555.74 12216.4
1557.76 12240.1
1557.84 12263.8
1557.68 12288.8
1557.69 12307.6
1557.6 12307.2
1557.82 12247.5
1558.82 12213
1558.98 12194.9
1559.19 12194.4
1559.88 12233.6
1559.96 12227.2
1565.14 12227.1
1565.17 12215.1
1564.64 12180.2
1577.46 12280.3
1577.09 12423.3
1577.05 12470.5
1580.56 12557.5
1580.23 12645.6
1581.74 12659.6
1581.77 12671
1581.81 12690.4
1581.51 12696.2
1583.84 12659.8
1583.96 12613.9
1598.91 12958.6
1598.79 12726.5
1598.71 12666.2
1598.1 12674.7
1598.2 12675.4
1601.89 12674.1
1601.31 12617.3
1601.35 12569.3
1598.49 12571.9
1598.02 12558.2
1597.55 12568.6
1597.45 12577.6
1596.39 12464.3
1595.38 12547.8
1595.33 12606.1
1597.1 12659.3
1597.88 12736.4
1596.33 12736.7
1596.98 12712.3
1596.97 12684
1597.24 12680.7
1595.39 12730.7
1595.29 12725.2
1598 12744.7
1599.86 12825.1
1599.49 12847.2
1599.49 12858.9
1600.33 12884.3
1603.01 12933
1602.53 12937.2
1601.63 12955.6
1601.63 12945.1
1601.62 12922
1597.25 13104.6
1597.22 13098.6
1599.06 13114.9
1603.18 13124.3
1601.2 13140.2
1603.06 13123.3
1606.35 13113.2
1606.71 13072.3
1606.9 13041.8
1601.09 13051.1
1599.63 13095
1626.53 12965.6
1629.32 12979.2
1633.67 13004.6
1633.67 13015.9
1633.42 13084.4
1633.61 13127.5
1632.11 13123.5
1633.57 13103.3
1632.6 13101.1
1631.76 13134.7
1631.9 13149.1
1633.45 13147
1633.85 13188.9
1636.28 13264.7
1634.27 13306
1627.44 13362.7
1625.96 13394.3
1630.53 13491.6
1629.8 13608.9
1629.89 13520.6
1630.45 13507.7
1629.7 13449.5
1628.94 13446.1
1627.77 13429.1
1627.6 13415.7
1627.57 13418.6
1628.12 13405.5
1632.26 13405
1632.68 13358.4
1634.31 13357.6
1634.56 13343.6
1635.51 13345.7
1638.08 13445.9
1638.18 13459.1
1642.9 13506
1642.8 13514.9
1643.02 13526.6
1642.37 13555.4
1652.41 13952.7
1652.49 13705.9
1656.48 13550.6
1655.53 13590.8
1655.47 13615.5
1658.94 13788.2
1659.6 13705.4
1660.88 13716.8
1660.87 13711.8
1661.21 13746.3
1661.88 13869
1668.71 13868.6
1668.37 13865.4
1668.38 13899.9
1672.64 13993.7
1672.34 13964.3
1669.08 13941.5
1669.96 13954.6
1669.56 14106.4
1670.45 14080.4
1673.69 14077.6
1674.02 14081.5
1674.1 14108
1675.24 14102.8
1675.64 14075.1
1674.87 14070.7
1674.92 14083.1
1675.12 14087.8
1675.38 14089.7
1675.14 14096.4
1675.34 14110.8
1675.77 14122.2
1675.79 14163.6
1675.82 14174.7
1678.01 14189.8
1678.32 14178.9
1678.38 14199.5
1680.45 14293.6
1680.2 14265
1679.39 14311.4
1679.65 14306.6
1679.57 14302.1
1680.96 14331.4
1681.18 14365.5
1681.46 14373.6
1682.01 14339
1680.47 14314.5
1680.41 14290.7
1679.97 14302.6
1686.65 14407.6
1688.62 14406
1691.56 14452.9
1696.53 14477.2
1698.89 14557
1698.9 14440.6
1700.33 14466.5
1699.7 14474.7
1701.42 14472.2
1700.24 14467.3
1700.41 14474
1699.19 14486.4
1699.17 14504.1
1699.04 14528.9
1698.67 14548.6
1700.94 14574.6
1701.81 14626.6
1701.5 14619.7
1701.72 14707.7
1701.68 14813.5
1701.98 14834
1698.98 14869.1
1703.05 14954.5
1702.87 14969.9
1702.51 14967.4
1702.52 14980.5
1702.78 15003.1
1703.26 15025.2
1704.95 15081.6
1704.81 15064.9
1705.03 15074
1705.1 15080.9
1704.96 15107.9
1706.67 15119.9
1702.24 15127.4
1702.9 15232.8
1704.68 15300.5
1703.62 15334.6
1702.87 15370.9
1702.98 15344.9
1702.94 15361.4
1703.33 15287.7
1705.25 15273.2
1706.66 15271.6
1707.34 15259.3
1717.72 15766.3
1717.69 15866.2
1717.72 15819.4
1717.25 15874.7
1717.07 15858
1717.2 15867.6
1717.11 15845.5
1718.65 15772.8
1720.38 15771
1718.36 15782.6
1715.23 15799
1715.65 15755.7
1715.26 15739.6
1715.33 15760.4
1715.38 15771.8
1719.42 15755.3
1720.71 15754.5
1721.08 15791.7
1721.02 15782.7
1720.75 15803.3
1720.5 15810.6
1720.96 15830
1721.09 15823.8
1720.58 15846.9
1720.52 15880.3
1720.41 15902.4
1720.4 15904.8
1718.51 15894.3
1718.46 15891.8
1717.22 15887.2
1717.2 15875.3
1718.46 15767.7
1719.96 15825.1
1720.24 15825.1
1719.89 15849.7
1719.76 15843.3
1719.47 15848.8
1718.38 15898.1
1718.15 15980.9
1717.35 16019.6
1718.71 16049.4
1718.72 16054.8
1719.92 16069.1
1719.95 16094.3
1719.95 16075.4
1719.82 16093.3
1720.19 16126.9
1721.98 16202.5
1722.13 16216.4
1728.13 16185.2
1729.35 16152.7
1732.63 16167.1
1736.94 16203
1738.47 16191.6
1739.32 16268.3
1739.32 16281.5
1739.95 16231.3
1739.94 16228.1
1739.94 16225.5
1739.88 16217.6
1746.32 16310
1745.54 16294.2
1745.66 16281.5
1746.39 16266.5
1749.01 16155.8
1748.39 16116.5
1748.41 16102.2
1748.64 16094.4
1749.16 16059.6
1748.94 16043.2
1749.37 15999.7
1749.89 15992.8
1749.03 16002.6
1749.57 15998.6
1749.66 15987.6
1749.67 15979.9
1749.78 15990.7
1749.45 15976
1749.42 15965.4
1745.18 15947.4
1745.87 16040.4
1746.13 16056.7
1745.7 16072.6
1745.74 16084.2
1744.96 16087.2
1745.74 16103.8
1741.81 16136.2
1739.92 16163.9
1738.96 16222.1
1738.98 16287.5
1737.77 16328.8
1736.52 16350.3
1736.5 16372.8
1736.51 16387.3
1735.65 16374.2
1736.04 16368.8
1735.67 16315.4
1735.59 16322.9
1736.56 16374.2
1737.97 16417
1740.45 16538.1
1741.39 16551.5
1741.58 16547.8
1741.61 16547
1741.44 16490.1
1742.01 16501.8
1741.52 16614
1742.25 16666.6
1741.38 16710.8
1743.29 16785.7
1744.89 16876.4
1744.85 16872.7
1744.94 16895.8
1745.71 16928
1744.93 17051.6
1744.91 17036.1
1745.88 17030.4
1746.82 17028.1
1746.84 17055.3
1747.74 17070.9
1747.61 17044
1747.28 17044.3
1748.29 17048.6
1748.52 16997.2
1748.68 16987.8
1748.5 16971.5
1748.43 16958.5
1748.41 16939.7
1748.35 16927.5
1746.64 16956.5
1747.54 16995.6
1746.94 17008.3
1746.97 17029.7
1748.02 17114.7
1747.69 17067.2
1747.47 16997.6
1747.85 16989.3
1746.5 16999.6
1748.79 16927.3
1747.2 16798
1748.18 16795.8
1748.45 16804.1
1749.97 16859.7
1749.71 16883.4
1750.17 16869.1
1750.27 16924.8
1750.38 16908.8
1750.85 16884.3
1750.92 16858.3
1752.3 16879.4
1752.31 16850
1752.54 16832.2
1752.06 16835.4
1752.2 16831.4
1747.65 16833.7
1747.54 16856.7
1747.45 16857.5
1747.48 16856.5
1747.87 16863.9
1747.54 16869.2
1747.54 16884.3
1748.36 16899.3
1748.56 16897
1748.12 16908.2
1748.12 16899.3
1748.27 16889.1
1748.76 16903
1748.86 16911.3
1748.78 16916.2
1748.71 16929.7
1752.06 16956.5
1750.1 16944.5
1750.58 16941.1
1750.74 16931.5
1750.72 16915.2
1754.1 17001.2
1754.4 17079
1760.62 17149
1760.53 17116
1760.88 17055.9
1759.85 16998.8
1759.4 16971.4
1759.39 16964
1759.39 16937
1759.82 16918
1762.55 16983.9
1761.59 16922.8
1761.93 16932.7
1761.33 16945.7
1762.43 16962.1
1762.56 16969
1762.04 16921.2
1762.03 16878.8
1762.05 16843.8
1761.86 16830.5
1760.21 16807.9
1760.28 16801.7
1760.26 16798.4
1760.23 16801.8
1760.04 16806.7
1764.4 16865.6
1763.37 16930.7
1763.27 16955.1
1764.46 17007.3
1768.28 17105
1768.23 17091.7
1769.59 17117.9
1768.42 17127.6
1767.68 17132.3
1767.63 17155.5
1768.32 17140.1
1780.62 17235.7
1780.28 17240.9
1780.11 17300.3
1780.31 17222.8
1780.33 17197.5
1780.78 17170.1
1780.52 17149.5
1781.25 17118.3
1781.52 17096
1781.65 17052.1
1781.21 17006
1779.53 16995.4
1779.47 16997.9
1779.27 17005.9
1779.71 17038.6
1777.9 17045.4
1777.76 17054.1
1777.08 17107.5
1777.12 17158.5
1776.98 17172.4
1778.05 17194.7
1778.34 17188.4
1782.81 17181.1
1783.47 17138.4
1783.6 17160.3
1783.54 17171.7
1783.83 17178.4
1783.39 17154.4
1788.79 17210.7
1788.53 17210.1
1788.67 17224.1
1787.95 17230.7
1787.95 17240.2
1787.18 17231.3
1787.23 17238.5
1786.68 17243.7
1786.86 17253.6
1785.21 17232.9
1785.94 17237.1
1786.46 17208.5
1786.28 17206.2
1786.07 17214
1786.36 17236.4
1786.4 17227.1
1786.04 17196.4
1785.5 17202.9
1785.72 17158.1
1785.67 17143.1
1786.02 17135.2
1786.67 17181.7
1786.76 17162.9
1786.75 17182.2
1783.77 17186.3
1783.58 17180.8
1784.16 17207.4
1784.15 17223.8
1784.07 17233.5
1786.73 17204.2
1789.4 17240.5
1788.3 17223.5
1788.29 17207.9
1788.88 17191.8
1788.92 17171.2
1789.28 17163.8
1792.55 17172.6
1794.23 17198
1786.97 17149.5
1786.96 17081.7
1787.03 17072.8
1787.03 17054.2
1787.11 17052.2
1787.8 17045.3
1778.72 17035.6
1778.8 17024.4
1781.53 16955.2
1781.71 16986.2
1783.81 17019.3
1786.31 17005.5
1786.25 17062.4
1786.19 17074.6
1786.35 17083.1
1786.22 17092.8
1788.46 17150.2
1788.45 17104.8
1789.86 17093.3
1789.84 17129.3
1789.35 17101.5
1789 17089.3
1791.54 17119.7
1793.86 17185.9
1790.49 17223.2
1788.94 17230.9
1788.77 17227.9
1790.19 17234.8
1790.28 17210.1
1790.57 17204.3
1790.44 17194.8
1789.2 17212.6
1789.17 17198.5
1789.31 17222.7
1790.79 17236.2
1790.86 17246.9
1791.14 17239.5
1791.15 17232.8
1785.84 17299.9
1785.84 17286.6
1784.18 17332.5
1783.97 17314
1783.23 17376.5
1783.17 17426.2
1782.28 17439.7
1782.71 17466.2
1783.14 17484.2
1785.51 17468
1785.5 17468.5
1785.61 17442.8
1785.6 17439.2
1785.14 17437.2
1785.75 17427.1
1784.86 17414.3
1785.03 17413.4
1785.12 17406.5
1785.11 17405.6
1781.8 17383.4
1781.85 17400.9
1781.7 17369.6
1781.64 17365.7
1784.21 17373.9
1784.52 17365.2
1784.54 17354.5
1785.46 17347.7
1787.5 17378.8
1787.1 17381.5
1787.06 17404.8
1787.08 17423.8
1787.07 17400.3
1787.07 17404.9
1786.8 17401.3
1786.86 17403.9
1788.11 17431.8
1791.14 17428.5
1791.25 17432.7
1791.2 17429.1
1791.13 17436
1791.37 17457.4
1791.55 17460
1791.6 17453.4
1791.48 17454.2
1791.48 17474.7
1794.25 17506.9
1789.75 17515.3
1789.84 17505.7
1789.6 17499.2
1789.23 17510.9
1789.08 17510.7
1792.57 17551.4
1792.87 17560.2
1795.13 17560
1793.73 17556.8
1793.69 17566.7
1796.28 17562.6
1796.26 17566
1795.93 17547.6
1795.59 17557.6
1796.19 17554.4
1797.51 17570.6
1798.14 17464
1797.8 17466.5
1797.54 17491.1
1798.48 17526.2
1799.23 17557.3
1798.81 17541.1
1798.95 17537.5
1798.96 17529.9
1798.71 17536.2
1798.62 17551.4
1800.03 17562.8
1800.03 17560.1
1800.32 17545.1
1800.26 17554.4
1800.29 17540.9
1798.85 17576
1797.87 17560.6
1793.51 17604.9
1793.49 17639
1793.68 17638.3
1793.69 17622.4
1795.58 17634.9
1795.53 17665.9
1794.56 17702.4
1794.31 17719.9
1794.3 17706
1794.3 17709.5
1795.05 17716.9
1795.77 17725.4
1795.82 17706.8
1795.81 17711.8
1796.2 17703.4
1796.08 17717.1
1796.45 17700.2
1796.39 17701.3
1795.77 17747
1796.06 17772.2
1794.43 17773.9
1794.14 17780.7
1794.27 17788.4
1794.33 17803.2
1794.19 17769.4
1794.79 17800.8
1794.76 17795.8
1795.92 17873
1795.98 17939.6
1796.16 17912.5
1796.19 17896.2
1794.12 17861
1794.06 17831.8
1792.65 17830.3
1792.43 17801
1792.42 17778.5
1792.38 17769.1
1792.31 17758.9
1792.03 17755.1
1790.8 17764.2
1790.8 17795.3
1788.47 17744.4
1788.47 17680.7
1788.42 17684.6
1788.19 17663.2
1787.64 17679.7
1787.77 17652.9
1787.9 17654.1
1788.14 17649.1
1788.2 17670.3
1788.52 17666.2
1788.43 17648
1788.17 17654.5
1789.66 17659.1
1790.71 17698.6
1790.85 17709
1790.97 17748.8
1790.89 17761.6
1790.27 17799.7
1787.09 17795.1
1786.98 17800.7
1787.09 17797
1786.75 17811.6
1786.84 17817.2
1786.76 17817.3
1785.27 17811.7
1784.94 17831.6
1784.91 17826.3
1785.52 17834.1
1786.97 17877.6
1787.01 17898.3
1786.98 17904.2
1787.01 17897.2
1787 17891.1
1786.99 17889.3
1786.94 17884.8
1786.95 17871.8
1787.03 17871.1
1786.66 17884.7
1786.44 17883.3
1788.33 17887.6
1788.5 17890.8
1790.67 17923.2
1788.69 17925.2
1788.75 17932.5
1788.96 17935
1788.89 17923.7
1789.15 17895.3
1789.12 17922.2
1789.12 17920.8
1789.67 17897.9
1789.64 17897.3
1789.7 17891.8
1789.52 17889.2
1790.61 17890.7
1790.55 17902.7
1790.59 17894.6
1790.52 17872.6
1790.52 17865.1
1790.57 17857.5
1790.89 17852.2
1790.87 17853
1791.21 17862.5
1791.27 17864.3
1790.74 17891.8
1790.71 17901.4
1790.66 17897
1790.87 17882.2
1793.58 17918.8
1793.57 17935.8
1793.58 17940.5
1794.2 17884.7
1794.21 17893.5
1795.89 17913
1795.92 17934
1794.79 17926.7
1797.14 17969.7
1796.15 17948.8
1796.23 17966.5
1795.89 17951.9
1795.66 17951.6
1795.44 17943.6
1795.23 17940.7
1795.26 17931.7
1795.67 17944.5
1797.71 17918.7
1797.44 17926.6
1797.39 17940.3
1799 17946.5
1799.46 17947.6
1799.32 17953.3
1799.35 17936.1
1804.94 17979.7
1805.01 17996.1
1805.17 17993.6
1805.08 18005.9
1805.66 18015.1
1805.63 17988.4
1805.44 17988
1805.46 17994.9
1806.44 18091.2
1807.24 18086.1
1806.24 18090.8
1805.95 18091.9
1805.87 18096.8
1806.66 18112.8
1805.77 18115.8
1805.69 18116.6
