120.57 0
123.412 0
324.431 6.72271
339.539 6.58646
471.013 34.9825
482.668 33.5178
483.727 33.1375
484.788 32.7572
505.596 32.701
641.211 42.2792
756.471 203.817
766.06 216.955
772.71 217.063
858.305 230.278
914.231 237.951
943.878 238.33
1018.29 242.315
1020.27 234.922
1043.76 238.649
1044.96 229.912
1045.21 228.921
1045.3 227.729
1055.16 242.224
1141.37 288.43
1156.4 295.682
1156.47 297.063
1316.18 1550.5
1316.64 1647.54
1320.91 1633.56
1322.65 1609.28
1326.21 1584.26
1322.89 1583.32
1326.15 1590.95
1323.68 1566.07
1376.84 1435.94
1382.27 1467.26
1375.69 1374.19
1403.9 1369.38
1416.89 1392.75
1438.86 1550.4
1439.4 1677.67
1447.34 1767.96
1625.76 1739.9
1709.79 1647.86
1722.57 1612.21
1760.94 1605.45
1815.84 1828.52
1814.96 1766.55
1815.06 1761.85
1825.36 1764.03
1828.99 1866.82
1827.87 1861.16
1846.15 1862.79
1878.15 1929.57
1881.75 1909.87
1918.7 2146.04
1911.38 2489.69
1913.66 2560.5
1917.5 2354.64
1932.22 2344.49
1935.2 2389.35
1935.91 2370.99
1979.89 2593.61
1984.02 2551.06
1984.02 2525.64
2036.59 2358.51
2034.51 2394.52
2100.03 2436.6
2072.39 2536.11
2058.32 2699.96
1987.45 2726.25
1981.72 2742.17
1982.5 2838.86
1971.14 2777.43
1975.48 2866.95
1979.06 2842.8
1983.69 2852.02
1977.58 2855.63
1977.64 2851.66
1980.86 2866.93
1979.21 2811.92
2020.51 2944.73
1999.73 2860.43
1999.46 2829.5
1992.07 2801.15
1996.32 2807.51
1991.72 2815.34
2011.25 3078.05
2018.56 3064.85
2021.25 3067.32
2008.26 3064.88
1997.19 3018.85
1985.98 2962.06
1966.25 3163.14
1968.26 3218.28
1972.74 3188.87
1972.5 3104.84
1969.92 3072.69
1967.86 3070.33
1967.85 3050.07
1967.49 3072.58
1967.6 3033.98
1967.89 3044.83
1965.05 3059.64
1964.97 3101.21
1963.41 3101.21
1967.71 3162.29
1968.34 3249.72
1962.38 3378.19
1960.91 3519.68
1961.76 3577.95
1947.3 3607.1
1952.3 3566.87
1952.51 3563.43
1954.97 3557.69
1965.01 3575.67
1943.84 3621.93
1950.82 3626.01
1950.65 3543.97
1951.95 3559.01
1964.07 3586.76
1965.2 3642.98
1966.74 3613.29
1966.28 3589.85
1966.95 3523.88
1966.49 3463.34
1961.58 3424.12
1964.8 3420.16
1967.47 3426.46
1967.97 3426.55
1967.24 3421.1
1968.07 3427.38
1968.34 3412.55
1968.1 3417.2
1968.19 3413.03
1972.17 3485.79
1975.2 3538.05
1962.09 3579
1961.42 3579.1
1960.61 3585.49
1962.77 3597.78
1963.35 3602.19
1963.91 3624.62
1964.09 3657.78
1963.56 3641.63
1962.63 3595.49
1959.34 3517.21
1957.63 3581.2
1956.66 3568.07
1957.15 3535.51
1957.23 3530.69
1956.39 3497.85
1957.97 3510.89
1958 3486.42
1958.16 3458.77
1958.38 3449.81
1959.53 3438.69
1958.47 3440.18
1959.06 3412.56
1958.87 3398.89
1958.94 3349.5
1957.4 3363.97
1957.61 3412.45
1957.38 3409.34
1957.69 3425.46
1956.25 3443.15
1956.88 3451.54
1952.07 3580.59
1952.16 3630.34
1952.4 3663.98
1970.41 3652.96
1967.8 3659.25
1965.62 3682.8
1962.75 3795.45
1965.2 3839.78
1966.59 3916.33
1965.16 3937.95
1965.31 3941.27
1965.59 3956.76
1965.78 3957.67
1968.41 4005.95
1968.1 4039.27
1973.08 4110.93
1973.54 4098.43
1974.16 4090.28
1973.2 4013.69
1972.19 3995.83
1963.68 3957.25
1961.29 3973.08
1959.2 3972.62
1959.12 4002.5
1959.46 4088.2
1959.99 4178.74
1958.22 4206.81
1958.09 4212.73
1958.95 4216.2
1958.95 4197.68
1962.11 4164.25
1961.07 4151.37
1961.62 4129.36
1962.75 4127.78
1963.03 4134.91
1962.93 4159.95
1962.4 4162.76
1962.92 4121.51
1963.41 4122.23
1963.68 4136.45
1963.45 4167.89
1963.5 4184.32
1962.85 4177.79
1962.86 4180.24
1962.5 4181.21
1961.74 4218.2
1961.14 4222.46
1961.61 4218.31
1961.63 4198.71
1961.28 4229.32
1961.44 4258.63
1964.07 4206.08
1963.45 4225.9
1963.59 4261.67
1962.32 4273.94
1962.23 4261.28
1961.85 4230.91
1961.37 4276.88
1961.6 4277.68
1961.85 4260.21
1962.26 4243.04
1962.08 4243.51
1961.74 4238.44
1961.99 4237.2
1961.98 4219.29
1961.84 4286.14
1960.39 4210.88
1960.52 4170.24
1959.68 4177.15
1957.59 4175.5
1957.65 4163.14
1958.23 4174.87
1958.55 4183
1958.46 4196.91
1958.33 4217.41
1959.51 4227.59
1958.52 4205.74
1958.27 4213.99
1959.35 4234.94
1959.32 4233.69
1959.21 4222.66
1958.7 4218.69
1958.41 4219.89
1957.96 4224.31
1957.34 4239.57
1956.98 4226.31
1955.59 4224.76
1955.84 4219.17
1955.8 4226.82
1955.3 4226.99
1954.83 4227.75
1954.86 4219.84
1954.13 4212.9
1954.13 4231.87
1954.49 4238.46
1956.27 4192.85
1956.28 4183.32
1956.38 4174.91
1956.36 4159.82
1956.66 4143.62
1956.97 4117.98
1956.74 4088.27
1956.14 4071.06
1956.76 4060.65
1956.79 4044.01
1957.25 4026.5
1959.17 4018.84
1958.92 4014.95
1962.78 4046.42
1962.77 4057.59
1962.3 4074.98
1963.37 4076.16
1964.17 4109.03
1965.41 4146.45
1967.08 4186.56
1967.13 4192.15
1970.63 4169.95
1970.58 4152.69
1968.31 4165.05
1968.33 4139.78
1968.32 4111.76
1968.22 4092.91
1967.9 4081.75
1967.84 4059.86
1968.36 4040.1
1961.07 4030.75
1960.64 4029.72
1959.33 4051.85
1959.47 4083.31
1959.4 4085.32
1958.53 4093.77
1958.27 4109.41
1957.4 4072.93
1957.03 4039.2
1956.81 4046.95
1956.01 4077.41
1959.79 4108.09
1960.15 4120.99
1956.09 4135.07
1956.07 4147.87
1956.38 4160.75
1956.47 4165.13
1956.57 4160.6
1956.19 4154.86
1955.95 4157.86
1956.98 4159.25
1957.05 4157.5
1956.61 4147.47
1956.62 4132.69
1955.98 4147.59
1955.71 4139.29
1955.38 4151.64
1955.42 4167.06
1956.04 4187.44
1956.36 4197.02
1955.98 4210.61
1955.98 4218.67
1955.99 4223.37
1956.86 4235.14
1975.24 4259.29
1983.81 4286.7
1986.59 4361.8
1986.48 4363.16
1988.83 4370.33
1988.56 4363.14
1989.18 4385.65
1990.93 4415.29
1990.18 4428.3
1988.81 4433.52
1987.91 4424.77
1987.8 4424.29
1993.63 4406.47
1993.64 4396.24
1991.77 4388.92
1992.31 4397.02
1992.41 4406.68
1991.77 4406.63
1990.8 4385.27
1988.12 4379.72
1987.84 4360.87
1987.44 4387.3
1987.97 4384.25
1989.09 4413.07
1989.08 4416.58
1988.07 4402.83
1987.49 4417.25
1986.88 4438.14
1986.97 4458.48
1986.22 4461.97
1986.74 4468.71
1986.38 4508.67
1985.51 4552.88
1986.76 4561.37
1987.05 4560.87
1987.05 4574.61
2001.71 4622.91
2001.87 4634.44
2001.97 4692.81
2002.01 4710.43
2001.75 4748.2
2005.83 4774.8
2004.47 4814.39
2007.47 4949.32
2007.82 4984.04
2005.31 5022.49
2005 5047.54
2004.95 5045.2
2005.08 5038.76
2005.22 5024.08
2006.51 5073.48
2006.48 5086.34
2008.38 5129.22
2008.17 5154.74
2008.18 5159.73
2008.21 5172.28
2008.3 5187.15
2008.07 5192.78
2008.29 5196.13
2008.22 5191.94
2006.96 5146.94
2006.28 5116.67
2006.49 5133.71
2006.62 5147.52
2008.39 5246.31
2008.19 5209.41
2008.25 5196.9
2010.13 5225.82
2012.68 5252.55
2012.8 5276.87
2011.35 5287.44
2010.98 5300.42
2011.48 5310.24
2011.52 5309.82
2011.5 5333.99
2011.54 5331.46
2011.45 5333.57
2011.83 5335.83
2010.49 5351.06
2010.33 5319.28
2010.25 5313.14
2010.11 5311.03
2010.04 5304.14
2009.76 5329.03
2010.22 5312.76
2011.77 5295.83
2012.7 5278.36
2013.06 5207.55
2013.07 5218.23
2012.81 5221.68
2012.8 5218.78
2012.82 5201.08
2012.76 5187.32
2012.72 5174.65
2012.64 5164.08
2012.72 5156.06
2019.64 5186.92
2019.97 5152.55
2024.19 5148.72
2024.2 5151.79
2024.36 5152.85
2023.8 5154.07
2037.48 5059.37
2038.06 5026.56
2038.18 5015.38
2041.62 4975.83
2040.28 4965.57
2040.28 4971.41
2040.02 4986.16
2039.79 5002.03
2040.12 5016.66
2039.57 5010.12
2039.87 5009.25
2040.29 4985.44
2040.84 5013.92
2040.94 5012.66
2040.95 4998.14
2041.03 4990.22
2038.16 5045.97
2038.16 5018.82
2038.16 5001.08
2039.6 5054.58
2040.95 5141.01
2040.94 5121.7
2040.68 5107.65
2040.7 5104
2040.65 5092.87
2040.75 5095.09
2040.65 5098.07
2040.36 5104.5
2040.3 5116.66
2040.59 5104.15
2040.64 5099.43
2040.9 5110.24
2039.01 5138.88
2039.05 5178.09
2039.14 5193.49
2039.02 5180.6
2039.12 5181.57
2039.13 5175.77
2039.16 5170.91
2039.15 5157.24
2039.14 5152.92
2043.69 5219.87
2043.61 5211.82
2042.76 5184.17
2042.63 5173.26
2043.18 5201.52
2042.6 5198.15
2042.16 5185.42
2043.15 5251.11
2043.07 5179.87
2043.99 5182.93
2043.77 5167.4
2043.75 5132.78
2042.92 5124.88
2043.28 5129
2043.39 5109.14
2043.37 5104.39
2043.08 5088.99
2043.14 5073.83
2043.9 5082.82
2043.79 5107.75
2043.68 5193.65
2043.79 5212.71
2044.11 5199.15
2044.36 5189.46
2044.88 5193.82
2045.34 5154.29
2045.43 5155.34
2045.7 5146.88
2043.72 5181.6
2043.65 5133.11
2044.06 5093.8
2043.71 5094.92
2043.63 5083.1
2043.5 5076.53
2043.51 5076.2
2043.49 5087.22
2044.43 5134.75
2044.35 5137.07
2044.94 5116.61
2044.88 5128.36
2045.9 5137.72
2045.73 5140.61
2051.4 5178.7
2051.81 5182.97
2051.25 5186.25
2051.46 5150.89
2051.32 5154.36
2052.6 5228.65
2052.55 5190.06
2051.8 5120.41
2052.21 5095.86
2052.23 5090.24
2054.05 5057.03
2054.03 5047.6
2054.07 5047.11
2053.98 5038.38
2053.29 5034.11
2053.29 5041.34
2052.91 5047.15
2052.83 5060.9
2053.13 5070.18
2053.28 5071.84
2053.52 5089.33
2053.88 5094.78
2053.08 5090.16
2053.09 5092.05
2052.5 5094.23
2052.41 5095.43
2052.57 5107.62
2046.14 5201.67
2046.82 5231.41
2046.74 5229.69
2046.58 5224.31
2046.61 5218.93
2046.47 5233.12
2046.4 5248.12
2046.55 5248.05
2046.89 5241.97
2047.05 5230.82
2047.98 5213.81
2048.03 5225.77
2048.13 5224.49
2047.27 5272.49
2046.91 5287.96
2047.19 5226.26
2048.14 5210.62
2048.14 5203.43
2047.96 5194.88
2048.62 5185.89
2048.72 5190.11
2048.72 5189.82
2048.69 5186.96
2048.79 5179.31
2047.84 5146.99
2048.47 5172
2049.45 5171.55
2049.55 5161.87
2048.89 5159.01
2048.01 5143.26
2047.34 5162.08
2047.15 5175.92
2047.19 5189.43
2047.16 5196.25
2045.27 5184.42
2045.07 5177.39
2045.06 5177.54
2044.89 5175.24
2044.8 5188.62
2044.74 5180.12
2044.46 5174.08
2044.27 5174.6
2043.79 5150.92
2043.77 5144.8
2043.98 5140.22
2043.78 5142.42
2043.32 5151.87
2043.31 5150.67
2043.56 5155.8
2043.94 5176
2043.93 5184.15
2043.97 5189.41
2044.33 5193.49
2044.43 5187.78
2044.67 5196.08
2050.76 5212.23
2051.36 5205.33
2051.85 5200.18
2050.83 5214.92
2050.83 5185.51
2050.64 5183.38
2050.2 5229.65
2050.26 5270.12
2049.72 5287.26
2049.81 5297.58
2050.02 5295.41
2049.31 5300.6
2049.33 5332.13
2049.06 5368.09
2048.72 5377.1
2048.94 5418.7
2048.83 5431.3
2048.78 5439.12
2049.02 5445.38
2049.03 5453.52
2048.98 5446.45
2050.32 5476.31
2050.3 5468.24
2052.19 5458.7
2051.46 5447.06
2051.81 5456.71
2052.2 5476.02
2052.33 5486.06
2053.11 5537.76
2053.41 5558.14
2053.43 5555.85
2053.56 5533.35
2053.75 5524.27
2054 5525.6
2053.85 5509.51
2053.45 5505.19
2051.52 5545.8
2050.72 5579.86
2050.59 5581.01
2050.26 5547.22
2050.29 5523.39
2051.7 5489.05
2051.96 5471.2
2051.25 5439.39
2050.98 5415.28
2050.86 5401.26
2050.85 5393.04
2048.61 5383.02
2048.61 5367.87
2048.62 5363.56
2048.41 5361.53
2047.72 5363.76
2048.76 5365.98
2050.08 5393.3
2050.09 5378.58
2050.47 5401.44
2050.08 5370.6
2049.97 5341.26
2050.02 5346.62
2052.31 5333.98
2052.3 5315.2
2051.63 5320.55
2051.55 5310.61
2050.41 5309.6
2050.39 5309.08
2050.39 5292.02
2050.62 5295.26
2051.26 5341.62
2051 5275.62
2050.91 5269.74
2051.67 5271.07
2051.91 5234.34
2050.31 5251.13
2050.3 5253.74
2050.36 5251.55
2050.34 5248.44
2049.84 5228.3
2049.85 5239.5
2049.88 5245.77
2050.09 5227.96
2050.09 5193.69
2048.9 5180.66
2048.97 5178.5
2050.94 5164.43
2051.71 5095.23
2051.81 5100.94
2051.75 5115.23
2051.9 5134.06
2051.28 5129.82
2052.15 5124.73
2052.24 5116.46
2053.36 5121.34
2053.26 5119.56
2053.26 5113.44
2052.51 5097.02
2052.54 5092.86
2052.26 5090.41
2052.27 5085.67
2052.03 5091.36
2051.27 5104.3
2051.04 5113.67
2051.12 5182.74
2051.03 5205.28
2051.36 5191.29
2051.47 5195
2051.47 5199.7
2051.26 5166.95
2051.22 5168.79
2051.7 5150.79
2051.79 5144.6
2051.95 5138.91
2051.11 5140.23
2050.85 5131.13
2050.85 5123.48
2050.82 5114.18
2051.27 5125.59
2053.43 5135.86
2053.26 5127.02
2053.27 5125.85
2053.4 5120.84
2053.32 5117.72
2053.29 5114.03
2053.3 5109.52
2053.33 5112.38
2052.62 5216.5
2051.58 5212.11
2051.82 5207.35
2051.95 5208.55
2051.72 5208.08
2051.58 5214.48
2052.81 5220.92
2052.93 5196.64
2053.51 5220.69
2053.5 5246.08
2053.5 5218.94
2053.4 5210.02
2053.91 5217.61
2054.5 5228.02
2054.76 5243.74
2054.78 5245.81
2054.79 5245.03
2055.88 5234.28
2055.84 5234.82
2055.54 5233.34
2055.78 5243.29
2055.54 5251.86
2055.46 5254.87
2053.9 5254.87
2053.91 5270.35
2053.76 5242.82
2053.8 5237.69
2053.96 5229.78
2053.97 5231.11
2052.86 5235.97
2054.66 5246.19
2054.63 5251.53
2054.9 5258.23
2052.1 5272.48
2052.68 5290.32
2052.88 5290.22
2052.85 5284.34
2052.86 5288.71
2052.88 5320.99
2052.77 5322.44
2052.68 5317.26
2052.73 5292.19
2051.91 5285.97
2052.13 5278.31
2052.08 5279.69
2052.15 5272.21
2052.21 5289.43
2052.24 5295.5
2052.34 5298.7
2052.25 5301.21
2052.31 5303.9
2050.67 5328.1
2050.44 5346.94
2050.79 5338.61
2050.32 5322.55
2050.45 5315.02
2050.45 5308.42
2051.32 5280.79
2051.3 5274.5
2050.44 5284.37
2049.85 5322.15
2049.92 5331.84
2049.91 5327.49
2049.95 5328.33
2050.77 5333.7
2050.68 5321.26
2050.41 5317.53
2051.27 5310.51
2050.73 5312.58
2050.86 5313.07
2049.82 5299.73
2049.78 5293.39
2049.4 5310.02
2051.5 5381
2051.09 5378.99
2050.88 5367.2
2050.21 5361.64
2050.16 5365.71
2050.07 5374.81
2050.08 5372.86
2050.28 5369.36
2049.75 5380.42
2049.68 5381.83
2049.78 5372.66
2049.73 5368.87
2048.96 5387.14
2048.92 5419.77
2051.38 5375.53
2050.92 5350.01
2050.73 5348.18
2050.75 5360.88
2050.75 5363.94
2051.22 5339.38
2049.79 5350.72
2049.23 5359.22
2049.77 5382.01
2050.34 5427.21
2051.82 5450.67
2049.95 5401.42
2050.08 5393.42
2050.1 5396.12
2050.25 5400.57
2050.25 5408.85
2050.32 5416
2050.4 5417.18
2050.46 5421.62
2050.37 5441.11
2050.35 5452.99
2050.23 5430.87
2050.54 5432.47
2048.76 5441.23
2049.25 5465.43
2047.7 5453.36
2047.47 5458.61
2047.48 5447.91
2047.49 5443.47
2047.71 5445.58
2047.65 5447.85
2047.7 5442.88
2048.46 5410.22
2048.01 5405.81
2048.28 5410.74
2047.98 5415.44
2047.89 5415.88
2047.65 5423.01
2045.3 5403.3
2045.24 5403.34
2043.94 5400.99
2044.08 5399.53
2044.21 5420.07
2044.12 5408.82
2044.07 5398.43
2044.17 5395.37
2044.15 5395.37
2044.15 5389.65
2044.13 5388.7
2043.67 5389.77
2043.92 5386.53
2043.89 5380.4
2043.9 5378.15
2042.68 5349.39
2043.31 5316.98
2042.97 5327.07
2042.26 5317.99
2042.45 5309.97
2042.33 5327.63
2041.8 5305.48
2043.19 5279.49
2043.55 5248.29
2044.4 5221.18
2044.65 5199.57
2043.23 5226.96
2043.07 5235.47
2043.04 5227.1
2042.83 5222.5
2043.3 5217.21
2042.75 5216.46
2042.76 5220.65
2042.65 5213.68
2042.54 5220.52
2042.89 5235.89
2042.6 5232.66
2042.69 5225.33
2042.32 5222.11
2042.71 5233.73
2042.36 5231.2
2042.37 5236.4
2042.23 5239.8
2041.76 5247.38
2041.84 5200.06
2041.52 5194.61
2040.31 5226.73
2040.42 5214.75
2040.68 5210.69
2040.03 5219.21
2039.55 5216.04
2039.55 5218.28
2039.68 5230.31
2039.92 5236.36
2039.75 5250.91
2039.95 5251.41
2041.96 5269.23
2041.71 5251.6
2041.6 5248.36
2041.54 5252.81
2041.44 5233.74
2041.48 5239.78
2041.19 5237.54
2040.76 5237.74
2041.4 5248.7
2041.51 5241.87
2041.55 5243.98
2041.5 5249.48
2041.11 5246.23
2041.17 5253.85
2041.23 5254.96
2041.23 5262.55
2041.28 5258.24
2041.12 5267.59
2041.25 5268.26
2041.61 5239.4
2042.87 5247.01
2042.8 5259.3
2042.85 5259.16
2043.19 5262.99
2043.21 5268.43
2043.39 5271.71
2044.47 5279.08
2044.52 5273.49
2044.63 5273.9
2044.42 5271.09
2045.03 5286.87
2044.83 5272.66
2044.74 5265
2044.67 5265.58
2044.68 5268.25
2044.75 5272.92
2044.95 5278.52
2044.96 5286.09
2044.97 5290.08
2044.97 5295.73
2044.89 5273.59
2044.97 5232.96
2045.07 5225.66
2045.1 5233.33
2047.29 5228.56
2047.61 5228.14
2046.95 5232.31
2046.64 5246.36
2046.61 5257.36
2046.73 5240.18
2047.77 5226.11
2047.69 5239.57
2047.77 5205.04
2047.79 5186.19
2047.4 5192.41
2046.32 5186.7
2046.4 5185.39
2046.2 5170.53
2046.21 5161.7
2046.78 5156.41
2046.82 5182.64
2046.86 5185.83
2049.05 5220.54
2049.03 5216.89
2048.91 5208.03
2048.85 5203.23
2048.78 5203.99
2049.2 5205.73
2049.14 5202.44
2049.27 5197
2049.25 5209.92
2051.85 5207.29
2051.72 5190.12
2051.7 5198.13
2051.72 5215.36
2050.57 5223.31
2050.48 5228.85
2050.64 5232.53
2050.45 5240.31
2050.59 5245.65
2050.47 5249.77
2050.48 5247.81
2050.6 5244.85
2051.51 5248.87
2051.5 5249.08
2051.47 5242.4
2049.27 5202.39
2048.77 5199.81
2049.6 5208.16
2049.59 5218.43
2049.25 5219.85
2049.36 5215.49
2050.03 5225.93
2049.99 5237.71
2050.08 5291.28
2050.47 5301.13
2051.01 5271.13
2050.8 5256.51
2050.6 5264.66
2051.05 5273.29
2051.96 5279.72
