220.621 0
222.268 0
301.61 0
317.873 0
360.908 0
448.116 0
534.013 0.460632
614.596 3.47261
692.129 18.5116
745.264 22.4723
815.124 29.3666
830.228 29.1259
831.616 29.6687
855.597 29.6572
902.893 51.4344
983.168 64.3355
1034.83 69.022
1091.94 73.0131
1104.27 72.7066
1931.76 11871.7
1937.4 12671
1940.09 11367.3
1940.27 10208.5
1941.56 9246.95
1964.99 8872.28
2031.46 9654.28
2051.65 10100
2094.75 9645.4
2129.19 8643.88
1687.43 7331.4
1696.4 7097.47
1686.35 6336.75
1692.25 5757.75
1697.79 5213.92
1721.86 4717.76
1723.32 4270.79
1734.02 3985.92
1735.06 3856.71
1735.03 3785.57
1734.11 3692.32
1761.5 3595.66
1770.77 3473
1773.55 3290.01
1791.07 3166.06
1791.47 3057.14
1808.32 2983.02
1812.12 2911.67
1819.51 2844.17
1821.16 2784.03
1821.33 2729.96
1762.31 2670.14
1762.56 2668.38
1776.6 2725.39
1782.44 2701.59
1781.08 2775.14
1705.42 2586.07
1706.84 2604.39
1707.31 2643.94
1708.33 2684.9
1708.89 2696.33
1716.05 2670.59
1714.83 2698.62
1732.77 2919.01
1731.47 2979.18
1741.47 3031.61
1785.29 3233.9
1787.76 3176.72
1779.59 3173.91
1799.84 3465.77
1797.41 3499.46
1797.58 3525.94
1836.73 4014.17
1844.39 4003.56
1870.51 4049.57
1917.34 4109.26
1931.43 4428.59
1930.97 4287.49
1919.17 4446.63
1909.75 4394.09
1903.46 4480.21
1907.42 4455.39
1894.9 4533.65
1896.15 4754.4
1883.32 4772.94
1872.87 4804.09
1872.38 4908.4
1874.12 4988.73
1858.46 5235.85
1863.68 5069.04
1860.94 5176.7
1860.72 4977.26
1862.81 4943.59
1862.48 4956.02
1885.09 4913.9
1886.05 4809.5
1890.95 4719.52
1889.45 4721.26
1885.91 4768.99
1888.15 4796.64
1888.84 4828.65
1901.34 5007.62
1902.49 5041.04
1893.75 4901.37
1893.5 4818.03
1889.58 4859.58
1890.06 4876.03
1887.64 4932.38
1887.6 4961.29
1894.11 5067.72
1894.44 5141.5
1892.92 5034.59
1893.86 4985.95
1906.64 4987.07
1904.23 4957.09
1900.22 4942.83
1899.75 4966.82
1901.33 4920.4
1896.71 4863.4
1899.93 4839.5
1899.29 4805.06
1896.49 4808.98
1899.75 4806.09
1896.73 4767.68
1888.64 4854.79
1888.02 4856.59
1889.73 5016.98
1889.24 5113.09
1869.96 5254.02
1870.1 5209.66
1870.9 5244.78
1873.05 5382.31
1862.59 5161.76
1862.45 5125.7
1853.03 5081.03
1855.24 5052.59
1855.32 5005.13
1856.61 4888.96
1856.6 4817.67
1858.39 4780.99
1853.2 4891.61
1853.65 4893.35
1853.69 4959.87
1853.72 4952.29
1855.15 4983.67
1853.51 5015.47
1852.66 5010.31
1847.6 5038.69
1850.83 5098.04
1871.98 5906.43
1870.85 6027.99
1870.65 5970.37
1869.94 5917.76
1868.85 5930.86
1868.03 6010.72
1862.87 5899.67
1862.93 5905.43
1864.1 5851.05
1859.29 5797.15
1865.26 5823.63
1864.65 5835.59
1865.66 5880.64
1865.54 5868.68
1865.7 5834.93
1865.38 5801.53
1864.67 5766.36
1861.27 5784.22
1861.79 5889.82
1863.61 5919.01
1869.52 5970.78
1867.91 5997.93
1866.86 5923.31
1867.83 5927.66
1865.96 5903.34
1866.09 5918.58
1867.34 5922.41
1851.4 5782.48
1853.36 5841.41
1851.66 5894.6
1850.91 5871.53
1849.6 5792.83
1850.33 5729.64
1846.61 5704.81
1848.59 5734.16
1850.32 5793.04
1850.79 5665.63
1851.25 5682.4
1851.75 5688.34
1851.71 5710.44
1849.58 5744.25
1850.14 5724.4
1849.6 5668.4
1850.17 5680.18
1850.16 5645.7
1851.05 5540.05
1851.53 5529.23
1854.49 5529.06
1855.24 5512.59
1866.08 5579.98
1861.96 5491.84
1860.93 5508.97
1860.93 5506.99
1861.12 5509.68
1861.03 5502.91
1860.82 5444.41
1860.29 5446.88
1861.11 5481.53
1859.99 5485.61
1859.97 5469.84
1860.79 5452.59
1860.38 5432.41
1857.49 5442.15
1855.1 5468.09
1854.87 5473.82
1854.71 5443.8
1854.46 5564.99
1852.19 5648
1852.59 5667.39
1852.45 5619.7
1852.43 5591.53
1853.85 5515.88
1853.92 5630.29
1853.47 5682.3
1853.44 5876.21
1851.76 5931.77
1853.31 5914.59
1853.32 5839.61
1854.3 5877.73
1853.8 5891.93
1854.86 5851.34
1854.87 5706.91
1854.93 5681.75
1855.25 5704.39
1855.32 5709.03
1855.4 5709.12
1854.96 5709.96
1854.09 5727.45
1855.12 5760.81
1854.74 5760.25
1858.16 5748.38
1858.26 5720.27
1857.61 5677.14
1858.21 5700.41
1855 5698.34
1854.07 5696.72
1852.9 5693.22
1852.71 5701.29
1853.61 5721.12
1854.09 5743.82
1854.51 5778.43
1854.34 5813.74
1853.94 5847.9
1852.25 5882.48
1849.58 5930.61
1851.14 5930.82
1851.08 5972.78
1851.03 5988.52
1850.34 5980.95
1846.9 5995.01
1845.21 5986.67
1844.97 5992.27
1844.92 6010.62
1845.03 6035.03
1845.55 5992.89
1842.56 6059.75
1842.59 6097.7
1842.75 6107.68
1842.7 6125.88
1842.51 6119.42
1842.98 6139.39
1843.69 6179.86
1844.26 6200.97
1845.49 6249.76
1843.98 6258.9
1844.2 6285.54
1844.82 6294.32
1844.12 6308.38
1843.97 6314.28
1843.59 6306.05
1843.11 6307.38
1844.78 6284.59
1841.39 6280.32
1841.98 6285.98
1842.72 6280.89
1839.97 6272.19
1839.95 6263.07
1841.22 6242.22
1840.98 6216.5
1838.26 6186.83
1838.71 6143.71
1838.71 6124.98
1838.87 6107.21
1838.94 6118.57
1838.23 6133.85
1836.52 6134.94
1836.57 6119.38
1838.92 6115.47
1840.66 6119.63
1840.76 6112.95
1840.85 6123.88
1841.59 6151.84
1841.83 6176.41
1842.72 6193.91
1840.97 6194.75
1842.08 6211.5
1842.52 6231.1
1842.23 6248.54
1842.72 6287.26
1842.76 6335.68
1842.34 6327.83
1842.25 6350.02
1842.65 6345.35
1842.63 6366.58
1838.93 6427.27
1838.31 6369.22
1836.31 6371.1
1834.58 6338.77
1834.37 6311.03
1834.56 6289.73
1834.94 6271.95
1833.89 6271.78
1833.77 6253.12
1833.97 6204.98
1833.1 6191.22
1830.11 6090.33
1828.1 5958.52
1828.53 5859
1828.82 5850.71
1830.04 5903.09
1830.61 5930.3
1830.87 5944.72
1830.49 5930.07
1830.44 5959.99
1830.7 5975.78
1830.94 5883.54
1830.66 5803.2
1831.87 5824.78
1831.43 5827.49
1831.56 5817.09
1831.66 5804.45
1830.73 5777.36
1825.51 5772.05
1826.5 5869.69
1827.32 5857.52
1827.36 5866.24
1825.71 5847.12
1825.01 5830.18
1823.3 5819.24
1823.51 5838.88
1826.19 5871
1825.49 5901.39
1826.65 5906.08
1827.52 5948.28
1827.83 5938.79
1827.84 5928.98
1827.59 5910.14
1827.25 5907.9
1824.84 5891.26
1824.71 5882.85
1824.73 5873.54
1824.66 5891.79
1824.68 5886.91
1824.42 5895.54
1824.48 5899.14
1822.89 5902.82
1823.01 5876.07
1822.84 5866.38
1823.26 5890.99
1823.18 5912.92
1823.53 5999.98
1823.58 6034.77
1823.15 6061.2
1822.66 6116.9
1822.45 6115.54
1822.29 6144.83
1822.36 6154.57
1823.11 6151.89
1823.38 6149.57
1823.54 6140.6
1819.51 6220.69
1818.47 6229.28
1819.8 6250.26
1820.05 6237.96
1820.5 6220.14
1824.34 6173.85
1825.33 6100.56
1825.59 6099.3
1825.52 6149.12
1826.9 6175.33
1826.93 6141.04
1826.66 6109.07
1826.62 6069.11
1825.78 6030.5
1826.17 6023.74
1825.79 6022.05
1820.23 6135.01
1820.18 6128.17
1819.95 6113.46
1819.23 6135.74
1819.12 6130.83
1820.82 6102.65
1819.9 6120.55
1821.74 6119.08
1821.7 6144.07
1821.35 6134.4
1819.93 6220.7
1819.08 6228.78
1816.96 6198.78
1817.6 6171.76
1815.97 6207.17
1816.62 6225.44
1816.52 6237.65
1816.26 6244.55
1816.16 6246.5
1815.03 6228.42
1817.98 6240.39
1818.14 6212.13
1818.93 6179.77
1818.51 6178.18
1818.42 6184.58
1818.92 6206.19
1819.05 6193.8
1818.6 6193.75
1818.72 6202.19
1818.14 6128.28
1818.22 6133.51
1817.88 6151.89
1817.56 6192.6
1817.1 6204.48
1817.45 6237
1816.97 6233.08
1816.98 6264.52
1819.5 6275.28
1818.41 6306.82
1818.61 6307.91
1819.48 6309.24
1819.48 6305.81
1819.48 6304.11
1817.48 6298.34
1817.8 6307.05
1817.68 6295.29
1816.01 6284.8
1814.58 6282.68
1815.04 6325
1813.96 6346.05
1813.92 6359.96
1814.41 6349.49
1814.25 6356.6
1813.62 6362.36
1814.63 6350.67
1814.45 6358.86
1814.18 6394.88
1814.04 6413.9
1813.37 6429.68
1811.81 6447.13
1811.87 6461.9
1812.27 6455.44
1813.93 6448.11
1812.82 6431.4
1812.65 6402.36
1811.85 6437.32
1811.71 6453.59
1811.57 6438.51
1809.02 6366.05
1808.08 6285.19
1808.46 6260.06
1808.45 6286.38
1808.42 6339.69
1808.46 6298.53
1808.37 6290.57
1807.98 6418.88
1807.97 6476.07
1808.34 6476.49
1808.31 6490.07
1808.51 6482.15
1808.53 6485.26
1808.29 6549.53
1808.07 6588.7
1808.25 6588.09
1809.71 6580.12
1809.97 6552.79
1808.54 6546.57
1808.51 6548.66
1808.83 6542.63
1808.77 6538.83
1808.79 6553.05
1809.55 6572.08
1809.58 6601.34
1809.86 6629.38
1809.87 6612.53
1809.72 6604.82
1809.55 6601.47
1809.46 6609.55
1809.36 6614.41
1809.71 6558.8
1809.61 6560.3
1810.32 6557.18
1810.36 6555.63
1810.09 6559.47
1810.09 6555.98
1810.13 6565.72
1810.7 6520.96
1810.68 6523.61
1811.36 6530.1
1811.19 6536.66
1811.05 6547.2
1810.98 6487.74
1812.06 6285.34
1811.83 6275.3
1811.76 6249.13
1811.5 6236.94
1810.22 6248.41
1810.23 6231.55
1810.07 6232.3
1810.26 6229.73
1811 6210.75
1808.38 6194.93
1809.15 6189.16
1812.12 6202.52
1810.63 6186.68
1810.21 6161.79
1809.16 6121.13
1810.9 6195.55
1810.77 6214.13
1810.74 6216.13
1810.82 6219.65
1810.09 6218.06
1810.09 6215.44
1809.73 6218.05
1809.07 6257.48
1807.91 6255.47
1807.85 6279.01
1807.51 6299.62
1807.45 6311.57
1807.41 6308.42
1807.48 6315.93
1804.38 6459.55
1804.49 6463.62
1804.37 6473.26
1804.43 6488.09
1804.44 6495.69
1803.75 6508.06
1803.02 6576.22
1802.94 6593.6
1802.65 6605.62
1802.5 6663.79
1805.45 6725.69
1805.43 6745.07
1805.81 6773.19
1805.55 6800.91
1805.85 6747.74
1806.93 6708.42
1806.79 6692.31
1806.68 6665.34
1806.65 6663.54
1806.12 6673.29
1806.33 6676.49
1806.78 6684
1806.96 6689.69
1806.96 6689.34
1806.91 6687.38
1807.09 6755.08
1807.79 6771.58
1807.58 6766.61
1807.66 6762.92
1807.68 6754.13
1807.2 6747.92
1807.55 6744.16
1806.5 6704.49
1806.5 6655.24
1806.21 6613.65
1805.38 6621.57
1805.05 6643.61
1804.86 6653.26
1805.49 6691.02
1805.35 6706.49
1806.43 6704.95
1807.2 6694.55
1806.4 6686.55
1806.59 6693.49
1806.18 6700.33
1805.57 6710.13
1805.47 6699.65
1805.38 6686.72
1805.84 6683.61
1805.84 6698.23
1805.88 6700.82
1806.05 6700.52
1806 6702.29
1805.46 6709.34
1804.61 6734.11
1804.02 6733.79
1803.8 6756.52
1803.78 6761.49
1803.45 6770.62
1804.89 6755.67
1804.19 6765.9
1805.41 6739.09
1805.39 6718.94
1805.38 6708.29
1804.87 6682.72
1805.06 6686.16
1805.09 6675.18
1807.89 6699.68
1808.39 6731.69
1808.43 6750.93
1808.42 6800.22
1808.27 6826.96
1808.6 6838.79
1808.67 6861.24
1808.29 6872.98
1809 6885.27
1809.03 6893.77
1809.15 6899.35
1809.15 6906.9
1808.56 6880.7
1808.95 6890.83
1809.45 6909.39
1809.39 6910.07
1809.43 6913.58
1809.44 6918.67
1807.5 6964.94
1807.21 6975.17
1806.45 6991.12
1807.14 7000.01
1806.86 7015.5
1804.52 7016.75
1803.86 7029.07
1804.34 7006.07
1804.88 7008.65
1806.29 7004.08
1805.74 7020.25
1805.77 7022.57
1808.24 7045.34
1813 7113.34
1812.93 7186.31
1812.91 7222.92
1813.22 7253.62
1813.07 7271.59
1813.19 7284.36
1813.42 7296.03
1813.41 7303.52
1813.61 7319.33
1808.42 7422.01
1809.28 7476.36
1809.53 7466.12
1809.34 7448.18
1809.5 7458.42
1809.52 7452.3
1809.1 7465.68
1808.65 7487.95
1808.74 7511.33
1808.58 7530.91
1809.03 7542.46
1809.25 7530.52
1808.93 7541.74
1809.11 7614.34
1808.83 7563.04
1809.36 7543.64
1809.24 7524.45
1811.4 7487.92
1811.95 7482.04
1811.85 7476.01
1812.02 7473.48
1812.21 7464.47
1812.24 7460.19
1812.08 7454.38
1811.66 7457.74
1810.74 7450.49
1809.09 7374.88
1809.01 7363.35
1809.17 7392.36
1808.37 7469.6
1807.3 7498.94
1807.31 7513.28
1807.06 7525.6
1806.73 7551.09
1806.72 7535.39
1804.22 7528.65
1803.02 7533.91
1802.84 7535.13
1803.84 7539.18
1803.85 7529.28
1803.76 7508.68
1803.71 7527.72
1804.51 7528.05
1805.19 7546.8
1805.77 7568.83
1805.78 7597.02
1805.45 7624.53
1807.74 7652.14
1807.75 7669.89
1807.82 7663.53
1809.82 7666.58
1809.76 7664.07
1809.03 7631.64
1809.26 7616
1809.25 7605.09
1808.89 7612.98
1809.07 7597.87
1807.44 7592.42
1807.45 7592.8
1807.58 7607.4
1808.1 7609.93
1808.16 7602.12
1807.84 7566.29
1807.82 7539.24
1808.38 7530.56
1808.91 7505.66
1809 7470.45
1808.95 7452.65
1809.24 7436.81
1809.38 7419.38
1808.93 7403.5
1808.95 7383.71
1808.24 7370.31
1808.86 7370.45
1808.77 7366.4
1808.45 7373.63
1808.41 7311.63
1808.47 7287.56
1808.67 7267.34
1808.87 7250.01
1808.83 7235.65
1808.95 7217.8
1808.95 7199.49
1810.03 7188.34
1810.13 7174.98
1810.17 7161.54
1812.8 6979.72
1812.76 6949.8
1813.61 6940.84
1813.45 6930.18
1813.01 6909.66
1812.46 6889.49
1812.66 6880.68
1812.78 6865.39
1812.81 6868.95
1812.25 6864.47
1812.04 6867.92
1811.82 6878.98
1813.45 6880.92
1812.42 6858.64
1812.72 6848.6
1812.48 6853.78
1812.49 6840.52
1811.51 6849.76
1812.18 6940.33
1812.15 6914.1
1812.28 6875.58
1812.08 6869.1
1812.14 6855.35
1812.92 6847.97
1811.72 6855.76
1811.87 6851.42
1813.44 6794.07
1813.19 6786.48
1812.32 6793.72
1812.28 6787.17
1812.21 6783.64
1812.88 6797.76
1812.76 6805.48
1812.91 6822.85
1812.9 6852.76
1812.84 6876.18
1812.74 6888.08
1812.17 6871.7
1812.28 6882.2
1812.25 6891.13
1812.31 6891.7
1812.52 6921.9
1812.34 6961.66
1812.43 6956.2
1812.23 6971.63
1812.14 6976.59
1809.15 7016.33
1808.33 7051.39
1808.52 7104.46
1808.48 7095.58
1808.58 7093.4
1809.49 7078.87
1809.52 7078.13
1809.12 7090.64
1809.69 7078.87
1809.7 7081.11
1809.71 7081.63
1809.93 7075.93
1810.43 7129.58
1810.18 7178.68
1809.88 7192.25
1809.97 7186.76
1809.8 7183.89
1809.03 7218.81
1809.12 7228.78
1809.16 7238.09
1808.78 7237.4
1808.54 7249.19
1808.57 7241.06
1808.5 7238.67
1808.66 7238.97
1808.68 7244.43
1808.67 7240.82
1809.15 7260.06
1809.28 7255.79
1809.52 7269.32
1809.89 7269.22
1809.85 7267.56
1809.99 7279.41
1808.96 7307.99
1809.16 7311.61
1809.26 7300.2
1808.65 7296.39
1808.86 7307.42
1809.02 7328.05
1808.6 7326.02
1808.59 7342.65
1808.59 7353.27
1808.61 7367.29
1808.36 7371.05
1808.93 7402.66
1809.09 7417.89
1808.73 7436.7
1808.86 7434.14
1808.68 7424.96
1808.48 7434.56
1808.5 7440.17
1808.41 7445
1808.39 7443.92
1808.12 7447.21
1807.98 7439.78
1808.19 7441.92
1807.72 7449.73
1808.03 7447.28
1807.62 7437.58
1807.76 7411.4
1807.47 7379.9
1807.48 7373.89
1806.31 7371.58
1806.43 7375.63
1806.74 7364.03
1807.1 7308.62
1806.51 7313.79
1806.45 7342.3
1806.34 7345.85
1805.87 7325.35
1805.94 7304.43
1805.92 7295.16
1806.1 7326.43
1806.1 7359.92
1806.29 7377.32
1805.07 7399.41
1805.24 7420.97
1805.28 7423.44
1806.19 7423.73
1805.56 7441
1805 7464.69
1805.62 7484.68
1805.66 7496.42
1802.47 7540.03
1802.51 7592.41
1801.91 7591.16
1802.06 7613.2
1802.09 7628.25
1802.45 7652.4
1802.59 7668.81
1802.63 7638.03
1802.73 7627.12
1802.88 7661.16
1802.88 7678.98
1803.71 7706.15
1803.83 7704.45
1803.59 7700.58
1803.84 7718.43
1803.98 7716.14
1804.56 7717.51
1803.9 7740.33
1804.01 7744.61
1802.88 7726.19
1804.48 7734.75
1804.63 7757.37
1803.99 7762.09
1804.11 7761.8
1803.87 7756.02
1803.76 7754.54
1803.75 7752.26
1803.69 7754.99
1804.19 7783.57
1804.17 7800.61
1804.94 7810.2
1804.93 7806.96
1805.31 7736.05
1805.65 7724.81
1805.99 7720.59
1806.78 7727.89
1806.06 7759.65
1807.19 7787.58
1807.58 7807.6
1807.49 7759.3
1807.01 7769.29
1806.9 7767.28
1806.8 7764.61
1806.83 7784.53
1806.4 7806.52
1806.4 7799.44
1806.12 7805.62
1805.88 7808.91
1806.07 7811
1805.91 7813.4
1805.2 7829.75
1805.18 7851.91
1805.13 7834.77
1805.09 7846.94
1804.54 7887.48
1804.42 7899.17
1803.6 7923.57
1803.4 7890
1803.36 7954.04
1803.3 7980.29
1803.29 7997.04
1803.26 8007.42
1803.19 8010.07
1799.29 8035.59
1800.03 8047.13
1799.88 8100.5
1800.73 8095.73
1799.74 8195.31
1799.76 8198.82
1799.76 8175.81
1799.61 8180.73
1799.71 8208.75
1798.46 8249.49
1798.44 8227.34
1798.73 8206.52
1798.09 8205.33
1797.87 8201.57
1797.69 8193.19
1797.63 8189.93
1797.73 8186.73
1797.61 8213.73
1797.61 8217.1
1797.55 8219.67
1797.17 8241.84
1797.55 8232.2
1797.94 8242.89
1797.91 8308.32
1798.05 8332.55
1798.05 8399.67
1797.84 8432.09
1798.03 8441.66
1798.01 8438.55
1798.02 8405.95
1797.92 8380
1798.02 8377.29
1799.15 8384.28
1799.02 8371.97
1799.03 8312.55
1799.33 8280.45
1799.33 8259.76
1799.13 8261.93
1799.29 8292.54
1799.3 8310.86
1800.3 8330.49
1800.29 8323.13
1800.17 8287.7
1799.99 8290.94
1800.16 8308.9
1800.06 8273.69
1800.57 8257.79
1800.62 8245.81
1800.6 8235.93
1800.62 8237.19
1799.75 8243.47
1799.55 8263.71
1799.55 8261.4
1799.34 8265.11
1798.5 8247.48
1798.65 8242.67
1799.52 8222.6
1800.96 8229.29
1802.81 8257.75
1803 8274.55
1802.44 8281.19
1802.27 8289.32
1802.69 8274.93
1802.71 8286.52
1802.69 8328.22
1802.94 8313.49
1803.6 8229.89
1803.61 8208.39
1803.33 8222.96
1803 8232.63
1802.95 8247.18
1802.95 8251.62
1801.48 8242.73
1800.82 8262.74
1801.2 8282.83
1801.2 8295.51
1800.18 8281.19
1800.25 8267.9
1800.38 8227.82
