246.312 0
287.578 0
342.657 0
372.381 0
449.202 4.10211
449.183 4.0642
450.591 4.0642
484.497 4.0642
513.71 5.73853
516.214 5.67341
555.098 4.0642
555.253 4.21015
569.631 4.91386
616.329 4.92312
620.269 4.92312
666.199 7.98359
668.628 6.37387
690.345 6.37437
696.475 6.37437
711.346 6.37437
718.282 6.37437
733.664 7.5971
762.678 6.48133
765.179 4.731
783.615 28.4402
786.635 54.6839
820.963 68.3601
858.524 89.0212
857.055 103.483
860.745 114.375
855.274 135.618
858.506 152.077
868.555 160.764
860.248 303.572
861.881 380.928
863.291 383.339
863.287 375.921
863.222 376.08
872.524 368.868
872.531 366.581
873.408 363.608
873.442 361.164
874.554 358.776
893.631 358.172
955.292 1119.6
959.112 840.366
965.799 774.875
968.634 740.419
1009.65 735.133
1019.6 946.072
1023.1 1121.2
1016.72 1151.42
1016.11 1152.72
1020.59 1143.48
1048.05 1222.63
1025.75 1199.89
1022.13 1271.09
1058.96 1273.67
1060.26 1310.53
1051.85 1375.22
1052.42 1438.66
1052.5 1438.59
1038.58 1522.48
1025.27 1988.26
1066.5 1961.53
1064.97 2031.1
1062.9 2235.13
1097.37 3444.43
1101.67 2799.41
1091.89 2677.26
1175.73 3555.82
1132.32 3102.97
1133.83 3026.9
1174.91 3056.23
1174.84 3143.59
1176.17 3114.2
1170.62 3338.54
1179.58 3507.37
1179.6 3592.63
1193.13 3996.93
1193.29 4233.72
1221.85 4374.64
1224.18 4504.38
1224.96 4542.55
1224.94 4505.7
1222.6 4579.87
1258.49 4517.97
1277.39 4562.8
1283.36 4611.92
1282.53 4855.04
1291.21 4930.01
1294.07 5021.91
1287.19 5203.47
1287.01 5295.9
1286.7 5430.77
1280.99 5474.65
1346.39 5892.72
1348 6293.42
1357.12 6591.75
1342.04 7139.31
1304.33 7240.78
1304.58 7019.01
1286.62 7558.34
1286.76 7344.91
1285.09 7518.52
1204.92 8055.95
1205.23 7851.76
1203.79 7856.58
1212.09 8053.08
1214.83 7779.97
1223.94 7726.15
1223.65 7614.13
1221.21 7826.47
1222.8 7896.25
1224.32 8026.43
1236.3 7959.14
1233.44 7945.15
1234.06 8041.32
1234.68 7879.99
1231.03 7695.97
1243.81 9646.94
1262.56 8976.54
1262.47 8762.66
1261.81 8593.26
1276.2 8860.31
1268.58 8126.94
1266.36 7797.8
1269.79 7670.37
1269.12 7721.31
1269.18 7740.63
1266.36 7788.21
1263.39 7784.49
1259.64 7883.73
1254.77 8474.71
1249.02 8763.18
1254.01 9176.07
1255.59 9441.03
1253.17 9599.27
1258.14 9568.14
1258.22 9513.37
1255.31 9519.9
1256.02 9520.63
1255.5 9539.51
1235.31 10184.3
1234.39 9947.82
1233.43 9877.76
1231.97 9878.57
1231.8 9681.49
1226.54 9512.73
1226.65 9408.69
1223.88 9343.02
1224.24 9683.95
1223.64 9537.03
1221.9 9504.06
1221.45 9460.59
1224.25 9431.74
1216.21 9473.84
1221.05 9546.57
1221.39 9585.15
1219.52 9544.09
1219.09 9587.01
1214.28 9613.53
1215.12 9697.02
1215.19 9793.63
1215.17 9835.58
1215.39 9850.52
1216.3 9903.99
1216.75 9884.02
1216.91 9894.79
1212.59 9911.42
1215.89 9881.07
1198.85 10035.5
1199.22 10167.3
1199.2 10059.6
1204.18 10215.5
1203.98 10112.9
1209.05 10264.6
1209.82 10188.8
1212.65 10213.4
1213.18 10234
1215.16 10184.7
1215.07 10171.4
1215.81 10145.8
1215.95 10139.1
1214.87 10051.6
1210.27 10088.2
1211.26 10220.7
1210.35 10345.2
1210.78 10434.1
1207.84 10615.1
1212.94 10932.8
1202.95 11381.8
1213.74 11434.5
1213.76 11442.4
1213.84 11319.2
1209.4 11035.2
1207.67 11392.8
1211.17 11592.7
1201.94 11797.2
1201.5 11928.4
1201.9 12008.1
1203.04 12057.7
1203.99 12053.4
1212.49 12011.8
1237.13 11895.1
1237 11984
1244.02 12072.3
1220.6 12152.8
1223.87 12216.4
1223.59 12207.5
1224.2 12215.3
1221.93 12224.1
1223.63 12196.9
1223.73 12157
1223.67 12115.4
1223.08 12090.4
1222.96 12080.9
1223.78 12102
1224.02 12087.8
1224.6 12111.4
1224.34 12137.4
1227.19 12183.6
1227.97 12253.1
1227.84 12274.1
1228.81 12305.3
1229.46 12136.7
1229.31 12117.9
1228.84 12087.7
1229.25 12058.9
1229.57 11928.1
1230.03 11824
1229.81 11817.4
1229.57 11886
1229.26 11918.3
1229.18 11957.5
1229.4 12013.2
1230.36 12060.2
1230.19 12058.9
1230.23 12081.2
1229.87 11922.3
1229.8 11794.1
1231.92 11735.7
1232.23 11732.9
1246.62 12124
1246.63 12084.5
1253.88 12168.3
1253.84 12332.6
1255.83 12447.2
1253.8 12513.2
1255.58 12510.6
1256.33 12542.8
1256.48 12561.2
1256.14 12576.9
1255.91 12548.6
1256.16 12526.2
1256.37 12522.9
1256.1 12487
1258.19 12491.1
1242.07 12834.2
1241.91 13019.5
1245.4 12928.5
1270.84 13314.4
1270.64 13121.5
1269.14 13086.8
1249.89 12964.9
1249.49 13055.5
1248.91 13029.9
1248.09 13145.7
1248.3 13067.9
1247.74 12991.5
1245.89 12970.6
1243.23 12911.6
1242.36 12911.7
1241.61 12956.4
1243.24 12995.4
1243.77 12928.9
1248.33 12909.9
1249.72 12919.7
1250.75 12972.8
1258.14 13134.7
1258.18 13204
1258.13 13188.5
1258.91 13164.1
1259.43 13133
1259.48 13102.3
1259.89 13085.2
1258.04 13100.8
1257.77 13105
1259.59 13083.8
1274.31 13308.8
1274.98 13282.7
1274.76 13319.6
1274.27 13295.3
1275.23 13291.5
1275.29 13256.9
1275.56 13241
1275.68 13213.1
1275.67 13184.2
1275.69 13179.3
1275.75 13194.7
1278.3 13224.8
1279.71 13364.6
1281.54 13400
1281.51 13407.4
1279.99 13427.4
1279.94 13397.3
1282 13379.6
1295.03 13619.2
1294.75 13471.5
1300.46 13562.2
1299.23 13670.4
1299.36 13808.9
1299.27 13797.3
1299.31 13766.2
1298.97 13722.9
1300.82 13712.3
1302.37 13703.1
1301.92 13714.2
1301.79 13719.7
1301.92 13691.9
1302.07 13643
1302 13623.8
1301.97 13615.6
1302.23 13629.9
1303.89 13672.5
1303.82 13664.3
1304.08 13661.2
1303.74 13624.2
1304.73 13610.7
1302.92 13665
1304.8 13684.9
1313.69 13707.1
1313.02 13735.5
1304.49 13793.7
1306.9 13880.4
1306.56 13952.3
1306.69 13987.3
1306.87 13992.2
1321.68 13960.5
1318.47 14099.1
1319.47 14051.9
1319.76 14050.7
1306.31 14572.5
1306.6 14513.4
1306.22 14504.5
1306.51 14564.9
1306.44 14483.1
1306.12 14444.9
1306.14 14373.9
1310 14310.6
1310.08 14204.8
1304.61 14124.3
1304.49 14086.3
1304.54 14039.9
1304.65 14005.1
1305.37 13989.1
1308.61 14013.8
1308.76 14007.3
1308.41 14021.8
1308.34 14019.6
1308.28 13989.9
1308.8 13967.8
1308.99 13964.1
1309.22 13956
1309.04 13955.3
1308.95 13968.4
1311.66 14038.5
1306.75 14331.3
1304.92 14214.4
1305.48 14291.6
1308.46 14318.3
1310.42 14400.6
1309.93 14423.8
1309.18 14564.6
1309.39 14547.7
1310.77 14683.6
1308.14 14790.2
1308.18 14790.6
1307.08 14710.2
1306.97 14717.8
1308.32 14824.9
1308.28 14750.5
1308.96 14762.8
1308.85 14810.3
1309.1 14843.2
1310.72 14937
1310.59 14919.9
1310.37 14869.6
1310.61 14899.4
1310.61 14915
1312.2 14950.3
1311.02 14954.1
1310.81 14970.7
1310.54 15000.3
1310.97 15052.8
1310.75 15084.8
1311.56 15099.5
1309.63 15102.5
1309.8 15169.9
1310.28 15052.2
1310.47 15036.8
1310.33 15036.1
1311.14 14894.7
1312.09 14813.7
1312.87 14806.7
1312.7 14868.7
1315.07 14838.7
1314.6 14815
1317.96 14811
1318.02 14819.9
1318.02 14823.7
1317.07 14836.4
1315.08 14832.6
1315.4 14808.8
1315.43 14790.1
1313.39 14808.9
1312.95 14756.6
1313.12 14717.6
1312.42 14740.7
1311.75 14711.2
1311.96 14704.5
1311.35 14736.7
1311 14721.6
1310.59 14750.9
1310.57 14667.6
1310.2 14607.3
1309.93 14564.4
1310.03 14526.9
1309.96 14541.3
1310.95 14595.7
1311.83 14593.3
1311.86 14535.9
1311.55 14565.8
1310.73 14576.5
1310.57 14543
1311.8 14542.1
1311.19 14506.9
1311.17 14476.9
1313.41 14573.6
1313.13 14660
1314.83 14665.8
1314.62 14664.8
1314.45 14672.4
1314.45 14689.2
1314.48 14708.3
1313.34 14718.6
1313.77 14695.2
1314.06 14793.6
1313.95 14848.8
1313.99 14894
1314.24 15005.5
1313.03 15074.3
1312.97 15095.6
1312.88 15079.3
1313.35 15131.2
1314.47 15179.1
1312.36 15167.2
1312.42 15168.5
1312.4 15172
1312.37 15196.5
1312.62 15226.5
1312.8 15230.7
1313.16 15249.1
1313.71 15236
1314.53 15251.8
1314.81 15261.4
1314.7 15280.4
1314.7 15259
1313.09 15386.9
1313.09 15355.8
1313.12 15400
1314.39 15791.5
1314.4 15854.3
1315.81 15708.7
1315.79 15443.7
1315.77 15435.4
1315.29 15469.9
1323.69 16122.3
1323.37 16079.5
1323.37 16045.2
1320.52 15851.9
1320.55 15796.4
1321.01 15687.9
1320.99 15552.5
1319.98 15504.4
1320.1 15489.5
1320.1 15536.9
1320.81 15590.7
1320.72 15624.8
1320.77 15638
1320.93 15609.4
1322.03 15605.6
1321.88 15639.5
1321.8 15635.5
1322.03 15605.7
1323.58 15599.5
1324.62 15644.4
1324.51 15698.6
1324.71 15712.8
1324.7 15674.8
1324.48 15687.8
1324.29 15702.7
1327.17 15774.2
1332.75 15882.1
1332.76 15915.1
1334.65 16027.4
1334.62 16075.8
1334.37 16161.1
1334.92 16219.1
1334.96 16221.6
1338.81 16353.8
1339.36 16357.5
1339.9 16340.9
1339.24 16262.6
1337.47 16205.5
1337.39 16209.9
1345.2 16254.5
1348.08 16062.1
1346.68 16139.8
1347.52 16122.8
1346.81 16119.4
1347.11 16157.2
1346.94 16215.4
1346.86 16188.4
1346.77 16180.1
1348.58 16240.4
1348.57 16200
1347.96 16168.7
1348.7 16162.6
1348.71 16168.7
1348.75 16140.5
1348.99 16132.4
1349.04 16068.3
1349.22 16094.8
1348.97 16123.7
1352.66 16112.2
1352.81 16160.9
1353.46 16215
1359.57 16274.3
1361.65 16342.3
1361.38 16275.5
1364.27 16308.5
1360.49 16352.5
1360.24 16418.9
1360.44 16469.1
1360.21 16483.3
1360.68 16509.3
1359.56 16514.4
1359.62 16454
1356.05 16496.2
1356.58 16566
1357.02 16532
1357.33 16534.9
1358.3 16520.9
1359.08 16517.9
1358.8 16518.9
1358.79 16505.9
1363.24 16445
1363.93 16398.3
1364.7 16373
1366.85 16359.3
1366.87 16339.2
1367 16252.2
1362.52 16258.8
1362.54 16294.1
1362.26 16283.5
1362.69 16232.2
1362.54 16178.6
1362.53 16159.8
1362.11 16184
1361.93 15984.6
1357.11 15864.1
1356.86 15779.9
1357.89 15813.7
1358.06 15833.7
1358.12 15774.4
1358.92 15757.7
1358.85 15779.4
1358.87 15807.1
1358.72 15822.9
1358.56 15818.2
1360.1 15824.8
1360.66 15818.1
1360.59 15818.1
1360.75 15825.6
1360.56 15795.1
1360.77 15758.6
1359.79 15717.9
1359.86 15702.1
1358.61 15646.1
1358.66 15644.9
1360.75 15748.4
1360.7 15720.7
1362.56 15795.8
1362.4 15802.3
1362.62 15734.8
1362.56 15581.7
1362.91 15548.7
1362.46 15583.2
1362.51 15602.3
1362.17 15595.8
1362.48 15544.8
1362.34 15547
1362.03 15602.8
1362.08 15637.1
1362.5 15651.8
1361.92 15645.4
1361.83 15675.1
1362.18 15711.1
1362.19 15731.9
1363.21 15810.4
1362.5 15812.1
1362.7 15825.1
1362.89 15840.9
1362.87 15845.4
1362.08 15833.2
1362.19 15843.1
1363.49 15883.8
1363.34 15782.2
1363.26 15749.4
1362.84 15717.9
1363.31 15698.3
1363.83 15698
1364.2 15688.3
1364.16 15689.1
1364.58 15686.4
1364.66 15682.6
1364.66 15655.5
1363.61 15687.5
1363.8 15666.5
1362.8 15652.2
1362.8 15649.4
1362.82 15655.7
1363.22 15681.7
1363.12 15676.8
1362.87 15710.1
1362.84 15727.4
1361.66 15735.4
1361.48 15719.7
1361.59 15708.1
1361.78 15687.7
1363.13 15763.5
1363.37 15797.4
1363.34 15827
1363.24 15795.8
1363.44 15797.2
1362.53 15830
1362.94 15843.3
1362.72 15773.8
1362.89 15784.6
1363.39 15798.9
1364.03 15835
1364.28 15785
1364.12 15777.2
1364.49 15779.3
1365.02 15799.4
1364.83 15799
1364.7 15778.3
1364.27 15768.7
1364.17 15740.3
1364.33 15731.5
1364.43 15730.9
1364.03 15734.6
1363.06 15961.2
1363.12 16001.5
1363.19 15997
1362.61 15984
1362.45 15980.8
1362.79 15982
1363.16 15968.7
1363.56 15981.2
1363.57 15997.7
1363.84 16014.7
1365.73 16151.3
1366.23 16197
1365.86 16224.2
1363.46 16406.1
1363.45 16637.8
1363.91 16616.7
1363.7 16648.5
1363.66 16613.9
1363.68 16604.3
1365.01 16622.8
1365.03 16643.4
1365.11 16594.8
1365.19 16580.8
1366.46 16590
1368.92 16589.6
1368.98 16634.2
1369.09 16673.5
1368.8 16665.7
1369.84 16662.9
1371.13 16716.5
1371.3 16733.6
1370.77 16598.2
1371.18 16652.6
1370.69 16645.3
1370.66 16654
1370.65 16638.7
1371.05 16648.1
1374 16740
1373.97 16684.8
1374.06 16663.6
1375.41 16682.9
1375.5 16666
1376.71 16697.5
1376.96 16694.7
1378.39 16730.4
1378.27 16738
1378.27 16699.1
1377.83 16672
1377.77 16594.8
1377.7 16580.7
1377.77 16509.6
1381.6 16525.2
1381.8 16480.8
1385.12 16591
1385.37 16646.8
1385.8 16627.1
1385.94 16622.3
1386.92 16652.8
1387.69 16670.2
1396.9 16859.4
1398.14 16899.7
1398.21 16785.4
1397.9 16741.8
1391.14 16591.5
1391.19 16586.4
1390.62 16557.8
1390.53 16540.1
1390.36 16537.9
1391.08 16550.2
1390.61 16414.5
1390.54 16408.1
1392 16427.1
1392.17 16412.1
1393 16415.3
1392.99 16441.5
1393.5 16440.6
1393.53 16427.9
1396.58 16459.2
1396.41 16409.4
1396.31 16370.7
1395.8 16400.4
1395.81 16389.6
1395.88 16389
1395.64 16358.7
1395.38 16306.8
1395.57 16303.4
1395.72 16298.1
1395.65 16308.9
1396.14 16326.3
1395.85 16368.3
1396.09 16378.4
1395.74 16399.3
1395.39 16394.5
1393.9 16369.4
1393.97 16368
1394.38 16383.7
1394.38 16405.9
1395.43 16408.3
1395.49 16338.4
1395.65 16317.9
1395.53 16336.6
1395.3 16340.1
1394.62 16366.9
1394.9 16358.7
1394.77 16351.3
1395.22 16335.2
1395.43 16307.8
1394.99 16298.4
1395.27 16286
1395.2 16301.5
1394.95 16280.5
1394.26 16274.2
1394.25 16275
1394.62 16265.7
1394.96 16275.5
1394.83 16275.4
1394.74 16282
1394.68 16260.5
1394.59 16234.2
1394.58 16208.3
1397.33 16214.6
1397.28 16275.2
1397.38 16294.8
1397.3 16289.3
1396.53 16287.1
1396.69 16282.8
1397.49 16293.1
1395.46 16318.6
1396.1 16404.1
1395.87 16384.3
1397.14 16412.1
1397.2 16406.2
1397.31 16414.6
1395.6 16447.9
1395.66 16454.9
1395.52 16452.5
1394.83 16439.5
1395.38 16421.9
1395.31 16409.4
1395.47 16400.2
1395.54 16393.5
1394.98 16417.3
1394.73 16431.5
1395.23 16449.1
1395.58 16449
1395.58 16453.4
1395.86 16421.7
1395.86 16430.8
1395.56 16435
1395.87 16450.1
1396.05 16474.9
1397.03 16429.3
1397.23 16445.3
1397.39 16439.4
1398.57 16467.4
1398.91 16480.2
1398.91 16477.9
1402.05 16523.7
1401.98 16480.7
1402.47 16513.7
1402.77 16517.7
1402.77 16522.6
1406.47 16542.6
1406.16 16534.5
1406.15 16543.5
1406.21 16550.8
1406.2 16532.9
1406.18 16487
1407.67 16533.1
1407.51 16544.1
1407.64 16537.6
1407.52 16538.4
1407.63 16499.3
1408.38 16505.3
1408.27 16516
1408.53 16515.1
1408.72 16485.7
1408.9 16494.2
1408.82 16490.8
1409.38 16484.8
1409.38 16485.9
1409.6 16478.1
1411.16 16525.9
1411.32 16503.1
1411.32 16502.5
1411.21 16510.5
1411.19 16514.4
1410.72 16506
1411.25 16526.9
1411.32 16538.2
1411.44 16520.2
1411.33 16475.1
1411.48 16460.4
1412.27 16449.5
1412.42 16453.1
1412.43 16469.5
1415.01 16519.1
1415.01 16532.4
1416.35 16596.7
1415.64 16641.3
1415.69 16642.3
1414.52 16639.1
1415.76 16657.1
1414.89 16662.9
1414.24 16651.1
1414.21 16658.2
1414.48 16662.7
1411.26 16641.1
1412.5 16655.9
1412.74 16661
1412.73 16674
1412.97 16705.6
1412.68 16713.8
1412.53 16734.3
1412.69 16779.9
1412.88 16794.7
1413.04 16806.3
1413.01 16825.3
1412.23 16806.3
1412.31 16798.8
1412.24 16788.6
1412.6 16797.4
1412.53 16806.9
1412.27 16815.2
1412.57 16816.4
1413.05 16835.5
1413.27 16843
1413.97 16852.7
1413.91 16856.6
1413.93 16842.8
1414.14 16840.3
1413.63 16783.1
1413.58 16768.2
1413.3 16772.1
1413.63 16781.2
1412.19 16790.1
1412.4 16795.4
1412.42 16802.9
1412.28 16811.2
1412.52 16820.3
1412.53 16811.4
1411.68 16806.1
1412.15 16826.7
1412.63 16839.8
1412.63 16817.3
1411.52 16860.7
1411.53 16856.8
1411.58 16871.5
1411.89 16871
1411.71 16858.5
1412.22 16855.5
1412.82 16845.9
1412.78 16850.5
1412.83 16861.9
1413.18 16877.9
1412.55 16906.7
1412.52 16879.5
1412.61 16851.6
1413.33 16827.3
1413.71 16829
1413.67 16828.1
1413.72 16823.8
1413.77 16827.1
1413.82 16811.8
1414.27 16822.9
1415.81 16866.8
1416.29 16838
1416.87 16855.7
1417.01 16845.2
1416.97 16890
1416.74 16902.1
1416.96 16889.9
1417.29 16891.5
1417.29 16862.4
1417.36 16852.3
1417.17 16844.4
1416.77 16919.9
1417.73 16893.2
1418.99 16903.1
1418.98 16884.4
1418.96 16891.8
1418.96 16884.6
1419.65 16876
1419.74 16865.8
1419.28 16878.3
1419.48 16872.6
1419.39 16860.9
1419.42 16847.6
1419.08 16822.6
1419.05 16819.8
1419.25 16812.6
1419.24 16802.5
1420.18 16817.4
1419.65 16855.2
1419.78 16858.4
1419.28 16883.4
1419.11 16908.9
1419.15 16918.5
1418.48 16931.6
1418.68 16941.6
1418.4 16921.9
1418.62 16910
1417.09 16924.7
1417 16954.4
1416.87 16963.1
1416.12 16982.5
1416.26 16996.8
1416.3 16985.6
1416.47 16935
1416.42 16912.9
1416.42 16909.3
1416.37 16908.7
1416.44 16909.8
1416.93 16915
1417.04 16909.9
1417.42 16934.2
1418.19 16920.2
1418.21 16923.5
1418.14 16901.6
1419.36 16971.6
1419.62 17020.3
1419.58 17037.3
1419.71 17061.6
1419.73 17073.3
1419.7 17076.5
1416.5 17091
1416.43 17118.5
1416.41 17122.8
1416.44 17120.9
1416.36 17120.7
1416.35 17163.1
1417.98 17207.8
1418.21 17209
1417.99 17218.2
1418.63 17220.9
1418.14 17238.3
