498.313 15.818
565.604 29.216
566.243 28.7471
633.05 25.4743
642.08 25.7741
705.129 31.5997
779.015 54.4943
890.359 76.5815
918.002 75.9548
1006.11 247.474
1008.36 296.952
1032.78 267.247
1073.22 269.588
1077.65 266.779
1064.28 378.032
1103.12 415.567
1149.26 417.756
1153.34 409.204
1153.36 398.731
1178.97 399.023
1181.95 395.847
1137.56 626.999
1145.48 712.34
1139.36 713.94
1141.59 712.888
1187.15 712.619
1202.73 711.542
1202.92 710.593
1298.72 1903.64
1320.64 1719.93
1323.96 1456.21
1361.12 1381.64
1364.58 1458.52
1337.9 1748.31
1359.34 1860.17
1362.35 1900.07
1370.07 2174.29
1356.48 2727
1361.81 2934.06
1359.33 3007.45
1367.85 3058.9
1418.64 3175.71
1442.3 3257.13
1458.86 3295.18
1474.94 3312.79
1483.69 3287.91
1500.04 3672.95
1498.77 3825.39
1497.96 3835.99
1508.66 4616.74
1520.29 4206.64
1529.03 4148.13
1530.97 4094.88
1537.55 4011.98
1518.79 4386.58
1519.78 4519.72
1518.1 4474.19
1527.81 4497.23
1526.38 4428.97
1553.54 4492.71
1553.5 4413.78
1560.45 4932.84
1559.92 5477.32
1564.98 5468.05
1553.91 5469.15
1554.12 5396.22
1555.26 5301.18
1554.95 5279.9
1554.97 5173.36
1571.21 5759.1
1564 5645.77
1559.3 5646.61
1556.52 5655.3
1550.53 5679.73
1617.42 6156.86
1590.54 6498.17
1579.13 6974.49
1574.17 7079.6
1587.78 7090.75
1586.5 7102.57
1564.87 7196.24
1566.29 6965.77
1558.35 7043.86
1588.43 7001.63
1600.02 7004.62
1599.12 7282.54
1601.72 7259.58
1606.96 7199.64
1598.02 7238.92
1602.74 7290.5
1614.27 7339.06
1614.58 7388.44
1611.54 7412.62
1609.82 7485.29
1617.09 7804.24
1626.32 8103.46
1622.13 8398.07
1630 8015.42
1628.57 7908.63
1628.3 7938.98
1636.17 7980.04
1630.6 7995.59
1628.49 8197.12
1632.23 8371.7
1627.45 8490.6
1627.49 8555.76
1628.49 8532.76
1644.53 8488.72
1644.74 8404.76
1637.05 8450.97
1637.31 8437.28
1652.08 8432.94
1648 8488.4
1646.17 8533.74
1647.6 8571.42
1653.68 8760.67
1653.74 8774.27
1657.92 8788.36
1663.31 8720.81
1658.35 8708.54
1659.95 8717.28
1676.13 8781.83
1671.26 8714.99
1672.8 8688.65
1669.78 8669.54
1668.76 8682.96
1669.02 8646.33
1693.35 8648.23
1704.32 8650.37
1707.85 8716.51
1706.51 8655.32
1706.44 8651.56
1707.95 8681.55
1707.96 8691.43
1706.45 8667.13
1709.35 8636.62
1708.02 8647.81
1708.18 8645.87
1709.58 8611.92
1716.42 8616.5
1719.18 8661.43
1719.36 8699.35
1722.89 8770.92
1723.48 8802.45
1722.45 8830.91
1719.82 8853.98
1724.21 8902.38
1725.53 8936.61
1727.54 8973.35
1725.44 9216.81
1696.55 9483.41
1692.13 9420.23
1691.13 9437.44
1730.03 9242.67
1737.24 9177.26
1738.53 9295.89
1739.29 9162.9
1738.28 9177.74
1738.48 9238.05
1733.85 9218.08
1736.24 9319.81
1736.22 9440.22
1745.46 9576.63
1730.44 9602.59
1728.63 9599.37
1732.46 9505.87
1721.69 9611.79
1725.97 9706.81
1727.2 9789.26
1725.17 9872.06
1725.41 9916.71
1725.34 9973.76
1726 10032.9
1729.08 10079.1
1723.07 10112.2
1721.02 10149.9
1721.31 10179.8
1719.98 10181.9
1724.54 10247.7
1725.49 10270.9
1713.36 10262.9
1726.13 10590.2
1726.16 11050.8
1720.69 11023.3
1725.9 10937.2
1729.93 11092.2
1730.23 11179.2
1733.55 11369.2
1737.95 11479.9
1737.11 11690.7
1736.24 11785.4
1736.87 11844.2
1745.52 11935.5
1744.11 11999.7
1744.08 12136.3
1752.89 12230.4
1754.29 12513.8
1758.24 12641.1
1761.84 12706.2
1760.66 12605.4
1773.68 12638.8
1773.96 12621.7
1775.52 12675.7
1771.04 12696
1771.65 12729.9
1767.82 12810.3
1767.16 12859.9
1769.32 12914.6
1771.46 13003.4
1772.95 13049.8
1783.81 13166.2
1785.94 13147.1
1785.95 13106.3
1786.03 13096.3
1785.64 13090.8
1785.6 13099.5
1788.73 13132.4
1788.09 13136.6
1790.63 13128.9
1799.12 13085.2
1794.21 13196.4
1789.82 13305.5
1790.01 13352.2
1790.32 13391.9
1790.44 13406.2
1793.97 13385.2
1790.81 13404.5
1791.53 13406
1790.52 13531.1
1791.58 13414.3
1791.21 13381.7
1793.34 13429.9
1793.97 13378
1800.9 12757.7
1771.25 13532.6
1773.3 13714.2
1778.02 13644.6
1775.93 13633
1778.23 13598.1
1780.39 13648.3
1780.74 13608.1
1783.03 13565.8
1785.71 13433
1788.95 13517.2
1788.71 13564.1
1788.39 13526.7
1787.85 13604.9
1787.6 13685.9
1787.67 13728.2
1788.08 13776.4
1787.99 13774.3
1791.02 13690.3
1793.56 13707.7
1801.18 13671.6
1796.61 13700.1
1795.21 13696.6
1795.45 13744.9
1796.63 13787
1794.28 13859.8
1797.27 13891.5
1806.67 13820.3
1799.51 13694.9
1800.05 13486.3
1799.8 13464.7
1801.28 13411.2
1799.49 13502.3
1792.15 13867.9
1792.47 13863.3
1792.71 13883.8
1792.69 13886.8
1800.09 13714.9
1800.43 13667.4
1794.19 13615.5
1796.91 13753.8
1795.14 13990.2
1795.16 14059.2
1794.63 14018.2
1794.41 14034.8
1794.39 13979.4
1794.72 13926.6
1795.39 13883.1
1795.37 13835.3
1794.99 13774.4
1795.19 13742.9
1796.46 13738.6
1796.49 13725.2
1794.04 13785.5
1792.83 13766.8
1792.9 13749.7
1820.15 13586.9
1811.59 13631.4
1813.78 13629.6
1811.98 13670.3
1813.69 13712.5
1810.59 13707
1810.55 13660.7
1810.49 13688
1809.13 13674.5
1809.99 13683.7
1812.38 13735.1
1812.54 13733.5
1811.8 13732.8
1815.47 13794.5
1814.99 13792.5
1818.76 13776.5
1818.76 13757.7
1818.67 13755.6
1812.21 13786.2
1810.5 13779.1
1810.92 13738.4
1812.19 13721.7
1812.84 13724.9
1812.39 13734.2
1818.49 13843.6
1818.18 13883.5
1819.49 13903.3
1820.07 13867.2
1819.01 13884
1818.78 13891.1
1818.84 13878.3
1818.81 13868.8
1818.29 13892.7
1818.66 13917
1821.39 13908.9
1821.61 13909.3
1821.59 13907.3
1816.61 13916.7
1816.57 13948
1816.56 13953.7
1815.74 13970.2
1816.38 13958.7
1817.74 13908
1817.11 13828.1
1818.05 13825.8
1817.25 13855.8
1815.63 13759.3
1815.83 13792.3
1808.59 13779.9
1807.73 13712
1804.64 13639.8
1804.87 13643.9
1804.93 13672.4
1806.03 13682.8
1807.03 13685.4
1808.01 13717.6
1811.37 13797.6
1811.61 13801.2
1809.97 13807.4
1811.16 13902.2
1810.57 13912
1810.46 14030.5
1809.78 13989.8
1809.63 13984.5
1809.15 13939.9
1807.96 13952.7
1808.18 13917
1808.14 13908.6
1807.58 13886.8
1808.23 13878.3
1805.89 13884.9
1806.29 13858.1
1807.46 13837.5
1807.59 13822.9
1807.94 13818.5
1807.75 13804
1807.37 13781.7
1806.37 13778.8
1799.56 13793.7
1798.77 13748.9
1798.62 13581.9
1798.79 13558.8
1798.25 13531.3
1798.83 13492.3
1799.2 13474.4
1799.82 13348.1
1796.42 13368.9
1795.36 13366.6
1795.28 13352.4
1795.73 13356.8
1795.06 13349
1794.3 13349.4
1792.2 13437.5
1792.95 13473.2
1792.95 13455.6
1792.21 13439.5
1792.15 13483.8
1792.06 13462.2
1793.01 13435.6
1793.42 13421.7
1793.71 13410
1793.65 13409
1793.95 13403.4
1794.54 13366.8
1794.98 13356.7
1795.18 13359.3
1796.2 13370.3
1797.17 13382
1797.06 13393.6
1798.19 13420.6
1797.18 13360.5
1797.32 13345.6
1800.6 13385.9
1800.44 13397
1801.43 13381.6
1801.06 13406.5
1800.28 13411.7
1798.73 13539.5
1800.44 13565
1800.47 13590.7
1800.38 13632.7
1800.18 13616.7
1789.83 13623.8
1789.6 13699.6
1789.45 13695.4
1789.99 13727.5
1789.63 13754.6
1789.54 13781.5
1788.59 13802.9
1788.87 13740
1789.63 13756
1788.06 13830.7
1787.6 13959.2
1787.84 13978
1787.43 14213.6
1788.52 14237.4
1787.74 14207.7
1788.5 14238
1789.67 14300.3
1790.11 14272.3
1790.09 14246.9
1789.51 14217.1
1789.76 14220.8
1788.35 14262.7
1788.73 14299.9
1788.48 14284.1
1788.93 14259.7
1788.35 14243.1
1789.43 14245.8
1790.27 14238.3
1790.56 14239.8
1797.18 14240.2
1798.92 14369.5
1798.87 14361.3
1798.98 14348
1798.74 14289.5
1798.19 14235.7
1797.37 14265.7
1797.47 14255
1797.59 14236
1794.51 14255.6
1795.34 14239.9
1794.75 14258.2
1790.71 14278.3
1792.68 14416.7
1792.85 14422.7
1792.44 14405.5
1791.69 14382.2
1792.65 14346.7
1793.03 14372.2
1788.59 14570.5
1792.73 14558.5
1792.77 14564.1
1792.46 14620.8
1792.46 14635.3
1793 14656.9
1789.4 14675.7
1789.65 14644.9
1790.98 14634.5
1788.75 14644.4
1787.68 14693
1787.71 14727.9
1791.97 14797.6
1794.31 14827.1
1794.59 14832.8
1794.23 14827
1794.45 14808.9
1795.9 14826.2
1796.01 14843.6
1797.93 14849.2
1797.27 14946.2
1798.85 14937.4
1798.53 14859.7
1797.46 14893.4
1797.34 14835
1797.49 14804.8
1803.14 14825.6
1803.39 14842.7
1802.04 14839.4
1802.17 14831.9
1805.87 14723.2
1805.43 14685.2
1805.97 14641.9
1806.09 14636.9
1803.53 14614.5
1805.61 14700.9
1807.46 14781.1
1807.8 14837
1792.24 14927.4
1789.84 14854.6
1789.95 14870.4
1789.1 14895.5
1783.29 14694.3
1780.94 14657.5
1781.2 14695.1
1780.67 14683.5
1780.59 14683
1780.75 14612.1
1781.13 14557.2
1781.26 14584.9
1781.87 14604.6
1782.9 14644.2
1786.88 14598.1
1786.67 14691.2
1784.84 14753
1784.87 14790.6
1784.71 14797.1
1784.56 14847.5
1784.61 14924
1783.86 14956.4
1783.41 14990.7
1783.37 15017
1782.29 15040.1
1782.47 15048.2
1784.65 15042
1784.93 15012.4
1786.78 15117.3
1787.32 15115.3
1788.71 15133
1788.61 15118.3
1789.62 15100.9
1789.27 15114.2
1788.56 15102.4
1788.35 15109.7
1786.41 15113.7
1786.41 15121.9
1785.67 15109.8
1786.08 15107.1
1786.99 15143.4
1786.88 15177.2
1787.19 15177.2
1786.38 15163
1788.05 15186.8
1787.77 15226.1
1787.77 15241.2
1787.75 15240.4
1787.96 15235.9
1788.28 15234.6
1787.64 15247.3
1788.95 15247.4
1789.07 15263.3
1787.99 15303.6
1788.01 15316
1788.67 15285.7
1788.66 15272
1788.45 15116.1
1787.73 15060.4
1787.81 15014.1
1788.29 14983.2
1788.09 15146.9
1788.14 15021.8
1788.39 14995.4
1787.98 14988.8
1788.3 15121.6
1788.82 15097.4
1789.03 15172.1
1788.26 15246
1788.32 15263.4
1788.4 15295
1788.68 15330
1788.56 15304.1
1786.1 15545.3
1786.01 15600.6
1787.04 15559.7
1785.53 15624.3
1784.78 15639.8
1784.97 15637.4
1787.84 15623.2
1787.82 15622.5
1787.82 15626.1
1788.04 15593.2
1785.81 15629.2
1785.09 15632.3
1785.77 15691.5
1785.53 15691.8
1784.81 15702.1
1784.97 15766.6
1783.92 15767.6
1784.14 15797.5
1783.09 15798.8
1781.71 15848.4
1782.08 15768.3
1778.73 15819.3
1778.56 15818.5
1778.65 15802.1
1782.61 15858.7
1782.32 15827.7
1779.49 15926.5
1778.66 15916
1778.81 15916.6
1778.4 15929.8
1778.45 15953.5
1778.54 15965
1778.85 15958.8
1778.47 15947.5
1778.34 15941.9
1778.61 15958.8
1778.61 15982
1778.77 16145.8
1778.44 16207.9
1777.85 16236.7
1777.28 16272.5
1777.58 16287
1777.67 16290.4
1777.74 16298
1782.59 16155
1783.34 16135.2
1783.15 16131.2
1781.75 16160.2
1782.06 16163.7
1782.53 16183.7
1782.9 16165.4
1781.36 16168.4
1781.11 16200.8
1781.31 16203.4
1778.5 16354.3
1779.12 16437.9
1789.46 16392
1789.74 16422.7
1790.33 16317.8
1808.07 16161.7
1808.25 16193.6
1807.74 16162.5
1812.94 16140.8
1813.89 16165
1813.49 16178
1812.76 16198.2
1812.7 16251.5
1812.09 16316.3
1813.05 16352.6
1813.35 16331
1813.37 16356.6
1813.39 16355.6
1813.31 16343.5
1813.97 16323.7
1812.43 16336.4
1812.63 16307.6
1812.68 16237.2
1812.7 16235.7
1815.17 16244.5
1814.84 16226.1
1816.86 16267.5
1816.45 16263.3
1816.85 16315
1819.14 16286.9
1818.14 16317.7
1818.48 16327.1
1818.57 16324.9
1821.09 16329.7
1820.96 16295.1
1820.34 16289.7
1822.5 16263.9
1822.71 16256.9
1823.23 16277.8
1829.88 16299.3
1829.88 16293.3
1833.22 16320.8
1833.33 16341.8
1833.93 16393.3
1833.88 16400.3
1832.75 16402.9
1834.61 16429.1
1834.62 16413.7
1833.18 16480.1
1838.37 16510.3
1838.48 16563.7
1838.47 16586.4
1839.6 16594.8
1837.32 16556.6
1840.25 16594.8
1835.51 16588.4
1836.01 16547.1
1832.85 16550.3
1833.59 16478.4
1833.78 16501.2
1833.78 16508.5
1834.07 16499.2
1836 16496.7
1832.09 16583.6
1832.13 16576.9
1833.77 16611.8
1833.7 16622.6
1834.51 16554.9
1834.21 16543.5
1822.35 16607.8
1822.5 16576
1822.45 16534
1822.61 16536.5
1822.53 16553.4
1822.48 16491.3
1822.47 16464.2
1821.47 16460.8
1821.86 16469.6
1822.43 16478.4
1822.4 16462.3
1821.76 16477.8
1822 16474.5
1822.04 16478.9
1821.98 16491.1
1821.89 16492.4
1820.95 16463.8
1820.74 16444.8
1821.48 16441.9
1822.92 16467.7
1822.69 16646.6
1823.32 16747.9
1828.23 16860.3
1828.27 16839
1828.15 16883.4
1826.13 16877.6
1827.19 16920.1
1827.18 16910.4
1827.13 16905.3
1829.88 16921.3
1829.76 17038.6
1830.18 17051.7
1830.29 17034.9
1831.26 17036.3
1832.62 17015.8
1832.14 17046
1831.69 17056.3
1831.83 17086.9
1831.78 17086.8
1831.67 17073
1832.34 17092.1
1832.74 17085.9
1833.87 17084.8
1833.89 17086.5
1833.89 17075.9
1833.87 17080
1834.27 17092.1
1834.9 17097.4
1835.23 17100.7
1833.54 17069.6
1833.48 17043.1
1831.92 17191.6
1832.09 17093.9
1831.84 17060.7
1826.8 16986.1
1826.59 17004.2
1826.64 17015
1827.07 17033.3
1826.61 17042.3
1826.85 17133.4
1825.51 17127.9
1825.45 17126.7
1823.8 17175.2
1824.04 17201.3
1823.73 17188.9
1824.64 17177.2
1824.42 17145.5
1821.72 17141
1822.4 17155.3
1822.47 17131.8
1823.19 17120.4
1822.73 17113.5
1822.79 17110.7
1822.59 17101
1823 17096
1825.17 17160.4
1825.33 17176.6
1825.23 17142.5
1825.83 17127.4
1826.48 17115.3
1829.87 17160.5
1829.95 17168.3
1830.55 17188.7
1828.32 17203.2
1828.76 17182
1828.9 17169.6
1828.9 17178
1828.85 17184
1829.59 17250.6
1829.17 17342.6
1829.17 17345
1829.92 17358.9
1831.46 17419.9
1832.62 17499.4
1833.65 17596.6
1833.59 17617.3
1833.52 17613.9
1833.57 17592.6
1833.57 17563.5
1833.5 17432.7
1833.57 17367.5
1832.82 17396.7
1828.28 17447.6
1828.75 17462.9
1829.25 17363.9
1829.42 17406.1
1829.39 17435.3
1828.81 17520
1828.82 17470.8
1828.92 17482.6
1829.16 17482.5
1829.1 17480.7
1829.07 17474.6
1828.82 17470.8
1830.82 17442.8
1830.05 17521.3
1830.72 17541.8
1830.77 17587.7
1834.04 17662.1
1834.04 17674.1
1834.18 17679.6
1834.1 17679.7
1835.63 17687.8
1835.59 17700.3
1835.58 17700.6
1836.19 17723
1836.23 17705.4
1836.28 17703.6
1836.32 17719.6
1836.6 17749
1834.29 17718.6
1834.52 17719.1
1834.13 17712.9
1834 17698.7
1834.18 17704.2
1834.32 17676.5
1834.5 17699.7
1834.54 17700.9
1834.69 17703.8
1835.47 17710
1835.01 17709.2
1834.99 17685.7
1834.61 17676.8
1834.62 17671.7
1834.41 17671.3
1823 17243.5
1823.46 17211.2
1823.27 17209.3
1823.56 17211.5
1822.97 17252.7
1823.16 17270.2
1822.52 17255.7
1819.68 17285.9
1818.85 17252.5
1819.03 17276
1821.82 17401.5
1823.3 17374.8
1822.95 17359.6
1823.23 17347.1
1822.41 17357.3
1823.42 17382.9
1823.32 17380.9
1824.26 17383.9
1824.24 17372.3
1824.79 17382.2
1824.76 17384.8
1824.8 17382
1824.87 17381.9
1824.85 17387.1
1824.9 17372.6
1824.88 17368.6
1826 17406.1
1826.55 17415.6
1826.57 17429.6
1828.28 17388.5
1824.12 17459.7
1823.81 17396.3
1824.54 17412.6
1825.02 17469.4
1825.11 17472.2
1826.11 17482.8
1825.61 17491.9
1824.27 17537.4
1824.13 17545.2
1825.06 17559.6
1824.98 17595.2
1824.8 17586.2
1824.86 17584.2
1821.53 17574
1821.4 17562.3
1821.8 17548.8
1822.04 17541.6
1822.06 17533.9
1821.95 17524.9
1821.96 17518.2
1821.13 17482.8
1819.25 17498.6
1819.38 17547.7
1819.39 17511.9
1820.43 17483.9
1819.54 17518.8
1819.3 17515.6
1819.14 17516.7
1819.12 17514.4
1819.68 17562.1
1819.75 17564.7
1821.61 17630.2
1821.56 17624.9
1821.9 17602.3
1821.68 17530.1
1820.62 17499.6
1818.45 17436.8
1818.86 17418.1
1819.24 17412
1819.51 17425.1
1820 17439.2
1819.99 17440.8
1820 17446.8
1819.93 17477.9
1820.39 17487
1809.82 17587.6
1809.57 17598.6
1809.14 17602.1
1809.32 17611.8
1809.1 17564.1
1809.36 17587.9
1809.75 17612.8
1810.14 17594.8
1809.88 17669.4
1809.91 17670.7
1810.17 17657.5
1810.22 17645.6
1810.21 17641.5
1811.45 17699.5
1811.42 17671.1
1811.26 17655.3
1810.83 17692.9
1810.06 17695.6
1810.06 17699.9
1809.36 17704.3
1809.33 17715.6
1808.97 17712.9
1809.65 17734.8
1810.83 17721.5
1811.59 17719.7
1812.41 17733.2
1812.49 17717.1
1812.28 17695.5
1812.31 17714.4
1812.28 17733
1812.54 17744.2
1812.56 17743.6
1812.57 17746.4
1812.86 17690
1812.41 17701.7
1813.47 17719
1813.58 17729.6
1813.33 17738.2
1813.28 17748.1
1813.04 17745.4
1812.96 17739.9
1813.32 17749
1814.08 17753.4
1814.28 17779.2
1814.18 17784.4
1814.2 17785.5
1813.28 17782.9
1812.48 17787.7
1812.99 17799.6
1812.81 17785.3
1813.16 17743.8
1812.85 17774
1813.43 17769.5
1813.71 17778.3
1810.5 17832.8
1810.44 17789.7
1811.09 17805.1
1811.01 17808.4
1810.94 17820.3
1810.97 17824.7
1810.91 17821.6
1810.86 17811.3
1811.07 17810.2
1811.1 17819.9
1811.33 17825.2
1811.31 17797.9
1811.58 17800.4
1811.69 17800.3
1812.08 17824.2
1812.14 17837.1
1812.07 17828.3
1813.41 17837
1812.07 17907.6
1810.98 17916.2
1811.06 17903.9
1810.53 17909.9
1810.97 17889.8
1811.21 17897.1
1810.48 17859.3
1811.38 17942.5
1811.19 17922.8
1811.51 17927.7
1811.64 17927.5
1812 17930.1
1812 17925.8
1811.93 17927.6
