332.345 6.51706
336.725 3.52178
339.355 3.52178
521.751 11.4517
521.882 11.1183
625.319 21.1974
634.959 20.9681
713.408 24.3524
804.61 33.7984
804.254 42.2385
816.816 45.0426
829.218 46.0944
865.659 47.3129
875.197 47.3601
876.474 47.2759
1042.35 64.0317
1144.27 77.7439
1183.3 82.5273
1183.3 82.1598
1207.51 84.6137
1207.8 81.8693
1214.6 82.3394
1227.27 88.2872
1244.85 88.3134
1266.48 136.76
1267.49 140.727
1317.85 143.126
1317.83 141.175
1378.07 187.964
1444.63 252.223
1445.22 244.581
1453.48 249.251
1476.57 253.07
1479.39 263.307
1510.22 232.76
1509.88 248.455
1558.24 261.584
1574.64 257.653
1574.64 274.357
1602.1 278.926
1616.95 268.677
1619.74 267.462
1617.14 292.775
1630.19 309.413
1648.97 553.733
1676.09 644.815
1672.16 714.283
1674.33 767.869
1671.37 800.674
1674.44 828.108
1678.49 927.127
1691.26 916.105
1690.14 925.67
1688.46 950.296
1685.35 1193.86
1700.06 1614.73
1700.21 1719.15
1715.58 1641.34
1719.7 1602.81
1715.67 1573.42
1718.98 1643.4
1719.44 1660.75
1718.28 1635.21
1724.12 1636.03
1736.25 1679.19
1781.08 2353.93
1781.06 2302.05
1784.98 2367.22
1786.81 2417.66
1786.13 2389.44
1784.57 2325.53
1784.5 2276.5
1783.56 2261.85
1784.73 2287.17
1784.57 2305.92
1787.81 2320
1785.68 2583.79
1785.54 2550.59
1786.96 2539.56
1785.61 2550.07
1783.42 2616.55
1795.86 2651.74
1795.82 2653.66
1795.16 2662.53
1794.47 2688.38
1794.54 2735.59
1806.16 2795.04
1805.92 2799.57
1806.44 2719.78
1805.3 2672.94
1811.4 2619.42
1810.19 2618.92
1835.27 2619.69
1840.38 2619.12
1839.46 2639.16
1839.45 2646.63
1839.89 2654.37
1840.04 2655.37
1841.87 2692.35
1866.45 2833.21
1878.15 2927.47
1878.24 2971.66
1932.14 3457.06
1931.93 3645.22
1931.93 3835.58
1930.25 3996.4
1910.62 4017.86
1910.82 3738.97
1910.82 3591.23
1903.26 3556.2
1903.29 3560.42
1903.25 3569.38
1904.79 3628.51
1907.82 3672.46
1902.66 3688.11
1903.74 3739.57
1907.31 3749.7
1906.24 3801.26
1905.77 3791.63
1904.54 3748.54
1905.41 3694.12
1907.01 3674.56
1908.25 3701.46
1907.32 3701.29
1908.79 3713.22
1906.61 3732.25
1905.34 3731.28
1905.21 3756.06
1903.47 3770.82
1903.37 3805.29
1902.96 3797.48
1902.68 3832.73
1903.89 3899.88
1908.85 3903.7
1909.88 3920.48
1908.69 3908.78
1908.62 3897.69
1912.54 3905.24
1913 3914.29
1912.35 3927.09
1911.86 3946.78
1911.92 3962.55
1917.32 4001.31
1918.23 4020.89
1918.59 4051.59
1918.58 4057.97
1918.88 4051.47
1917.36 4036.35
1923.51 3980.88
1923.52 3987.79
1922.15 3996.38
1922.34 3985.68
1918.71 4299.83
1913.57 4353.03
1913.6 4394.54
1913.52 4382.81
1913.46 4377.84
1915.07 4348.41
1915.19 4421.18
1914.98 4490.91
1915.07 4527.9
1915.12 4540.86
1915.79 4551.38
1915.41 4546.15
1915.35 4569.85
1917.46 4571.66
1918.53 4604.54
1918.72 4619.74
1918.77 4630.72
1918.78 4640.85
1917.74 4685.08
1910.17 4761.81
1910.84 4520.64
1910.79 4497.92
1910.54 4473.04
1903.97 4454.65
1903.78 4464.86
1908.97 4459.39
1908.41 4468.36
1908.12 4495
1912.15 4540.88
1911.75 4562.6
1912.82 4569.96
1913.09 4578.63
1920.29 4466.78
1921.53 4258.39
1921.7 4228.96
1927.27 4213.2
1925.17 4213.98
1926.91 4193.82
1927.13 4214.14
1926.85 4187.48
1926.47 4158.76
1930.84 4246.27
1930.93 4266.38
1951.75 4355.83
1951.75 4365.42
1952.22 4370.22
1953.59 4407.33
1956.27 4378.65
1956.3 4300.81
1956.11 4393.61
1955.46 4471.16
1955.27 4481.59
1955.27 4482.35
1952.65 4455.79
1952.35 4402.24
1952.32 4368.11
1953.25 4371.07
1953.25 4376.3
1955.39 4361.78
1957.3 4348.57
1956.6 4282.74
1956.98 4248.48
1955.57 4231.16
1955.57 4257.11
1954.97 4446.81
1955.06 4433.41
1954.99 4447.1
1954.76 4452.78
1954.77 4442.74
1954.37 4441.59
1954.23 4436.77
1955.31 4468.78
1954.63 4389.43
1954.64 4556.35
1954.64 4510.03
1954.64 4473.98
1954.64 4440.05
1954.05 4431.03
1956.21 4429.23
1956.54 4454.42
1956.99 4407.66
1957.14 4394.26
1956.45 4361.24
1956.47 4381
1956.54 4391.16
1956.11 4403.81
1955.85 4409.65
1953.66 4464.05
1958.34 4627.61
1957.35 4547.93
1957.19 4546.28
1956.62 4553.69
1956.89 4574.16
1956.81 4579.31
1955.54 4591.28
1954.94 4684.36
1954.86 4707.49
1954.9 4721.6
1955 4688.79
1954.93 4680.78
1954.46 4673.53
1954.07 4680.48
1954.24 4675.42
1954.11 4676.01
1954.07 4676.05
1954.25 4661.46
1954.46 4653.18
1953.89 4645.66
1954 4741.33
1954.14 4784.36
1954.17 4806.52
1953.66 4816.78
1953.63 4818.31
1954.15 4843.4
1954.22 4843.67
1954.21 4836.94
1954.15 4820.47
1954.15 4807.8
1952.69 4780.58
1953.01 4758.54
1954.25 4759.7
1954.39 4754.69
1958.02 4984.26
1957.72 4943.61
1957.15 4919.65
1958.25 4891.05
1959.55 4903.73
1958.85 4912.62
1958.76 4939.29
1958.06 5007.79
1957.79 5040.96
1957.9 5060.59
1957.67 5079.65
1957.53 5094.3
1957.03 5089.28
1956.98 5083.67
1956.22 5065.51
1956.45 5069.33
1955.83 5073.24
1957.5 5073.71
1957.3 5075.31
1956.51 5025.7
1956.55 5015.78
1956.47 4999.07
1956.28 4998.4
1956.97 4995.38
1957.77 5031.62
1957.89 5030.58
1957.77 5030.33
1958.68 5077.88
1958.67 5048.67
1959.06 5035.78
1959.07 5031.63
1959.13 5031.86
1959.67 4989.86
1959.64 4941.55
1959.15 4915.53
1959.77 4919.47
1959.67 4921.71
1960.05 4919.61
1959.77 4937.62
1959.73 4943.66
1958.44 4824.93
1958.4 4811.97
1957.79 4799.31
1956.91 4823.24
1956.55 4804.84
1956.42 4793.85
1956.55 4791.48
1955.65 4788.17
1955.64 4781.99
1955.34 4796.32
1955.69 4805.07
1955.69 4805.17
1955.53 4820.94
1955.57 4822.57
1955.6 4829.45
1954.78 4829.99
1953.85 4840.51
1955.13 4808.72
1955.16 4804.78
1956.18 4820.32
1956.34 4834.29
1956.04 4860.03
1956.09 4906.71
1956.09 4913.56
1955.74 4921.79
1955.83 4922.2
1955.94 4930.73
1955.13 4950.61
1955.8 4926.06
1955.75 4926.56
1955.72 4922.14
1955.54 4911.5
1956.39 4901.57
1956.38 4889.35
1956.3 4892.92
1956.03 4929.15
1956.16 4914.59
1955.9 4937.85
1956.09 4950.1
1956.06 4944.48
1955.87 4946.53
1955.84 4927.22
1955.97 4929.33
1956.13 4929.57
1956.76 4916.28
1956.91 4917.43
1956.96 4909.34
1957.03 4875.42
1956.13 4849.99
1956 4827.89
1955.93 4818.21
1955.93 4821.46
1957.07 4810.07
1957.06 4801.58
1957.74 4809.34
1957.69 4825.6
1957.65 4817.05
1957.29 4800.74
1957.05 4791.94
1956.66 4797.2
1956.4 4802.28
1956.41 4801.92
1956.71 4812.24
1955.95 4800.27
1954.85 4783.55
1954.84 4783.94
1954.48 4806.53
1954.51 4795.41
1953.32 4829.51
1953.36 4830.97
1953.67 4830.53
1953.62 4797.01
1954.08 4774.86
1953.87 4773.71
1953.76 4781.99
1953.96 4781.61
1954.08 4782.21
1953.78 4791.13
1953.75 4794.02
1953.62 4792.64
1954.01 4800.21
1953.23 4830.32
1953.25 4843.02
1953.29 4833.01
1953.4 4839.63
1953.31 4847.5
1954.04 4842.77
1954.4 4845.76
1953.54 4820.54
1953.31 4819.58
1952.35 4783.28
1952.39 4765.47
1952.37 4760.54
1952.35 4765.79
1952.24 4771.94
1951.54 4773.3
1951.82 4782.02
1953.16 4780.59
1953.18 4776.95
1953.18 4777.69
1953.16 4754.99
1952.88 4737.57
1952.87 4726.93
1952.87 4718.02
1952.99 4712.58
1953.11 4715.52
1953.11 4710.42
1953.11 4705.85
1953.05 4686.94
1952.93 4668.49
1952.83 4651.31
1952.98 4640.27
1952.51 4605.16
1954.59 4597.82
1954.28 4580.33
1954.55 4576.68
1954.89 4579.44
1954.83 4579.47
1954.86 4592.02
1954.81 4606.88
1954.77 4624.95
1954.79 4625.63
1954.78 4626.26
1954.47 4629.76
1953.91 4639.25
1953.98 4637.1
1952.81 4627.28
1952.94 4617.37
1952.99 4612.59
1952.92 4607.51
1953.4 4597.89
1953.63 4585.66
1953.77 4585.51
1953.79 4588.52
1954.83 4606.7
1954.54 4593.68
1953.55 4588.39
1953.67 4573.75
1953.46 4592.07
1954.24 4599.23
1954.93 4610.36
1955.16 4633.91
1955.17 4644.73
1955.31 4642.28
1955.6 4641.51
1955.66 4585.05
1955.81 4596.24
1955.08 4576.46
1953.9 4559.29
1959.29 4547.97
1963.81 4708.95
1963.85 4738.85
1963.85 4744.76
1963.85 4747.67
1963.9 4744.87
1963.35 4757.51
1962.95 4747.55
1963.81 4726.25
1963.45 4742.54
1963.3 4748.69
1963.94 4767.39
1964.04 4772.5
1963.89 4769.64
1963.93 4770.1
1965.51 4756.31
1965.75 4751.96
1965.56 4745.4
1965.61 4732.21
1963.86 4748.38
1963.86 4742.32
1960.68 4616.4
1960.57 4615.09
1960.71 4640.87
1963.41 4701.96
1963.61 4709.9
1963.7 4723.54
1963.81 4727.03
1963.85 4743.83
1963.3 4765.06
1964.86 4773.74
1964.33 4758.55
1964.47 4765.73
1964.56 4784.95
1964.86 4797.4
1964.87 4803.62
1964.85 4814.73
1964.84 4821.37
1965.38 4823.32
1965.44 4822.75
1965.62 4825.51
1965.64 4829.55
1965.65 4834.25
1965.75 4826.95
1965.75 4833.08
1965.1 4844.13
1964.6 4851.27
1964.6 4863.27
1964.71 4868.1
1964.79 4873.79
1964.58 4881.68
1965.01 4902.54
1964.77 4910.18
1963.06 4803.9
1962.98 4785.78
1965.91 4809.69
1965.93 4805.04
1965.71 4804.68
1967.61 4775.66
1967.13 4778.59
1966.72 4766.16
1966.77 4772.9
1966.84 4776.64
1966.88 4768.91
1966.83 4753.42
1966.84 4734.68
1965.78 4736.25
1966.07 4725.32
1966.1 4714.6
1966.1 4707.41
1966.3 4701.07
1966.29 4697.78
1965.96 4679.58
1965.66 4669.85
1965.66 4665.48
1966.2 4664.28
1966.24 4671.43
1966.28 4673.07
1966.37 4676.38
1966.39 4668.25
1966.4 4653.43
1965.67 4667.79
1965.71 4660.6
1965.7 4652.79
1965.76 4658.37
1963.98 4680.68
1964 4682.21
1963.96 4684.59
1963.88 4685.91
1964.1 4692.21
1964.08 4691.94
1964.29 4690.27
1963.87 4703.98
1964.22 4735.83
1964.08 4749.2
1964.08 4761.32
1965.11 4739.36
1965.99 4747.13
1966.01 4750.16
1966.06 4754.37
1971.1 4758.93
1971.13 4752.85
1971.1 4755.93
1971.65 4739.86
1971.89 4740.7
1971.88 4745.69
1971.26 4711.09
1970.8 4712.31
1974.02 4721.79
1973.69 4722.86
1973.48 4732.38
1973.92 4728.46
1973.08 4718.23
1973.06 4716.82
1972.85 4720.72
1972.1 4712.46
1972.29 4694.16
1972.75 4670.17
1972.74 4665.94
1972.74 4671.53
1972.41 4673.24
1972.4 4690.27
1973.74 4674.33
1973.74 4646.33
1973.72 4657.45
1973.78 4663.06
1973.52 4666.87
1977.26 4637.02
1977.31 4632.66
1978.41 4632.36
1978.31 4638.67
1978.18 4648.06
1978.29 4654.34
1978.81 4695.6
1978.76 4715.58
1978.82 4713.26
1978.45 4707.46
1978.56 4693.81
1978.53 4690.11
1978.53 4693.46
1978.51 4696.67
1979.27 4703.23
1978.3 4734.24
1978.05 4731.55
1978.02 4734.39
1977.88 4733.52
1977.85 4742.63
1978.09 4739.17
1978.01 4759.29
1978.04 4761.94
1977.94 4737.26
1977.86 4751.44
1977.78 4763.58
1977.84 4773.58
1977.57 4787.26
1977.4 4783.71
1977.43 4793.19
1977.45 4803.11
1978.06 4812.67
1978.14 4799.04
1977.3 4775.99
1977.25 4779.86
1977.17 4849.79
1977.19 4858.49
1977.27 4862.37
1975.91 4852.38
1976.76 4866.06
1976.75 4871.34
1976.82 4864.46
1976.85 4864.54
1976.7 4861.33
1978.3 4889.8
1978.79 4886.99
1978.66 4882
1978.78 4870.2
1978.63 4867.47
1978.63 4879.64
1978.13 4884.97
1977.46 4891.41
1977.34 4902.2
1977.38 4920.13
1977.61 4934.39
1977.61 4940.34
1977.81 4948.52
1977.76 4951.4
1977.77 4957.73
1977.77 4959.96
1978.52 4961.95
1978.39 4978.09
1977.91 4977.09
1977.94 4968.85
1977.9 4962.83
1977.84 4975.65
1978.25 4983.41
1978.26 4987.46
1977.09 4991.23
1978.62 5024.58
1978.21 5015.22
1981.01 5231.33
1980.87 5198.93
1980.84 5211.48
1980.96 5215.65
1980.88 5218.37
1980.76 5210.11
1980.37 5230.22
1980.03 5222.06
1980.87 5225.81
1980.58 5186.44
1979.89 5181.51
1979.87 5222.94
1979.88 5213.72
1980.29 5219.96
1979.84 5205.1
1979.77 5203.45
1979.72 5272.48
1979.72 5272.49
1979.68 5275
1979.69 5260.12
1979.74 5265.39
1979.67 5248.01
1980.04 5238.67
1979.67 5247.74
1979.6 5246.09
1979.93 5244.19
1979.96 5241.8
1973.99 5206.74
1974.11 5194.72
1974.53 5191.2
1974.72 5236.1
1974.69 5207.11
1974.7 5213
1974.71 5219.88
1974.17 5232.78
1974.17 5232.79
1974.11 5234.81
1974.14 5234.92
1974.25 5235.33
1974.04 5236.87
1973.97 5247.37
1973.41 5312.23
1973.76 5309.24
1974.5 5276.54
1974.54 5270.54
1974.61 5273.83
1974.62 5286.67
1974.67 5290.21
1974.77 5285.86
1974.61 5306.91
1974.4 5268.51
1974.25 5307.4
1974.61 5342.92
1974.4 5367.74
1974.56 5377.08
1975.05 5379.21
1975.04 5385.35
1975.47 5386.38
1975.44 5381.74
1975.62 5379.83
1975.65 5374.37
1975.67 5354.16
1975.83 5341.86
1975.92 5327.32
1975.8 5319.9
1975.67 5343.35
1975.76 5349.93
1975.76 5349.31
1975.34 5320.44
1975.32 5300.79
1975.29 5290.28
1975.1 5282.51
1974.98 5275.4
1974.78 5264.57
1974.9 5236.14
1975.02 5228.09
1975 5218.24
1974.99 5211.84
1974.11 5176.98
1973.99 5184.25
1973.43 5179.86
1973.32 5201
1973.24 5201.38
1973.3 5202.99
1973.31 5204.18
1973.59 5173.26
1972.88 5169.73
1973.13 5174.85
1973.14 5147.93
1973.18 5146.21
1971.63 5054.92
1971.84 5078.65
1971.83 5115.41
1971.67 5125.94
1971.71 5132.03
1972.44 5136.62
1972.46 5141.53
1972.66 5146.84
1972.66 5129.69
1972.36 5126.09
1973.24 5145.29
1973.29 5157.44
1973.27 5162.96
1973.23 5163.88
1973.05 5169.66
1973.24 5160.07
1972.93 5152.34
1972.94 5150.92
1973.45 5144.05
1973.47 5139.95
1973.19 5123.45
1973.23 5133.03
1973.25 5131.76
1973.3 5138.8
1974.19 5145.92
1974.24 5140.16
1973.36 5137.94
1973.36 5132.34
1973.37 5105.67
1973.35 5111.66
1973.32 5114.44
1973.38 5116.51
1973.38 5111.35
1973.56 5110.32
1973.44 5093.76
1973.71 5122.19
1973.71 5110.44
1973.71 5114.34
1973.65 5119.26
1973.65 5123.57
1973.67 5124.07
1973.77 5093.17
1973.89 5094.59
1973.86 5094
1973.69 5085.26
1973.78 5081.87
1974.11 5077.24
1974.26 5070.36
1974.48 5062.58
1973.98 5059.56
1974.01 5064.01
1974.21 5055.42
1974.24 5066.38
1974.14 5065.3
1974.62 5085.95
1974.66 5065.9
1974.41 5069.91
1974.37 5064.64
1974.47 5052.4
1974.17 5075.51
1973.9 5093.74
1973.9 5104.84
1973.89 5113.88
1973.97 5128.03
1973.94 5136.8
1974.05 5143.45
1973.63 5135.66
1973.65 5131.67
1973.67 5139.71
1973.71 5141.65
1973.71 5134.38
1973.34 5141.88
1972.98 5138.76
1973.01 5150
1972.97 5155.77
1972.99 5162.61
1973.11 5175.62
1973.2 5161.21
1973.16 5152.85
1973.16 5144.27
1973.09 5144.02
1973.08 5156.74
1972.63 5152.75
1972.46 5148.22
1972.46 5149.7
1972.56 5160.14
1972.53 5161.42
1972.37 5167.77
1972.48 5182.47
1972.49 5187.18
1972.38 5210.76
1972.53 5224.35
1972.33 5216.12
1972.47 5226.22
1972.51 5213.69
1972.51 5218.95
1972.47 5214.88
1972.23 5198.21
1972.16 5200.32
1972.17 5207.1
1972.26 5220.56
1972.44 5237.78
1972.33 5222.35
1972.45 5232.4
1972.31 5234.88
1972.31 5260.67
1972.34 5265.71
1972.31 5267.36
1972.09 5220.61
1974.07 5198.35
1974.08 5199.39
1974.21 5199.23
1974.37 5201.51
1975.14 5174.86
1975.17 5188.99
1975.57 5231.38
1975.56 5253.42
1975.42 5263.05
1975.46 5268.45
1975.38 5247.55
1975.37 5240.54
1975.87 5231.87
1975.61 5237.71
1975.73 5245.57
1975.7 5248.53
1975.69 5240.39
1974.73 5221.87
1974.7 5216.31
1974.67 5204.47
1974.67 5201.41
1974.53 5210.5
1974.52 5222.13
1974.51 5236.15
1974.45 5231.06
1974.49 5239.99
1974.78 5332.05
1974.21 5377.8
1975.35 5403.29
1975.35 5424.04
1975.4 5428.63
1975.19 5424.29
1975.23 5418.16
1975.56 5417.95
1975.24 5350.6
1975.3 5316.77
1975.33 5346.69
1975.35 5331.22
1975.28 5323.51
1975.32 5319.47
1975.29 5337.59
1975.28 5361.19
1975.23 5384.91
1975.29 5385.98
1975.28 5388.54
1975.28 5389.53
1975.09 5384.89
1975.11 5378.47
1975.11 5375.94
1975.03 5369.08
1975.09 5370
1975.18 5375.75
1975.07 5380.15
1975.05 5378.17
1975.27 5380.51
1975.38 5397.1
1975.4 5402.8
1975.41 5400.91
1975.33 5428.2
1975.37 5440.14
1975.34 5475.54
1975.3 5480.91
1975.31 5483.03
1975.94 5595.98
1976.11 5650.54
1975.97 5683.45
1975.96 5690.3
1975.99 5682.1
1976.66 5686.63
1976.89 5671.36
1976.23 5655.94
1976.36 5647.16
1977.33 5652.24
1976.97 5644.48
1977.32 5668.23
1977.76 5671.9
1977.76 5669.27
1977.43 5632.03
1977.43 5624.26
1977.43 5619.43
1977.28 5610.04
1977.25 5623.21
1977.23 5636.38
1977.23 5643.92
1977.31 5652.34
1977.32 5650.69
1977.37 5637.72
1977.37 5618.34
1977.37 5610.89
1977.29 5598.07
1977.36 5592.04
1976.97 5586.83
1976.53 5613.87
1976.59 5630.94
1976.79 5652.49
1976.79 5649.78
1975.88 5670.19
1975.8 5667.73
1975.99 5659.68
1975.96 5658.14
1975.75 5683.47
1975.78 5673.76
1975.84 5648.52
1974.56 5613.97
1974.57 5600.9
1974.55 5589.34
1974.46 5573.5
1974.48 5574.03
1974.51 5580.23
1974.48 5584.84
1974.49 5590.48
1974.5 5569.59
1974.4 5567.64
1974.88 5558.29
1974.95 5506.94
1975.03 5507.83
1975.09 5505.82
1975.01 5497.41
1975.26 5501.28
1975.78 5510.56
1975.83 5528.28
1975.81 5533.01
1975.81 5531.75
1976.51 5534.46
1977.12 5526.57
1977.09 5529.19
1977.16 5522.8
1977.15 5525.95
1977.05 5532.36
1977.3 5534.99
1976.72 5535.53
1976.84 5533.73
1976.86 5536.48
1976.41 5534.74
1976.39 5536.84
1976.23 5538.21
1976.3 5529.1
1976.24 5540.29
1976.72 5542.21
