151.528 0
522.024 19.5031
522.49 19.9114
531.803 19.4729
532.078 19.2299
573.324 19.0538
637.56 22.3572
665.256 22.2346
738.806 78.7426
797.186 82.4011
798.018 81.4806
828.883 81.6405
832.369 81.676
842.943 81.7002
854.067 81.6595
874.732 81.6058
901.239 81.5496
917.234 81.5003
1074.6 108.454
1096.98 106.831
1126.37 151.228
1127.97 149.158
1130.71 148.668
1215.05 195.518
1217.03 204.763
1287.79 243.364
1362.4 261.633
1389.12 312.265
1388.53 298.915
1425.03 333.369
1464.93 452.854
1468.67 494.232
1480.81 480.009
1484.61 494.282
1490.99 484.477
1491.63 485.554
1502.33 445.032
1604.7 477.66
1641.97 484.328
1659.85 506.564
1666.91 546.253
1668.64 566.017
1669.76 574.179
1672.95 565.652
1693.53 713.151
1698.1 877.3
1689.82 930.75
1699.59 967.65
1786.64 1011.19
1809.5 1005.33
1809.23 1014.54
1835.53 1687.2
1887.44 2682.61
1894.06 2020.97
1916.28 2284.09
1923.78 3531.49
1928.22 2896.02
1938.7 2617.28
1958.09 3945.37
1980.57 3048
2005.66 2662.84
2006.19 2912.17
2008.38 2958.08
1995.29 2838.78
1995.91 2872.91
2025.74 2899.66
2031.41 2911.13
2042.37 2988
2029.87 3023.33
2068.53 3087.24
2070.38 2945.34
2065.79 3060.45
2069.51 3070.85
2081.14 3097.21
2087.16 3178.28
2091.41 3014.05
2094.29 2974.75
2102.09 3129.85
2103.01 3110.58
2107.31 3076.25
2107.95 3092.23
2099.68 3245.23
2101.08 3213.49
2100.93 3188.73
2105.36 3310.13
2108.96 3280.7
2103.46 3222.33
2096.79 3344.55
2099.65 3229.42
2100.01 3248.99
2098.02 3233.38
2093.73 3223.49
2096.52 3229.13
2094.26 3290.13
2094.37 3327.14
2099.32 3887
2102.74 3983.84
2101.48 3622.56
2121.2 3642.95
2119.67 3594.14
2115.01 3533.19
2113.42 3496.43
2113.75 3475.96
2114.83 3485.09
2114.74 3487.21
2110.21 3460.45
2107.58 3401.6
2108.05 3433.52
2104.79 3450.03
2107.93 3442.21
2104.96 3480.43
2099.42 3510.56
2099.41 3569.45
2099.72 3622.48
2100.93 3671.69
2099.72 3668.55
2099.78 3669.16
2105.03 3755.14
2104.82 3772.99
2096.45 3753.13
2098.48 3775.93
2093.72 3652.73
2093.01 3636.43
2092.09 3658.66
2084.84 3592.78
2089.16 3598.04
2088.52 3599.93
2088.74 3584.64
2079.81 3584.24
2079.38 3558.49
2086.07 3570.08
2086.38 3565.85
2085.07 3575.1
2086.97 3588.78
2091.77 3657.47
2091.77 3605.13
2092.41 3604.12
2093.81 3610.35
2091.38 3642.87
2092.92 3702.78
2095.68 3831.37
2095.74 3973.82
2095.01 3984.19
2094.45 3963.6
2094.53 3943
2094.4 3934.47
2092.57 3931.03
2092.56 3945.57
2091.44 3998.38
2090.95 4022.63
2090.19 4029.84
2089.77 4020.5
2089.75 4002.92
2089.77 3995.8
2089.96 3984.19
2089.94 3975.47
2084.86 4025.89
2085.31 4050.71
2087.35 4058.06
2087.51 4083.42
2086.12 4124.04
2089.61 4175.17
2088.34 4279.87
2088.86 4286.4
2083.75 4306.76
2083.6 4239
2083.59 4194.54
2083.39 4175.39
2083.09 4104.76
2083.37 4071.16
2080.81 4054.04
2077.49 3919.15
2077.59 3858.78
2075.74 3839.04
2075.8 3833.7
2075.33 3812.92
2077.33 3815.69
2077.22 3782.19
2077.55 3770.1
2077.52 3775.79
2079.66 3786.8
2079.39 3784.09
2079.87 3777.59
2079.61 3774.6
2081.19 3762.11
2079.42 3762.9
2079.49 3778.52
2079.28 3788.65
2079.12 3768.9
2078.59 3760.89
2078.3 3769.1
2078.89 3806.03
2081.15 3799.5
2081.42 3787.18
2079.74 3737.67
2080.78 3780.77
2080.87 3791.05
2080.87 3778.62
2081.17 3769.06
2082.02 3831.18
2080.8 3851.65
2079.84 3867.84
2079.89 3873.29
2081.41 3865.76
2079.43 3874.01
2085.34 3882.64
2085.53 3888.15
2083.38 3907.35
2083.49 3918.71
2083.44 3935.91
2083.42 3952.19
2083.5 3960.09
2083.43 3961.75
2083.34 3968.12
2089.79 4083.62
2089.88 4111.15
2089.58 4102.9
2089.6 4095.6
2085.22 4185.96
2087.21 4242.9
2086.89 4279.59
2087.22 4286.9
2082.63 4321.2
2082.78 4359.07
2083.01 4377.12
2082.86 4379.73
2077.2 4388
2076.67 4441.04
2076.12 4464.55
2076.13 4471.84
2076.69 4578.71
2076.73 4512.38
2076.76 4540.55
2076.75 4572.77
2076.74 4590.79
2077.51 4595.86
2075.93 4550.51
2075.79 4541.48
2075.45 4521.13
2075.86 4521.42
2074.8 4494.7
2075.11 4483.36
2078.22 4488.2
2078.22 4510.31
2079.17 4510.02
2079.34 4512.6
2077.57 4526.26
2078.06 4521.79
2077.78 4516.5
2077.89 4532.39
2078.72 4451.73
2080.05 4438.41
2080.31 4468.52
2080.31 4478.5
2080.05 4489.98
2080.07 4505.51
2079.58 4518.84
2078.28 4520.32
2078.03 4494.72
2077.04 4501.41
2076.86 4503.64
2077.15 4490.73
2076.92 4496.39
2077.31 4505.66
2077.57 4516.22
2077.57 4512.44
2077.21 4519.03
2077.32 4521.11
2077.16 4505.26
2077.44 4432.92
2077.49 4423.87
2077.43 4419.52
2077.85 4410.08
2077.41 4438.95
2077.34 4440.8
2076.95 4459.26
2074.83 4460.68
2074.69 4462.7
2074.45 4448.36
2074.21 4436.13
2074.92 4462.18
2074.43 4470.06
2075.12 4482.87
2075.11 4492.23
2075.22 4498.14
2075.72 4479.6
2075.68 4476.41
2075.9 4482.12
2075.64 4462.47
2075.64 4473.31
2075.47 4455.72
2076.38 4453.05
2076.38 4453.35
2076.09 4450.03
2076.06 4456.06
2075.61 4452.48
2075.57 4447.23
2075.74 4440.82
2075.75 4438.62
2074.63 4428.56
2074.89 4438.71
2074.8 4426.06
2074.8 4438.01
2074.96 4446.29
2074.44 4402.77
2075.21 4376.79
2075.44 4382.05
2075.38 4388.22
2075.02 4371.23
2075.29 4387.01
2075.02 4387.57
2075.33 4392.9
2075.86 4395.85
2075.38 4405.21
2074.92 4407.31
2075.17 4407.15
2075.04 4417.13
2075.36 4416.44
2075.35 4419.47
2075.23 4413.59
2074.71 4422.25
2074.77 4431.11
2074.6 4431.81
2074.72 4437.79
2074.65 4437.66
2074.53 4437.47
2075.07 4439.12
2078.28 4483.91
2077.11 4468.25
2076.91 4482.37
2076.72 4489.93
2076.77 4496.87
2076.71 4505.97
2077.23 4517.04
2077.24 4520.84
2077.36 4523.65
2077.3 4522.45
2077.51 4527.87
2077.39 4529.49
2077.36 4519.18
2077.53 4529.68
2075.66 4802.01
2075.63 4889.17
2075.69 4833.71
2076.09 4792.71
2076.72 4774.83
2076.75 4774.69
2076.81 4775.04
2076.35 4789.81
2076.27 4774.36
2075.51 4777.92
2075.31 4848.06
2073.92 4839.47
2073.96 4834.77
2074.24 4834.1
2073.74 4833.26
2073.7 4838.05
2073.48 4850.43
2073.69 4841.82
2073.47 4835.78
2073.9 4813.75
2074.52 4795.66
2073.52 4806.85
2073.51 4784.21
2073.32 4783.49
2072.54 4807.67
2072.55 4798.17
2072.49 4798
2071.79 4815.56
2071.58 4802.47
2071.63 4790.26
2071.74 4782.61
2069.35 4797.75
2068.94 4818.15
2068.9 4828.73
2067.58 4843.49
2067.61 4857.99
2066.24 4872.09
2066.13 4893.36
2065.69 4904.92
2065.3 4903.92
2065.66 4932.32
2065.5 4942.39
2065.17 4974.22
2065.23 4989.84
2065.07 4991.88
2064.74 5016.34
2064.26 5025
2064.03 5052.85
2063.91 5063.86
2064.01 5070.03
2064.25 5080.75
2064.45 5082.94
2064.65 5080.46
2064.67 5079.87
2064.5 5072.24
2064.99 5064.01
2065.19 5060.83
2065.45 5043.44
2065.27 5030.8
2066.25 5013.29
2066.36 4987.1
2066.71 4979.61
2063.24 4998.76
2063.1 5000.52
2063.35 4998.07
2063.49 5005.42
2062.89 4997.78
2062.92 5002.87
2062.93 4999.64
2062.78 4996.91
2063.98 4929.15
2065.33 4872.7
2065.32 4838.18
2065.29 4830.58
2065.5 4831.36
2065.64 4843.63
2066.78 4856.65
2066.53 4853
2066.05 4851.93
2066.2 4848.87
2066.5 4847.27
2066.29 4859.23
2065.92 4855.27
2065.76 4864.83
2064.67 4999.92
2064.72 5028.21
2064.59 5018.23
2063.12 5022.14
2063.18 5026.07
2062.96 5019.25
2062.85 5009
2062.59 5014.4
2062.1 4981.85
2062.08 4964.02
2062.03 4966.17
2061.51 4967.46
2061.58 4966.75
2061.69 4971.23
2061.92 4985.2
2061.44 4983.06
2060.3 5005.24
2059.97 4994.94
2060.47 4989.81
2060.48 4994.5
2060.54 4990.69
2060.15 4987.96
2060.29 4956.11
2060.41 4941.57
2060.51 4935.5
2063.86 4894.45
2063.91 4878.62
2063.15 4894.03
2062.24 4877.04
2062.25 4861.76
2062.19 4860.78
2062.31 4875.64
2062.32 4875.69
2062.3 4870.89
2062.35 4864.03
2062.38 4870.18
2062.41 4873.21
2062.48 4873.11
2061.78 4884.74
2061.55 4873.68
2061.55 4889.31
2061.78 4901.39
2062.62 4986.83
2062.75 5001.22
2062.71 4979.03
2062.8 4974.86
2063.12 4965.41
2063.41 4969.47
2063.78 4948.37
2063.51 4940.84
2063.4 4889.53
2062.1 4903.52
2061.88 4901.76
2061.69 4886.66
2061.02 4898.37
2061.78 4971.99
2061.75 5005.14
2061.51 5014.15
2061.68 5030.92
2061.68 5041.52
2062.17 5043.44
2062.13 5036.08
2061.97 5042.04
2063.28 5058.79
2063.98 4983.13
2064.01 4962.17
2063.98 4961.89
2063.95 4965.87
2064.36 4960.25
2064.45 4959.1
2064.49 4964.31
2064.75 4946.74
2064.76 4944.18
2065.06 4941.53
2064.83 4939.85
2064.81 4937.4
2064.83 4936.07
2065.02 4900.25
2064.98 4885.25
2064.86 4882.07
2066.06 4879.13
2066.13 4901.44
2066.07 4917.71
2066.14 4913.52
2066.2 4921.79
2066.27 4937.44
2066.22 4946.43
2066.07 4947.13
2066.07 4959.43
2066.11 4970.69
2066.02 4975.79
2066.07 4998
2065.39 5006.24
2065.39 5010.24
2065.76 5011.95
2065.74 5008.29
2065.94 5003.81
2066.19 4998.48
2067.32 4929.64
2067.9 4924.7
2068.09 4896.85
2067.74 4864.05
2067.95 4844.01
2068.08 4837.45
2067.97 4831.61
2067.88 4830.95
2067.87 4833.6
2069.22 4808.77
2069.29 4794.65
2069.18 4784.64
2069.27 4774.37
2069.27 4780.92
2069.35 4799.71
2069.56 4793.75
2069.57 4804.5
2069.35 4821.26
2069.1 4829.02
2068.94 4807.97
2068.13 4804.93
2068.59 4819.19
2068.34 4816.32
2068.34 4819.01
2068.75 4826.16
2068.71 4830.49
2068.59 4836.04
2068.19 4831.73
2067.8 4834.38
2068.22 4828.75
2068.56 4832.39
2068.48 4829.35
2068.05 4833.42
2068.04 4828.41
2069.57 4823.12
2069.6 4821.49
2069.6 4819.98
2069.59 4815.39
2069.23 4810.28
2068.44 4820.03
2068.45 4831.62
2068.49 4844.19
2067.54 4907.66
2067.42 4919.05
2067.33 4927.26
2066.88 4919.01
2066.82 4900.18
2066.99 4892.19
2067 4881.91
2066.99 4872.56
2066.88 4869.57
2066.9 4867.76
2066.76 4857.88
2066.68 4855.93
2066.69 4855.17
2066.63 4857.98
2066.49 4859.87
2067.14 4829.85
2067.19 4822.53
2067.04 4826.76
2067.45 4840.03
2066.94 4862.93
2066.83 4866.49
2066.98 4868.19
2066.93 4867.13
2067.58 4845.83
2067.27 4856.7
2067.28 4858.28
2066.89 4861.38
2066.6 4853.61
2067.37 4873.51
2067.44 4867.23
2068.19 4843.97
2068.14 4837.57
2068.16 4833.88
2068.31 4835.19
2068.3 4839.42
2068.13 4841.53
2068.42 4862.5
2068.36 4869.78
2067.86 4870.98
2067.98 4885.03
2067.64 4888.27
2067.7 4887.92
2067.75 4894.32
2067.92 4898.98
2067.92 4900.12
2068.05 4905.55
2068.57 4923.5
2068.53 4923
2068.51 4937.13
2068.29 4953.86
2067.87 4961.44
2067.28 4975.52
2067.29 4983.57
2067.77 4985.68
2067.78 4983.63
2067.93 4968.35
2068.64 4926.02
2068.61 4924.94
2068.58 4936.2
2068.48 4950.12
2068.48 4951.38
2069.94 4986.93
2069.65 5016.75
2070.04 5007.7
2069.91 4994.53
2069.94 4997.27
2070.37 5000.25
2070.93 4940.85
2071.08 4918.88
2071.16 4922.99
2071.28 4931.42
2071.28 4926.85
2071.17 4935.28
2071.16 4937.53
2071.97 4931.51
2071.83 4938.2
2071.71 4948.56
2070.17 4959.53
2070.15 4964.6
2070.06 4968.76
2070.68 4966.1
2070.69 4985.89
2070.78 4978.6
2070.77 4979.79
2070.79 4973.9
2070.78 4974.1
2070.78 4973.62
2070.77 4977.97
2070.21 4984.1
2070.42 4974.92
2071.02 4957.18
2070.81 4938.13
2071.7 4929.94
2071.34 4891.71
2071.09 4889.63
2070.79 4897.67
2071.09 4903.88
2070.91 4912.72
2070.22 4911.24
2070.08 4913.5
2070.3 4914.47
2070.55 4906.19
2070.6 4906.42
2070.52 4897.71
2070.08 4904.1
2070.11 4904.99
2070.12 4859.71
2069.9 4875.24
2070.24 4880.4
2070.22 4881.86
2070.27 4886.11
2069.31 4847.33
2068.38 4852.38
2067.97 4848.77
2067.73 4853.32
2067.4 4871.27
2067.74 4876.06
2067.76 4865.62
2067.75 4839.95
2067.82 4826.06
2067.85 4805.95
2067.68 4796
2067.7 4793.48
2067.97 4782.72
2067.76 4780.53
2067.74 4783.38
2067.77 4775.49
2066.94 4803.97
2066.94 4814.24
2067.45 4793.88
2067.29 4772.43
2067.31 4764.31
2065.88 4754.56
2065.84 4737.25
2065.82 4730.83
2065.81 4723.76
2066.05 4716.42
2066.48 4737.72
2066.48 4730.32
2066.49 4708.14
2066.51 4701.9
2068.42 4735.16
2068.37 4743.69
2068.2 4762.42
2068.13 4745.53
2068.03 4731.63
2068.8 4724.22
2068.81 4715.11
2068.81 4720.51
2068.6 4729.49
2068.78 4736.46
2068 4755.87
2068.95 4761.52
2069.22 4792.91
2068.91 4783.62
2068.86 4783.86
2068.92 4789.66
2068.93 4793.49
2068.77 4735.01
2068.85 4736.43
2068.84 4745.81
2068.97 4758.47
2068.9 4768.19
2069.32 4732.22
2069.31 4733.38
2069.22 4731.4
2069.92 4760.56
2069.66 4800.52
2069.23 4842.59
2068.96 4852.84
2068.97 4862.54
2068.67 4851.99
2068.63 4850.06
2068.55 4843.07
2068.65 4861.7
2069.21 4857.79
2068.87 4849.38
2068.86 4862.29
2068.9 4879.97
2068.95 4873.65
2069.24 4855.14
2069.22 4846.98
2069.1 4850.67
2068.88 4843.43
2069.08 4830.44
2069.14 4822.32
2069.22 4824.58
2069.15 4827.99
2068.67 4809.12
2068.59 4794.44
2068.6 4799.21
2068.6 4809.77
2068.54 4817.1
2068.64 4822.09
2068.83 4820.13
2068.71 4805.76
2068.46 4791.03
2068.21 4786.87
2068.18 4784.07
2068.17 4744.54
2068.19 4779.13
2068.19 4789.13
2068.18 4790.26
2068.37 4780.94
2068.36 4784.75
2068.37 4793.88
2068.06 4797.68
2067.95 4796.44
2068.02 4803.81
2067.94 4817.49
2067.76 4818.26
2067.26 4811.08
2067.32 4816.85
2069.29 4823.6
2069.28 4831.12
2069.93 4838.24
2069.77 4846.03
2069.56 4853.24
2069.91 4886.05
2069.34 4937.14
2069.41 4977.06
2069.11 4960.09
2069.15 4959.51
2067.64 4963.54
2067.56 4957.69
2067.28 4954.37
2067.06 4943.15
2067.17 4942.97
2067.16 4949.17
2067.38 4961.59
2067.55 4993.45
2067.55 5012
2067.3 5022
2067.11 5028.58
2067.04 5035.56
2067.22 5042.2
2066.92 5037.02
2066.94 5041.94
2066.41 5045.35
2066.5 5045.46
2065.58 5087.45
2065.02 5081.15
2065.02 5077.73
2065.28 5073.65
2064.51 5049.39
2064.19 5044.61
2064.19 5022.22
2064.24 5016.37
2064.1 5012.21
2064.24 5006.2
2064.21 5003.69
2065.03 5003.45
2065.15 4998.17
2065.11 4982.21
2064.81 4982.76
2064.43 4970.58
2064.35 4972.26
2064.06 4975.11
2064.01 4974.62
2063.97 4968.24
2064.1 4962.28
2064.16 4963.27
2064.14 4963.45
2064.25 4960.42
2064.13 4957.98
2064.13 4958.94
2064.06 4959.42
2063.76 4948.73
2063.71 4949.6
2063.63 4952.57
2063.42 4957.62
2063.42 4960.38
2063.18 4946.67
2062.97 4952.86
2063.04 4957.41
2063.18 4968.78
2063.14 4971.22
2063.26 4975.69
2063.3 4975.55
2063.01 4967.8
2063.04 4959.82
2063.22 4953.39
2063.67 4956.75
2063.6 4956.51
2063.75 4961.7
2064.37 4956.97
2064.37 4952.22
2064.37 4953.39
2064.34 4949.65
2063.84 4937.25
2063.72 4932.09
2063.68 4932.46
2063.96 4936.74
2063.87 4937.23
2064.69 4943.17
2064.88 4948.85
2064.92 4957.04
2065.14 4955.09
2064.94 4966.94
2065.02 4971.88
2064.99 4983.44
2065.9 4989.54
2065.88 4987.12
2066.32 4989.7
2066.3 4987.05
2066.33 4968.63
2066.41 4953.32
2065.76 4958.29
2065.78 4959.13
2066.23 4946.03
2068.18 4968.94
2067.6 4990.1
2067.51 5016.01
2067.45 5029.52
2067.69 5045.29
2067.26 5045.84
2067.36 5056.47
2067.15 5058.7
2066.57 5058.66
2066.48 5058.31
2066.85 5048.01
2066.87 5044.11
2066.66 5038.88
2066.9 5038.93
2066.74 5040.08
2066.77 5041.62
2066.69 5043.47
2066.72 5041.62
2066.75 5040.89
2067.13 5049.91
2067.6 5036.51
2067.58 5034.75
2067.67 5038.74
2067.88 5048.27
2067.89 5056.27
2067.86 5066.6
2067.9 5074.86
2067.92 5076.04
2067.95 5083.99
2067.93 5084.13
2067.91 5088.5
2067.73 5089.23
2067.93 5087.51
2067.83 5112.01
2067.78 5133.68
2067.87 5126.67
2067.29 5128.61
2067.37 5123.96
2067.4 5122.2
2067.27 5125.77
2067.81 5097.38
2068.22 5109.3
2068.36 5111.13
2068.55 5103.77
2068.54 5092.95
2068.23 5086.37
2067.87 5087.5
2067.12 5089.96
2066.82 5103.63
2064.87 5108.29
2064.91 5107.85
2065.34 5116.42
2065.4 5119.65
2065.51 5113.98
2065.68 5110.48
2065.56 5120.47
2065.55 5124.39
2065.44 5125.6
2065.14 5127.77
2065.24 5144.98
2065.2 5149.37
2065.13 5150.57
2065.36 5154.06
2065.42 5163
2065.2 5164.29
2065.33 5158.95
2065.23 5159.15
2066.48 5180.67
2066.47 5191.69
2067.02 5225.49
2068.44 5232.32
2068.57 5225.94
2068.92 5226.85
2068.27 5251.26
2067.61 5274.63
2067.35 5284.56
2067.34 5287.33
2067.4 5263.17
2067.77 5255.83
2067.64 5244.85
2067.5 5246.82
2067.33 5235.57
2067.02 5242.63
2066.83 5230.48
2066.7 5231.65
2066.88 5279.82
2066.85 5310.87
2066.47 5299.57
2066.46 5290.96
2066.62 5292.6
2066.62 5287.21
2066.62 5286.52
2066.62 5287.13
2066.44 5286.5
2068.36 5284.12
2068.26 5283.26
2068.26 5271.67
2068.17 5273.81
2067.79 5261.65
2067.75 5264.3
2067.96 5265.74
2068.19 5282.84
2068.87 5274.37
2068.88 5268.39
2068.69 5246.99
2068.7 5232.8
2067.87 5222.58
2066.96 5223.48
2067.62 5218.04
2067.67 5207.5
2067.36 5197.41
2067.34 5187.96
2068.36 5178.29
2068.59 5190.91
2068.4 5196.69
2068.52 5146.66
2068.44 5138.96
2068.45 5137.39
2068.17 5137.97
2068.67 5122.75
2069.02 5113.65
2068.76 5114.23
2068.8 5117.41
2070.11 5157.34
