64.8285 0
85.9045 0
127.923 0
213.077 0
217.501 0
217.951 0
235.347 0
244.628 0
332.199 0
413.227 9.21638
538.312 26.4531
539.545 26.0191
600.013 25.9283
604.074 31.8208
605.337 36.9841
623.939 40.2331
618.591 47.3679
618.639 50.3571
618.677 51.0125
660.455 74.4869
727.767 82.9463
778.556 96.715
784.458 109.977
783.03 106.168
887.67 127.882
888.821 127.883
906.064 141.338
928.592 146.812
931.779 155.042
935.616 154.625
950.309 154.188
964.912 156.032
993.202 166.211
998.568 213.837
999.767 287.86
998.238 337.217
1055.54 379.707
1069.56 408.293
1068.76 472.505
1070.65 591.871
1062.01 779.123
1068.98 864.431
1057.66 934.457
1187.38 1052.55
1206.89 1144.88
1290.48 1483.43
1295.74 1473.73
1295.45 1458.41
1302.94 1496.81
1338.84 2188.65
1358.66 2438.84
1359.25 2413.23
1367.04 2533.69
1368.59 2487.38
1387.55 2475.75
1360.5 2495.22
1359.88 2458.46
1306.26 2713.33
1307.02 2945.68
1314.15 3117.38
1314.08 3254.92
1322.11 3327.33
1336.09 3351.59
1356.43 3726.29
1342.51 3724.26
1343.04 3686.04
1350.72 3705.49
1362.48 3908.88
1360.11 4113.19
1353.51 5019.99
1360.63 5056.36
1354.84 4876.94
1364.56 4876.03
1400.22 4877.64
1405.36 4898.19
1411.08 4950.73
1397.62 5006.51
1379.09 5206.16
1398.5 5284.15
1401.12 5914.75
1409.11 6640.22
1394.05 6872.21
1393.72 7011.18
1398.89 7058.62
1398.94 7018.96
1402.7 6953.74
1407.15 6935.79
1409.62 6904.69
1412.66 7111.68
1411.79 6896.41
1403.62 6779.29
1400.11 6858.49
1394.72 6656.04
1402.36 6565.06
1402.36 6548.9
1371.36 6575.9
1372.01 6588.25
1344.07 6809.8
1359.48 6873.7
1360.17 6862.1
1360.14 6804.87
1354.6 6853.6
1354.79 6947.85
1344.25 6987.44
1335.94 7286.3
1342.56 7396.13
1346.95 7473.64
1353.59 7535.26
1352.17 7581.31
1351.23 7617.99
1349.8 7634.77
1344.88 7923.12
1354.93 8124.5
1360.21 8000.49
1350.83 7943.82
1354.21 7871.12
1356.63 7837.26
1356.62 7818.75
1357.16 7863.22
1367.31 7893.49
1362.55 7937.42
1363.29 8002.96
1368.11 7989.83
1368.79 7976.28
1369.82 7989.26
1385.5 7913.04
1422.56 8110.32
1417.12 8271.72
1421.5 8173.35
1415.33 8330.75
1414.97 8576.22
1415.29 8688.6
1414.72 8751.3
1414.02 8975.78
1414.46 8980.5
1414.82 8998.67
1412.71 9042.86
1413.01 9097.68
1423.2 9173.3
1423.33 9307.62
1423.55 9320.75
1394.46 10048.2
1397.53 10104.3
1398.86 10139.3
1397.47 10146.8
1403.51 10201.8
1409.47 10164.7
1410.55 10132.3
1399.97 10138.8
1395.74 10083.9
1404.45 9924.49
1413.29 9840.04
1412.86 9744.72
1419.85 9701.3
1419.11 9863.44
1418.03 9981.28
1418.12 10046.3
1437.71 10159.4
1437.7 10213.6
1436.53 10247.1
1441.44 10253.9
1442.1 10233.9
1442.15 10196.3
1435.45 10145.9
1427.84 10227
1436.95 10134.6
1443.59 10192.8
1443.56 10241.6
1447.28 10367.5
1443.22 10353.9
1443.33 10364.5
1446.54 10435.9
1437.4 10583
1437.53 10329.6
1437.69 10236.7
1434.54 10203
1435.06 10183.4
1435.19 10152
1429.25 10134.7
1442.7 10666.3
1438.36 10613.4
1435.45 10745.4
1435.08 10766.6
1431.9 10775.1
1433.35 10766.5
1433.23 11284.7
1433.09 11579.3
1439.16 11635.6
1441.21 11559.5
1441.13 11556.7
1434.1 11500.8
1432.37 11532.9
1424.34 11475
1424.57 11342.9
1429.71 11225.6
1433.42 11225.9
1433.65 11157.6
1430.97 11112
1431.31 11117.6
1429.99 11171.4
1423.72 11440.7
1423.79 11352.3
1419.24 11358.6
1417.89 11272.7
1418.95 11214.1
1417.84 11247.3
1420.04 11531.2
1420.79 11453.6
1422.05 11343.7
1424.66 11229.4
1425.02 11260.5
1426.94 11170.5
1426.5 11004.6
1427 10881.9
1427.03 10835.4
1426.44 10841.4
1428.21 10824.9
1428.36 10718
1428.4 10669.7
1430.05 10728
1431.67 10815.4
1431.17 10861.1
1429.28 10915.2
1427.88 10950.9
1428.25 10927.3
1429 11010.4
1429.6 11023.4
1430.26 10980.5
1429.73 10973.8
1430.17 10960.2
1432.44 11475.9
1432.41 11834.6
1427.79 11881.2
1426.88 11910.2
1426.88 11943.7
1427.51 11964
1427.07 12004
1425.45 12001.3
1425.78 12077.8
1422.98 12195.6
1423.09 11888.1
1422.59 11853.3
1422.43 11897.5
1423.43 12090.2
1421.13 12071.8
1421.33 12085
1421.52 12086.2
1428.54 12145.5
1428.63 12143.2
1429.26 12213.4
1432.38 12171
1432.22 12170.1
1434.46 12318.6
1430.03 12400
1432.88 12464.6
1433.17 12437.7
1433.42 12408.1
1432.69 12426.1
1432.74 12467.5
1434.22 12545.3
1433.87 12562.5
1437.58 12516
1441.94 12535.5
1441.73 12554
1441.92 12522.9
1445.09 12363.1
1446.34 12213.1
1445.87 12328
1447.12 12398.6
1446.12 12467.6
1439.7 12491.2
1440.69 12638.8
1441.02 12598.9
1441.82 12612
1442.45 12688.2
1442.13 12687.2
1443.66 12653.2
1443.31 12592.5
1441.8 12619.4
1443.22 12606.9
1442.94 12594
1443.08 12591
1441.95 12612.7
1441.97 12614.1
1429.17 12839.5
1428.96 13164.4
1428.61 13320.8
1431.78 13367
1432.23 13334.3
1432.77 13357.5
1432.47 13459.5
1432.69 13515.8
1432.96 13580.5
1432.39 13619.1
1428.74 13679.9
1429.79 13706.6
1429.25 13690.9
1429.73 13650
1429.68 13540.4
1428.31 13662.6
1426.35 13629.1
1427.23 13665.6
1435.35 13784.5
1435.31 13829.6
1435.73 13833.9
1434.95 13916.7
1432.68 13986.7
1432.49 14011.1
1433.65 14019
1433.41 14046.8
1434.51 14039.2
1433.57 14146.4
1434.22 14353.1
1433.21 14329.7
1428.9 14491.7
1432.13 14866.5
1432.19 14788.3
1432.24 14776.2
1432.12 14852
1432.05 14859.8
1430.22 14872.3
1430.26 14860.3
1430.57 14759
1426.14 14810.4
1440.64 15249.8
1440.64 14917.7
1440.88 14883.5
1438.65 14836.2
1440.79 14788.3
1443.55 14789
1444.51 14820.9
1444.79 14788.1
1445.28 14730.6
1445.76 14697.5
1445.06 14665.4
1448.8 14623.4
1449.37 14648.3
1445.97 14742.6
1448.43 14764.2
1447.03 14748.4
1447.44 14714.9
1446.77 14701.2
1445.14 14705.6
1443.35 14655.7
1442.45 14633.3
1442.83 14697.3
1443.17 14679.6
1443.13 14645.7
1442.72 14640.9
1441.83 14711.8
1440.24 14862.2
1440.39 14928.7
1439.45 15056.7
1440.22 15158
1438.97 15323.8
1438.68 15470.1
1438.77 15504.7
1439.89 15518.2
1440.02 15582.8
1439.91 15597.2
1440.49 15644
1446.46 15811.9
1445.59 15968.3
1445.58 16042.4
1445.72 16053
1446.77 16134.6
1454.71 16295.9
1462.33 16307.2
1463.99 16317.9
1464.55 16439.9
1464.28 16531.7
1474 16788.5
1474.34 16481.1
1474.23 16535.9
1475.77 16516.2
1480.07 16568.7
1480.05 16257.3
1475.07 16238.6
1475.49 16237.9
1475.32 16245.4
1475.64 16246.1
1475.86 16236.6
1478.13 16219.1
1477.03 16239.5
1476.19 16271.5
1475.79 16301.6
1475.81 16278.6
1476.17 16259.8
1475.68 16309.7
1476.26 16327.8
1476.18 16288
1475.55 16471.8
1475.51 16345.3
1475.77 16362.1
1475.01 16346.6
1481.8 16404
1482.12 16409.7
1481.88 16461.9
1482.86 16485
1482.96 16528
1483.14 16556.7
1482.72 16762.6
1482.91 16755.4
1484.39 16778.3
1484.52 17008
1484.2 17099.9
1484.88 17060.2
1484.74 17048.9
1483.63 17028.9
1481.27 17025.8
1481.14 17023.2
1480.67 17016.2
1480.53 17035.7
1479.75 16883.7
1479.78 16793.1
1480 16693.9
1479.97 16632.8
1479.63 16601
1479.99 16593.7
1480.04 16563.2
1480.53 16509.1
1481.81 16529.6
1482 16443.6
1483.81 16422.8
1483.85 16425.1
1483.61 16472.5
1483.28 16474.6
1483.41 16497.3
1482.24 16515.3
1482.46 16461.4
1482.04 16447.9
1482.57 16462.8
1483.18 16464.2
1484.68 16469.3
1484.67 16471.3
1487.22 16485
1487.22 16419.5
1487.03 16416.2
1473.76 15947.5
1473.83 15904.5
1471.95 15794.8
1471.78 15799.5
1471.11 15827.9
1471.19 15928.4
1470.28 15660.2
1470.81 15627.2
1471.79 15629.3
1472.32 15651.9
1472.58 15860.7
1472.32 15822.5
1471.57 15864.8
1471.11 15866.2
1470.82 15810.1
1470.35 15749.8
1470.29 15723.6
1469.97 15731.9
1470.34 15731.9
1467.51 15769.5
1467.58 15790.4
1466.8 15797.8
1466.93 15790.9
1466.8 15759.5
1466.03 15934
1465.32 15912.3
1465.79 15930.5
1465.5 15966.4
1465.78 15923.3
1467.29 15944.7
1467.12 15957.3
1468.7 16003.3
1468.69 16061.2
1466.35 16040.8
1467.78 16058.4
1467.49 16047.5
1467.8 16066.3
1468.12 16103
1468.56 16211.3
1468.2 16295.7
1468.07 16347.2
1468.11 16414.5
1469.55 16449.7
1469.96 16483.9
1470.04 16505.6
1470.1 16533.1
1470.08 16555.7
1472.92 16655.8
1473.93 16656.9
1470.3 16807.9
1470.42 16824.1
1470.36 16811.3
1470.28 16847.2
1470.13 16807.4
1471.03 16706.9
1471.12 16845.5
1471.42 16852.5
1471.47 16865.3
1473.96 16933.3
1473.47 16893.9
1473.99 16946.3
1473.94 16922.7
1474.1 16933
1472.99 16964.7
1473.59 16981.3
1475.43 16941.4
1476.04 17023.9
1475.93 17070.9
1476.15 17076.5
1477.06 17082.1
1478.27 17088.8
1478.46 17107.2
1478.73 17121.2
1479.08 17151.2
1479.4 17197
1483.76 17197.1
1484.49 17251.7
1485.53 17268.4
1485.58 17239.7
1485.69 17239.1
1484.96 17239.2
1484.18 17283.5
1484.21 17235
1484.29 17148.4
1483.41 17192.5
1483.49 17206.4
1483.92 17207.6
1482.93 17239.2
1484.43 17243.6
1484.55 17230.6
1483.4 17209.2
1482.81 17233.6
1483.13 17231.5
1482.94 17246.4
1482.73 17258.3
1482.31 17258.7
1481.81 17260
1480.1 17273.1
1477.03 17280.4
1476.48 17265.1
1479.53 17281.1
1479.92 17280.9
1480.32 17298.4
1480.95 17298.6
1480.88 17307.6
1480.86 17346.5
1482.71 17271.1
1482.79 17231.9
1481.78 17294.7
1481.68 17317.5
1481.79 17300
1481.79 17252.6
1482.13 17235.2
1482.06 17186.1
1481.7 17180.6
1481.68 17149.7
1482.31 17138.4
1485.43 17238
1485.43 17115.5
1484.05 17037.3
1484.1 16988.5
1484.18 16972.4
1483.61 16979.7
1483.12 16948.5
1482.86 16939.3
1482.9 16933.2
1482.45 16930.1
1482.24 16942.8
1482.25 16933.1
1482.71 16942.3
1481.83 16927.9
1481.21 17022.1
1481.14 17190.9
1481.6 17195.6
1481.72 17052
1481.6 17069.9
1479.96 17080.3
1479.82 17059
1480.47 17049.2
1480.49 17000.5
1480.47 16974.2
1480.43 16973.8
1481.71 16992
1482.95 17046.3
1482.73 17017.5
1481.37 16918.4
1481.08 16898.5
1480.54 16900.7
1480.5 16902.5
1480.51 16893.7
1480.5 16904
1481.39 16887.8
1485.55 16846.6
1485.07 16816.3
1485.09 16769.1
1484.72 16716.2
1485.48 16696.4
1485.46 16685.4
1485.23 16663.4
1485.85 16670.3
1485.76 16659.4
1486.32 16637.9
1486.48 16644.3
1488.57 16745.4
1488.21 16765
1488.59 16774.3
1489.07 16777.1
1488.66 16756
1489.26 16764.3
1489.33 16783.6
1489.22 16670.2
1490.06 16681.6
1490.06 16699.7
1490.18 16685.7
1490.24 16669.9
1489.62 16629.7
1485.96 16622.8
1486.03 16712.6
1486.71 16728.5
1486.69 16707.9
1486.71 16652.6
1486.93 16661
1487.12 16651.5
1486.76 16676.5
1486.92 16646
1487.48 16669
1487.23 16684.2
1488.98 16680.4
1488.96 16674.4
1489.85 16710.3
1488.1 16794
1488.5 16821.1
1488.1 16864.2
1488.06 16845.1
1488.06 16843.4
1488.03 16850.6
1488.01 16858.9
1483.73 16810.5
1483.7 16803.5
1484.37 16803.9
1484.73 16807.7
1484.68 16811.8
1484.4 16810.5
1484.9 16833.3
1483.61 16857.5
1481.76 17053.3
1481.98 17123.2
1478.41 17158.1
1478.41 17124.7
1478.43 17102.9
1478.78 17116.6
1478.82 17121.3
1478.81 17124.1
1478.83 17123.4
1477.99 17172
1480.67 17098.5
1483.61 17112
1484.63 17059.6
1486.29 17053.1
1486.25 17056.2
1487.13 17070.3
1487.01 17101.8
1482.37 17163.2
1482.45 17019.2
1479.26 16960.5
1479.23 16921.5
1479.44 16976.1
1479.55 16974.8
1480.52 16824.6
1480.61 16721.5
1481.58 16806.9
1481.43 16776.4
1481.31 16716.4
1481.25 16694.4
1481.4 16693.3
1481.27 16681
1480.39 16692.7
1481.19 16737.2
1481.38 16776.6
1480.62 16838.4
1480.92 16837.6
1482.57 16821.5
1482.57 16804.5
1482.86 16824.2
1482.58 16828.2
1483.03 16826.6
1482.99 16824.4
1484.75 16874.6
1485.14 16889.3
1484.63 16847.1
1484.68 16856.9
1487.05 16874.1
1487.03 16882.8
1486.89 16861.2
1487.24 16920.3
1487.35 16954
1487.51 16964.3
1487.11 16975.5
1486.92 16972.3
1486.94 16981
1486.95 16984.2
1486.36 16984.9
1486.34 16976.6
1486.78 16976.3
1486.63 16969.9
1487.41 16966.7
1487.2 16959.1
1486.49 16993.7
1486.24 16904
1485.9 16928.4
1486.32 16925
1484.93 17011.7
1486.65 16985
1486.46 16958.7
1486.47 16984
1486.68 16958.2
1486.53 16945.2
1486.53 16936.7
1486.93 16946.7
1487.04 16952
1487.05 16972.6
1487.95 17063.7
1487.26 17120.6
1487.4 17138.6
1488.09 17171.8
1490.57 17192.6
1491.84 17215
1491.47 17209.6
1490.12 17219.2
1490.29 17222.7
1491.24 17235.2
1491.58 17234.3
1491.69 17257.1
1491.57 17229.8
1491.52 17326.2
1491.47 17267.5
1491.45 17252.6
1491.44 17250.6
1491.45 17249.2
1490.57 17149.9
1490.98 17119.2
1489.81 17064.8
1488.82 17039.6
1488.96 17015.4
1488.58 16980.5
1488.74 16893.5
1491.08 16895.4
1489.76 16941.4
1489.68 16949.3
1489.65 16955.4
1489.54 16955.2
1489.63 16975.8
1489.48 16956.6
1489.02 16721.9
1488.98 16736.7
1491.64 16833.8
1491.83 16851.4
1492.12 16852
1493.72 16906.8
1493.79 16880.9
1493.63 16887.5
1493.64 16878.8
1494.17 16865
1494.39 16874.3
1493.45 16880.8
1495.58 16876.3
1494.76 16861.8
1495 16855.7
1494.73 16847.7
1493.95 16898.4
1495.2 16846
1495.74 16877.7
1494.22 16902.7
1494.15 16900.1
1492.35 16832.8
1492.61 16847.9
1492.77 16815.4
1492.73 16833.5
1492.65 16849.2
1492.65 16846.6
1492.67 16802.9
1492.69 16830.1
1492.6 16834.4
1492.4 16849.6
1492.41 16859
1493.18 16854.3
1493.59 16832.6
1494.17 16839.3
1494.31 16817.8
1497.43 16823.2
1493.61 17012.5
1493.66 17093.9
1493.11 17172.3
1493.02 17188.7
1493.09 17207.2
1492.97 17218.9
1493.73 17255
1493.7 17281.8
1493.93 17312.9
1494.26 17325.8
1495.11 17387.6
1496.08 17479.8
1495.69 17451.3
1495.52 17460.5
1496.09 17487.5
1494.68 17475.8
1495.52 17482.5
1495.57 17451.5
1495.52 17432.3
1494.96 17403.6
1495.08 17402.7
1495.56 17387.5
1495.57 17552.3
1495.52 17418.5
1495.25 17377.9
1495.48 17371.8
1495.56 17359.2
1487.77 17262.3
1487.95 17217
1487.92 17220.9
1488.03 17214.1
1488.16 17259.5
1488.05 17250.9
1486.82 17346.9
1488.13 17381.6
1488.3 17378.5
1487.76 17382.9
1488.23 17353
1488.95 17350.2
1489.05 17339.4
1488.89 17352
1487.91 17458
1487.91 17506.5
1487.92 17519
1489.54 17528.8
1490.14 17549.9
1491.44 17577.9
1491.04 17588.1
1491.04 17593.7
1491.01 17564.6
1490.45 17514.7
1491.05 17500.8
1490.9 17517.8
1490.97 17537
1497.01 17543.1
1495.95 17450.9
1496.33 17435.7
1496.12 17411.8
1497.09 17443.6
1496.74 17425.3
1496.57 17435.2
1496.65 17443.6
1496.64 17450
1495.83 17439.5
1495.63 17446.4
1494.22 17455.4
1494.3 17493.4
1492.83 17565.7
1493.83 17535.8
1493.81 17555.7
1493.65 17592.1
1493.72 17595.2
1493.71 17598
1493.57 17597.3
1493.52 17595
1492.86 17701.1
1493.24 17721
1493.2 17717.9
1493.07 17749.9
1493.23 17757.8
1493.16 17762.2
1493.63 17751.1
1493.86 17785.9
1493.95 17878.3
1494.89 17901.1
1494.99 17917
1496.57 17934.6
1496.21 17960.9
1497.7 17976.2
1497.79 17938.5
1498.15 17932.1
1498.14 17875.3
1498.09 17878
1498.23 17874.7
1498.24 17871.7
1498.44 17871.7
1499.21 17871
1499.26 17867.4
1499.22 17864.6
1499.19 17851.2
1499.14 17802.1
1501.42 17880.5
1502.03 18066.1
1501.89 18112.2
1501.98 18141.6
1501.8 18187.1
1501.8 18173.2
1502.67 18178.4
1503.06 18094.8
1504.32 18093
1504.41 18097.1
1504.63 18119.8
1504.65 18101.3
1504.68 18092.3
1505.08 18090.3
1504.62 18094.8
1504.91 18058.9
1505.01 18054.8
1504.88 18055.4
1505.12 18037.4
1505.21 18053.3
1505.33 18010.3
1505.32 18006.7
1505.36 18000.5
1505.52 18047.4
1505.41 18058.5
1505.32 18072.1
1505.61 18029.7
1504.29 18040.8
1504.71 18064.9
1504.45 18047.9
1504.29 18035.7
1504.34 18042.1
1504.28 18050.2
1504.09 17899.8
1506.57 17905.3
1505.63 17961.5
1505.61 17955.2
1505.62 17957.3
1505.67 17954.1
1505.58 17943.6
1506.24 17943.7
1506.51 17939.5
1505.45 17933
1505.73 17934.7
1505.74 17921.7
1505.84 17917.3
1505.83 17911.9
1505.36 17909.9
1505.58 17909.8
1510.23 17991.2
1510.74 18145.6
1510.73 18069.6
1509.69 18081
1508.82 18075.6
1509.04 18122.5
1509.16 18138.4
1509.4 18162.5
1509.39 18120.8
1508.73 18172.7
1506.41 18271.9
1506.2 18279.1
1506.23 18291
1506.23 18283.1
1506.13 18279.9
1505.72 18376.3
1505.77 18412.5
1505.89 18406.7
1505.75 18389
1505.68 18388.7
1506.12 18370.9
1506.13 18354.7
1506.09 18350.7
1506.12 18339.8
1506.03 18330.8
1505.85 18331
1504.94 18325.9
1505.4 18319.6
1505.24 18300.3
1505.54 18291.9
1505.24 18330
1505.23 18324.1
1504.8 18305.9
1504.38 18302.6
1504.59 18308.3
1505.53 18302.5
1505.75 18287.1
1506.61 18284.8
1506.66 18285.7
1506.69 18281.3
1506.83 18275.3
1506.32 18262
1506.03 18246.9
1506.4 18245.7
1505.76 18267.4
1506.48 18280.4
1506.64 18285.1
1506.66 18296
1508.4 18292.9
1508.34 18373.1
1507.95 18426.5
1507.92 18464.8
1507.35 18481.7
1504.88 18473.1
1506.02 18483.5
1506.13 18472.7
1505.99 18476.4
1507.66 18459.1
1507.78 18479.6
1507.65 18457.9
1507.66 18498.3
