159.061 0
159.225 0
249.487 0
254.648 0
273.938 0
306.733 0
316.533 0
319.366 0
320.36 0
324.101 0
326.555 0
342.199 0
344.359 0
349.738 0
349.769 0
351.236 0
369.745 0
382.378 0
381.914 0
400.84 0.264485
428.506 0.264485
433.72 0.264485
450.257 0.264485
481.842 0.267119
508.319 0.267119
514.131 0.268818
523.738 0.268818
531.774 2.33926
532.12 8.83819
532.168 10.236
540.65 10.2609
540.719 10.1388
570.288 112.011
570.971 115.18
576.573 104.678
628.14 96.7608
628.164 93.1716
649.965 80.3932
650.783 85.091
690.341 416.526
692.179 428.139
686.048 443.903
691.693 465.916
704.657 462.564
722.401 723.187
723.555 574.961
724.499 591.581
754.589 620.676
755.365 623.728
765.237 627.924
764.551 627.676
779.512 625.687
786.823 661.242
787.89 625.962
906.102 769.513
916.78 863.959
918.013 909.687
920.202 922.762
922.009 975.111
922.868 994.631
949.259 1137.25
876.426 1763.65
869.965 1825.81
880.827 1753.61
887.764 1745.25
926.186 1747.73
960.304 1801.31
953.311 1783.73
952.857 1760.88
952.707 1746.06
987.453 1981.46
986.5 2299.57
983.589 2214.17
1014.88 2136.44
1047.05 2120.76
1060.69 2149.62
1090.49 2297.37
1083.2 2075.53
1088.92 1999.52
1089.36 1951.22
1089.78 1945.5
1085.29 1949.92
1105.71 1955.64
1105.7 1949.01
1115.31 2041.66
1107.83 2068.82
1106.98 2089.86
1103.62 2108.79
1105.82 2119.55
1106.38 2129.72
1104.55 2105.51
1104.53 2114.7
1104.59 2150.9
1109.25 2242.76
1095.15 2317.48
1096.16 2308.59
1109.12 2464.11
1115.99 2686.85
1107.81 2595.49
1106.48 2550.52
1093.7 2697.09
1129.62 2811.38
1129.65 2839.18
1121.67 2910.84
1138.74 2896.1
1136.99 2926.21
1140.22 2899.08
1138.35 2910.06
1138.47 2924.06
1144.66 3200.51
1144.59 3351.17
1145.86 3501.08
1142.48 3616.74
1147.06 3676.56
1154.43 3730.51
1154.25 3721.41
1153.9 3912.45
1153.98 3994.13
1155.85 4117.85
1154.65 4085.93
1154.24 4080.16
1150.1 4127.29
1147.64 4126.41
1147.36 4092.82
1167.13 4080.23
1186.64 4219.29
1186.55 4269.93
1187.35 4417.57
1173.33 4612.32
1173.5 4597.91
1174.32 4587.22
1175.19 4594.78
1175.18 4576.89
1175.18 4556.77
1175.87 4493.14
1175.77 4468.45
1173.33 4632.1
1170.48 4560.08
1169.07 4587.15
1169.18 4564.75
1169.33 4498.97
1195.23 4808.25
1199.13 5142.2
1198.37 4830.08
1202.69 4477.09
1203.15 4390.06
1202.57 4338.67
1198.26 4386.47
1196.73 4420.66
1190.65 4439.51
1187.19 4559.02
1187.11 4673.54
1186.58 4989.99
1186.56 5084.49
1183.91 5111.62
1183.07 5172.49
1180.57 5217.15
1175.94 5239.71
1184.65 5249.07
1186.9 5270.04
1186.91 5297.98
1180.52 5344.77
1181.7 5351.32
1182.43 5299.46
1180.36 5285.51
1180.12 5268.21
1180.65 5119.39
1176.2 5139.1
1174.74 5446.13
1176.04 5384.1
1175.75 5409.46
1175.42 5372.01
1175.41 5282.54
1175.26 5214.3
1175.43 5187.13
1175.36 5216.94
1170.57 5228.31
1168.96 5254.47
1163.97 5288.63
1164.38 5332.87
1164.75 5345.97
1163.96 5317.41
1164.06 5333.22
1166.04 5346.44
1165.24 5391.71
1165.36 5371.17
1133.21 6813.95
1128.64 7229.95
1129.12 6982.51
1129.18 6758.51
1129.19 6624.74
1117.9 6613.84
1118.55 6618.27
1118.04 6610.85
1117.8 6629.01
1115.32 6686.66
1115.86 6651.9
1117.94 6625.54
1117.09 6702.29
1109.78 6845.44
1109.68 6862.42
1106.72 7197.08
1102.31 7221.49
1102.54 7198.13
1114.62 7219.23
1116.81 7332.02
1116.8 7430.91
1114.08 7478.24
1114.09 7459.07
1114.75 7445.62
1115.01 7468.29
1118.77 7483.52
1118.69 7484.73
1119.72 7501.15
1120.65 7538.33
1124.63 7620.78
1124.64 7684.93
1121.82 7749.95
1120.01 7883.2
1119.96 7957.78
1117.17 8139.73
1117.15 8317.36
1117.25 8400.42
1117.32 8472.83
1123.37 8818.14
1120.05 8603.47
1120.1 8627.79
1120.74 8630.84
1120.76 8627.09
1120.71 8592.58
1132.6 9035.49
1129.13 9144.63
1129.01 9151.15
1127.9 9164.67
1126.4 9164.62
1126.59 9152.17
1126.61 9087.33
1126.02 9337.85
1126.4 9331.73
1125.5 9286
1123.87 9290.48
1128.67 9222.49
1128.73 9430.12
1130.57 9461.75
1131.17 9437.43
1130.83 9381.64
1130.91 9379.5
1135.31 9417.6
1134.52 9517.27
1133.95 9484.44
1134.13 9493.01
1133.91 9480.24
1134.81 9501.83
1134.66 9539.63
1135.78 9575.59
1135.67 9609.74
1135.75 9630.61
1135.9 9677.43
1136.24 9698.3
1131.76 9906.95
1131.18 9816
1131.08 9762.34
1133.54 9757.28
1133.04 9710.69
1136.56 9773.91
1136.3 9651.31
1136.65 9611.48
1136.69 9499.97
1137.14 9465.77
1143.85 9509.29
1146.04 9509.82
1146.05 9660.82
1146.01 9630.26
1145.94 9692.45
1145.82 9699.34
1147.65 9778.8
1147.77 9829.72
1151.72 9860.78
1149.44 10027.5
1149.32 9490.25
1148.74 9383.31
1148.73 9337.06
1148.62 9208
1149.45 9221.92
1150.93 9256.08
1151.83 9260.74
1151.84 9324.02
1152.05 9351.07
1152.11 9268.03
1152.26 9341.24
1152.44 9401.89
1152.45 9435.37
1152.58 9537.08
1151.61 9536.66
1151.09 9422.98
1149.42 9505.05
1149.34 9476.99
1140.34 9525.47
1139.84 9479.32
1140.54 9463.68
1140.59 9430
1139.95 9456.48
1136.9 9504.87
1136.4 9482.35
1135.14 9460.24
1135.61 9555.28
1135.65 9589.68
1136.29 9617.06
1137.18 9590.89
1135.77 9619.27
1135.54 9671.49
1135.6 9658
1134.69 9616.81
1134.45 9591.13
1134.4 9599.35
1134.76 9614.74
1135.61 9625.56
1135.49 9666.41
1135.6 9661.07
1135.34 9651.55
1134.9 9664.07
1135.02 9593.14
1139.16 9666.1
1144.7 9755.18
1144.91 9752.46
1142.89 9753.79
1142.81 9769.97
1140.93 9788.12
1141.22 9802.83
1141.61 9766.46
1150.02 9939.72
1150.41 9952.14
1150.97 9948.99
1150.44 9908.25
1150.41 9925
1153.98 9943.19
1150.34 9973.06
1150.36 9911.92
1149.55 9900.71
1149.3 9921.3
1149.44 9924.47
1148.94 9913.22
1147.53 9905.25
1148.23 10029.7
1149.09 9809.65
1149.16 9838.2
1150.44 9878.26
1150.75 9860.28
1150.81 9863.94
1145.65 9964.85
1145.09 9957.38
1141.28 9948.65
1142.61 10022.3
1142.09 10032.2
1141.95 10035.8
1141.92 10055.7
1142.81 10079.5
1143.62 10104.4
1145.4 10233
1153.4 10410.1
1152.98 10466.7
1151.94 10455
1152.61 10518.7
1152.44 10529.9
1156.18 10581.5
1156.26 10558.3
1156.37 10542.9
1160.77 10605.9
1161.71 10614.5
1155.2 10608.9
1155 10676.9
1151.35 10667.8
1149.41 10671.6
1149.26 10654.6
1149.18 10724.5
1148.67 10787
1148.79 10789.5
1149.15 10818.8
1149.17 10867.3
1148.88 10908.1
1148.39 10941.3
1146.43 11086.3
1146.16 11124.7
1146.62 11136
1146.59 11147.4
1146.92 11149.5
1146.87 11171.2
1147.07 11187.6
1147.14 11234.4
1146.98 11207.5
1146.78 11347.8
1146.21 11391.2
1145.93 11405.6
1145.92 11360.5
1146.64 11372.5
1146.66 11413.5
1146.64 11411.1
1145.62 11376.4
1146.34 11405
1147.08 11369.9
1148.27 11295.4
1148.62 11310
1148.63 11273.3
1151.13 11260.4
1152.36 11278.8
1152.13 11278.3
1154.41 11287.2
1154.57 11314.7
1153.26 11398.7
1153.13 11423.2
1152.34 11388.2
1151.82 11378
1151.63 11360.8
1153.27 11345.5
1152.7 11339.7
1153.79 11378.1
1153.9 11342.5
1153.92 11332
1158.81 11572.8
1159.11 11562.3
1159.08 11547.5
1160.68 11547.4
1162.62 11538.7
1163.15 11512.6
1162.86 11486.6
1162.6 11464.5
1163.71 11506
1163.71 11487.7
1162.24 11439.5
1162.25 11462
1158.59 11525.7
1158 11531.9
1156.87 11510.6
1156.12 11524.5
1156.66 11467.2
1156.53 11476.6
1156.52 11471.9
1156.46 11462.5
1155.68 11465.9
1155.85 11408.9
1155.7 11419.1
1149.97 11727.1
1150.38 11830.3
1150.27 11757.2
1151.85 11689.8
1149.59 11821.5
1149.82 11986.5
1150 11856.5
1150.02 11836.2
1146.77 11914.8
1150.72 12043.5
1150.96 12001.6
1151.91 11944.4
1151.8 11923.7
1151.67 11921.9
1151.76 11909.7
1152.09 12009.2
1151.75 12118.9
1151.79 12209
1152.09 12217
1151.65 12196.9
1151.63 12184.9
1151.76 12200.7
1152.26 12206.2
1151.69 12201.6
1151.68 12177.4
1152.36 12177.5
1152.81 12163.6
1154.47 12075.1
1154.81 12139.2
1156.04 12207.3
1156.12 12209.7
1156.28 12235.8
1156.63 12221.3
1156.54 12239.5
1156.46 12251.1
1156.72 12237.1
1156.98 12290.3
1157.1 12209.9
1157.72 12165.3
1158.29 12162.9
1158.24 12182.5
1158.43 12164
1156.69 12181.2
1155.97 12216.5
1157.18 12206.5
1161.12 12224.7
1160.89 12249.6
1160.81 12211.5
1160.35 12216.6
1160.4 12234
1159.7 12221.8
1162.24 12260.2
1162.06 12251
1158.15 12330.4
1157.96 12287
1157.35 12304.1
1157.5 12284.5
1158.83 12318.7
1159.69 12355.6
1158.93 12372.6
1158.21 12425.3
1158.15 12391.9
1159.28 12366.9
1162.62 12397.5
1162.62 12405.2
1162.67 12437.1
1162.76 12450.5
1162.16 12397.8
1194.71 12712.1
1194.58 12713.6
1194.74 12721.3
1194.65 12709.9
1193.14 12766.6
1194.65 12830.5
1202.41 13093.8
1202.53 13074.7
1202.61 13107.8
1202.85 13108.7
1202.44 13064.7
1202.45 13011.3
1211.23 13074.6
1211.93 13093.8
1211.93 13149.9
1211.89 13204.7
1212.04 13254.6
1212.36 13288.7
1212.84 13298.9
1212.61 13294.3
1212.6 13284.2
1212.09 13250.8
1210.33 13179.3
1210.35 13215.1
1209.98 13266
1209.05 13254.8
1209.42 13260.2
1209.81 13276
1209.26 13310.5
1211.08 13266.9
1211.09 13260.9
1208.84 13246.6
1208.73 13254.9
1209.15 13235.3
1210.18 13305.5
1210.55 13353.3
1210.69 13340.1
1209.72 13286.2
1210.2 13284.1
1213.14 13180.4
1213.48 13195.3
1212.75 13267.2
1212.94 13322.7
1220.1 13545.2
1220.09 13734.4
1220.87 13820.3
1220.92 13825.4
1221.55 13834.1
1222.49 13836.2
1222.83 13828.7
1223.9 13794
1224.2 13791.5
1200.39 13947.5
1200.42 14066.1
1200.54 14107.8
1201.36 14105.2
1201.5 14348.6
1200.2 14404.2
1199.67 14431
1199.95 14440.3
1200.05 14444.2
1197.28 14497.8
1196.77 14701.1
1196.36 14769.1
1194.91 14760.5
1192.69 14818.9
1192.12 14784.1
1191.8 14796
1191.61 14839.3
1191.14 14881.4
1191.19 14826.4
1191.21 14907
1191.16 15048.1
1192.27 15077.5
1193.01 15148.2
1193.74 15033.8
1196.82 14921.7
1196.78 14886
1197.22 14898.3
1197.18 14933.8
1197.19 14907.8
1195.76 14774.9
1195.79 14787
1195.2 14810.6
1180.81 14982.2
1178.84 15134.8
1178.78 15202.5
1178.8 15222.7
1178.92 15241.9
1178.85 15288.7
1178.71 15326.6
1178.38 15299.3
1178.39 15274
1178.1 15253.9
1178.15 15211.8
1178.06 15199.7
1178.29 15266.2
1178.39 15261.4
1179.17 15281.2
1177.98 15352.1
1178.06 15366.1
1177.5 15372.6
1177.35 15391.5
1177.62 15401.3
1177.67 15417.8
1176.57 15413.9
1176.59 15418.9
1176.58 15425.4
1172.8 15497.9
1169.62 15526.9
1170.13 15579.8
1166.81 15603.6
1167.25 15517.8
1167.89 15549.9
1167.67 15543.6
1167.85 15678.2
1168.82 15629.6
1168.72 15652.4
1169.51 15671.3
1169.87 15662.4
1169.87 15680.1
1169.83 15675.4
1170.09 15658.7
1172.33 15773.5
1171.37 15811.4
1171.4 15809.6
1171.35 15775.6
1170.71 15756.5
1170.65 15706.1
1170.74 15677.4
1173.23 15683.6
1173.07 15690.2
1173.03 15709.1
1171.01 15554
1169.89 15513.8
1169.69 15560.6
1169.97 15599.1
1167.7 15523.1
1167.81 15481.8
1167.92 15475.6
1168.92 15475.9
1168.91 15481.4
1168.46 15491.1
1168.88 15508.1
1168.58 15532
1168.04 15499.4
1168.01 15478.9
1167.91 15465.5
1167.8 15490.9
1168.55 15489.6
1167.95 15501.9
1169.37 15529.6
1171.17 15555.2
1168.81 15596.7
1168.66 15681
1168.51 15712.6
1168.91 15713.8
1168.87 15725.4
1169.13 15692.4
1169.56 15701.6
1169.81 15720.3
1169.94 15729.1
1169.79 15712.4
1169.79 15673
1170.71 15648.5
1169.86 15639
1169.82 15656.1
1169.93 15653.2
1170.02 15663.7
1170.2 15645.7
1170.46 15647.2
1170.17 15631.6
1170.11 15616.9
1169.49 15619.9
1169.22 15604
1169.53 15592.7
1170.69 15589.8
1170.69 15591.4
1172.43 15602.8
1172.42 15592.6
1172.46 15589
1172.46 15578.7
1171.95 15578.2
1171.91 15581.6
1171.9 15566.1
1171.63 15575.8
1172.14 15609
1172.36 15591.6
1172.13 15600.7
1172.22 15600.8
1171.81 15622.7
1171.74 15615.8
1171.76 15642.3
1172.03 15670.4
1172.44 15641.7
1175.54 15631.3
1175.28 15666.2
1175.21 15665.9
1175.21 15678
1175.31 15676.9
1175.07 15671.6
1174.49 15665.9
1175.66 15755.8
1175.54 15863.7
1176.14 15861.5
1175.45 15888.9
1176.47 15777.8
1177.28 15900.5
1177.06 15893.9
1179.7 15884.8
1179.12 15890.3
1179.1 15909
1178.88 15925.1
1178.72 15945.6
1178.69 15946.3
1176.75 15955.1
1177.69 16010.3
1177.73 16001.2
1177.13 15997.5
1177.97 16021
1177.93 16014.8
1178.01 16027.4
1177.71 16015.1
1177.47 16047.9
1178.45 16087.6
1178.15 16127
1178.92 16159.6
1179.2 16250.1
1178.34 16268.1
1179.1 16304
1177.77 16280.1
1177.28 16307.3
1177.08 16327.7
1177.08 16339.7
1176.98 16344.7
1178.96 16429.2
1178.1 16433.3
1178.08 16408.5
1178.09 16411.7
1177.71 16373.1
1177.58 16447
1178.32 16445.4
1178.39 16469.1
1181.24 16492.8
1181.31 16472.8
1181.31 16509.4
1181.25 16526.1
1181.88 16510.2
1182.5 16565.6
1182.82 16513.2
1181.93 16563.1
1182.12 16581
1181.46 16581.2
1183 16577.4
1183.15 16568
1183.27 16604.7
1183.34 16598
1184 16583.2
1184 16600.7
1184.06 16607.9
1184.06 16614
1182.76 16611.4
1182.89 16594.6
1182.58 16576.4
1183.13 16551.4
1182.79 16539.2
1182.91 16520.9
1184.84 16550.2
1185.6 16552.2
1186.8 16543
1180.86 16540.9
1180.59 16577.8
1180.91 16555.3
1180.88 16560.6
1180.58 16578.9
1180.74 16455.6
1182.14 16474.9
1182.15 16456
1182.08 16447.1
1182.43 16426
1182.5 16425.5
1182.38 16425.7
1182.26 16439.6
1183.75 16815.1
1183.63 16920
1183.71 16793.5
1183.81 16760.1
1183.81 16752.9
1183.85 16747.3
1183.19 16758.4
1183.18 16758.5
1183.2 16772
1183.17 16781.4
1183.29 16786.4
1183.26 16787.6
1183.32 16771.4
1183.14 16780.3
1186.54 16824.9
1187.78 16826.6
1187.78 16761.2
1188.41 16745
1188.54 16746.7
1189.33 16739.9
1189.79 16756.3
1190 16784.5
1190.23 16786.5
1190.06 16801.5
1191.33 16813
1191.79 16821.7
1191.4 16964.9
1191.49 16950.9
1191.46 16978.5
1192.78 16986.8
1193.14 17001.7
1194.81 17050.3
1195.15 17025.9
1195.55 17037.5
1196.41 17041.2
1196.33 17054.5
1194.42 17065.5
1195.41 17221.7
1195.18 17420.2
1195.56 17549.2
1196.03 17542.4
1192.26 17559.2
1191.79 17531.6
1191.92 17526.1
1191.82 17499.7
1191.53 17492.3
1192.6 17446.2
1192.97 17443.4
1193.32 17422.5
1193.32 17421.7
1193.46 17414.1
1195.11 17433.8
1195.48 17601
1196.16 17615.6
1196.12 17595.3
1196.34 17561.4
1196.41 17511.9
1197.16 17515.1
1197.69 17492.7
1197.32 17485
1196.92 17406.1
1197.79 17431.7
1197.78 17464
1197.41 17454.3
1197.43 17431.1
1197.58 17408.2
1198.24 17402
1198.37 17408.8
1198.62 17409.2
1199.74 17441
1201.01 17366.8
1201.05 17343
1201.35 17359.1
1201.2 17287.3
1202.18 17256.2
1202.2 17260.9
1201.69 17276.7
1201.69 17263.5
1201.67 17258.6
1202.03 17232.6
1201.9 17197.5
1202.42 17183.7
1204.39 17234
1203.7 17214.1
1203.72 17174.7
1205.49 17182
1205.51 17206.4
1205.74 17228.4
1211.23 17381.5
1210.43 17304.9
1210.6 17332.7
1210.69 17356.1
1210.3 17373.5
1210.52 17379.3
1210.72 17362.6
1209.38 17345.1
1208.69 17351.4
1211.8 17384.9
1210.68 17365.5
1210.95 17352.4
1213.35 17394.7
1213.87 17412.7
1214.65 17419.1
1216.03 17476.3
1215.93 17402
1216.44 17395.4
1216.52 17456.1
1216.09 17454
1216.18 17448
1216.12 17455.2
1215.99 17458.2
1217.45 17498.3
1217.2 17477.4
1216.76 17509.7
1216.8 17532.9
1217.45 17501
1217.43 17405.3
1214.83 17362.7
1214.88 17332
1217.17 17637.5
1215.24 17617.4
1215.28 17603.8
1214.4 17591.1
1216.27 17621.9
1213.9 17600.9
1214.52 17657
1214.41 17705.8
1214.8 17743
1214.25 17832
1213.82 17879.8
1213.92 17894.7
1213.82 17884.6
1214.11 17917.9
1215.23 17937.2
1212.86 17947.4
1213.16 17951.8
1212.96 17995.8
1212.6 17995.5
1212.58 18015.5
1213.03 18038.8
1213.08 18074
1213.02 18098.4
1213.03 18116
1213.01 18129.3
1212.61 18154
1212.69 18199.1
1213.09 18201
1213.06 18246
1213.63 18243.1
1213.3 18219.4
1213.29 18223
1213.4 18230.9
1213.96 18178.4
1213.87 18144.5
1214.67 18159.9
1214.18 18182
1214.09 18182.1
1212.37 18295.7
1211.96 18278
1210.72 18320
1210.87 18295.9
1210.87 18263.5
1210.83 18249
1211.07 18226.5
1213.29 18223.5
1213.08 18221.2
1213.01 18218.9
1213.03 18227.9
1213.18 18237.8
1213.11 18223.7
1213.11 18192.7
1212.62 18205.3
1212.56 18149.5
1212.58 18162.8
1212.92 18159.9
1212.89 18137.8
1213.62 18125
1213.58 18084
1213.56 18081.7
1213.47 18097.4
1213.47 18109
1213.47 18130.4
1213.36 18148.2
1212.42 18095.1
1212.32 18071.6
1213.56 18112
1212.4 18151.1
1212.74 18142.6
1213.15 18123.1
1213.18 18206.1
1213.26 18192.3
1213.26 18199.8
1213.53 18197.1
1213.51 18181.8
1213.62 18218.1
1213.63 18198.8
1213.96 18176.8
1214.62 18147.6
1213.9 18175.4
1213.86 18157.2
1214.24 18121.6
1214.43 18159.9
1213.56 18172.7
1212.24 18178.5
1212.18 18180.1
1212.6 18191.2
1212.6 18193.1
