219.891 0
222.804 0
298.153 0
335.784 0
335.751 0
372.684 0
391.93 0
442.844 0
588.937 5.70906
622.53 6.02717
627.03 6.00617
657.756 5.99676
733.582 37.201
800.693 64.1753
834.022 71.9284
838.257 72.9606
851.434 75.7226
855.167 75.9613
867.613 76.1287
867.623 76.0897
867.865 76.2905
872.162 76.2592
872.289 75.1092
874.534 75.0197
880.314 81.2572
880.331 83.0519
883.864 83.9662
971.725 134.914
982.737 108.166
983.464 85.925
983.727 68.8873
1027.03 64.789
1054.17 71.4321
1061.37 74.4028
1064.62 74.3523
1088.2 74.4579
1088.1 127.834
1087.01 140.369
1108.57 151.324
1136.2 149.744
1136.63 146.322
1174.11 199.821
1182.96 300.494
1182.95 409.502
1182.77 460.92
1187.69 479.997
1190.22 482.448
1194.47 474.615
1190.3 473.622
1201.11 512.02
1206.53 477.225
1220.01 483.992
1207.54 664.713
1239.37 680.953
1238.12 660.204
1252.09 654.958
1252.04 658.993
1257.22 659.091
1257.93 683.228
1257.92 700.105
1260.49 722.112
1262.91 732.809
1262.04 738.485
1267.4 765.677
1254.37 817.417
1257.37 838.841
1263.98 856.505
1273.61 863.966
1273.71 853.863
1320.31 889.862
1334.85 906.185
1330.37 999.245
1333.84 1174.17
1332.43 1220.79
1344.65 1338.6
1418.52 1387.03
1409.9 1458.23
1409.03 1486.26
1408.45 1685.26
1411.11 1724.59
1410.49 1701.42
1432.21 1733.67
1424.43 1774.19
1423.54 1805.86
1424.94 1817.78
1419.63 1907.42
1419.97 1956.37
1419.98 1985.97
1419.25 1977.08
1405.13 2058.23
1414.52 2090
1415.04 2086.92
1415.04 2103.57
1405.12 2290.32
1428.95 2465.09
1440.53 2477.94
1439.43 2475.77
1443.6 2440.93
1428.27 2490.09
1436.59 2605.54
1437.54 2617.55
1432.19 2638.65
1429.83 2631.69
1431.58 2687.83
1432.46 2706.15
1445.71 2842.13
1447.9 2890.89
1444.86 2900.92
1445.74 2918.73
1436.35 2954.06
1436.3 3092.22
1437.65 3216.51
1423.04 3338.55
1422.88 3406.31
1421.83 3456.7
1420.13 3498.75
1419.7 3561.53
1420.98 3597.38
1431.24 3769.2
1431.85 3864.62
1434.41 3845.95
1434.86 3866.88
1433.49 3852.89
1431.26 3878.97
1427.17 3971.94
1425.83 4031.55
1424.9 4055.06
1428.53 3994.25
1425.75 3951.01
1425.24 3926.52
1429.83 3917.55
1429.57 3933.52
1429.63 3898.08
1429.69 3852.09
1433.2 3852.81
1434.93 3921.91
1435.36 3963.05
1437.44 3948.88
1437.51 3926.86
1439.97 4064.25
1438.76 4076.05
1439.02 4031.74
1435.92 4043.15
1434.79 3977.26
1437.19 3929.28
1438.04 3950.86
1436.98 3981.88
1437.68 4011.78
1439.43 4038.12
1445.58 4087.1
1445.3 4077.47
1459.03 4069.76
1458.95 4061.12
1464.37 4061.68
1465.17 4063.32
1465.68 4044.34
1464.24 4013.27
1460.37 4190.82
1460.36 4240.92
1461.15 4164.4
1459.92 4148.46
1460.35 4235.18
1460.46 4249.07
1460.4 4275.73
1461.47 4284.8
1473.71 4286.02
1474.37 4268.46
1474.14 4227.41
1474.03 4226.85
1474.19 4243.67
1473.61 4255.62
1473.82 4259.58
1476.58 4278.33
1477.47 4302.82
1477.77 4285.63
1480.84 4296.83
1481.03 4316.14
1481.58 4308.22
1481.66 4325.89
1482.27 4321.91
1479.53 4316.31
1479.05 4322.57
1480.86 4425.26
1479.34 4729.28
1478.62 4659.27
1476.98 4592.46
1472.1 4685.99
1471.01 4723.74
1471.08 4702.98
1468.58 4687.89
1468.82 4678.89
1469.63 5213.72
1469.54 4733.49
1469.34 4534.4
1477.54 4824.32
1477.06 4844.99
1479.91 4972.01
1480.59 4977.84
1479.31 4914.24
1479.54 4867.5
1479.19 5012.05
1476.02 5070.92
1473.13 5117
1476.92 5075.72
1477.13 5099.53
1475.47 5190.5
1475.86 5273.81
1475.83 5387.26
1479.27 5482.61
1473.17 5608.01
1474.64 5685.05
1475.43 5745.61
1475.9 5768.46
1475.7 5793.15
1475.41 5828.78
1475.5 5844.79
1475.31 5832.27
1474.19 5776.7
1473.2 5930.74
1473.38 5999.27
1471.91 6081.16
1469.75 6157.12
1469.86 6194.64
1468.98 6171.23
1469.32 6195.01
1471.58 6268.04
1479.11 6233.82
1479.06 6283.87
1478.44 6263.39
1478.68 6262.97
1478.75 6284.82
1480.7 6235.56
1480.49 6255.35
1480.21 6215.7
1480.43 6200.83
1477.59 6202.95
1477.62 6253.41
1478.1 6273.37
1478.37 6305.34
1481.17 6350.29
1481.15 6323.98
1481.04 6326
1481.87 6339.6
1482.25 6332.72
1482.3 6342.37
1487.64 6337.9
1486.38 6372.92
1485.72 6431.51
1487.84 6420.27
1487.78 6449.48
1488.17 6460.05
1486.5 6447.62
1486.67 6412.78
1486.52 6433
1487.92 6399
1491.11 6385.44
1490.9 6389.4
1491.12 6348.51
1491.79 6342.55
1491.81 6349.94
1491.7 6332.36
1491.18 6342.61
1489.81 6355.14
1490.23 6349.14
1489.86 6362.27
1485.47 6374.72
1489.24 6383.88
1489.91 6402.93
1489.88 6527.44
1488.72 6605.77
1501.66 6638.11
1500.56 6666.23
1500.44 6684.82
1499.75 6722.05
1499.82 6723.78
1502.67 6725.73
1502.15 6719.62
1500.65 6731.62
1501.4 6722.66
1501.58 6707.16
1502.81 6765.58
1499.94 6792.64
1498.26 6785.09
1499.17 6685.28
1498.74 6709.35
1500.95 6731.47
1501.67 6673.35
1502.38 6676.46
1502.48 6714.43
1502.85 6721.54
1502.86 6663.54
1501.25 6676.84
1499.43 6702.21
1498.57 6692.13
1499.61 6717.03
1503.02 6734.33
1501.1 6734.91
1501.64 6711.2
1501.61 6741.81
1501.56 6756.05
1500.36 6742.25
1500.6 6723.48
1500.65 6720.32
1500.45 6687.89
1501.45 6693.49
1500.15 6644.39
1499.33 6578.86
1499.33 6548.68
1499.13 6542.3
1499.18 6545.05
1499.31 6555.19
1498.63 6533.32
1500.21 6630.07
1500.19 6624.81
1500.27 6653
1500.03 6639.3
1500.85 6631.55
1500.79 6602.98
1500.65 6561.34
1501.5 6572.75
1501.29 6559.71
1501.66 6575.91
1501.03 6573.2
1501.64 6557.25
1502.93 6539.03
1498.51 6522
1499.45 6534.23
1498.24 6554.52
1498.66 6543.46
1498.7 6519.16
1498.92 6556.39
1499.32 6570.03
1498.05 6570.13
1497.56 6559.41
1498.6 6583.48
1498.25 6592.14
1493.94 6587.11
1493.9 6627.48
1493.83 6657.35
1493.84 6678.36
1495.55 6651.08
1494.92 6637.28
1494.96 6639.74
1493.58 6680.73
1493.59 6741.59
1495.79 6770.5
1496.73 6737.84
1497.47 6747.77
1496.42 6807.27
1497.09 6857.89
1497.31 6889.92
1497.4 6924.03
1497.4 6921.42
1497.18 6946.19
1497.74 6977.67
1496.61 6983
1498.28 6981.48
1498.83 6970.87
1497.86 6982.74
1497.93 7029.24
1498.99 7008.81
1499.83 7044.81
1499.79 7026.1
1499.77 7033.58
1499.84 7025.56
1499.23 7004.35
1499.63 6973.82
1499.47 6966.65
1499.67 6965.25
1499.72 6998.83
1500.1 6993.05
1499.97 6989.05
1499.05 7037.33
1500.72 7195.3
1500.16 7193.44
1500.31 7176.33
1503.3 7217.45
1502.89 7328.15
1503.1 7350.03
1501.46 7293
1501.78 7314.25
1502.14 7279.04
1502.3 7258.41
1502.64 7247.18
1504.44 7225.08
1504.7 7206.55
1504.25 7220.14
1503.77 7219.56
1503.98 7167.01
1504.55 7194.34
1504.64 7206.03
1505.29 7185.79
1505.99 7183.54
1506.3 7176.2
1506.07 7183.29
1509.04 7222.4
1508.59 7287.23
1508.46 7282.45
1508.12 7259.8
1508.3 7246.25
1508.28 7229.59
1508.16 7256.94
1507.67 7299.04
1507.68 7341.13
1507.48 7447.32
1506.61 7458.64
1506.79 7469.23
1506.24 7486.11
1506.52 7508.44
1504.43 7530.61
1504.33 7518.94
1504.29 7498.73
1504.14 7491.63
1504.81 7506.06
1504.81 7490.01
1504.73 7477.17
1505.42 7497.83
1506.39 7509.63
1506.3 7503.09
1507.44 7474.51
1506.25 7447.88
1506.85 7447.08
1509 7488.44
1508.75 7514.68
1508.69 7518.56
1510.39 7522.93
1510.28 7500.97
1510.28 7489.45
1509.51 7503.31
1509.54 7502.97
1509.6 7483.32
1509.48 7374.78
1509.46 7325.81
1510.46 7292.86
1508.82 7251.24
1508.64 7282.47
1508.95 7305.16
1512.05 7323.84
1512.04 7301.37
1512.03 7315.21
1511.71 7327.05
1512.1 7327.74
1512.01 7280.72
1511.57 7236.7
1511.75 7241.79
1512.22 7286.7
1512.94 7328.91
1513.09 7323.23
1513.16 7262.11
1512.26 7287.9
1512.18 7344.86
1512.24 7337.21
1512.63 7346.81
1511.75 7352.12
1511.19 7333.49
1511.43 7354.07
1511.3 7344.7
1510.89 7329.06
1510.63 7327.94
1510.67 7311.44
1510.95 7384.37
1511.18 7407.59
1512.82 7442.64
1512.89 7435.88
1513.43 7427.28
1513.22 7410.32
1512.71 7400.59
1512.62 7368.83
1510.9 7276.45
1511.6 7248.36
1513.13 7264.85
1513.55 7263.15
1514.16 7420.35
1514.96 7405.04
1514.64 7375.03
1514.48 7354.39
1514.44 7344.98
1514.66 7357.86
1514.51 7344.19
1516.51 7337.89
1516.9 7312.41
1517.19 7323.17
1517.02 7310.46
1516.15 7259.11
1516.9 7254.46
1516.92 7242.97
1516.76 7230.8
1516.9 7241.89
1516.57 7233.56
1517.8 7285.96
1517.35 7338.74
1518.06 7343.88
1519.01 7361.19
1519.07 7379.37
1518.83 7372.71
1518.96 7373.67
1518.9 7379.69
1518.66 7396.36
1517.81 7414.72
1517.88 7400.96
1519.33 7404.03
1518.49 7418.86
1518.63 7422.13
1518.44 7514.52
1518.55 7560.79
1520.05 7588.7
1520.06 7635.81
1519.35 7620.6
1518.77 7584.91
1517.98 7588.3
1518.88 7565.11
1518.24 7599.29
1518.46 7578.41
1517.58 7545.24
1518.05 7541.84
1517.86 7557.85
1517.79 7566.05
1517.16 7513.75
1517.66 7513.02
1517.39 7519.6
1517.8 7540.55
1518 7504.5
1517.89 7447.3
1518.49 7433.29
1518.67 7433.98
1518.84 7433.2
1519.26 7457.67
1519.34 7484.59
1519.03 7448.82
1519.6 7440.08
1518.89 7446.04
1519.97 7465.67
1519.32 7498.66
1516.61 7496.6
1516.08 7543.42
1516.7 7551.56
1516.36 7561.06
1515.99 7605.32
1515.79 7671.46
1515.24 7716.47
1514.61 7696.66
1514.48 7682.81
1513.51 7679.73
1513.57 7626.16
1513.64 7647.98
1513.62 7685.45
1513.42 7712.51
1513.57 7727.98
1514.6 7743.32
1514.12 7687.95
1513.69 7665.35
1514.01 7661.13
1514.49 7697.87
1514.51 7711.34
1514.47 7709.73
1515.73 7719.16
1515.73 7757.62
1515.78 7692.85
1514.89 7645.73
1515.15 7570.19
1515.03 7498.94
1515.05 7517.67
1515.07 7524.71
1515.37 7537.35
1515.93 7560.48
1516.09 7559.73
1515.65 7488.77
1515.62 7511.87
1515.56 7568.46
1515.62 7599.1
1515.51 7603.98
1514.95 7610.32
1517.26 7649.92
1517.42 7643.19
1518.77 7650.02
1518.32 7661.11
1518.54 7733.15
1518.53 7758.4
1518.34 7757.86
1517.96 7756.56
1517.56 7746.8
1518.19 7756.93
1518.16 7753.41
1519.02 7804.26
1518.4 7806.96
1518.93 7787.85
1518.73 7786.16
1518.59 7810.57
1519.47 7837.09
1519.46 7842.13
1519.46 7847.15
1519.46 7845.71
1519.98 7962.2
1519.73 7994.28
1519.03 8093.71
1518.71 8063.4
1519.1 8051.86
1519.19 8041.59
1519.12 8040.71
1519.31 8074.9
1519.78 8094.81
1519.15 8061.26
1520.08 8033.18
1521.51 8026.09
1521.89 8036.58
1521.71 8051.61
1522.3 8129.75
1522.02 8144.18
1521.34 8176.58
1521.46 8174.41
1521.52 8191.71
1520.67 8178.62
1516.71 8162.53
1516.81 8147.94
1516.76 8146.78
1516.61 8129.93
1516.29 8132.16
1518.6 8184.09
1518.09 8251.52
1518.26 8286.85
1516.97 8309.99
1516.82 8367.87
1516.84 8362.89
1516.89 8350.27
1516.75 8358.87
1518.27 8395.47
1518.34 8419.99
1518.4 8401.36
1519.1 8408.15
1518.91 8416.09
1519.11 8436.44
1519.14 8419.58
1519.13 8404.58
1519.3 8388.48
1519.33 8365.73
1519.16 8328.32
1519.73 8317.52
1519.32 8313.13
1519.4 8308.35
1519.35 8309.62
1518.1 8225.7
1518.1 8171.64
1516.9 8091.72
1517.06 8065.13
1517.11 7984.33
1517.06 7929.91
1516.57 7922.47
1516.01 7998.9
1515.97 7977.4
1516.44 8006.81
1516.23 7960.87
1518.06 8107.83
1517.89 8151.44
1518.48 8261.95
1517 8305.18
1517.04 8299.2
1517.11 8290.65
1517.19 8246.3
1516.85 8238.35
1516.09 8231.09
1516.46 8158.48
1516.47 8145.18
1516.27 8126.57
1516.35 8129.9
1516.28 8127.29
1517.02 8156.46
1517.01 8156.2
1516.83 8158.36
1516.59 8164.2
1516.43 8154.76
1516.53 8114.64
1515.66 8151.06
1515.18 8160.59
1514.82 8155.26
1514.81 8183.52
1515.65 8157.07
1516.03 8175.62
1516.15 8200.44
1515.83 8180.06
1515.45 8223.48
1515.3 8237.98
1515.38 8247.82
1514.97 8263.65
1515.9 8268.59
1517.36 8241.74
1517.63 8248.62
1517.6 8233.24
1517.57 8218.68
1517.43 8238.38
1517.84 8253.47
1518.36 8252.32
1518.16 8259.68
1518.25 8237.13
1518.23 8244.32
1518.58 8245.3
1518.7 8280.07
1518.76 8285.91
1518.84 8297.62
1519.02 8310.33
1519.27 8306.62
1519.25 8298.73
1519.1 8304.04
1519.07 8294.54
1519.02 8293.13
1519.37 8282.5
1519.11 8283.81
1519.68 8306.45
1520.24 8311
1520.03 8319.22
1520.04 8310.51
1520.04 8303.6
1519.95 8302.23
1519.96 8304.72
1520.11 8294.65
1519.8 8247.67
1520 8255.37
1519.98 8250.24
1520.13 8260.34
1519.98 8256.23
1519.93 8235.65
1519.74 8233.97
1519.76 8253.6
1519.72 8209.27
1519.79 8158.6
1520.09 8147.33
1519.9 8136.88
1520.08 8137.71
1520.09 8122.75
1520.4 8131.46
1520.56 8139.63
1520.39 8134.48
1519.78 8169.07
1519.5 8204.45
1521.81 8256.84
1522.38 8221.28
1521.4 8226.49
1521.42 8241.51
1521.46 8247.78
1521.49 8258.16
1521.41 8266.17
1521.36 8232.47
1521.35 8186.98
1521.3 8212.39
1522.46 8209.28
1522.24 8226.73
1522.24 8217.37
1523.6 8213.9
1523.5 8249.87
1523.51 8260.11
1523.39 8264.54
1523.35 8292.35
1523.35 8304.45
1522.8 8298.76
1522.7 8295.39
1522.91 8341.98
1523.17 8358.35
1524.62 8397.43
1524.75 8402.84
1524.85 8409.68
1524.94 8421.72
1525.08 8432.54
1524.82 8440.31
1524.67 8438.78
1524.82 8439.37
1524.22 8409.9
1523.54 8365.35
1523.48 8371.03
1523.6 8372.77
1523.38 8386.14
1523.79 8400.28
1523.78 8378.19
1524.1 8362
1525.16 8393.45
1525.19 8419.41
1525.59 8437.28
1525.37 8449.2
1525.89 8455.26
1525.83 8465.6
1526.2 8470.2
1526.06 8478.84
1525.68 8467.12
1525.67 8485.44
1525.27 8408.56
1525.57 8376.68
1525.65 8390.95
1525.99 8379.7
1526.01 8371.91
1525.91 8355.52
1525.49 8359.69
1525.18 8356.51
1525.33 8366.48
1525.3 8365.4
1525.26 8332.08
1525.24 8316.34
1525.78 8328.29
1525.17 8320.63
1525.2 8318.1
1525.11 8328.26
1525.24 8312.7
1525.59 8312.56
1527 8378.78
1528.07 8395.04
1528.07 8394.06
1527.85 8394.19
1527.85 8394.56
1527.84 8390.54
1528.05 8377.27
1529.1 8400.73
1529.23 8407.56
1528.92 8444.65
1529.2 8431.62
1529.2 8461.1
1529.62 8498.02
1529.53 8438.82
1529.37 8458.15
1529.45 8494.96
1529.21 8491.34
1530.53 8518.95
1530.61 8529.44
1531.42 8570.7
1531.65 8572.4
1531.45 8561.94
1531.53 8564.62
1531.53 8524.11
1531.25 8538.42
1531.24 8531.43
1531.93 8542.81
1531.17 8571.07
1531.5 8597.13
1531.67 8612.58
1531.63 8614.82
1531.35 8631.56
1531.02 8644.36
1531.13 8694.72
1530.64 8660.25
1530.68 8689.35
1530.48 8699.26
1530.34 8713.79
1530.38 8721.58
1530.52 8732.64
1531.75 8746.16
1531.52 8740.99
1531.51 8749.65
1531.51 8753.65
1531.4 8858.17
1531.32 8884.36
1532.54 8891.86
1532.58 8901.75
1532.56 8887.09
1532.66 8883.1
1532.61 8867.98
1533.02 8847.87
1533.06 8843.69
1532.8 8822.07
1532.82 8813.69
1532.81 8824.21
1532.65 8818.5
1532.6 8815.24
1532.87 8819.95
1533.38 8836.23
1533.2 8813.71
1532.96 8806.36
1531.93 8805.85
1532.35 8811.59
1532.35 8825.84
1532.36 8840.1
1533.57 8841.97
1533.51 8810.36
1533.17 8782.49
1533.33 8781.13
1532.85 8761.5
1532.87 8688.06
1532.83 8685.48
1533.38 8673.61
1533.49 8670.59
1533.8 8662.52
1533.64 8660.76
1531.75 8677.27
1531.61 8673.47
1532.21 8681.16
1532.17 8680.27
1531.42 8676.64
1531.36 8664.25
1531.39 8647.24
1531.34 8643.23
1530.93 8658.45
1530.53 8658.85
1529.16 8659.8
1529.13 8656.45
1528.87 8657.87
1528.9 8664.58
1529.14 8667.4
1529.06 8670.16
1529.07 8674.12
1528.87 8681.89
1528.65 8687.16
1528.51 8696.55
1528.2 8688.7
1527.97 8602.93
1528.09 8578.97
1528.09 8560.98
1528.24 8551.73
1527.74 8647.3
1527.79 8668.45
1527.86 8649.63
1527.86 8648.54
1528.32 8645.97
1528.01 8637.3
1528.32 8646.18
1529.29 8627.88
1529.35 8673.42
1529.3 8656.52
1531.35 8789.5
1532.33 8852.54
1532.08 8860.78
1531.67 8849.74
1531.67 8872.74
1531.73 8857.49
1531.74 8840.07
1532.42 8858.29
1532.24 8875.65
1532.06 8877.72
1532.14 8868
1532.02 8865.52
1532 8864.02
1531.89 8864.45
1531.86 8856.06
1531.7 8828.86
1531.72 8799.31
1531.72 8762.09
1531.81 8775.07
1533.22 8782.56
1532.7 8797.68
1533.24 8842.99
1533.29 8847.08
1533.45 8855.94
1533.34 8857.37
1533.52 8863.75
1533.74 8869.09
1533.65 8914.17
1533.62 8914.09
1533.61 8889.82
1533.14 8766.12
1533.14 8675.46
1533.23 8606
1533.63 8559.24
1535.05 8556.93
1534.78 8601.36
1534.73 8619.81
1534.74 8625.9
1535.77 8617.26
1534.66 8583.74
1534.98 8573.14
1535.03 8598.87
1535.59 8624.32
1536.12 8608.49
1535.98 8614.14
1535.94 8608.5
1535.93 8624.84
1536.27 8624.64
1536.26 8618.42
1537.68 8609.51
1537.57 8609.84
1537.8 8610.06
1537.79 8615.94
1538.41 8606.83
1540.15 8697.25
1540.17 8709.09
1540.16 8716.09
1540.27 8719.2
1539.65 8731.29
1540.26 8801.18
1538.67 8875.38
1538.56 8917.08
1538.59 8948.67
1538.32 8899.96
1538.32 8891.61
1538.28 8883.82
1539.73 8918.25
1539.36 8980.76
1539.51 9004.21
1539.41 9024.4
1539.43 9045.03
1539.45 9062.34
1539.45 9068.12
1539.45 9070.33
1539.5 9071.91
1540.73 9067.13
1541.29 9105.56
1541.31 9102.7
1541.3 9118.91
1541.44 9138.83
1541.39 9092.65
1541.68 9067.81
1541.71 9067.49
1542.08 9067.37
1543.38 9076.28
1543.44 9080.14
1543.33 9076.51
