174.051 0
175.209 0
181.748 0
307.621 1.91913
387.943 1.91913
818.706 119.182
826.616 125.968
835.93 120.474
892.875 120.013
938.438 123.716
943.626 122.551
1033.06 146.703
1055.27 168.02
1101.27 181.886
1173.37 355.93
1192.36 429.364
1322.46 480.169
1331.47 475.65
1362.76 476.211
1368.55 462.408
1369.18 459.21
1374.82 458.999
1385.14 456.391
1408.9 588.989
1438.97 558.612
1488.16 563.032
1488.23 566.308
1528.77 6033.73
1533.46 6688.13
1539.19 7178
1541.16 7712.59
1550.92 8423.43
1595.28 9137.29
1632.93 9572.37
1636.53 10012.3
1662.8 10350.5
1683.91 10589
1677.83 10734.3
1677.96 10800.7
1709.52 10804.6
1715.3 10753.1
1718.29 16098.8
1719.13 15709.3
1733.57 15259.4
1741.15 14759.6
1755.54 14220.8
1755.4 13648.5
1754.92 13045.6
1755.82 12423.4
1797.87 13180.4
1797.82 12486
1800.67 19440.9
1801.92 17275.8
1803 15086.1
1867.84 21401.5
1860.28 17238.4
1864.3 18150.9
1883.66 16344.7
1883.38 13086.1
1882.9 10267.8
1898.42 11806.5
1899.75 8683.9
1901.48 8334.99
1906.26 6667.58
1921.24 5834.5
1923.39 5544.02
1918.19 5327.31
2074.22 6189.15
2089.35 7553.77
2089.93 7126.74
2137.27 6531.77
2113.7 6205.76
2124.13 5656.97
2122.55 5408.59
2196.03 7097.64
2194.07 6568.56
2198.67 6260.28
2199.39 6084.87
2179.05 5714.68
2189.79 5578.4
2189.15 5354.72
2188.96 5514.27
2189.19 5757.09
2191.49 5688.63
2162.15 5775.15
2145.67 5885.34
2144.41 5748.12
2145.46 5666.74
2147.88 5612.6
2186.98 5726.12
2189.2 5710.86
2186.79 5666.53
2185.83 5631.65
2183.43 5548.78
2183.24 5468.88
2184.09 5355.82
2171.23 5540.82
2178.7 5642.3
2177.95 5392.34
2191.25 5360.06
2218.33 5561.86
2217.24 5469.2
2207.44 5440.51
2211.5 6046.15
2211.71 5827.28
2219.44 5810.23
2222.88 5858.98
2222.9 5749.27
2223.83 5545.71
2223.94 5426.88
2225.21 5406.45
2225.24 5382.28
2222.66 5464.8
2223.64 5462.09
2216.24 5420.72
2256.84 5951.16
2257.68 5885.51
2232.75 5948.19
2233 5742.31
2239.08 5636.16
2236.36 5597.76
2235.74 5610.16
2235.99 5575.84
2230.26 5582.82
2230.7 5575.44
2234.72 5568.01
2233.09 5581.75
2256.62 5771.67
2252.75 5894.14
2254.43 5956.92
2250.02 5980.33
2235.81 6034.66
2242.83 6026.1
2242.42 6004.47
2242.55 5979.12
2268.88 7467.4
2268.95 7322.58
2267.54 6922.52
2262.54 6675
2262.48 6555.25
2264.5 6391.03
2264.5 6315.9
2260.98 6278.54
2260.47 6251.22
2260.82 6359.22
2260.99 6309.98
2259.04 6269.98
2258.43 6300.23
2258.39 6308.44
2262.71 6357.35
2262.76 6408.37
2262.84 6473.64
2262.37 6480.26
2262.37 6463.84
2262.26 6479.48
2262.04 6480.79
2258.87 6471.46
2258.66 6434.35
2258.68 6430.42
2260.33 6424.36
2262.16 6426
2263.08 6484.07
2263.84 6423.8
2258.94 6388.27
2259.08 6336.43
2254.37 6216.46
2252.4 6210.9
2255.08 6194.71
2252.86 6058.01
2250.76 5995.74
2251.09 5983.78
2250.51 5954.18
2254.7 6076.18
2254.81 6065.88
2254.97 6055.49
2255.41 6060.72
2253.5 6066.72
2251.57 6087.41
2251.86 6091.24
2250.49 6097
2251.49 6077.57
2251.9 6091.54
2251.15 6106.18
2251.29 6098.13
2254.71 6109.48
2256.95 6139.02
2256.55 6151.24
2254.89 6127.11
2258.84 6074.03
2258.57 6029.36
2258.84 6019.57
2258.89 6024.42
2257.23 6013.1
2257.17 6020.68
2257.29 6013.01
2257.1 6004
2262.25 6020.7
2262.33 6031.01
2262.12 6049.18
2262.16 6051.24
2261.19 6028.19
2260.87 6029.06
2261.11 6031.14
2261.31 6017.94
2257.82 6050.82
2257.84 6049.54
2257.96 5981.49
2249.79 6112.77
2246.82 5607.53
2248.02 5426.11
2246.31 5403.34
2245.38 5390.76
2245.74 5471.48
2244.21 5486.5
2244.59 5521.79
2244.79 5555.63
2244.1 5570.97
2245.22 5593.24
2244.75 5593.17
2245.31 5574.33
2246.6 5594.44
2245.42 5588.08
2245.5 5577.64
2245.94 5559.32
2245.72 5565.84
2246.46 5574.98
2246.87 5601.26
2250.37 5638.88
2251.05 5677.82
2249.03 5674.22
2247.67 5570.67
2247.37 5543.29
2247.98 5560.08
2247.98 5572.28
2246.89 5586.3
2243.96 5644.72
2245.04 5613.57
2246.44 5563.23
2244.42 5541.6
2245.93 5468.27
2247.39 5390.55
2246.31 5402.45
2251.17 5392.96
2249.85 5373.97
2248.9 5404.76
2248.84 5431.54
2247.18 5445.36
2245.8 5489.42
2241.82 5456.96
2240.17 5473.36
2241.11 5463.69
2238.41 5491.03
2238.39 5525
2233.08 5541.59
2231.67 5549.71
2232.3 5597.11
2234.44 5643.32
2234.29 5668.41
2234.54 5702.79
2234.52 5702.63
2233.8 5715.24
2233.91 5726.91
2234.18 5740.63
2233.91 5751.81
2234.36 5764.28
2234.19 5766.8
2235.06 5765.6
2236.2 5788.81
2238.16 5805.56
2239.08 5789.79
2238.37 5797.58
2237.26 5795.16
2236.68 5800.17
2236.39 5811.24
2232.87 5792.62
2231.53 5795
2231.56 5802.05
2231.28 5793.19
2234.96 5784.79
2234.55 5785.05
2234.11 5793.15
2234.41 5774.05
2236.14 5784.65
2235.01 5801.54
2235.06 5774.35
2234.44 5784.66
2231.25 5808.08
2229.81 5753.35
2229.81 5774.78
2230.76 5739.14
2228.48 5739.14
2228.37 5753.61
2227.76 5751.15
2228.79 5731.69
2230.63 5720.23
2231 5707.22
2231.04 5678.71
2231.2 5681
2230.05 5653.85
2230.28 5641.49
2232.5 5645.44
2233.55 5707.8
2232.13 5746.86
2232.2 5791.13
2232.4 5818.97
2232.81 5864.76
2233.99 5886
2235.51 5882.31
2235.37 5897.39
2235.07 5945.68
2234.27 5977.14
2234.13 6004.04
2234.23 5999.28
2238.22 5997.44
2238.23 5988.85
2238.14 5943.8
2237.37 5909.87
2237.32 5899.63
2237.24 5872.8
2236.03 5880.84
2235.39 5901.46
2234.83 5912.89
2231.15 5907.18
2230.02 5928.75
2230.4 5937.46
2230.52 5937.57
2230.74 5935.8
2230.59 5939.83
2230.21 5937.43
2230.55 5939.42
2229.27 5950.69
2228.49 5957.77
2228.44 5970.79
2227.9 5971.87
2227.45 5967.19
2227.27 5982.02
2228.18 5987.65
2226.43 5993.04
2228.31 6003.42
2232.71 6001.25
2232.83 5994.64
2235.4 5990.9
2235.49 5996.55
2233.65 6035.6
2233.18 6022.22
2232.85 6020.06
2232.62 6012.63
2232.43 6008.24
2232.39 6006.34
2232.99 6015.42
2232.1 6021.5
2231.82 5998.38
2232.78 6006.31
2232.85 6026.3
2233.4 6010.89
2234.81 6028.61
2234.75 6006.32
2234.12 5989.84
2232.99 5985.09
2232.79 5966.39
2232.75 5944.55
2232.91 5928.19
2232.99 5896.96
2232.72 5873.1
2232.19 5868.6
2232.09 5857.78
2232.41 5841.89
2231.71 5834.23
2231.49 5842.73
2231.45 5838.39
2231.3 5827
2231.98 5820.43
2230.76 5841.15
2231.3 5842.88
2231.35 5827.59
2232.88 5853.13
2233.06 5854.44
2231.88 5865.15
2229.66 5833.05
2230.06 5828.53
2229.9 5882.29
2231.05 5903.91
2231.34 5918.08
2231.16 5933.01
2231.51 5938.48
2231.15 5942.18
2231.1 5962.27
2232.23 5963.13
2232.33 5982.14
2232.38 5983.6
2232.88 6013.97
2233.81 6003.15
2233.69 6010.74
2235.06 5985.42
2234.98 5994.84
2235.12 6051.16
2235.82 6057.33
2238.12 6099.03
2238.06 6137.26
2236.98 6148.37
2236.88 6156.46
2236.8 6159.88
2235.5 6176.71
2235.34 6182.93
2236.16 6193.25
2236.18 6208.87
2236.06 6219.52
2235.63 6228.59
2236.24 6221.05
2236.24 6230.33
2236.31 6240.35
2235.71 6238.32
2235.82 6235.81
2235.7 6241.29
2235.67 6249.7
2235.34 6222.23
2234.99 6198.99
2234.19 6183.5
2234.25 6161.97
2234.13 6167.4
2234.26 6163.65
2233.87 6146.22
2233.85 6139.66
2233.84 6134.09
2233.73 6132.11
2233.99 6118.52
2233.89 6118.87
2234.12 6124.48
2234.02 6130.93
2234.4 6109.81
2234.59 6102.37
2232.97 6068.85
2231.32 6021.89
2229.93 6028.09
2229.77 6011.62
2229.48 6015.7
2229.43 6032.87
2229.44 6044.11
2229.34 6054.34
2228.94 6091.68
2228.94 6108.9
2233.5 6120.77
2232.54 6139.24
2234.25 6100.05
2234.19 6095.04
2233.42 6094.88
2232.54 6089.18
2233.26 6062.05
2236.03 6069.79
2237.12 6059.42
2238.15 6075.06
2236.45 6059.31
2236.3 6072.64
2237.05 6088.81
2236.74 6096.03
2238.06 6098.84
2237.24 6124.73
2237.28 6128.81
2237.89 6135.57
2237.39 6138.57
2237.65 6158.88
2237.43 6172.14
2236.07 6163.78
2236.79 6183.68
2236.82 6195.06
2238.31 6200.52
2238.08 6210.93
2238.22 6195.26
2237.78 6177.97
2237.74 6156.7
2237.8 6153.96
2237.42 6144.54
2237.25 6132.62
2237.86 6125.65
2238.02 6126.4
2237.97 6129.63
2238.25 6123.1
2238.58 6121.27
2238.61 6119.21
2238.24 6115.53
2235.76 6149.84
2237.4 6174.33
2238.29 6156.9
2238.36 6155.48
2238.22 6163.16
2237.7 6164.24
2236.96 6171.96
2236.7 6171.38
2236.23 6162.28
2236.29 6151.92
2236.17 6140.94
2234.85 6141.11
2234.74 6138.09
2234.73 6139.81
2235.05 6144.92
2233.46 6143.71
2233.97 6147.74
2233.31 6123.95
2233.38 6082.74
2235.07 6093.89
2234.07 6091.89
2233.78 6091.6
2232.1 6109.47
2232.5 6107.6
2232.47 6074.96
2232.49 6064.61
2232.47 6064.04
2231.38 6095.91
2230.92 6088.08
2230.86 6070.19
2230.56 6073.33
2230.31 6056.36
2229.61 6031.95
2228.87 6023.88
2229.18 6027.15
2229.49 6011.73
2229.48 6000.74
2228.89 6007.99
2227.02 5956.12
2227.5 5930.07
2227.43 5918.73
2226.09 5915.74
2225.48 5920.94
2225.86 5960.97
2228.35 5980.38
2228.34 5996.34
2227.83 5974.35
2227.82 5947.73
2228.66 5941.6
2235.13 5928.24
2235.39 5923.15
2236.04 5921.36
2235.47 5920.96
2235.06 5916.04
2235.35 5907.15
2235.78 5933.81
2235.89 5925.12
2235.61 5911.22
2236.76 5905.77
2237.03 5906.78
2237.03 5905.66
2236.84 5906.59
2236.66 5902.48
2236.8 5922.27
2236.62 5907.89
2237.64 5941.24
2236.3 5937.32
2235.91 5954.04
2235.91 5974.2
2236.06 5975.58
2234.87 5973.76
2236.6 5961.56
2238.2 5962.61
2238.61 5955.84
2237.99 5955.89
2238.3 5964.13
2238.3 5963.14
2238.28 5961.78
2238.6 5922.16
2238.22 5895.77
2237.07 5897.97
2236.29 5908.01
2235.58 5882.25
2234.6 5825.22
2234.59 5812.93
2234.11 5785.04
2234.14 5760.9
2233.9 5753.78
2234.49 5768.5
2234.56 5780.75
2234.6 5782.81
2234.67 5783.39
2234.76 5788.11
2235.41 5784.57
2234.94 5769.66
2233.56 5769.57
2233.91 5765.62
2233.9 5749.78
2233.82 5750.48
2232.73 5753.44
2232.97 5759.72
2233.11 5765.55
2232.61 5763.27
2232.6 5759.99
2232.76 5759.38
2232.75 5767.95
2231.45 5779.43
2231.27 5790.25
2231.53 5794.88
2232.65 5794
2231.58 5800.22
2231.84 5842.77
2232.81 5880.6
2234.58 5882.83
2235.66 5891.93
2235.36 5883.71
2235.57 5871.25
2235.64 5881.75
2237.22 5883.97
2236.73 5897.79
2237.16 5916.88
2236.48 5931.82
2236.73 5962.21
2236.69 5967.24
2236.56 5975.36
2235.41 5983.49
2235.43 5970.83
2235.41 5961.94
2235.19 5966.11
2235.39 5964.39
2236.57 5947.5
2236.02 5940.22
2235.94 5933.81
2236.04 5931.6
2235.05 5927.28
2235.29 5912.06
2238.83 5899.87
2240.34 5865.84
2240.79 5854.5
2241.03 5855.32
2240.95 5850.24
2241.06 5860.57
2241.57 5860.87
2240.68 5845.54
2240.93 5848.49
2240.55 5849.02
2240.19 5858.3
2240.31 5852.27
2240.23 5847.28
2240.24 5843.25
2240.35 5855.65
2240.27 5861.62
2240.03 5862.95
2239.74 5869.69
2239.76 5873.51
2239.4 5887.07
2238.78 5911.28
2239.38 5928.9
2239.21 5906.74
2238.99 5903.36
2237.31 5895.41
2237.31 5887.11
2237.53 5881.46
2237.28 5875.63
2237.45 5874.2
2237.55 5867.55
2237.66 5871.16
2238.06 5857.29
2236.84 5815.6
2237.42 5814.57
2237.23 5824.23
2237.15 5824.63
2236.56 5845.77
2236.7 5846.69
2237.07 5844.77
2237.35 5847.71
2236.21 5885.76
2235.67 5902.94
2235.87 5915.41
2235.89 5910.64
2237.18 5926.53
2236.86 5943.74
2236.98 5949.39
2237.18 5948.64
2237.1 5946.05
2237.16 5947.06
2236.97 5893.85
2236.96 5888.37
2237.32 5884.63
2237.4 5883.75
2240.31 5821.89
2242.91 5830.54
2242.92 5824.68
2242.79 5850.33
2243.26 5878.66
2241.74 5918.69
2241.85 5955.26
2242.2 5982.84
2241.49 6007.07
2242.03 6020.1
2242.26 6037.27
2242.31 6051.08
2243.7 6049.86
2244.59 6064.9
2244.95 6070.48
2245.65 6125.18
2245.38 6139.99
2244.86 6141.98
2244.82 6147.89
2244.91 6170.84
2246.1 6171.63
2246.69 6168.45
2246.65 6168.24
2247.1 6182.21
2247.18 6189.84
2246.16 6226.06
2247.28 6234.42
2247.55 6238.23
2247.39 6206.6
2247.31 6187.24
2246.57 6197.6
2246.83 6192.12
2247.1 6171.62
2246.15 6178.63
2245.87 6172.01
2245.59 6164.8
2246.11 6156.28
2245.7 6140.49
2245.15 6116.37
2243.86 6123.04
2243.73 6131.11
2243.78 6136
2242.25 6110.3
2241.41 6102.79
2241.14 6101.68
2240.99 6069.67
2241.15 6057.57
2241.67 6056.91
2241.08 6035.45
2240.79 6059.67
2240.68 6034.84
2241.67 6055.83
2241.68 6055.63
2241.51 6035.23
2241.88 6041.72
2242.28 6068.16
2242.11 6079.99
2242.08 6089.91
2242.17 6093.7
2241.87 6091.24
2241.29 6104.44
2241.52 6106.32
2241.91 6101.53
2242.35 6098.73
2242.22 6094.82
2240.69 6036.65
2240.86 6027.04
2240.91 6032.29
2240.7 6042.26
2240.48 6049.58
2240.29 6061.6
2240.88 6061.5
2240.96 6060.58
2241.09 6056.62
2240.72 6060.62
2240.55 6044
2240.48 6027.3
2240.42 6013.99
2241.07 6007.81
2240.8 5995.96
2240.91 5989.02
2238.47 5993.75
2238.07 5984.31
2238.58 5991.6
2239.63 6003.75
2240.72 6026.83
2240.51 6014.11
2240.16 6020.53
2240.44 6017.4
2240.37 6018.25
2239.45 6028.01
2239.15 6032.31
2239.52 6029.11
2239.6 6028.38
2240.06 6040.58
2239.91 6033.51
2239.63 6021.44
2237.92 6003.8
2237.14 6000.38
2237.03 6007.05
2237.91 5994.41
2237.58 5974.67
2237.66 5969.53
2237.57 5967.16
2237.5 5959.13
2237.7 5961.58
2237.97 5955.64
2237.69 5949.55
2237.77 5958.53
2237.57 5957.36
2237.05 5955.07
2236.94 5956.2
2236.91 5961.63
2236.84 5966.18
2232.44 6024.12
2232.32 6033.8
2233.15 6037.46
2233.03 6034.33
2233.32 6016.8
2232.89 5928.99
2233.06 5930.86
2232.86 5908.79
2233.13 5882.02
2232.72 5873.48
2233.59 5901.63
2233.3 5903.01
2232.68 5905.7
2232.98 5918.3
2232.73 5924.92
2232.76 5919.21
2232.76 5930.42
2232.96 5926.59
2232.84 5937.78
2232.87 5938.77
2232.32 5939.96
2232.45 5947.9
2232.42 5947.98
2234.56 5951.41
2234.42 5999.18
2235.21 6005.15
2235.48 6023.57
2235.91 6015.77
2235.1 6003.5
2235.1 5994.68
2235.44 5999.11
2235.25 5998.14
2235.28 5994.97
2235.65 5990.59
2235.79 5999.87
2236.56 5967.97
2237.29 5997.25
2237.41 6009.54
2237.64 6006.76
2237.64 6011.55
2237.74 6015.91
2237.4 6024.78
2237.39 6018.22
2235.95 5955.82
2234.96 5977.72
2235.31 5983.96
2236.42 5961.38
2236.22 5976.68
2233.25 6007.72
2232.98 6003.84
2232.8 6010.49
2232.22 6016.04
2232.41 6016.04
2232.07 6010.45
2232.27 5985.17
2232.14 5984.2
2232.19 5984.89
2232.2 5987.02
2232.22 5935.65
2233.05 5920.8
2233.19 5923.88
2232.36 5918.46
2232.23 5918.01
2232.94 5911.93
2234.84 5972.2
2234.85 5962.44
2233.7 5941.77
2233.7 5931.37
2234.02 5914.11
2233.79 5923.85
2233.7 5929.56
2232.87 6026.12
2232.54 6040.33
2232.36 6049.33
2232.26 6050.59
2233.45 6043.77
2232.47 6044.49
2235.71 6036.88
2235.9 6054.69
2235.84 6059.29
2234.44 6048.61
2234.75 6049.73
2234.21 6062.5
2234.27 6072.21
2234.13 6081.85
2233.96 6106.66
2233.34 6104.34
2233.1 6101.88
2233.3 6110.72
2233.32 6125.9
2233.53 6133.39
2233.42 6139.08
2233.38 6150.49
2233.43 6155.45
2232.34 6133.49
2232.28 6125.4
2232.62 6117.29
2232.47 6114.59
2232.58 6109.62
2233.07 6099.09
2233.12 6089.09
2233.03 6078.68
2233.12 6070.85
2233.14 6070.04
2233.16 6061.82
2233.27 6083.33
2233.09 6103.15
2232.85 6097.55
2232.88 6098.39
2233.67 6140.67
2233.12 6117.26
2232.98 6133.86
2233.06 6140.47
2231.62 6142.18
2231.48 6148.15
2230.96 6153.03
2230.82 6157.49
2230.82 6157.42
2231.08 6167.4
2230.75 6168.33
2230.85 6172.64
2231.1 6171.49
2231.28 6174.83
2230.58 6173.18
2230.71 6177.72
2230.78 6182.75
2230.26 6196.99
2230.44 6202.02
2232.18 6225.72
2232.15 6254.98
2232.3 6264.73
2232.38 6284.85
2232.52 6293.31
2232.52 6299.45
2232.93 6313.28
2232.94 6318.87
2233.45 6316.29
2234.51 6319.02
2234.05 6323.61
2233.34 6312.42
2233.43 6311.23
2232.97 6301.42
2233.01 6282.33
2232.97 6263.93
2231.51 6221.62
2230.96 6250.37
2230.55 6266.48
2230.27 6261.17
2230.47 6248.45
2230.39 6255.89
2230.72 6234.46
2230.75 6216.31
2230.75 6206.7
2230.89 6198.58
2230.96 6193.67
2230.41 6221.05
2232.66 6213.24
2232.76 6257.27
2232.7 6220.65
2232.65 6216.2
2232.2 6213.83
2232.18 6217.99
2232.09 6228.83
2229.87 6215.61
2228.77 6231.46
2228.45 6235.83
2226.41 6191.95
2226.51 6190.35
2226.42 6193.05
2225.13 6194.64
2223.55 6161.91
2223.99 6141.75
2223.86 6139.95
2223.59 6135.04
2223.71 6129.35
2223.8 6173.41
2224.17 6183.63
2224.69 6181.91
2224.64 6188.6
2223.9 6186.4
2224 6191.67
2224.22 6199.03
2224.73 6216.81
2223.93 6161.4
2223.84 6150.76
2223.76 6149.27
2223.76 6144.63
2226.65 6142.74
2226.65 6151.1
2226.74 6156.44
2226.7 6157.76
2226.74 6175.15
2226.77 6171.21
2226.43 6163.28
2226.38 6157.6
2226.52 6161.72
2226.51 6163.39
2225.72 6172.85
2225.7 6195.43
2225.64 6216.94
2225.63 6228.81
2226.01 6233.04
2226.18 6226.64
2226.2 6218.75
2227.74 6150.03
2227.7 6136.73
2227.61 6133.14
2229.13 6211.99
2228.65 6204.22
2228.28 6194.83
2226.63 6160.97
2226.06 6149.05
2226.08 6151.08
2225.41 6147.81
2225.75 6129.86
