213.782 0
216.718 0
237.054 0
239.762 0
243.654 0
255.658 0
428.687 602.807
430.928 446.037
450.222 384.037
452.329 351.37
453.249 330.863
443.048 1205.44
443.503 657.665
467.157 433.299
481.232 321.017
484.238 261.924
484.319 277.704
543.161 262.353
547.836 275.865
548.283 283.327
581.513 362.964
644.214 325.854
687.426 266.792
691.338 242.407
711.707 234.398
713.646 232.797
752.467 233.102
789.387 245.765
792.553 473.852
801.082 518.488
804.98 540.959
1020.14 519.42
1031.13 536.42
1031.45 543.44
1056.28 544.81
1093.13 869.47
1090.87 866.191
1155.54 915.032
1155.76 959.714
1160.74 999.732
1166.53 1027.2
1166.94 1044.94
1146.3 1144.4
1146.15 1173.26
1106.94 1465.26
1131.72 1517.92
1128.92 1664.49
1128.99 1783.11
1129 1839.15
1138.82 1861.05
1144 1884.12
1158.88 1929.84
1161.33 1929.6
1160.1 1928.25
1160.07 1920.99
1161.29 2513.72
1157.21 2418.39
1199.62 2445.88
1204.47 2515.59
1204.66 2552.39
1193.79 3277.44
1207.96 3558.7
1208.78 3717.15
1168.54 4032.13
1150.65 4224.63
1152.5 4375.89
1132.78 4625.05
1139.16 4802.76
1065.82 4845.18
1073.44 5007.55
1070.75 5255.7
1077.06 5406.82
1077.41 5527.31
1077.11 5543.48
1073.93 5429.03
1048.96 6163.24
1057.63 6213.57
1069.3 6185.19
1067.06 6055.67
1067.36 6548.19
1065.37 6281.3
1080.79 6189.64
1088.33 6169.24
1108.39 6169.95
1132.35 6300.62
1133.34 6296.81
1133.77 6561.59
1134.59 6589.45
1199.91 8963.08
1200.18 9016.98
1204.77 8987.3
1206.17 9020.69
1205.94 8931.59
1214.63 8874.88
1215.97 8736.58
1211.54 8725.71
1221.28 8795.12
1221.02 8815.77
1220.47 8823.77
1232.74 8758.81
1232.51 8650.78
1187.94 9001.21
1194.53 9437.03
1188.86 9658.14
1196.73 9489.3
1205.87 9080.2
1226.52 9052.5
1211.3 9485.62
1209.59 9810.21
1222.16 9859.62
1189.37 9804.44
1191.8 9921.78
1193.5 9813.3
1198.3 9746.99
1193.22 9872.28
1192.99 10092
1181.49 10489.7
1179.98 10526.7
1180.47 10463.8
1170.98 10467.6
1171.32 10449.9
1167 10388.8
1164.48 10446.6
1157.92 10527.4
1158.02 10533.3
1157.09 10533.4
1161.6 10510.8
1173.62 10786.6
1174.4 10914.2
1173.74 10884.6
1173.91 10952.2
1177.57 10914.2
1177.36 10925.1
1177.65 11051.3
1189.37 11028.9
1189.17 10979.3
1189.17 11019.4
1191.6 11034.9
1197.24 11157.9
1168.5 11321
1167.94 11385.1
1168.59 11395.6
1168.37 11404.5
1169.26 11421.9
1174.78 11492.5
1179.66 11634.5
1182.02 11647.5
1182.4 11668.4
1178.67 11906.9
1178.56 11972.3
1176.64 12062.4
1173.69 11974.9
1171.76 12025.2
1169.9 11928.6
1170.49 11882.2
1170.49 11828.3
1171.13 12142.4
1171.03 12326.4
1171.27 12206.3
1170.54 11976.9
1180.97 11800.1
1181.55 11714.5
1174.34 11639.5
1177.99 11626.8
1178.9 11581.7
1178.8 11528.7
1177.94 11759.9
1180.73 11603.5
1180.77 11605.6
1180.87 11603.8
1180.42 11558.5
1180.85 11630.9
1177.67 11929.7
1180.15 11988.4
1182.14 11945.6
1182.41 11844.6
1183.42 11646.3
1185.52 11543.3
1186.03 11362.9
1185.16 11162.9
1184.96 11204.4
1190.37 11618
1190.81 11031.9
1190.65 11181.2
1192.54 11213
1213.12 11477.7
1214.38 11514.3
1201.78 11525.1
1201.84 11605.2
1202.15 11679.2
1195.52 11621.7
1195.41 11745.9
1198.9 11663.4
1190.22 11874.6
1195.21 11922.9
1198.99 11808.7
1199.99 11707.2
1198.5 11598.2
1199.19 11687.2
1200.94 11724.2
1202.74 11835.2
1202.79 11840.4
1205.54 11804.8
1202.58 11791.3
1197.19 11772.7
1192.16 11760.8
1192.72 11786.2
1191.39 11933
1194.98 12043
1193.26 12400.2
1193.95 12511.4
1196.57 12662.2
1201.54 12661.5
1201.6 12726.1
1201.7 12624.6
1201.7 12629.3
1219.02 12797.4
1216.9 12785.4
1218.63 13162
1216.53 13457.7
1212.81 13228.1
1213.1 13445
1211.23 13696.8
1211.01 13665.5
1207.63 14066.8
1210.86 14282.9
1216.36 14327.6
1216.31 14399.2
1218.19 14535.2
1218.85 14639
1219.21 14676
1220.33 14684.8
1219.72 14713.1
1223.24 14743.3
1223.31 14762.7
1226.58 14928.6
1229.64 14909.7
1230.42 14925.9
1229.65 14925.4
1225.65 15312.6
1225.46 15070
1234.67 15071.5
1235.67 14816.4
1237.65 14732.1
1237.57 14585.8
1239.37 14860
1240.8 14453.9
1241.06 14292.9
1240.71 14288.7
1240.76 14303.5
1242 14321.9
1242.01 14271.9
1246.59 14302.3
1256.48 14452.9
1256.49 14424.4
1255.8 14267
1255.79 14236.1
1263.12 14199.9
1263.09 14155.5
1262.95 14099.1
1263.95 14027.8
1261.06 14118.6
1260.9 14136.9
1264.25 14226.6
1264.55 14198.9
1266.63 14191.5
1272.61 14327.4
1273.32 14362.6
1273.61 14394.9
1272.19 14505.5
1273.23 14575.8
1273.15 14523.7
1271.01 14506
1267.19 14454.1
1266.99 14448.8
1265.6 14424
1269.18 14545.1
1269.27 14460.6
1267.12 14557.6
1266.7 14864.3
1267.09 14983.9
1267.34 15027
1267.93 15040.7
1269.89 15114.5
1269.5 15144.5
1269.5 15153
1271.64 15208.5
1276.63 15420.6
1277.43 15543.7
1279.12 15523.9
1280.79 15561
1287.83 15628.8
1287.66 15542.8
1290.29 15579.4
1290.38 15557.8
1290.11 15547.1
1289.6 15525.7
1288.66 15429.7
1288.67 15425.5
1288.91 15478.6
1288.9 15495.9
1288.57 15538.4
1288.56 15586.2
1288.05 15583.3
1288.99 15682.7
1289.15 15667.8
1288.65 15648.8
1288.59 15650.1
1288.85 15672.6
1288.94 15671.8
1295.91 15786.3
1296.5 15748.9
1295.09 15733.7
1295.79 15751.1
1295.55 15728.8
1301.16 15705.7
1306.73 15749
1306.7 15749.3
1306.61 15775.9
1305.68 15810.9
1305.65 15815.8
1305.79 15847.7
1306.44 15859.1
1307.14 15839.2
1302.74 15907.4
1302.74 15903.9
1302.72 15871.6
1301.65 15862.8
1301.46 15828.3
1303.69 15823.5
1304.05 15824.9
1303.47 15824.8
1301.51 15843.9
1300.49 15855.2
1300.42 15879.1
1300.25 15926.9
1299.71 15898
1300.99 15853.9
1300.9 15872.4
1302.13 15908.2
1303.35 15997.9
1302.92 16119.7
1303.79 16191.6
1304.69 16211.9
1303.05 16161.3
1301.54 16117.3
1301.54 16117.5
1302.73 16108.9
1304.04 16058.5
1303.97 16052.9
1304.26 16096.4
1304.44 16090.8
1304.31 16116.5
1304.64 16139.9
1305.44 16089.3
1306.11 16081.8
1302.88 16071.3
1304.25 16027
1308.6 16218
1308.38 16264.9
1309.5 16262
1310.01 16278.4
1310.27 16295.6
1310.26 16338.1
1310.33 16306.7
1311.57 16273.2
1312.28 16239.6
1314.33 16296
1314.61 16302.2
1314.59 16284.6
1311.67 16202
1314.67 16239.9
1314.48 16232.1
1314.3 16301.7
1314.22 16272.8
1316.39 16213.7
1315.58 16261.5
1317.81 16308.3
1319.73 16323.1
1319.71 16234.8
1318.17 16248.5
1316.34 16236.4
1311.55 16235
1312.51 16447.6
1313.02 16449.4
1309.86 16478.7
1308.57 16491.1
1307.97 16528
1308.67 16598.2
1308.09 16490.4
1308.09 16508.2
1306.29 16426.3
1306.08 16418.5
1307.74 16439.6
1308.96 16524.6
1307.8 16324.3
1307.82 16273.9
1307.68 16297.9
1308.31 16261.4
1308.57 16269
1307.2 16313.3
1304.1 16299.4
1304.19 16324.5
1304.33 16330.2
1304.04 16287.8
1303.72 16265.9
1303.43 16248.8
1303.51 16225.5
1306.92 16310.7
1306.77 16295.2
1311.64 16412.7
1315.51 16592.7
1314.25 16610.2
1314.17 16526.8
1313.7 16500.7
1313.67 16529.3
1313.7 16515.4
1313.54 16502.4
1313.12 16528.8
1314.34 16524.7
1314.35 16518.5
1314.51 16467.1
1314.49 16455
1314.2 16462.9
1313.78 16538
1313.11 16538
1313.08 16545.3
1313.33 16520.2
1313.52 16542.1
1312.68 16542.5
1311.62 16528.9
1311.75 16551
1311.68 16559.3
1313.51 16614.4
1313.63 16623.5
1322.61 16665.1
1328.11 16759
1328.12 16776.3
1328.1 16729.7
1328.32 16722.5
1329.3 16739.9
1330.59 16756.6
1331.14 16884.1
1332.36 16985.8
1332.61 17003.8
1331.96 17045.3
1331.31 17058.5
1330.71 17105.9
1332.66 17228.9
1333.62 17276.2
1333.67 17272.9
1333.7 17284.6
1333.36 17192.8
1335.3 17257.4
1339.89 17325.6
1340.42 17351.5
1340.84 17374.4
1341.46 17394.9
1341.48 17461.5
1341.7 17452.7
1341.42 17443
1342.94 17457.8
1343.13 17435
1343.2 17433.5
1343.63 17457.1
1343.66 17499.5
1343.72 17538.5
1343.76 17567.9
1344.41 17577.9
1344.39 17574
1343.93 17512.8
1343.87 17461.9
1343.31 17493
1344.34 17526.4
1344.24 17530.2
1342.59 17525.4
1342.58 17502.4
1342.58 17503.2
1344.35 17518.2
1345.09 17489.8
1345.77 17529.3
1349.81 17588.5
1351.39 17600
1351.16 17579.1
1351.61 17609.9
1350.51 17716.4
1353.4 17706.8
1361.46 17771.7
1360.91 17666.3
1360.89 17635.7
1360.76 17569.7
1361.02 17532.5
1361.16 17515.6
1361.34 17514.9
1360.34 17503.7
1360.88 17577.3
1360.64 17639.9
1360.3 17664.7
1360.61 17582
1360.61 17544.6
1363.48 17597
1362.72 17575.4
1362.8 17613.8
1362.96 17627
1362.75 17632.8
1362.9 17692.7
1363.18 17707.8
1363.55 17724.8
1363.43 17727.1
1363.97 17747.4
1365.16 17780.9
1366.72 17761.9
1372.13 17871.3
1371.47 17809.9
1371.53 17774
1371.44 17798
1371.38 17819.1
1371.03 17817.7
1371.18 17835.9
1370.39 17834.6
1370.02 17882.7
1368.62 17886.1
1368.38 17811.2
1368.39 17859.8
1368.72 17890.9
1367.8 17902
1368.18 17660.5
1369.09 17661.3
1363.42 17644.3
1362.09 17762
1361.68 17887.9
1360.69 18040.7
1360.14 18052.8
1360.15 18073.6
1360.44 18083.7
1360.8 18088.9
1361.45 18110.8
1361.57 18070.9
1368.91 18243.8
1368.75 18233.7
1368.74 18195.7
1370.91 18323.1
1370.25 18210.7
1370.57 18142
1370.58 18109.4
1369.52 18089.1
1369.64 18177
1369.63 18204.8
1369.83 18238.1
1370.02 18251
1369.34 18368
1369.12 18368
1369.49 18330.4
1369.52 18303.9
1369.48 18285.4
1361.58 18188.8
1361.52 18271.7
1362.6 18346.1
1363.22 18399.5
1363.15 18392.9
1363.1 18441.2
1364.42 18529.6
1363.84 18551.5
1362.99 18626.1
1362.68 18679.7
1362.4 18731.2
1362.79 18758.2
1363.01 18746.7
1363.26 18755.9
1363.26 18765.4
1363.17 18779.3
1363.24 18714
1364.08 18743.4
1363.87 18755.4
1363.66 18813.4
1363.89 18855.3
1362.93 18775.9
1361.13 18819.9
1361.7 18729.2
1361.32 18659
1360.67 18585.5
1361.8 18497.2
1361.93 18431.3
1361.97 18380.3
1362.01 18371.3
1363.15 18388.9
1363.64 18385.8
1363.63 18407.4
1363.47 18440.2
1361.76 18695.9
1358.77 18563.8
1358.02 18646.2
1358.24 18654.7
1359.63 18718.8
1360.53 18709.3
1360.47 18704.5
1360.48 18700.2
1360.54 18666.8
1361.37 18680.4
1361.42 18661.9
1362.2 18726.4
1362.45 18749.1
1361.18 18678
1361.01 18613.3
1361.33 18568.6
1361.76 18551.9
1362.05 18579.3
1360.1 18539.1
1360.06 18544.8
1360.32 18518.3
1362.09 18489.3
1362.06 18479.1
1362.78 18480.6
1361.93 18482.8
1362.82 18490.7
1362.3 18501.7
1363.91 18532.7
1364.62 18527.8
1364.98 18512.4
1366.29 18533.6
1366.35 18572.9
1366.17 18623.6
1368.3 18734.5
1368.76 18801.7
1368.8 18815.8
1368.86 18812.5
1366.98 18822.2
1367.6 18803.4
1367.97 18771.4
1368.53 18806.2
1368.98 18806.3
1368.89 18827.5
1368.97 18832.2
1368.39 18824
1368.52 18816.2
1368.52 18795.1
1368.99 18772.8
1368.89 18722.6
1369.24 18757.5
1369.33 18718.9
1370.42 18751.1
1370.5 18836.5
1370.57 18850.4
1370.61 18853.1
1368.65 18901.7
1368.77 18824
1371.02 18783.1
1371.63 18768.1
1370.58 18783.5
1370.93 18810.1
1370.95 18817.1
1371.13 18831.7
1371.14 18847.2
1370.79 18898.8
1370.55 18913.7
1370.33 18939.8
1371.18 18970.4
1371.48 18990.6
1371.21 19017.7
1372.3 19072.9
1371.37 19031.9
1371.65 18998.6
1371.54 18988.8
1370.82 18934.7
1371.26 18959.5
1370.91 18951.5
1370.88 18921.3
1371.55 18948.1
1371.61 18964.6
1371.43 18962.1
1371.28 18989.3
1370.52 19082.4
1370.21 19046.9
1369.85 19036.3
1369.83 19026.6
1369.89 19035.2
1370.9 19040.1
1371.08 19055
1370.84 19039.4
1370.99 19041
1370.98 19037.9
1370.93 19043.3
1371.58 19046.7
1372.07 19017.7
1370.72 19000
1371.09 18972.9
1370.45 18939.1
1370.45 18842.7
1370.72 18663
1370.65 18602.1
1369.05 18568.6
1369.06 18545.3
1368.97 18548.6
1369.45 18577.1
1369.46 18452.2
1368.49 18495
1368.49 18508.3
1368.19 18511.9
1368.03 18515.5
1367.7 18510.7
1367.68 18529
1367.54 18549.1
1367.58 18539.8
1367.76 18545.6
1368.07 18536.5
1368.16 18518.3
1368.42 18473.2
1368.59 18436.2
1368.55 18384
1368.49 18394.8
1368.44 18424.6
1368.52 18449.4
1368.69 18458.7
1369.11 18482.2
1368.71 18525.7
1368.73 18575.3
1366.41 18697.7
1367 18734.1
1367.08 18752.2
1366.37 18747.3
1366.99 18748.9
1367.04 18765.4
1366.8 18760.3
1366.37 18765.8
1365.63 18774.7
1365.62 18782.9
1366.19 18783.5
1366.8 18785.9
1366.31 18801
1367.27 18765.5
1367.23 18747.4
1366.87 18729
1367.14 18749.7
1367.32 18732.5
1368.39 18794.3
1369.52 18622.5
1369.4 18589.4
1369.23 18651
1368.65 18641.8
1368.27 18744.3
1368 18754.3
1365.42 18746.4
1364.71 18762.4
1364.77 18757.2
1364.51 18707.6
1364.54 18713.4
1366.59 18677.9
1365.75 18696.5
1366.66 18734.6
1365.43 18717.2
1362.84 18683.3
1362.9 18633.2
1362.95 18621.8
1362.91 18641.7
1362.91 18668
1362.83 18701.1
1362.85 18677.2
1362.67 18649.6
1362.53 18582
1362.22 18628.5
1362.55 18652.5
1362.9 18659
1362.29 18668.3
1362.37 18675.3
1360.94 18646.8
1360.93 18641.8
1360.97 18645.5
1360.58 18631.7
1358.94 18631.5
1359.84 18650
1359.63 18638.4
1359.43 18673.9
1359.52 18678.7
1359.64 18669.9
1359.71 18646.8
1359.49 18641.4
1358.84 18696.2
1358.52 18697.3
1357.95 18694.9
1357.94 18700.6
1359.57 18767.7
1359.9 18769.6
1360.04 18765.8
1360.01 18765.9
1360.57 18807.5
1359.1 18819.4
1359.15 18914.9
1358.9 18935
1359.06 18925.6
1359.12 18931.6
1359.52 18932
1358.83 18946.3
1358.83 19045.5
1358.76 19074.3
1359.4 19106.3
1359.25 19109.4
1359.27 19116
1358.87 19117.1
1358.53 19115
1358.39 19111.3
1358.95 19181.4
1357.29 19199.2
1357.46 19287.5
1356.89 19323.8
1357.08 19289
1357.02 19273.8
1356.99 19239.8
1356.84 19235
1356.82 19205.8
1357.55 19274.4
1357.92 19236.9
1357.75 19201.3
1357.65 19179.3
1357.18 19190.2
1357.09 19169.9
1357.27 19169.3
1357.39 19146.7
1357.37 19113.9
1357.41 19081.5
1356.87 19039
1356.35 19080.3
1355.18 19032.6
1354.43 19115.4
1354.1 19098.1
1354.09 19060.1
1354.82 19075.8
1355.24 19079.9
1354.69 19074.5
1354.75 19086.4
1354.73 19093.3
1354.88 19098.1
1355.14 19095.8
1355.57 19096.9
1355.49 19106.8
1355.58 19013.3
1355.79 18985.9
1359.38 19042.2
1359.07 19107.2
1359.13 19064.5
1359.08 19045.1
1361.19 19097.3
1360.92 19125
1360.9 19137.8
1360.48 19144.7
1361.05 19166.9
1361.27 19157.2
1362.01 19155.7
1362.6 19136.8
1362.71 19111.4
1362.7 19106.6
1364.59 19195.8
1364.9 19181.7
1365.2 19163.6
1365.14 19159.6
1364.92 19173.7
1365.04 19193.2
1365.03 19206.6
1365.18 19228.2
1364.43 19266.1
1364.63 19273.1
1364.6 19323.2
1364.62 19313.2
1363.58 19313.9
1360.92 19344.9
1360.16 19372.8
1360.39 19409.1
1362.81 19462.3
1363.07 19470.6
1362.37 19489.7
1364.4 19581.7
1365.51 19585.4
1365.55 19585.2
1365.16 19620.6
1365.33 19610.1
1365.35 19654.9
1364.88 19644.9
1365.04 19699.3
1364.17 19885
1363.73 19801.9
1363.84 19812.4
1363.26 19826.6
1362.25 19831.1
1361.98 19859.1
1362.08 19860.3
1362.08 19856.7
1361.15 19865.7
1361.12 19872.5
1360.75 19902
1360.9 19899.7
1360.55 19896.5
1359.59 19926.5
1359.65 19961.6
1359.65 19986.2
1359.6 19982
1359.6 19980
1359.58 19956.7
1359.87 19940.2
1358.39 19893.5
1357.32 19872.7
1357.07 19954.2
1358.66 20021.5
1358.66 20018.7
1358.67 20006.3
1359.81 20031.6
1359.43 20069
1359.72 20049.4
1359.2 20027.3
1359.22 20035.6
1359.57 20131.9
1359.67 20170.1
1359.59 20161.9
1364.5 20386.9
1364.6 20389.6
1365.33 20424.2
1365.23 20417
1365.41 20461.9
1365.43 20472.6
1364.7 20492.3
1364.65 20492.6
1364.67 20460.4
1364.79 20446
1364.45 20456
1364.57 20428.3
1364.42 20442.3
1364.27 20475.3
1364.51 20579.9
1364.51 20631
1364.47 20660.2
1364.85 20687.7
1364.84 20710.9
1364.83 20721.3
1364.83 20756.1
1364.66 20845.2
1364.3 21017.3
1365.5 21144.6
1365.56 21207
1365.77 21200.7
1365.83 21198.3
1366.38 21173.5
1366.38 21138.9
1366.26 21128.3
1365.99 21146.8
1366.03 21147.2
1360.63 21133.5
1360.84 21132.4
1359.04 21135.3
1359.11 21182.7
1359.19 21187.1
1359.41 21199.7
1359.02 21135.7
1359.02 21053.6
1358.93 21021.5
1358.94 21044
1358.95 21051.4
1358.72 21059.6
1358.88 21067.9
1358.83 21071.4
1358.61 21088.4
1358.56 21055.2
1358.09 21030.6
1357.58 21033.2
1357.57 21022.5
1357.01 21051.4
1357.08 21087.8
1356.19 21099.6
1356.5 21110.1
1356.49 21127.6
1356.43 21101.6
1358.26 21145.5
1359.56 21138.3
1359.43 21142.1
1359.41 21133.9
1359.34 21137.2
1359.38 21144.6
1359.38 21151.1
1359.58 21126.3
1359.61 21082.9
1358.97 21071.1
1357.87 21043
1357.91 21033.1
1357.77 21011.2
1357.85 21005.1
1357.79 21020.4
1358.95 21016.5
1358.81 21004.6
1358.85 20987.6
1358.84 20988.4
1358.95 20975.2
1358.74 20957.8
1359.91 20988.7
1360.34 20978.4
1360.01 21027.6
1359.62 21036.3
1360.49 21027.7
1360.03 21021.4
1359.99 21016.9
1360.27 21018
1360.86 21014.1
1360.79 20971.2
