200.873 0
237.451 0
384.338 3.46659
483.899 6.12237
545.593 7.72523
548.192 7.68864
561.118 7.67847
654.77 37.2669
697.725 36.7183
697.726 36.7183
780.63 57.6709
783.532 57.0593
808.946 56.7226
811.361 56.6261
832.771 129.867
832.631 159.124
844.672 158.824
883.571 166.873
891.106 173.62
894.951 174.584
995.931 229.625
1082.27 290.104
1082.36 320.528
1094.52 325.639
1109.73 318.742
1113.75 316.618
1137.97 351.755
1101.02 1574.35
1107.71 1821.21
1124.3 1726.01
1132.06 1604.15
1150.97 1529.25
1219.81 1954.93
1219.75 2116.1
1227.68 2067.22
1231.29 2018.63
1232.67 1983.46
1233.09 1971.33
1236.52 1958.8
1266.41 1960.65
1272.14 1959.71
1305.48 1920.95
1322.04 1872.33
1296.75 1998.45
1318.76 2060.82
1342.72 2080.18
1407.9 2066.33
1457.33 2249.47
1487.69 2582.15
1492.26 2611.31
1492.14 2848.33
1493.01 3288.05
1509.68 2841.72
1510.13 2997.83
1500.8 3156.06
1511.45 3235.28
1499.57 3690.85
1501.42 3707.53
1502.44 3726.7
1508.21 3777.35
1512.65 3944.88
1515.33 4024.97
1532.94 4092.62
1533.55 4118.64
1641.36 7489.31
1660.17 8330.67
1665.54 6282.56
1664.8 5700.46
1651.55 6423.76
1670.5 6691.07
1644.72 7050.11
1677.13 7240.12
1671.93 7220.92
1670.02 7102.13
1671.27 6958.59
1686.56 6697.72
1676.28 6767.07
1683.9 6779.79
1673.11 6879.73
1676.18 6894.02
1683.51 6894.12
1679.04 6952.66
1685.82 6957.21
1685.78 6945.29
1696.57 6865.85
1702.36 6744.76
1722.37 7634.64
1747.87 7622.33
1753.62 7641.84
1743.9 7689.67
1748.42 7853.06
1768.56 7985.09
1767.82 8069.43
1752.18 8391.28
1751.3 8495.85
1754.56 8539.74
1764.97 8479.04
1762.15 8678.73
1792.15 8767.17
1791.75 8683.17
1794.95 8595.14
1796.34 8462.05
1799.66 8420.71
1771.75 8526.28
1759.09 8533.37
1757.72 8590.66
1759.12 8600.97
1759.23 8565.39
1757.5 8493.34
1758.33 8506.5
1751.9 8540.13
1804.26 10013.3
1802.59 9344.74
1805.28 9235.12
1806.42 9179.75
1812.74 9265.04
1812.67 9257.46
1813.7 9202.25
1814.43 9143.54
1821.68 8983.51
1821.4 9129.89
1821.27 9113.99
1824.16 9065.88
1820.73 9030.35
1821.78 8972.86
1822.69 8926.32
1820.09 8861.9
1821.12 8873.64
1823.01 8922.13
1824.81 8873.17
1824.15 8975.16
1824.12 8964.34
1822.03 9137.09
1826.8 9320.81
1826.9 9403.67
1828.19 9420.25
1828.71 9340.09
1826.37 9275.08
1828.95 9272.56
1829.18 9244.07
1826.96 9322.8
1825.09 9410.41
1825.08 9383.63
1826.75 9366.75
1826.92 9425
1825.99 9478.42
1825.87 9485.69
1824.16 9460.14
1824.12 9446.59
1822.82 9412.62
1819.06 9414.83
1823.19 9418.6
1823.1 9411.26
1823.23 9408.56
1821.67 9446.95
1829.92 9485.12
1830.75 9440.03
1831.02 9460.42
1826.45 9395.1
1822.99 9499.53
1819.28 9463.99
1819.58 9433.11
1831.29 9336.73
1824.21 9237.45
1825.5 9135.55
1825.48 9035.77
1830.78 8995.38
1830.66 8987.14
1828.95 9129.27
1829.33 9126.08
1829.24 9159.91
1830.61 9116.57
1845.47 9253.2
1844.02 9240.35
1846.55 9265.49
1844.45 9341.32
1844.45 9315.17
1843.72 9379.07
1843.72 9358.62
1845.26 9350.24
1845.53 9324.84
1845.25 9155.89
1845.16 9154.22
1845.01 9156.21
1842.89 9175.09
1842.65 9202.39
1843.39 9207.94
1843.68 9207.12
1842.37 9217.16
1842.72 9231.5
1842.84 9234.33
1842.6 9236.93
1832 9220.56
1827.83 9229.34
1827.38 9258.8
1827.43 9879.61
1827.72 9574.99
1827.74 9518.97
1827.92 9493.18
1830.09 9532.5
1829.5 9656.13
1828.42 9690.9
1829.67 9673.27
1828.94 9630.56
1831.74 9617.57
1836.61 9587.56
1840.24 9690.32
1839.51 9819.59
1838.88 9831.46
1837.96 9798.33
1838.88 10040.3
1837.03 10059.7
1836.46 10021.2
1843.11 9948.51
1843.66 9966.69
1843.58 9887.45
1838.08 9879.85
1838.47 9950.06
1838.88 9957.05
1837.14 9969.2
1841.4 10036.8
1843.04 10012.8
1841.12 9974.47
1840.12 9998.09
1842.62 10009.7
1836.89 10007.2
1833.95 10029.1
1835.17 10065
1835.33 10122.9
1838.89 10126
1839.57 10108
1839.45 10133.8
1839.8 10144.6
1838.81 10144.7
1838.74 10164.8
1837.54 10143.7
1836.87 10132
1836.83 10127.9
1839.26 10099.4
1840.02 10088.4
1839.78 10119.8
1839.16 10464.2
1843.61 10656.9
1844.33 10659.2
1844.33 10599.6
1843.05 10559.6
1843.58 10534.4
1836.31 10489.6
1836.53 10479
1837.5 10479.4
1837.99 10496.2
1839.31 10530.3
1839.36 10537.3
1839.34 10575
1841.01 10559.5
1841 10572
1844.21 10653.8
1846.74 10625.7
1846.55 10569.4
1846.57 10531.6
1843 10550.7
1843.06 10566.4
1843.69 10606.9
1843.79 10625.9
1843.75 10638.5
1843.94 10641.1
1842.52 10615.4
1845.5 10718.4
1845.08 10707.9
1846.69 10740.9
1846.66 10831.8
1847.02 10873.5
1844.13 10884.4
1843.85 10880.2
1843.63 10891.4
1844.72 10897.8
1847.25 10912.7
1847.17 10897.8
1851.88 10995.4
1853.76 11061.9
1853.75 11037.8
1849.41 11090.9
1853.2 11162.8
1852.68 11145.8
1854.68 11137.4
1853.48 11148.3
1856.28 11152.1
1857.16 11231
1858.34 11214.4
1860.11 11224.4
1858.62 11198.3
1858.91 11219.7
1857.62 11245.9
1858.31 11241.5
1858.41 11249.8
1858.48 11215.3
1883.9 11489.4
1884.91 11421.6
1875.86 11473.9
1875.91 11501.1
1876.82 11516.9
1876.98 11522.6
1879.34 11531.5
1879.3 11548.6
1879.31 11555.9
1879.22 11565.4
1879.03 11574.7
1879.02 11570.2
1878.89 11558.9
1878.93 11582.9
1879.19 11606
1881.18 11621.8
1882.22 11620.7
1873.82 11742.6
1872.91 11823.6
1871.13 11905.4
1873.16 11873.8
1873.73 11845.5
1873.74 11808
1874.83 11768
1874.52 11799.3
1874.82 11785.3
1872.47 11750.3
1872.65 11741.8
1873.02 11743.3
1872.6 11737.7
1873.52 11723.3
1871.43 11808.4
1876.68 11848.7
1876.52 11870.4
1876.35 11884.4
1876.73 11891.7
1875.75 11892.9
1873.55 11887.2
1873.53 11882.7
1873 11907.2
1871.44 12010
1870.76 12059.6
1872.53 12047.4
1873.37 12010.4
1873.09 11963
1874.16 11978.7
1873.15 11963.2
1875.66 11914.1
1875.22 11868.7
1885.97 11953
1886.12 12056.8
1885.96 11952
1885.94 11933.6
1885.07 11889.8
1885.04 11870
1885.22 11853.9
1886.19 11844.7
1884.62 11795.7
1885.25 11776.6
1884.85 11713.5
1885.48 11713.7
1885.44 11661.8
1885.41 11655.2
1886.19 11635
1882.47 11675.7
1890.81 11836.9
1890.84 11906.7
1892.23 11924.1
1893.32 11917.4
1893.33 11903.7
1892.81 11853.8
1892.78 11782.3
1894.3 11884
1895.56 11924.7
1895.18 11933
1893.39 11883.6
1893.4 11877.7
1893.59 11872.8
1894.19 11818.4
1885.66 11842.1
1885.69 11822.2
1886.39 11807.4
1886.4 11798.3
1886.65 11891.1
1887.16 11928.6
1887.13 11928.1
1883.53 11953
1883.41 12044.7
1883.47 12147.5
1883.37 12216.6
1885.8 12259.3
1885.5 12287.4
1885.54 12307.6
1885.4 12318.9
1884.51 12359.4
1885.26 12355.4
1885.41 12324.9
1885.26 12324.6
1885.16 12374.2
1885.43 12369.7
1884.86 12299
1887.16 12328.8
1886.82 12427.4
1885.88 12427.1
1884.44 12444.9
1884.92 12435.8
1883.97 12450.6
1884.66 12491.5
1884.79 12536.2
1885.62 12582.7
1886.12 12615.5
1885.28 12614.7
1885.77 12585.8
1888.66 12577.9
1888.74 12564.7
1888.57 12531.8
1888.66 12529.4
1888.65 12525.7
1887.88 12524.7
1890.09 12490
1890.2 12501.8
1890.24 12488.1
1889.62 12498.2
1892.49 12490.6
1893.01 12474.8
1891.11 12549.7
1891.01 12609.9
1890.67 12651.4
1890.78 12664.1
1890.75 12668.8
1890.07 12670.3
1890.06 12662.4
1890.15 12617.1
1896.82 12621
1896.54 12628.8
1896.09 12647
1896.21 12666
1896.85 12665.3
1896.76 12665.4
1896.27 12669.7
1896.29 12666.8
1896.76 12662.3
1897.42 12697.7
1897.81 12746.5
1897.79 12735.8
1894.64 12776.9
1894.94 12796
1893.58 12819.3
1893.48 12837.5
1894.28 12877.1
1894.38 12896.6
1893.65 12920.9
1890.91 12873.7
1891.14 12872.3
1891.07 12868.5
1890.59 12883.2
1891.37 12896.9
1892.06 12907.1
1890.48 13012
1892.97 13004.1
1893.81 13038
1893.69 13031.9
1893.66 13025.6
1893.91 13036.5
1893.17 13066.6
1893.02 13014.3
1893.35 13016.2
1893.45 12990.3
1898.45 13051.9
1898.61 13099.4
1896.94 13141
1897.54 13144.9
1896.96 13120.2
1898.25 13119.9
1898.84 13099.6
1897.73 13091.4
1897.98 13103
1898.02 13016
1897.99 12999.8
1897.77 12981
1897.91 13003.8
1895.96 12998.3
1896.29 12981.9
1897.38 12974
1897.17 12972
1895.19 13025.9
1895.81 13012
1897.28 13099.7
1897.16 13150.3
1897.71 13160.5
1896.72 13175.5
1896.38 13200.1
1896.31 13198.2
1896.02 13192.2
1896.47 13212.2
1897.24 13225.2
1897.61 13215.4
1900.04 13242.7
1900.34 13256.6
1900.37 13248.4
1900.42 13233.1
1899.94 13220.4
1900.7 13220.3
1900.58 13186.3
1901.26 13158.5
1903.86 13132.2
1903.86 13142.9
1903.97 13168.8
1903.82 13134.8
1904.55 13130.1
1904.26 13239.4
1904.38 13228.8
1904.1 13236.2
1904.07 13201.3
1904.26 13134.4
1904.89 13112.6
1905.3 13101.8
1905.31 13095.2
1904.2 13094.1
1902.43 13116.3
1902.39 13119.3
1902.18 13143.8
1901.87 13140
1901.37 13130.1
1901.38 13104.7
1901.07 13094.8
1900.71 13143.9
1900.99 13129.9
1900.89 13194.3
1900.74 13247.6
1901.27 13257
1901.12 13249
1901.22 13250.6
1901.36 13251
1901.1 13229.5
1901.05 13233.2
1902.61 13265.7
1903 13270.3
1903.03 13297.2
1901.46 13312.6
1900.09 13357
1900.72 13439.9
1901.14 13498.2
1901.04 13539.3
1906.19 13530.2
1906.13 13533.7
1907.51 13544.8
1907.53 13549
1906.59 13544.6
1906.87 13545.4
1908.96 13561.6
1909.32 13553.6
1908.37 13556.3
1908.38 13561.2
1908.48 13546.5
1908.55 13540.3
1908.73 13538.8
1908.58 13532.8
1908.48 13517.4
1907.4 13513.1
1906.73 13507.3
1906.96 13500.3
1906.63 13491.2
1900.49 13504.2
1902.06 13533.3
1901.56 13539.6
1901.81 13545.2
1901.12 13598.3
1901.22 13560.9
1901.39 13599.2
1901.48 13615.5
1902.13 13625
1901.91 13623.4
1902.19 13631.2
1900.44 13577.9
1899.99 13576.8
1898.2 13618.9
1898.16 13596.2
1897.93 13597.1
1889.16 14253.1
1890.06 14176.6
1889.99 14120.2
1890.01 14113.8
1889.87 14109.1
1891.53 14104.3
1891.82 14093.6
1892.44 14090.9
1892.42 14133.3
1892.33 14146.2
1892.32 14145
1892.22 14137.6
1892.46 14146
1892.88 14165
1892.61 14149.8
1892.3 14125.1
1893.45 14122.1
1893.02 14139.6
1891.26 14152.8
1891.24 14136.4
1891.17 14131.2
1891.14 14125.9
1891.62 14141.7
1890.62 14163.5
1890.83 14217.7
1890.45 14267
1890.18 14303.6
1890.39 14320.3
1890.96 14343.2
1891.41 14352.9
1891.57 14356.2
1891.69 14355
1891.83 14358.9
1891.91 14360.9
1891.94 14369.4
1891.71 14356
1891.79 14332
1891.57 14311.9
1891.01 14289.6
1891.06 14285.9
1891.22 14289.8
1890.56 14302.3
1890.79 14358.2
1891.53 14327.9
1891.04 14303
1891.93 14314.3
1892.19 14302.7
1891.83 14272.6
1891.74 14233.5
1891.95 14264.4
1886.38 14255.3
1886.72 14260
1886.12 14254.5
1886.11 14284.2
1885.3 14299.4
1884.21 14352.3
1886.72 14327.5
1886.75 14272.2
1886.65 14211
1886.89 14192.2
1887.72 14162.8
1887.53 14157.5
1888.56 14157.4
1888.28 14160.9
1888.41 14172.2
1887.78 14165.8
1889.21 14147.1
1889.21 14111.5
1889.36 14088.5
1891.29 14085.7
1891.03 14076.4
1890.99 14046.9
1891.05 14043
1889.83 14094.2
1889.97 14096.3
1890.01 14088
1889.8 14088.3
1888.72 14139.6
1888.75 14130.4
1888.79 14127.2
1888.98 14133.4
1889.01 14137.7
1887.22 14157.7
1884.62 14155
1884.56 14162.2
1884.04 14169.5
1883.94 14153.4
1882.98 14159.8
1883.59 14147.3
1884.45 14139.2
1878.67 14181.2
1877.82 14172.7
1877.29 14218.7
1876.83 14213.2
1877.2 14203.7
1877.15 14201.8
1877.85 14231.2
1877.18 14249
1877.18 14252.3
1877.03 14260.4
1875.51 14295.1
1875.46 14267.1
1875.48 14245.4
1875.44 14262.9
1875.93 14279.3
1876.35 14283.2
1876.3 14282.5
1875.88 14270.9
1876.28 14276.1
1881.84 14269.7
1882.8 14247.6
1883.03 14269.5
1884.96 14327.7
1884.96 14304.2
1885.02 14288.9
1885.67 14292.7
1886.03 14332.5
1883.25 14373.6
1883.44 14461
1882.91 14448.1
1882.28 14428.3
1882.51 14424.9
1882.19 14425.1
1881.45 14420.2
1880.2 14428.2
1878.42 14309.5
1878.41 14271.1
1878.57 14256.4
1878.39 14262
1878.59 14286.1
1878.65 14304.1
1878.68 14307.4
1878.63 14316.8
1876.42 14379.2
1876.24 14445.4
1877.44 14537.7
1877.57 14518.6
1877.48 14441
1876.3 14436.9
1876.13 14444.8
1876.17 14446.4
1876.49 14426.9
1876.46 14502.4
1875.71 14503.2
1876.07 14497
1876.27 14469.4
1875.42 14455
1875.79 14493.4
1876.06 14484.8
1875.29 14515.4
1874.66 14471.9
1874.64 14439.5
1874.36 14439
1874.72 14439.4
1874.43 14458.3
1874.5 14460.4
1874.92 14436.5
1875.65 14456.6
1875.33 14449.8
1875.35 14461.3
1875.28 14458.6
1875.05 14452.3
1875.31 14449.1
1875.09 14442.1
1869.49 14473.4
1870.15 14470.4
1868.97 14499.8
1868.8 14521.1
1868.33 14512.3
1868.07 14537.7
1868.05 14550.6
1870.45 14578.3
1862.21 15472.6
1862.24 15505.6
1863.87 15457.4
1864.25 15497
1863.98 15497.6
1864 15511.3
1864.12 15508.2
1863.73 15556.3
1864.42 15565.2
1864.1 15548
1865.63 15565.1
1865.64 15568.7
1865.64 15560.9
1865.12 15560.1
1865.08 15550.8
1863.5 15530.5
1863.54 15502.2
1863.05 15473.9
1863.82 15469.5
1863.86 15462.7
1863.8 15458.7
1863.89 15498.4
1863.91 15514.9
1864.32 15506.2
1860.65 15458.5
1860.61 15445.7
1860.61 15452.8
1861.03 15450.6
1861.76 15481.5
1861.96 15499.7
1862.36 15499.4
1861.99 15554.4
1862.22 15578.9
1862.2 15598.1
1862.19 15596.2
1862.99 15589.2
1859.87 15596.4
1859.87 15629.3
1859.2 15868.4
1859.54 15973.1
1857.28 15966.9
1857.28 15989.6
1857.4 15996.6
1858.19 15872
1858.56 15837.8
1857.72 15779.7
1857.59 15739.9
1857.8 15717.9
1857.8 15714
1857.87 15671.4
1857.78 15672
1857.96 15672.9
1857.66 15643
1857.48 15575
1856.43 15576
1856.42 15580.6
1855.92 15582.4
1852.02 15822.4
1861.2 15844.7
1859.69 15881.8
1859.45 15875.9
1859.64 15862.7
1861.81 15727.5
1861.8 15627.6
1861.6 15559.2
1860.84 15567.3
1862.26 15589.2
1861.36 15602.3
1861.32 15622.3
1861.29 15632.6
1861.62 15626.2
1861.26 15630
1860.29 15647.2
1859.71 15715.8
1858.21 15740.9
1857.75 15727.7
1857.69 15752.7
1858.06 15768.5
1858.79 15777.9
1858.67 15809
1858.49 15804.9
1854.77 15813.7
1855.59 15872.8
1855.69 15859.6
1856.81 15844.8
1856.35 15822.1
1856.27 15813
1856.27 15798.3
1857.84 15732.4
1861.98 15700.8
1861.96 15674.2
1862.4 15656
1860.43 15762.5
1860.53 15726.7
1860.5 15696.5
1860.22 15743.4
1860.5 15757
1860.38 15765
1860.4 15773.2
1860.51 15641.5
1859.8 15666.1
1860.79 15663.3
1860.48 15649.6
1860.29 15670.9
1860.4 15688.2
1859.22 15683.1
1859.13 15701.2
1859.14 15693.1
1859.11 15682.1
1858.71 15685.5
1858.6 15685.1
1871.92 15667.7
1871.2 15675.8
1871.35 15700
1871.44 15742.1
1871.45 15747.4
1871.44 15741.2
1871.39 15749.9
1871.34 15754.5
1871.37 15760.6
1871.28 15766.3
1871.52 15721.7
1870.98 15717
1870.95 15735.5
1870.63 15730.1
1870.74 15728.6
1870.74 15728.8
1864.02 15642.7
1864.01 15620.5
1864.06 15634.8
1864.07 15627.6
1863.68 15628.7
1863.8 15632.7
1863.72 15669.8
1862.73 15644.7
1862.05 15650.7
1862.24 15691.1
1862.2 15684.7
1862.57 15686.2
1863.56 15717.1
1862.18 15592.4
1862.01 15590.7
1862.08 15592.7
1862.32 15578.8
1861.95 15586.5
1861.87 15577.8
1861.37 15594.9
1861.34 15591.4
1860.34 15572.5
1860.84 15572.7
1862.09 15546.5
1861.75 15527.8
1862.88 15536.1
1862.69 15514.9
1862.64 15498.7
1862.62 15494.8
1862.65 15521.6
1861.98 15528.1
1861.99 15525.9
1861.96 15528.7
1862.08 15522.3
1862.03 15551.6
1862.04 15546.6
1862.14 15545.1
1862.32 15537.1
1862.33 15547.5
1862.29 15550.9
1863.59 15572.1
1863.73 15594.7
1863.25 15570.5
1862.85 15573.5
1862.54 15573.7
1861.72 15577.6
1861.65 15622.1
1860.89 15629.2
1860.85 15631.1
1862.12 15654.5
1861.95 15660.3
1861.64 15656
1858.76 15609.3
1858.35 15619.5
1858.44 15615.1
1858.33 15612.1
1858.11 15629.2
1860.91 15654.8
1860.9 15650.6
1862.66 15638.1
1862 15630.1
1863.01 15669.7
1864.65 15670.7
1864.63 15617.7
1865.4 15595.3
1865.08 15609.2
1865.24 15602.5
1865.2 15600.1
1865.1 15533.4
1865.87 15531.6
1866.03 15541.6
1865.92 15551
1866.73 15570.4
1866.76 15575.7
1866.66 15572.8
1866.9 15574.2
1866.89 15572.7
1866.72 15580
1867.09 15606.3
1867.09 15601
1867.2 15596.7
1867.89 15641.5
1868.03 15640.5
1867.75 15678.3
1868.16 15633.7
1868.45 15651
1868 15569.9
1868.34 15564.9
1868.69 15613.6
1868.65 15628.3
1868.83 15646.7
1869.86 15703.1
1869.56 15728.1
1869.14 15719.9
1869.08 15735.6
1869.86 15744.5
1869.48 15792.1
1870.32 15781.2
1870.21 15777.3
1870.63 15773.5
1870.98 15760.8
1871.18 15757.5
1870.72 15796.4
1872.41 15815.9
1872.43 15812.7
1873.67 15802
1873.67 15863.4
1873.54 15888.3
1873.52 15908.3
1873.51 15898.1
1872.5 15881.3
1872.94 15900.4
1873.98 15928.9
1874.25 15934.5
1874.2 15924.9
1874.14 15937.4
1874.06 15944.9
1875.51 15989.9
1875.11 15981.3
1875.11 15985.8
1874.97 15998.7
1875.1 16007.6
1874.87 16010.2
1874.86 15999.5
1874.94 15997.7
