55.731 0
78.3369 0
117.124 0
117.882 0
249.048 0
309.43 0
393.318 5.85324
403.477 7.33554
416.525 7.26582
438.261 7.26582
462.245 7.26582
462.089 7.26582
463.716 7.26582
476.375 7.26582
630.025 24.2786
628.118 28.0711
635.627 25.4772
671.597 25.1698
683.212 24.9613
772.536 104.973
825.534 131.503
932.872 131.109
933.391 128.798
962.649 159.106
963.814 150.449
980.455 151.024
991.936 151.342
1003.16 159.998
1005.46 160.433
1026.82 160.743
1049.93 159.34
1355.72 3895.76
1358.73 2923.18
1367.27 2416.71
1368.89 2010.67
1377.33 1870.93
1398.67 2849.44
1424.5 2509.82
1428.65 2367.16
1387.33 2393.76
1394.22 2323.64
1393.12 2283.97
1409.5 2251.43
1444.09 2419.48
1481.56 2343.62
1533.55 2353.36
1491.16 2027.21
1490.64 2331.87
1476.51 2143.04
1486.93 1965.37
1482.91 1849.11
1481.02 1990.13
1512.7 2003.41
1514.85 2008.73
1514.82 1999.21
1516.35 1988.87
1510.76 2096.96
1506.98 2168.42
1514.29 2242.76
1511.92 2220.34
1512.74 2221.82
1512.51 2222.77
1513.45 2236.08
1511.43 2219.97
1511.58 2243.17
1510.25 2244.49
1537.27 2343.02
1539.67 2392.13
1549.09 2556.89
1583.67 2850.88
1579.05 2796.42
1580.86 2773.94
1600.93 4267.47
1599.59 3790.84
1597.91 3546.94
1597.68 3493.06
1591.11 3429.61
1591.8 3446.69
1645.93 4425.06
1651.17 4263.65
1680.2 4208.45
1675.98 4213.45
1647.19 3965.18
1652.4 4021.29
1649.27 3999.59
1651.38 3974.68
1654.71 3929.57
1655.16 3824.66
1652.62 3930.78
1663.62 3964.62
1684.82 3982.83
1677.22 4156.67
1676.05 4103.47
1676.19 4085.08
1671.84 4158.47
1678.32 4125.85
1693.03 4197.34
1699.49 4147.12
1700.48 4239.44
1710.93 4445.75
1712.19 4474.08
1712.19 4447.45
1712.48 4562.84
1716.04 4481.71
1721.62 4421.35
1720.01 4372.83
1721.61 4348.23
1681.74 3377.62
1681.14 3702.79
1679.41 3638.34
1679.45 3595.96
1682.68 3669.89
1683.22 3618.14
1675.07 3633.08
1676.87 3923.05
1676.34 4005.7
1673.73 3970.47
1673.75 3954.19
1701.18 3958.27
1698.27 3950.9
1696.14 3968.65
1696.14 3982.47
1695.98 3983.36
1695.34 3961.35
1695.57 3925.66
1694.03 3889.22
1696.7 3902.24
1712.31 3902.92
1711.8 3877.41
1711.62 3800.77
1711.21 3843.55
1711.22 3869.78
1706.06 3951.71
1705.72 3953.73
1706 3919.71
1706.27 3857.48
1709.54 3914.38
1711.39 3969.03
1706.93 3906.08
1716.16 4215.78
1715.41 4127.53
1715.46 4093.68
1715.44 4143.14
1714 4152.38
1714.25 4175.16
1714.28 4173.68
1713.01 4057.33
1714.9 4146.58
1718.62 4295.49
1718.56 4335.07
1743.27 4836.78
1745.42 4952.92
1745.02 4883.38
1744.6 4822.99
1743.72 4781.53
1743.72 4756.95
1744.29 4726.81
1743.71 4686.7
1745.73 4668.66
1745.65 4702.32
1747.98 4688.75
1753.2 4717.69
1756.34 4743.16
1756.13 4703.05
1756.19 4694.87
1755.92 4720.63
1755.92 4683.35
1755.84 4672.99
1758.51 4660.87
1764.58 4636.42
1762.83 4648.94
1771.6 4691.2
1769.11 4685.58
1764.57 4825.87
1764.39 4903.16
1762.81 4981.48
1762.86 4995.31
1763.34 5014.55
1756.73 5039.71
1756.23 5048.44
1756.41 5071.62
1756.62 5117.59
1770.76 5262.42
1770.74 5299.96
1771.54 5365.9
1771.97 5440.42
1771.94 5461.86
1771.72 5465.82
1771.42 5452.64
1771.39 5470.81
1771.39 5472.61
1771.36 5461.29
1767.44 5435.42
1769.25 5419.64
1769.2 5404.44
1762.06 5329.61
1762.31 5388.04
1761.06 5333.45
1761.06 5293.62
1759.61 5248.79
1757.76 5212.38
1750.36 5276.65
1748.51 5337.79
1748.85 5361.29
1750.36 5304.63
1748.92 5216.19
1750.51 5127.21
1751.13 5041.7
1749.37 5030.15
1749.32 5022.34
1748.39 5043.52
1748.39 5026.56
1747.88 5057.08
1746.54 4991.91
1740.04 5026.24
1739.55 5057.53
1741.32 5093.64
1739.63 5141.04
1739.55 5178.01
1738.94 5198.17
1736.75 5192.86
1737.18 5186.96
1737.38 5196.87
1737.64 5230.66
1727.16 5242.92
1729.39 5237.38
1727.91 5212.03
1727.08 5203.62
1726.05 5269.13
1726.49 5204.01
1726.31 5202
1726.25 5210.16
1726.2 5176.96
1724.51 5099.1
1723.53 5149.96
1722.81 5144.89
1722.48 5019.1
1721.97 5000.86
1721.04 5037.7
1720.97 5110.31
1720.77 5138.41
1723.05 5159.42
1722.18 5195.3
1722 5208.69
1720.72 5274.94
1721.27 5288.31
1721.99 5325.75
1723.28 5332.47
1723.88 5339.39
1723.4 5299.18
1724.09 5270.41
1723.88 5280.98
1724.44 5239.86
1723.62 5207.67
1720.28 5215.2
1720.21 5221.05
1719.61 5191.86
1719.17 5252.96
1717.98 5307.58
1720.38 5293.22
1721.16 5293.03
1721.17 5288.01
1721.1 5289.46
1719.13 5349.56
1719.18 5301.15
1719.4 5263.87
1718.5 5208.16
1718.54 5241.92
1718.47 5238.05
1718.47 5232.43
1724.98 5335.67
1725.79 5364.8
1727.15 5378.3
1727.77 5396.26
1726.47 5382.44
1726.77 5398.66
1726.65 5420.07
1727.09 5423.08
1717.94 5350.56
1717.61 5428.84
1718.43 5472.83
1718.43 5501.34
1719.01 5487.57
1720.56 5500.97
1721.12 5497.2
1725.46 5596.88
1727.16 5673.07
1727.98 5736.01
1729.19 5739.37
1729.25 5720.91
1729.09 5731.49
1729.45 5606.25
1729.64 5591.33
1729.93 5591.04
1730.77 5600.37
1730.82 5618.86
1731.83 5602.74
1731.32 5610.05
1731.77 5534.98
1731.6 5518.52
1731.61 5528.54
1731.74 5528.32
1732 5515.21
1726.9 5640.29
1727.5 5658.4
1728.95 5684.54
1728.44 5789.09
1729.45 5864.41
1731.33 5899.6
1735.73 6039
1735.68 6111.53
1735.95 6226.75
1736.16 6297.43
1736.67 6307.8
1737.1 6352.5
1737.83 6350.75
1737.94 6343.27
1737.62 6366.02
1737.91 6354.89
1738.59 6356.72
1734.88 6580.93
1734.57 6503.95
1734.86 6481.18
1734.21 6458.53
1733.47 6463.23
1733.37 6485.57
1732.87 6473.71
1731.81 6421.01
1734 6457.8
1734.44 6413.28
1735.83 6392.47
1735.67 6372.51
1737.11 6390.4
1737.17 6391.05
1733.45 6375.46
1731.16 6480.24
1730.31 6521.14
1730.32 6470.48
1730.32 6457.07
1730.8 6445.86
1730.22 6425.33
1731.45 6411.19
1730.05 6418.14
1730.06 6416.36
1731.11 6479.35
1731.67 6465.73
1731.59 6456.52
1731.71 6453.67
1732.54 6457.69
1732.6 6374.32
1733.08 6344.65
1733.53 6341.15
1733.92 6334.28
1733.86 6325.84
1733.79 6313.59
1734.78 6282.42
1734.53 6318.57
1734.51 6337.05
1737.42 6316.47
1737.52 6275.28
1738.94 6282.45
1739.44 6242.89
1742.66 6235.87
1742.68 6218.16
1742.37 6304.02
1741.27 6300.79
1741.09 6282.4
1741.38 6272.26
1742.89 6276.66
1740.87 6283.73
1740.9 6275.23
1740.69 6254.91
1740.07 6255.96
1741.58 6251.66
1741.49 6233.89
1741.44 6243.61
1741.43 6274.16
1741.73 6258.25
1741.7 6263.82
1741.88 6296.81
1741.95 6294.2
1745.77 6203.54
1745.83 6186.63
1745.93 6160.68
1745.87 6147.73
1744.82 6197.26
1744.89 6203.62
1744.95 6195.91
1744.82 6190.86
1742.95 6199.92
1743.9 6196.6
1746.47 6233.34
1745.84 6232.39
1745.31 6267.26
1745.12 6310.96
1744.57 6326.16
1744.39 6330.49
1745.75 6285.05
1744.51 6274.09
1745.38 6274.36
1745.93 6281.79
1745.03 6280.93
1744.23 6342.74
1742.88 6413.91
1742.25 6427.95
1741.31 6457.12
1740.51 6525.45
1740.19 6562.91
1740.08 6571.26
1749.82 6626.8
1750.91 6651.13
1750.65 6665.93
1748.2 6640.66
1744.19 6706.21
1744.25 6868.94
1744.5 6866.41
1744.17 6856.38
1743.2 6873.36
1741.49 6925.81
1741.14 6899.5
1741.05 6904.53
1740.37 6988.11
1740.37 7040.32
1740.05 7056.84
1739.8 7038.88
1739.78 7063.08
1738.43 7017.6
1737.83 6999.09
1737.82 6938.85
1736.65 6921.82
1736.64 6924.36
1735.02 6945.5
1735.52 6938.29
1735.49 6938.08
1735.3 6931.65
1735.59 6855.93
1735.66 6831.07
1733.72 6884.2
1734.1 6904.78
1734.38 6925.22
1734.17 6967.99
1734.2 6980.42
1732.72 7022.94
1732.54 7021.39
1732.09 7034.19
1731.16 7062.84
1730.27 7074.79
1730.37 7041.43
1730.1 6992.11
1730.23 6987.02
1730.99 6997.08
1731.33 7042.67
1731.44 7061.56
1731.45 7063.45
1731.03 7067.09
1731.63 7090.76
1732.3 7060.12
1731.02 7083.69
1737.77 7013.53
1737.6 6964.26
1737.97 7032.34
1738.29 7144.09
1738.48 7171.7
1738.46 7186.95
1738.47 7182.5
1738.57 7164.65
1738.5 7159.23
1736.35 7138.64
1736.37 7143.52
1737.74 7139
1738.95 7121.25
1738.84 7115.76
1737.98 7114.9
1737.46 7133.34
1737.74 7158.03
1738.61 7171.79
1736.39 7236.74
1736.88 7290.62
1737.02 7310.94
1737.88 7298.5
1737.95 7274.06
1737.62 7274.67
1737.21 7281.95
1736.17 7266.79
1736.43 7286.7
1736.44 7305.46
1742.18 7372.43
1742.29 7305.52
1741.7 7301.62
1740.48 7266.54
1740.79 7249.57
1740.58 7234.39
1741.26 7213.97
1741.5 7208.45
1741.34 7156.88
1738.99 7237.18
1739.69 7234.32
1738.45 7260.54
1739.34 7254.95
1739.51 7259.21
1739.77 7258.22
1739.64 7248.18
1740.22 7248.27
1751.22 7642.3
1751.89 7599.7
1751.54 7539.55
1751.68 7543.9
1751.8 7549.38
1751.92 7538
1749.37 7550.31
1750.35 7572.77
1749.45 7571.39
1751.06 7632.01
1750.62 7692.34
1750.45 7675.39
1751.14 7679.78
1751 7678.17
1750.13 7634.74
1750.08 7623.41
1750.28 7636.51
1751.93 7634.35
1751.94 7628
1751.94 7623.53
1752.34 7574.89
1752.55 7549.77
1752.03 7581.31
1752.07 7637.53
1749.22 7809.14
1750.22 7855.06
1750.46 7895.14
1750.13 7929.68
1751.02 7933.47
1749.68 7925.33
1749.61 7878.56
1748.42 7906.04
1749.04 7970.55
1749.49 7974.72
1747.34 8032.47
1746.4 7990.2
1746.69 8029.68
1746.52 7994.28
1746.52 7983.45
1745.43 7966.92
1745.41 7953.5
1745.03 8007.85
1744.59 8125.97
1744.85 8203.24
1743.53 8227.11
1743.66 8227.39
1742.81 8347.77
1742.56 8319.37
1742.97 8318.34
1742.65 8289.1
1744.17 8296.9
1744.5 8285.99
1744.51 8293.52
1744.89 8279.65
1745.03 8263.85
1744.41 8267.5
1744.4 8285.13
1744.58 8289.6
1744.42 8299.31
1744.3 8253.22
1746.32 8262.37
1746.55 8254.83
1747.24 8274.47
1747.13 8231.69
1748.41 8140.69
1748.18 8098.19
1747.97 8079.08
1745.06 8021.3
1744.09 7965.51
1743.77 8052.56
1744.36 8117.41
1744.79 8047.32
1745.03 8032.52
1744.65 8020.76
1744.66 8034.42
1744.77 8004.75
1745.03 8011.31
1744.44 7993.93
1743.97 7990.49
1743.98 7972.33
1743.74 7962.99
1743.62 7947.92
1744.83 7920.39
1745.79 7913.36
1750.69 7987.08
1750.92 8004.9
1750.22 8020.8
1749.93 8028.9
1750.04 8047.93
1750.46 8031.17
1749.28 8046.22
1749.67 8065.98
1748.14 8062.49
1748.49 8049.7
1748.45 8055.41
1747.53 8078.04
1748.52 8119.35
1750.49 8153.56
1749.57 8199.14
1749.34 8217.6
1748.97 8213.57
1748.86 8225.44
1746.32 8302.32
1746.58 8295.32
1746.67 8292.58
1746.48 8288.81
1745.95 8285.86
1745.94 8282.85
1746.19 8280.93
1747.3 8271.7
1746.41 8322.74
1753.66 8397.96
1753.3 8441.43
1753.04 8468.49
1751.12 8492.34
1749.88 8509.38
1749.49 8523.43
1749.33 8530.37
1749.28 8567.45
1749.71 8565
1749.71 8564.56
1749.82 8550.72
1750.32 8572.52
1750.44 8613.82
1749.97 8610.58
1749.44 8624.58
1749.26 8633.94
1749.32 8642.47
1748.3 8654.05
1748.87 8655.21
1748.48 8647.93
1746.09 8661.04
1746.24 8647.2
1746.37 8660.02
1745.99 8652.29
1745.94 8639.01
1745.92 8638.14
1746.62 8631.97
1747.55 8654.87
1747.93 8665.78
1749.47 8657.36
1750 8697.99
1749.61 8756.92
1749.71 8737.8
1749.81 8722.39
1749.63 8724.49
1749.61 8727.4
1749.47 8723.48
1749.63 8608.86
1749.7 8604.68
1750.27 8573.61
1751.33 8537.73
1751.41 8503.61
1753.08 8473.92
1752.29 8461.57
1752.2 8472.42
1752.06 8475.41
1752.16 8476.92
1752.13 8493.02
1752.26 8511.63
1753.65 8528.25
1754.49 8534.18
1753.87 8547.22
1752.6 8558.39
1753.38 8553.45
1752.58 8572.31
1753.28 8564.76
1752.57 8581.1
1753.23 8611.41
1753.15 8617.83
1752.99 8614.22
1753.14 8633.53
1753.12 8646.47
1752.64 8652.78
1753.21 8664.97
1753.07 8658.75
1752.75 8675.57
1752.63 8655.48
1754.05 8671.91
1754.22 8623.92
1754.49 8631.13
1754.24 8645.28
1754.2 8664.86
1754.69 8684.42
1754.49 8686.66
1754.3 8696.42
1755.21 8729.55
1754.35 8749.07
1754.54 8725
1755.22 8742.34
1758.99 8766.44
1759.23 8801.76
1758.71 8841.02
1758.6 8857.52
1758.37 8867.29
1757.75 8889.07
1758.34 8910.99
1757.96 8931.63
1759.22 8973.79
1758.93 8952.61
1758.47 8969.05
1758.45 8967.42
1758.12 8960.24
1758.33 8963.8
1759.57 8958.96
1759.23 8901.18
1758.88 8862.21
1756.65 8905.91
1755.33 8821.45
1756.04 8659.57
1754.99 8656.34
1756.16 8735.16
1755.43 8674.95
1753.82 8634.14
1753.89 8587.67
1754.06 8608.28
1753.01 8607.94
1752.15 8544.08
1752.23 8540.74
1751.44 8538.31
1750.69 8501.51
1750.52 8478.69
1750.38 8462.33
1750.1 8453.72
1750.53 8437.67
1750.44 8431.16
1750.44 8432.06
1750.75 8421.71
1751.15 8427.83
1751.06 8419.09
1751.22 8418.99
1752.27 8409.19
1752.61 8417.85
1752.46 8426.23
1752.35 8422.65
1752.37 8419.09
1751 8404.55
1751.07 8400.44
1751.24 8390.56
1751.25 8389.56
1751.33 8366.2
1751.17 8362.09
1752.41 8357.89
1752.44 8368.59
1752.07 8371.79
1751.99 8461.89
1752.05 8554.78
1752.88 8588.03
1752.62 8621.44
1752.22 8632.12
1752.33 8534.92
1752.35 8556.77
1752.2 8572.26
1752.36 8584.34
1752.81 8616.48
1753.06 8608.16
1753.04 8608.46
1752.16 8681.13
1752.17 8674.21
1751.6 8650.12
1754.78 8671.46
1755.31 8679.98
1754.79 8738.5
1755.35 8725.38
1755.1 8724.71
1754.47 8716.17
1754.23 8703.78
1753.81 8704.94
1753.65 8741.38
1753.03 8720.22
1752.11 8697.22
1752 8648.16
1752.26 8646.66
1751.76 8648.66
1752.32 8648.09
1752.25 8649.44
1751.93 8666.7
1751.67 8661.1
1751.74 8638.76
1751.73 8614.58
1751.22 8624.25
1751.13 8668.01
1750.41 8688.41
1750.11 8701.25
1751.58 8701.46
1752.34 8679.59
1752.86 8684.91
1752.83 8720.98
1752.83 8726.7
1752.72 8725.01
1752.75 8718.3
1754.12 8695.59
1753.72 8694.36
1753.55 8690.33
1753.41 8697.86
1753.97 8674.05
1756.34 8628.59
1757.68 8625.37
1758.19 8605.01
1758.47 8597.17
1757.64 8567.14
1759.27 8556.03
1759.91 8568.11
1760.17 8580.38
1760.37 8593.56
1762.16 8625.99
1762.88 8662.97
1763.21 8656.02
1763.07 8667.96
1764.49 8627.35
1764.1 8605.21
1763.46 8600.92
1763.61 8595.56
1763.96 8643.48
1763.98 8651.64
1764.03 8666
1764.18 8636.84
1764.36 8671.05
1764.86 8615.64
1764.94 8636.35
1764.57 8622.61
1765.7 8613.74
1765.61 8626.3
1765.69 8586.11
1765.64 8593.45
1765.98 8600.51
1765.97 8598.26
1765.81 8592.75
1765.89 8589.64
1765.87 8581.5
1765.53 8585.66
1766.1 8582.37
1766.06 8585.31
1768.73 8582.06
1769.09 8587.61
1769.08 8590.47
1769.16 8588.81
1770.15 8574.41
1770.13 8623.19
1770.11 8589.6
1769.84 8566.82
1772.16 8569.06
1771.83 8564.51
1771.95 8562.41
1772.11 8561.58
1773.21 8553.4
1771.99 8550.09
1774.22 8617.15
1773.99 8598.62
1774.62 8602.48
1774.62 8585.48
1774.46 8582.96
1775.35 8613.47
1775.19 8598.76
1774.93 8598.27
1778.65 8610.37
1778.86 8611.13
1778.48 8586.52
1778.01 8672.7
1776.7 8702.51
1776.55 8710.19
1774.43 8714.16
1774.6 8722.35
1775 8716.14
1772.66 8724.86
1772.84 8745.64
1773.62 8743.65
1773.61 8754.99
1773.1 8762.21
1769.63 8752.78
1769.29 8757.96
1769.37 8762.16
1769.11 8744.13
1769.4 8757.12
1769.01 8737.25
1770.02 8713.09
1770.09 8704.55
1768.81 8666.9
1768.73 8668.42
1768.72 8681.58
1770.25 8699.68
1769.8 8691.34
1769.89 8721.49
1769.73 8701.78
1769.17 8678.79
1769.42 8718.1
1769.32 8668.74
1771 8629.34
1770.68 8608.24
1771.9 8578.56
1771.81 8557.13
1770.76 8559.55
1771.04 8539.66
1771.06 8547.14
1771.25 8546.98
1773.72 8590.25
1774.33 8613.15
1774.43 8651
1774.62 8653.17
1774.52 8640.21
1774.57 8620.05
1773.37 8585.74
1773.62 8564.73
1773.76 8573.9
1774.32 8532.55
1774.74 8480.16
1774.2 8476.22
1774.14 8465.71
1775.22 8459.89
1777 8463.78
1777.75 8484.25
1777.65 8497.21
1777.27 8531.15
1777.54 8526.17
1778.07 8550.17
1778.14 8537.66
1778.14 8554.7
1777.79 8519.38
1778.05 8523.19
1778.54 8507.56
1778.62 8511.75
1780.26 8456.44
1780.26 8398.48
1780.36 8387.07
1780.05 8377.28
1779.76 8357.76
1779.1 8381.32
1779 8430.25
1778.64 8427.08
1778.26 8438.98
1779 8410.14
1778.91 8400.65
1778.87 8393.16
1778.98 8429.48
1779.24 8418.02
1778.98 8410.4
1778.95 8413.8
1778.48 8404.87
1778.42 8421.1
1779.07 8427.22
1779.12 8416.48
1779.21 8376.09
1778.89 8376.48
1779.3 8377.72
1779.45 8378.19
1779.32 8405.64
1780.39 8409.19
1780.51 8404.52
1781.26 8412.63
1781.41 8439.91
1781.75 8445.19
1781.45 8463.21
1781.55 8474.48
1782.02 8472.18
1783.39 8489.66
1783.38 8457.67
1783.59 8474.53
1783.66 8475.36
1783.58 8463.32
1777.98 8444.47
1777.74 8469.95
1777.97 8460.73
1778.09 8455.93
1778.18 8464.09
1777.88 8477.93
1777.63 8440.87
1777.46 8416.36
1778.54 8411.57
1778.11 8423.06
1777.5 8393.04
1776.66 8415.8
1777.45 8398.61
1777.39 8405.4
1777.47 8402.72
1777.49 8390.82
1777.49 8379.9
1777.39 8368.96
1778.89 8375.4
1778.94 8383.18
1779.09 8380.59
1778.12 8376.24
1779.04 8385.62
1778.8 8385.62
1778.97 8368.23
1779.12 8356.36
1779.23 8334.28
1779.46 8330.66
1779.47 8325.13
1780.97 8322.27
1781.01 8319.91
1781.12 8309.35
1780.94 8298.52
1781.1 8298.6
1780.97 8280.71
1781 8277.68
1780.69 8263.23
