0.580687 0
265.297 1.64255
266.077 1.64255
269.263 1.64255
305.105 1.64255
447.558 18.644
609.551 29.4312
707.301 37.4946
719.013 37.1282
755.233 36.9164
865.183 53.1084
884.168 52.3552
895.111 52.1054
934.46 60.2477
1037.7 128.627
1101.8 191.893
1111.45 222.591
1163.77 242.62
1173.88 259.142
1217.04 270.191
1280.57 279.767
1307.43 297.961
1310.12 299.302
1314.78 295.183
1314.74 294.423
1316.9 293.663
1326.13 292.846
1322.41 290.509
1339.84 289.895
1342.2 288.699
1348.19 312.244
1361.07 313.789
1366.59 313.373
1366.87 313.474
1367.12 312.027
1468.9 1079.81
1468.97 934.443
1426.11 566.168
1427.61 1041.39
1427.75 1004.97
1457.19 854.935
1460.45 826.29
1460.2 804.211
1460.4 785.485
1459.67 772.729
1460.62 762.984
1483.18 756.676
1483.32 749.715
1539.32 812.569
1570.45 868.919
1602.44 1087.53
1602.33 1086.03
1647.85 1154.28
1664.72 1302.42
1665.38 1272.54
1718.36 1262.12
1714.08 1189.73
1729.08 1132.96
1713.87 1407.77
1718.76 1591.88
1719.73 1601.14
1723.8 1668.71
1723.37 1590.13
1735.73 1619.41
1882.19 6417.4
1914.32 5462.71
1924.14 4749.43
1920.39 4423.5
1919.98 4128.49
1960.93 3950.75
1961.18 3796.44
1962.51 3659
1977.75 3647.94
1952.48 3632.35
1954.36 3672.72
1966 3677.73
1999.57 4528.98
2008.97 4978.21
2008.62 4868.76
1955.64 6110.93
1977.83 4802.17
1987.5 4576.56
2007.2 4362.4
2041.69 4306.77
2035.59 4985.97
2039.56 4667.37
2039.88 4547.55
2069.64 4793.99
2093.37 4678.82
2092.61 4571.74
2093.06 4541.6
2102.3 4612.83
2102.73 4520.61
2096.57 4408.59
2098.44 4398.24
2097.26 4423.73
2106.7 4402.21
2124.2 4655.46
2125.89 4603.41
2127.93 4528.07
2134.78 4982.67
2139.25 4661.28
2137.09 4643.32
2137.56 4645.08
2144.3 4638.81
2142.9 4619.85
2142.85 4588.23
2139.89 4496.1
2140 4492.6
2139.57 4479.39
2137.99 4463.95
2137.41 4535.36
2137.22 4520.74
2137.47 4548.78
2139.24 4606.06
2139.23 4597.87
2139.98 4319.87
2141.33 4464.64
2142.7 4711.9
2143.14 4549.14
2142.63 4459.36
2140.61 4284.69
2140.65 4288.45
2141.1 4247.92
2137.09 4214.13
2133.76 4279.94
2134.5 4283.12
2135.97 4238.53
2139.82 4341.41
2140.44 4327.29
2141.46 4333.95
2141.55 4344.11
2141.74 4361.21
2141.24 4336.61
2139.79 4277.34
2140 4263.73
2140.24 4248.8
2143.79 4295.13
2143.07 4311.04
2143.97 4360.64
2142.16 4375.74
2141.58 4375.57
2139.17 4401.06
2135.51 4431.39
2135.77 4440.38
2136.18 4442.06
2138.24 4453.31
2133.77 4404.75
2133.91 4329.28
2134.44 4299.67
2132.87 4331.09
2137.08 4386.05
2136.91 4432.86
2135.99 4384.97
2135.94 4361.58
2135.85 4336.27
2136.58 4308.11
2134.81 4312.91
2135.25 4352.6
2135.21 4270.28
2135.45 4299.13
2135.75 4313.48
2134.84 4322.08
2135.82 4315.22
2136.26 4329.91
2136.42 4322.19
2136.89 4317.74
2135.73 4312.46
2136.88 4320.05
2134.6 4292.12
2130.98 4242.08
2128.34 4272.79
2127.34 4275.37
2127.71 4328.75
2125.64 4354.6
2125.74 4304.86
2119.58 4320.73
2119.85 4328.23
2119.64 4329.89
2118.98 4322.44
2118.95 4310.21
2120.63 4278.68
2120.84 4279.61
2120.47 4270.83
2120.5 4262.73
2119.73 4268.78
2122.89 4373.31
2122.85 4373.9
2118.64 4252.16
2119.52 4250.32
2122.03 4253.64
2121.69 4235.62
2121.61 4247.89
2126.57 4181.48
2126.87 4188.42
2127.51 4179.44
2128.41 4178.55
2127.62 4151.14
2128.69 4131.01
2125.6 4112.59
2129.61 4091.84
2127.11 4019.05
2126.97 4052.27
2126.29 4077.06
2126.2 4078.31
2126.5 4105.89
2125.71 4134.35
2127.13 4152.88
2130.57 4223.91
2127.39 4349.34
2131.25 4440.65
2131.58 4452.96
2131.65 4493.21
2131.31 4524.82
2130.63 4539.02
2129.59 4443.81
2129.63 4440.5
2131.9 4449.18
2132.09 4490.3
2131.77 4489.59
2134.89 4543.33
2135.48 4591.28
2136.43 4530.98
2136.79 4498.66
2135.16 4484.09
2134.9 4481.05
2134.99 4493.03
2134.29 4478.34
2134.18 4490.08
2130.4 4355.97
2129.92 4335
2130.24 4306.61
2128.07 4279.93
2126.89 4292.09
2127.56 4329.99
2127.5 4366.08
2126.96 4391.82
2127.07 4372.77
2125.34 4350.29
2125.93 4354.67
2125.23 4359.93
2121.74 4388.28
2122.06 4284.26
2122.48 4273.08
2123.54 4290.14
2123.75 4299.74
2124.23 4291.63
2124.14 4308.34
2122.7 4363.41
2121.13 4351.91
2121.8 4366.72
2122.56 4381.94
2122.35 4379.7
2122.87 4369.16
2122.67 4348.99
2123.4 4353.39
2123.27 4343.49
2126.23 4408.59
2126.54 4426.55
2127.83 4484.43
2126.39 4439.8
2123.91 4441.47
2124.66 4365.81
2125.04 4341.84
2126.18 4315.07
2127.24 4286.27
2128.93 4216.65
2128.93 4169.22
2128.91 4171.16
2128.03 4199.72
2127.01 4206.65
2127.35 4212.28
2128.4 4235.89
2128.69 4225.64
2132.16 4278.07
2132.5 4326.07
2131.88 4340.84
2130.04 4330.96
2129.51 4338.28
2129.56 4366.34
2130.4 4398.63
2130.39 4408.98
2130.19 4409.5
2130.1 4412.4
2130.72 4405.88
2132.99 4414.17
2133.16 4428.12
2133.02 4415.82
2133.1 4407.36
2131.06 4421.64
2130.54 4444.8
2131.54 4464.89
2131.62 4485.03
2132.28 4586.86
2137.86 4624.87
2138.21 4697.35
2137.75 4683.1
2137.98 4732.76
2137.69 4759.08
2137.66 4770.95
2136.58 4776.56
2136.67 4819.06
2136.55 4887.5
2136.54 4888.82
2136 4864.09
2135.57 4872.5
2134.36 4911.02
2134.55 4869.31
2135.31 4867.4
2135.36 4887.75
2133.53 4879.23
2133.06 4844.93
2133.13 4807.56
2133.84 4796.6
2134.35 4791
2135.06 4798.03
2135.33 4799.37
2135.24 4810.56
2135.27 4830.25
2135.23 4784.76
2135.38 4831.43
2135.46 4864.75
2135.9 4837.31
2136.85 4824.36
2136.41 4820.5
2135.47 4817.62
2135.21 4828.08
2135.61 4856.99
2135.58 4875.57
2135.8 4896.07
2138.93 4959.18
2138.22 4958.19
2138.28 4953.36
2136.87 4945.6
2136.37 4949.95
2136.45 4968.58
2135.97 4942.31
2136 4931.26
2134.34 4899.49
2135.57 4878.9
2135.47 4868.53
2135.47 4853.18
2135.99 4831.55
2135.63 4812.83
2135.67 4803.69
2135.34 4789.22
2134.99 4779.05
2136.25 4759.99
2136.21 4774.77
2136.21 4802.07
2135.82 4812.97
2135.85 4816.24
2135.63 4830.85
2135.84 4855.56
2135.51 4835.45
2135.08 4844.88
2135.26 4841.79
2133.64 4822.19
2133.5 4834.99
2134 4821.03
2133.66 4810.94
2130.79 4772.47
2130.34 4750.86
2130.38 4731.15
2129.71 4742.7
2129.78 4762.9
2129.54 4762.88
2130.51 4766.18
2130.37 4703.66
2130.51 4700.81
2130.76 4681.93
2131.33 4669.84
2131.93 4665.8
2131.8 4585.28
2131.87 4569.31
2131.57 4530.2
2130.25 4509.3
2130.25 4510.17
2130.29 4509.81
2131.05 4492.89
2131.23 4489.38
2133.57 4557.79
2133.65 4519.21
2133.29 4505.38
2133.76 4503.24
2137.3 4497.75
2136.85 4487.61
2136.81 4502.25
2135.69 4443.48
2135.73 4430.42
2134.78 4430.68
2135.24 4425.88
2135.48 4379.84
2136.3 4322.93
2136.14 4333.13
2136.65 4332.18
2136.64 4327.03
2136.32 4332.59
2135.94 4348.66
2133.87 4384.5
2134.01 4378.21
2133.56 4391.86
2133.35 4383.03
2132.61 4344.63
2131.46 4397.88
2131 4392.34
2129.8 4412.75
2129.85 4387.76
2130.22 4420.59
2129.5 4412.51
2129.08 4348.78
2129.05 4346.36
2128.99 4342.95
2131.17 4390.34
2130.87 4419.26
2130.94 4418.43
2130.86 4415.45
2131.03 4412.35
2132.09 4407.29
2132.09 4397.53
2132.06 4398.16
2132.82 4415.14
2132.87 4392.37
2132.58 4404.93
2132.22 4404.2
2132.02 4422.53
2131.93 4429.66
2134.4 4421.44
2134.47 4421.74
2131.93 4405.92
2132.09 4405.21
2131.64 4405.9
2131.48 4391.83
2132.74 4406.81
2133.98 4430.31
2134.46 4426.09
2133.76 4415.34
2132.5 4422.2
2133.92 4436.68
2133.92 4465.27
2133.49 4470.05
2135.6 4462.58
2135.35 4454.31
2134.93 4429.68
2134.73 4464.77
2134.79 4472.47
2134.82 4466.16
2134.37 4437.86
2132.59 4450.76
2133.83 4453.35
2133.38 4458.59
2132.57 4459.06
2132.64 4450.72
2132.64 4439.77
2132.39 4435.92
2133.26 4436.85
2133.14 4434.05
2130.82 4487.8
2130.83 4496.62
2130.8 4505.55
2130.35 4495.98
2130.44 4490.69
2131.64 4503.31
2131.49 4511.29
2131.51 4507.33
2131.72 4505.46
2130.95 4502.38
2130.9 4489.68
2129.75 4495.6
2129.33 4517.27
2127.74 4531.62
2127.82 4550.81
2127.8 4553.1
2128.38 4555.61
2128.7 4551.74
2128.73 4501.73
2128.7 4493.9
2129 4481.57
2128.8 4472.1
2128.87 4454.82
2129.04 4443.01
2129.08 4448.57
2129.22 4446.45
2127.35 4469.06
2126.49 4471.18
2126.65 4450.9
2126.66 4432.86
2126.98 4442.82
2127.38 4494.39
2127.15 4539.35
2127.47 4567.53
2128.94 4580.39
2128.18 4568.1
2128.15 4493.16
2129.54 4464.45
2129.84 4473.99
2129.52 4480.3
2129.26 4480.31
2129.3 4471.9
2129.04 4478.63
2129.21 4469.97
2129.24 4466.73
2129.3 4467.38
2130.45 4417.87
2131.23 4424.05
2132.34 4422.05
2133.61 4427.74
2133.59 4442.91
2135.14 4466.9
2134.73 4451.26
2134.53 4419.1
2134.55 4415.29
2134.54 4420.41
2135.23 4420.92
2134.97 4421.52
2134.95 4429.47
2135.01 4432.12
2134.09 4432.44
2134.06 4434.36
2133.43 4435.33
2134.7 4470.65
2134.38 4474.76
2132.88 4467.75
2133.22 4457.71
2133.1 4483.59
2131.86 4548.09
2132.06 4570.04
2132.21 4571.34
2132.18 4567.12
2132.74 4565.43
2132.19 4561.01
2131.67 4565.94
2131.65 4551.89
2131.51 4546.51
2131.9 4585.88
2130.17 4614.62
2129.94 4627.31
2130.22 4637.25
2129.76 4637.23
2129.75 4639.49
2130.53 4664.41
2130.56 4662.39
2128.42 4624.32
2129.22 4631.78
2129.22 4623.3
2129.19 4621.63
2127.66 4691.73
2127.43 4715.38
2128.13 4752.65
2127.97 4764.2
2126.7 4774.27
2126.53 4764.17
2126.8 4770.94
2126.82 4782
2126.61 4782.15
2127.88 4796.52
2127.86 4806.84
2128.42 4808.5
2128.63 4782.18
2130.08 4783.26
2129.99 4783.15
2127.99 4793.19
2126.48 4801.18
2126.3 4811.99
2126.36 4816.03
2127.92 4786.91
2130.62 4747.59
2130.02 4722.58
2130.1 4715.19
2129.61 4722.31
2129.81 4695.94
2130.14 4689.44
2130.01 4686.68
2129.34 4643.25
2129.5 4642.28
2128.97 4639.52
2128.62 4657.23
2128.41 4643.21
2128.24 4633.99
2128.04 4643.64
2128.53 4644.04
2128.57 4643.67
2128.58 4645.68
2128.84 4661.96
2129.03 4658.84
2129.71 4676.53
2129.65 4701.01
2129.39 4706.63
2128.94 4724.6
2128.97 4741.09
2128.99 4752.92
2129.33 4763.48
2129.33 4778.73
2129.15 4768.15
2129.31 4758.24
2128.75 4775.55
2128.96 4795.34
2128.72 4794.36
2127.17 4792.93
2126.5 4798.67
2126.6 4800.11
2126.4 4821.12
2126.37 4868.9
2126.37 4877.29
2125.96 4915.45
2125.95 4947.43
2126.44 4948.32
2126.28 4924.29
2125.84 4926.16
2126.1 4920.16
2125.53 4898.98
2124.76 4808.93
2125.09 4865.61
2125.34 4850.56
2125.29 4912.6
2125.99 4921.65
2127.89 4961.23
2127.7 4988.05
2127.33 4908.93
2127.73 4905.02
2127.24 4862.71
2127.46 4844.96
2127.05 4840.36
2126.53 4844.81
2127.1 4827.65
2127.17 4863.16
2129.33 4851.45
2129.31 4833.78
2129.48 4829.25
2129.2 4806.93
2129.11 4811.38
2127.83 4789.22
2127.51 4780.66
2127.99 4769.82
2128.09 4781.3
2128.3 4805.64
2128.16 4812.72
2128.37 4812.47
2128.15 4815.03
2127.96 4820.14
2127.96 4830.29
2128.09 4838.23
2128.13 4843.65
2128.02 4845.31
2128.38 4855.05
2129.54 4859.76
2129.32 4865.81
2129.11 4878.49
2129.37 4869.44
2129.34 4864.38
2129.65 4869.98
2129.38 4876.31
2128.69 5043.81
2128.75 5034.33
2130.57 5021.88
2130.66 5021.27
2130.48 5037.2
2130.51 5036.53
2131.61 5081.59
2135.01 5138.26
2133.82 5129.95
2133.99 5109.27
2133.68 5078.98
2133.46 5093.54
2133.29 5103.77
2132.9 5097.23
2131.97 5091.61
2132.03 5086.94
2131.98 5078.66
2132.08 5078.59
2131.99 5076.3
2131.53 5044.88
2132.02 5034.5
2131.93 5033.7
2129.49 4996.47
2129.37 4977.14
2128.95 4964.59
2128.91 4947.49
2128.91 4958.35
2128.2 4951.2
2128.06 4964.82
2128.4 4974
2128.43 4975.4
2130.33 4979.34
2130.17 4962.2
2131.29 4954.27
2131.17 4935.4
2131.14 4905.17
2131.24 4886.77
2130.47 4887.58
2130.21 4881.48
2130.84 4883.2
2130.98 4868.64
2130.65 4855.16
2130.36 4946.43
2130.59 4948.55
2130.64 4950.86
2129.33 4954.58
2128.98 4965.17
2129.69 4991.19
2128.51 5000.37
2128.74 4998.47
2129.05 5017.1
2130.04 5040.17
2130.29 5055.96
2130.36 5037.77
2129.07 5081.63
2128.74 5078.85
2128.71 5076.88
2127.06 5057.75
2127.2 5049.17
2127.25 5041.83
2127.24 5053.87
2127.99 5075.97
2127.84 5104.54
2127.43 5128.55
2127.48 5145.29
2128.15 5147.91
2128.14 5133.84
2128.32 5133.01
2127.98 5129.34
2128.12 5183.26
2127.19 5239.66
2127.04 5238.65
2126.82 5235.75
2126.81 5226.6
2126.78 5225.37
2126.6 5216.63
2126.45 5239.72
2126.99 5141.63
2126.55 5159.6
2126.35 5170.1
2125.58 5186.06
2125.4 5195.21
2122.47 5224.03
2121.95 5230.33
2122.4 5229.04
2121.86 5219.51
2126.61 5147.03
2126.74 5157.25
2126.69 5141.06
2126.6 5058.17
2125.59 5028.52
2125.75 5047.66
2126.16 5072.31
2126.19 5083.18
2126 5091.19
2123.78 5106.85
2123.89 5122
2123.87 5130.71
2122.84 5146.26
2123.81 5166.71
2123.8 5162.41
2123.09 5141.53
2123.19 5130.62
2123.16 5125.94
2123.18 5125.8
2122.79 5117.19
2122.89 5109.78
2123.89 5100.6
2124.34 5094.15
2124.25 5081.28
2124.46 5064.87
2124.35 5048.56
2124.25 5047.76
2124.3 5050.47
2124.39 5054.94
2124.14 5062.94
2123.88 5074.25
2121.33 5087.27
2121.67 5090.39
2121.59 5086.96
2121.71 5082.02
2120.86 5103.4
2120.98 5092.77
2120.76 5075.74
2120.69 5063.79
2120.63 5056.33
2120.62 5047.43
2120.42 5047.89
2120.47 5044.63
2120.27 5048.39
2120.41 5055.13
2119.82 5061.79
2120.28 5054.1
2120.25 5033.26
2119.72 5023.67
2119.72 5006.49
2119.41 5006
2121.24 5005.69
2122.03 5006.81
2121.21 5045.76
2121.65 5052.44
2121.58 5052.79
2123.8 5062.36
2123.63 5060.78
2124.11 5067.74
2124.13 5077.83
2124.07 5085.42
2123.84 5086.6
2123.32 5089.07
2123.23 5095.4
2123.23 5097.46
2122.74 5094.7
2123.84 5155.12
2123 5218.09
2122.91 5226.69
2122.53 5248.12
2122.55 5248.3
2122.25 5251.09
2122.48 5234.76
2122.64 5224.08
2122.87 5228.17
2122.87 5225.78
2122.3 5231.33
2122.76 5382.69
2122.78 5387.19
2122.53 5373.94
2122.56 5359.64
2123.01 5391.71
2122.85 5405.15
2122.91 5402.51
2122.93 5402.94
2122.88 5404.77
2123.67 5391.69
2123.68 5408.58
2123.03 5461.79
2123.19 5480.76
2122.82 5500.77
2122.8 5510.98
2123.35 5474.99
2122.76 5471.54
2122.64 5461.92
2123.36 5451.2
2123.33 5453.77
2123.28 5461.2
2123.62 5464.67
2123.09 5463.77
2123.43 5466.09
2123.34 5467.33
2122.98 5464.33
2121.2 5477.96
2121.38 5506.04
2121.5 5512.83
2121.43 5547.64
2119.84 5569.97
2117.13 5584.99
2119.4 5609.7
2119.78 5602.06
2119.9 5612.7
2120.53 5607.05
2119.53 5589.66
2119.59 5585.38
2119.68 5575.35
2119.11 5644.33
2118.77 5642.75
2118.09 5653.39
2118.27 5694.74
2117.93 5686.35
2117.83 5680.38
2118.09 5678.44
2117.96 5662.32
2117.87 5657.5
2118.03 5653.73
2120.01 5644.04
2119.53 5641.5
2119.5 5644.89
2119.95 5646.92
2120.16 5643.73
2119.89 5644.69
2119.57 5736.75
2119.97 5719.81
2119.91 5718.45
2120.12 5708.32
2120.11 5692.45
2120.06 5668.24
2120.28 5664.2
2119.77 5658.06
2119.8 5653.11
2120.23 5660.2
2120.06 5639.68
2119.43 5594.96
2118.88 5573.86
2119.16 5571.74
2119.17 5571.36
2119.74 5571.63
2119.06 5569.82
2120.34 5560.67
2120.73 5552
2121.47 5558.38
2121.48 5558.72
2121.52 5558.72
2121.4 5578.47
2121.6 5583.76
2121.6 5585.27
2121.68 5568.03
2121.52 5565.83
2121.45 5566.14
2121.3 5563.45
2122.78 5672.32
2122.4 5701.71
2123.25 5709.8
2124.04 5669.52
2124.52 5677.74
2124.64 5705.37
2124.66 5675.21
2124.71 5675.68
2124.32 5654.68
2124.19 5634.59
2124.27 5638.08
2124.77 5636.81
2124.79 5636.21
2124.34 5623.15
2124.02 5625.23
2124.02 5613.07
2124.44 5606.24
2124.53 5606.71
2124.56 5605.01
2123.83 5619.32
2123.79 5621.93
2121.74 5624.46
2121.33 5688.43
2121.47 5697.14
2121.55 5702.17
2121.49 5699.8
2121.54 5694.37
2121.72 5682.45
2121.62 5663.22
2119.1 5640.21
2118.91 5627.19
2118.92 5625.43
2118.64 5629.53
2118.68 5630.52
2118.77 5627.32
2118.62 5625.08
2119.05 5648.84
2118.23 5660.77
2118.89 5658.01
2118.41 5664.61
2118.41 5660.65
2118.36 5659.79
2118.31 5662.33
2119.08 5700.03
2119.25 5712.98
2119.93 5715.98
2119.87 5718.71
2118.12 5727.12
2118.12 5730.32
2118.11 5726.95
2118.15 5716.13
2118.25 5715.63
2117.58 5711.61
2117.56 5707.51
2116.23 5712.85
2116.13 5721.24
2116.16 5735.57
2116.49 5740.28
2116.48 5742.19
2116.61 5812.5
2117.26 5827.27
2117.07 5805.12
2116.66 5793.09
2116.46 5749.76
2117.06 5750.19
2117.09 5772.71
2117.17 5777.15
2116.82 5781.66
2117.21 5795.77
2117.22 5791.74
2116.55 5783.03
2116.55 5777.65
2116.55 5781.23
2116.41 5772.53
2115.74 5761.2
2115.91 5758.39
2116.34 5761.06
2117.21 5762.15
2117.66 5754.76
2118.3 5784.15
2118.29 5801.32
2118.31 5820.01
2118.6 5837.32
2118.63 5843.08
2118.59 5844.8
2118.61 5847.96
2118.7 5847.41
2118.73 5851.74
2118.55 5872.45
2118.62 5885.58
2118.59 5888.1
2118.59 5897.45
2118.22 5896.63
2118.72 5892.37
2117.71 5892.74
2118.42 5898.08
2118.52 5902.54
2117.21 5986.99
2117.84 5982.21
2118.03 6001.57
