307.007 18.6901
319.221 18.0679
385.114 17.7902
386.977 17.7902
413.519 17.7902
452.033 17.7902
500.578 17.7902
536.281 17.7902
548.897 547.53
559.67 390.991
563.779 338.014
637.484 321.174
651.236 306.907
660.847 298.073
664.446 292.513
735.283 309.984
736.474 306.544
739.26 301.528
741.999 301.833
752.138 303.92
753.141 301.093
765.634 299.978
765.594 299.276
783.365 298.816
784.621 300.006
834.786 302.779
837.523 303.323
882.403 309.633
889.596 310.229
896.601 310.682
914.649 311.031
920.055 311.448
962.267 317.992
986.741 318.3
987.792 318.571
987.794 318.851
1062.33 748.147
1067.61 688.064
1124.34 717.138
1125.79 788.015
1126.72 786.847
1137.76 1097.65
1139.21 1050.29
1143.75 999.605
1142.88 986.548
1149.33 977.071
1153.65 971.359
1153.67 966.92
1208.87 1008.83
1240.52 1289.55
1241.34 1693.85
1241.33 1662.06
1233.29 2872.69
1229.37 2776.24
1255.86 2639.57
1263.57 2606.45
1273.04 2911.45
1272.28 3127.09
1331.1 3360.96
1330.7 3378.24
1330.7 3413.86
1332.94 3376.81
1388.16 3127.51
1373.96 3238.12
1378.79 3478.51
1351.79 3519.77
1353.77 3634.56
1353.44 3790.99
1312.94 3983.64
1318.24 4082.81
1328.87 4109.85
1328.79 4079.67
1314.88 3979.04
1322.78 4381.16
1322.78 4298.03
1323.02 4361.36
1325.26 4565.07
1324.79 4659.47
1327.18 4640.7
1344.47 4768.52
1384.83 4812.52
1418.14 4850.17
1416.92 4881.79
1416.94 4899.96
1417.17 4909.87
1430.65 6632.85
1435.7 6265.38
1431.11 6267.08
1431.68 6311.02
1432.66 6321.28
1428.9 6356.59
1430.52 6296.74
1430.52 6274.6
1430.93 6242.14
1430.65 6376.92
1435.24 6464.76
1442.69 6440.67
1469.28 6559.16
1470.77 6457.49
1471.55 6419.12
1470.3 6584.86
1453.01 6557.22
1448 6544.44
1433.84 6620.86
1433.88 6595.81
1437.49 6576.91
1446.57 6499.42
1446.85 6501.57
1445.17 6588.01
1453.15 7337.8
1453.37 7153.7
1453.37 7095.29
1452.62 7043.4
1453.71 7035.49
1454.21 7008.46
1455.58 7024.76
1454.79 6972.12
1447.64 6966.38
1453.6 6906.12
1453.65 6905.77
1459.09 6991.72
1463.06 6962.82
1463.96 6914.65
1464.88 6950.04
1467.2 7021.96
1467 7121.95
1465.26 7141.71
1464.67 7323.3
1462.74 7464.27
1463.02 7485.81
1463.43 7497.29
1463.3 7518.55
1467.62 7462.36
1463.9 7358.93
1460.63 7484.69
1464.4 7484.17
1463.1 7531.14
1461.35 7550.24
1461.7 7631.22
1462.03 7809.36
1459.18 8013.74
1463.14 8358.11
1462.5 8452.24
1462.57 8472.81
1456.77 8464.65
1461.18 9006.68
1462.24 8728.68
1470.45 8716.22
1470.8 8700.05
1472.8 8730.03
1473.82 8748.36
1475.38 8805.34
1475.22 8767.45
1473.5 9290.06
1473.77 9398.89
1472 9436.95
1472.06 9471.76
1472.48 9372.65
1473.54 9269.25
1477.61 9257.75
1477.91 9282.14
1475.24 9273.85
1473.21 9409.52
1473.28 9455.13
1471.72 9621.74
1471.71 9557.13
1471.3 9445.88
1471.04 9345.41
1471.01 9322.11
1474.99 9349.46
1475.21 9363.27
1474.92 9371.77
1475.07 9357.97
1475.7 9345.63
1475.74 9350.39
1472.53 9335.33
1472.35 9360.93
1475 9462.65
1477.53 9482.78
1478.67 9457.54
1485.4 9557.48
1487.62 9607.69
1487.7 9591.56
1487.6 9610.21
1489.99 9618.84
1496.87 9812.94
1496 9812.37
1497.34 9791.01
1497.58 9768.02
1497.5 9732.56
1496.12 9743.53
1496.39 9765.15
1496.39 9734.05
1495.38 9919.77
1492.61 10000
1491.97 10067.8
1490.48 10101.3
1489.86 10141.1
1490.08 10166.6
1498.7 10509.9
1499.04 10452.5
1499.14 10356.2
1498.46 10442.3
1500.98 10411
1500.45 10364.2
1500.63 10369.1
1501.19 10369.4
1500.14 10489.6
1500.32 10587
1500.74 10657.4
1500.84 10632.3
1503.66 10597.3
1503.83 10548.4
1504.54 10508.9
1501.78 10489.8
1501.69 10551.4
1501.22 10582.2
1501.05 10604.9
1500.92 10618.4
1498.86 10601.3
1500.88 10618.7
1501.87 10610.2
1501.64 10581.6
1501.58 10570.2
1502.25 10643.3
1501.63 10665.6
1501.4 10679.8
1500.68 10863.8
1499.52 10946.1
1499.67 10878.7
1499.66 10869.1
1498.43 10933.5
1498.11 10953.9
1499.48 10888.5
1499.7 10959.3
1501.8 11025
1499.25 10997.7
1500.28 11108.8
1499.55 11059.3
1499.96 11059.5
1500.6 11105.6
1499.87 11182.4
1500.44 11174.7
1500.74 11152.1
1499.84 11138.6
1499.91 11148.5
1499.26 11165.6
1499.06 11140.8
1497.55 11159.8
1497.53 11173.7
1496.85 11186.1
1497.17 11187.8
1496.25 11230.7
1496.23 11290.6
1496.44 11334.2
1497.66 11358.4
1496.64 11302.1
1496.48 11141.7
1496.86 11134
1496.68 11079.6
1496.64 11102.3
1496.51 11118.4
1496.49 11129.9
1496.59 11193.1
1497.02 11086.1
1497.01 11064.5
1496.62 11042.1
1495.98 11153.5
1498.04 11275.2
1498.86 11330.9
1500.34 11388.8
1499.85 11453.2
1499 11439.7
1499.86 11436.6
1498.29 11337.8
1497.43 11292.7
1497.38 11259.5
1497.33 11172.1
1497.03 11186.9
1495.91 11212.4
1495.53 11191.7
1493.39 11158.2
1494.29 11241.2
1495.26 11352.8
1496.14 11364.1
1495.37 11353.3
1495.05 11350.8
1495.02 11349.2
1495.54 11407.6
1489.41 11332.3
1489.4 11206.5
1491.8 11268.1
1491.78 11296
1491.37 11292.2
1491.22 11316.9
1491.8 11261.1
1491.25 11343.5
1492.23 11432.7
1490.3 11442.1
1490.16 11453.8
1496.22 11468.7
1496.23 11471.1
1496.25 11460.6
1496.45 11448.6
1497.67 11469.4
1498.07 11475.1
1498.32 11497.3
1499.05 11519.2
1499.06 11488.6
1498.35 11472.1
1498.54 11474.9
1497.64 11491.3
1498.01 11497.8
1498.3 11481.6
1498.33 11331.7
1499.88 11305.4
1500.05 11299.8
1499.68 11296.9
1499.48 11269.3
1499.54 11259.7
1500.68 11270.7
1501.33 11234
1501.96 11229.6
1500.92 11304.3
1501.4 11370.3
1501.32 11396.5
1500.09 11509.3
1500.15 11646.3
1501.01 11675.8
1501.32 11708
1501.62 11708.2
1502.38 11716.4
1502.43 11692.5
1500.85 11735.3
1499.91 11812.3
1499.52 11847.9
1499.63 11872.8
1498.67 11883.8
1498.68 11944.9
1498.5 12047.4
1498.6 12018.8
1498.18 12066.7
1498.01 12099.2
1497.98 12109.4
1497.7 12103.3
1499.38 12041.2
1499.42 12041.9
1498.24 12047.4
1498.56 12057
1499.22 12067.4
1499.33 12003.5
1499.16 11978.6
1498.08 11972.7
1498.13 11942.2
1498.88 11939.5
1498.63 11904.3
1498.6 11887.6
1498.72 11875.4
1497.36 11890
1497.19 11882.1
1497.36 11894.6
1497.24 11897.2
1498.56 12080.3
1501.42 12102.5
1503.39 12153.3
1503.52 12162.3
1503.85 12160.5
1503.73 12166.8
1507 12088.9
1506.77 12250.4
1506.39 12272.8
1506.65 12280.8
1505.34 12323.3
1505.57 12352.6
1500.52 12444.2
1501.49 12537.1
1501.61 12534.2
1501.72 12527.3
1501.71 12554.3
1501.57 12510.1
1501.68 12498.4
1502.03 12475.7
1501.16 12397.9
1502.61 12463.5
1502.47 12456.1
1503.13 12554.9
1503.84 12599.6
1503.83 12590.1
1503.54 12573.9
1503.33 12569.6
1503.76 12534.1
1503.34 12537.4
1503.24 12539.2
1502.76 12540.2
1501.93 12503.1
1501.75 12503.9
1503.06 12466.5
1502.79 12468.5
1502.84 12483.9
1502.84 12480
1503.39 12506
1503.52 12490.9
1503.32 12479.6
1502.06 12474.5
1503.56 12460
1502.14 12428.1
1504.24 12418.1
1505.57 12441.2
1505.17 12515.4
1505.23 12521.8
1505.36 12523.8
1505.16 12536.1
1505.46 12544.2
1505.15 12526.2
1504.94 12519
1506.81 12547.5
1506.46 12522.3
1506.25 12487.9
1507.63 12427.5
1507.53 12400.2
1505.22 12418.6
1505.34 12412.9
1505.16 12370
1506.19 12368.2
1505.9 12304.6
1506.08 12284.8
1506.43 12355.2
1506.41 12398
1506.45 12390.3
1506.67 12390.1
1505.65 12347.2
1505.07 12379.8
1504.85 12357.1
1505.33 12407.8
1503.67 12411.7
1503.67 12460
1503.59 12515.1
1503.59 12522.2
1503.64 12508.4
1504.78 12496
1504.71 12498.8
1505.79 12539.6
1505.99 12581.6
1506.75 12619.5
1506.33 12610
1506.28 12589
1506.65 12598.8
1507.15 12617.8
1507.21 12619.3
1506.85 12614.8
1507.11 12624.8
1506.79 12642.2
1506 12678
1505.77 12746.4
1505.23 12851.3
1488.36 12636.3
1488.52 12722.9
1488.34 12754.2
1488.31 12801.2
1488.42 12885.1
1488.3 12914.3
1488.53 12936.3
1488.94 12941.9
1489.03 12910.3
1487.08 13001.2
1486.62 13028.6
1486.62 13068.3
1487.51 13105.5
1486.21 13141.4
1486.04 13165.6
1486.04 13207.3
1485.62 13218.3
1485.66 13161.2
1485.72 13132.1
1485.67 13111.2
1485.54 13091.5
1484.75 13133.2
1485.17 13147.8
1485.25 13158.5
1485.46 13114
1485.46 13076.6
1485.47 13085.1
1485.5 13093.3
1485.42 13081.6
1486.34 13057.4
1486.35 12970.6
1486.04 12980.8
1486.02 12955.9
1485.86 12954.4
1485.88 12883.8
1485.92 12907.7
1485.45 12915.5
1485.45 12894.8
1485.24 12861
1485.19 12883
1485.26 12934.9
1485.11 12960.9
1484.6 12958.2
1484.54 12981.3
1484.58 12981.6
1484.62 12985.3
1483.68 12971.4
1482.7 12933.8
1482.83 12965
1483 13083.5
1482.94 13094
1483.45 13114.7
1483.91 13131.6
1483.09 13079.9
1482.33 13116.9
1482.58 13120.8
1488.13 13354.2
1488.15 13398.4
1489.35 13338.6
1489.36 13309.6
1489.03 13294.6
1489.99 13280.4
1488.65 13294.1
1489.46 13290.4
1489.45 13260
1490.38 13356.6
1489.99 13367.4
1489.9 13390.3
1490.56 13354.7
1490.54 13330.8
1490.37 13383.9
1490.05 13381.6
1489.79 13373.4
1491.41 13390.5
1491.35 13421.4
1492.22 13415.3
1492.31 13435.4
1495.57 13438.3
1495.19 13438.6
1495.42 13462.5
1494.93 13458.1
1494.84 13463.6
1494.69 13458.4
1494.75 13464.7
1495.08 13474.9
1494.4 13472.1
1493.77 13493.9
1493.71 13494
1493.74 13472.6
1492.57 13448.9
1491.01 13507.2
1491.01 13443.7
1490.43 13482.6
1490.52 13447.9
1490.46 13445.4
1490.48 13424.8
1491.01 13398.9
1493.59 13345.2
1493.84 13324.5
1494 13318.3
1493.97 13301.7
1494.2 13354.2
1493.94 13348.2
1496.43 13465.4
1498.55 13531.1
1498.22 13553.5
1498.65 13521.3
1498.54 13539.6
1498.62 13561
1498.48 13522.9
1498.72 13528.5
1498.68 13506
1499.31 13495.9
1499.32 13497.1
1499.34 13485.5
1500.24 13471.7
1499.9 13458.4
1500 13483.8
1499.69 13495.4
1499.6 13505.4
1499.4 13499.9
1499 13459.3
1499.03 13444.5
1498.5 13446.5
1498.15 13360.2
1497.83 13368.9
1498.37 13408.1
1498.29 13396.6
1498.23 13408.5
1497.63 13429.3
1497.7 13441
1497.73 13462.9
1497.31 13467
1505.19 13524.6
1505.32 13522.4
1504.79 13525.6
1504.36 13545.8
1504.26 13536
1504.36 13545.6
1504.34 13571.3
1504.38 13574.4
1506.23 13589.9
1506.16 13626.9
1506.25 13617
1509.8 13558.5
1509.74 13517.9
1509.74 13508.2
1509.23 13483
1509.37 13528.9
1509.37 13548.9
1509.03 13571
1509.11 13581.9
1509.25 13586.2
1511.96 13541.4
1511.88 13592.5
1511.76 13595.9
1511.75 13546.3
1511.76 13553.4
1512.21 13563.7
1512.1 13527.1
1512.22 13509.4
1505.92 13527.7
1505.94 13697.5
1503.17 13662
1503.97 13713.6
1504.19 13667.8
1504.02 13665.2
1504.12 13663
1504.61 13664.7
1505.57 13689.8
1505.51 13703.7
1505.73 13721.4
1505.8 13720.8
1505.89 13723.2
1506.57 13750
1506.59 13735.3
1506.37 13757.1
1506.47 13685.7
1506.56 13665.3
1507.65 13647.3
1507.51 13633
1507.01 13638.1
1507 13656.6
1507.08 13654.5
1504.59 13684.2
1504.59 13690.8
1504.69 13709.7
1504.52 13702.2
1504.94 13720.6
1504.85 13726.5
1505.03 13741.8
1505 13714
1504.52 13726.8
1504.73 13775.4
1504.62 13773.7
1504.61 13774.8
1504.63 13735.3
1505.12 13760.7
1505.27 13801.4
1505.05 13781.2
1505.36 13775.6
1505.05 13824
1505.06 13855.2
1506.12 13874.6
1506.14 13863.5
1506.49 13874.6
1506.81 13880.5
1506.95 13893.7
1507.03 13914.1
1506.66 13944.4
1506.66 13964
1506.69 13971.9
1507.31 14030.7
1505.49 14083.3
1505.5 14095.6
1505.45 14109.1
1505.89 14099.9
1505.89 14126.9
1505.84 14125.5
1505.78 14084.1
1505.63 14072.3
1505.62 14058.8
1505.47 14094.2
1503.94 14083.9
1504.58 14116.2
1505.08 14096.4
1504.56 14167.4
1506.44 14209.5
1506.57 14293.8
1506.62 14299.4
1510.17 14330.2
1510.21 14351.8
1510.32 14365.2
1510.45 14355.5
1510.64 14367.9
1511.11 14434.1
1511.06 14418.7
1511.07 14443
1511.35 14450.8
1511.35 14425.7
1511.37 14396.8
1511.17 14385.1
1510.99 14389
1510.88 14372
1511.07 14355.5
1510.89 14353.3
1510.94 14344.6
1511.05 14362
1510.99 14334.4
1510.95 14312.6
1510.91 14301
1509.85 14305.4
1509.37 14340.3
1510.44 14343.9
1510.42 14358.2
1510.48 14363.8
1510.55 14352.3
1510.84 14344.2
1511.05 14374.1
1511.26 14269.1
1511.42 14235
1511.53 14247.7
1511.53 14223.4
1511.63 14238.1
1512.02 14264.6
1511.67 14292.3
1511.2 14304.4
1511.44 14307.1
1510.92 14316.4
1511.76 14320.7
1520.01 14366.6
1520.1 14407.4
1519.91 14443.9
1519.67 14466.8
1519.59 14485.8
1519.23 14481.5
1519.02 14482.4
1515.93 14366.5
1516.17 14362.2
1516.15 14315.4
1516.7 14281.2
1516.66 14175
1516.39 14179
1516.14 14191
1516.37 14203.1
1516.35 14262.3
1516.13 14274
1516.14 14303.4
1516.12 14432.6
1516.4 14425.2
1516.46 14401.1
1516.39 14415.6
1516.33 14442.7
1516.35 14439.3
1516.29 14442.1
1516.83 14483.9
1517.33 14515.2
1517.59 14492.8
1517.18 14489.1
1517.03 14478.8
1517.88 14448.2
1517.14 14483.9
1517.11 14500.6
1517.16 14517.3
1517.18 14510.3
1516.79 14489.7
1517 14544.4
1517.07 14552.8
1517.81 14575.3
1517.74 14568.8
1518.15 14564.6
1518.17 14518.9
1518.39 14548.2
1519.56 14551.1
1519.53 14545.4
1525.82 14559.6
1525.82 14593.6
1525.49 14616.5
1525.41 14616.8
1525.18 14634.5
1524.94 14643.1
1524.88 14630.2
1524.85 14632.8
1526.06 14699.5
1526.09 14745.1
1527.11 14760
1527.17 14810.2
1527.08 14827.6
1527.12 14836.8
1527.11 14830.7
1527.08 14816
1527.16 14813.2
1526.93 14810.2
1526.78 14764.3
1526.83 14761.3
1527.05 14783.7
1526.36 14793.9
1526.25 14837.6
1525.97 14876.8
1525.62 14868.8
1523.19 14893.3
1523 14903
1522.96 14901.2
1523.62 14965.2
1523.54 14974.1
1523.77 14991.4
1522.63 14985.2
1522.66 14991.4
1522.74 15006.1
1525.58 15052.3
1525.39 15030.1
1525.79 15031.9
1525.72 15021.9
1525.71 15010
1525.8 15037.3
1525.83 15050.6
1525.48 15033
1525.53 15028.3
1525.18 15047.6
1525.18 15048
1524.59 15051.1
1524.26 15037.4
1524.25 15025.9
1523.76 15021.8
1523.85 15045.2
1523.86 15080.5
1530.85 15134.6
1530.95 15307.4
1531.84 15347.8
1531.42 15416.6
1531.41 15455.1
1531.4 15515.4
1531.24 15592.8
1531.8 15679.9
1531.51 15671.7
1531.22 15638.3
1531.12 15596.3
1530.83 15578
1531.47 15541.9
1531.29 15567.1
1531.15 15585.2
1531.27 15558.3
1531.29 15546
1531.7 15527.8
1531.61 15504.9
1531.84 15464.6
1531.77 15454.2
1531.64 15441.6
1531.64 15410.8
1532.09 15405.7
1532.67 15406.8
1532.7 15404.6
1532.49 15407.1
1532.65 15402.6
1532.65 15429
1532.63 15449
1532.74 15471.4
1532.47 15451.8
1532.54 15462.4
1533.31 15480.8
1533.3 15492.6
1533.57 15489
1533.68 15498.3
1533.7 15500.8
1534.65 15458.9
1534.38 15441.5
1534.41 15420.2
1535.18 15429.7
1535.25 15441.7
1534.54 15460.8
1534.72 15464.7
1534.41 15435.2
1533.53 15424.1
1533.54 15435.4
1533.6 15448.6
1533.64 15474.6
1533.81 15506.4
1533.79 15530.7
1533.64 15537.6
1533.64 15544.3
1533.34 15508.9
1534.82 15555.2
1534.79 15552.9
1534.91 15548
1534.84 15546
1534.82 15533.6
1534.65 15537.2
1534.67 15538.8
1534.37 15539.4
1534.29 15552.5
1534.11 15534.4
1533.97 15553.1
1533.76 15553.9
1534.07 15584.5
1533.95 15601.5
1534.18 15631.8
1533.77 15623.2
1533.84 15645.4
1533.83 15645.7
1533.93 15657.6
1533.48 15741.5
1533.52 15748.8
1533.52 15734.7
1533.37 15777.6
1533.19 15816.4
1534.27 15860.4
1534.15 15871.8
1534.51 15886.2
1534.49 15892.4
1534.22 15862.1
1534.33 15846.4
1534.56 15830.4
1535.68 15840.3
1536.26 15853.9
1536.41 15857.2
1536.27 15867.4
1536.58 15866.5
1537.31 15942.7
1537.51 15996.9
1538.03 16030.9
1537.86 16048.5
1537.84 16065.8
1538.22 16070.2
1538.19 16054.8
1538.18 16055.1
1538.89 16035.1
1539.42 16040.2
1539.06 16047.4
1539 16062
1538.58 16053.8
1538.46 16048.7
1538.39 16044.6
1538.31 16050.1
1538.44 16066.2
1538.39 16084.9
1538.02 16174.7
1538.24 16014.7
1537.89 15913.6
1537.89 15905.4
1537.9 15898
1537.88 15894.9
1538.31 15869.9
1538.35 15821.4
1538.57 15765
1538.55 15780
1538.54 15779.5
1538.5 15781.2
1539.24 15784.9
1539.66 15780.1
1539.84 15819.1
1541.14 15527.4
1541.33 15375.6
1540.31 15414.3
1540.02 15390.8
1540.21 15392.5
1540.18 15424.9
1540.18 15437.5
1540.05 15494.4
1539.61 15561.6
1539.56 15591.3
1539.55 15621.3
1539.58 15644.7
1539.58 15673.3
1539.64 15696.8
1539.79 15720.1
1539.79 15738.3
1539.57 15754.1
1539.58 15738.4
1539.26 15711.9
1538.98 15696.4
1538.79 15697.7
1537.82 15712.4
1539.49 15739.6
1539.37 15724.3
1539.84 15746.8
1539.85 15711.3
1539.85 15699.1
1539.74 15703
1540.5 15770.2
1540.54 15749.8
1543.09 15890.1
1543.01 15893.3
1543.14 15892.1
1544.26 15891.5
1544.21 15871.7
1544.01 15868.4
1544.64 15856.1
1546.32 15849.7
1546.34 15839.5
1546.36 15821.4
1546.39 15803
1546.4 15790.5
1546.6 15791.2
1546.98 15762.5
1547.15 15735.8
1547.3 15732.9
1547.32 15741.7
1547.32 15746
1543.96 15829
1543.94 15767.1
1544.32 15754.1
1543.93 15722.4
1543.83 15726.3
1543.79 15722.1
