70.8259 0
81.4985 0
501.385 50.9414
535.44 46.3101
538.464 44.7212
542.132 43.8702
653.28 50.1714
678.465 49.7
765.126 51.5059
764.212 51.6014
782.883 55.5252
813.738 56.7918
829.729 56.8263
830.87 56.7178
867.377 59.8199
898.643 59.7843
916.145 85.8724
925.707 84.4356
925.72 83.9568
975.179 119.212
1124.28 161.02
1124.5 157.555
1125.57 196.01
1180.31 238.14
1180.27 227.204
1185.55 223.135
1186.14 220.376
1266.39 252.872
1334.01 331.624
1333.68 318.189
1331.05 307.787
1389.24 311.254
1388.9 312.409
1396.29 308.156
1391.11 1111.03
1401.2 1757.94
1437.92 2061.36
1456.79 2166.34
1456.81 2195.75
1451.22 2316.88
1451.71 2318.46
2442.46 23946.3
2363.21 18732.9
2375.56 16313.5
2371.36 14621.3
2377.2 13466.8
2405.67 12320.3
2419.14 11472.7
2427.52 10994.9
2412.99 10530.9
1596.18 12842.4
1602.7 13032.4
1593.8 11444.6
1600.16 9283.03
1599.68 7802.84
1603.15 6875.29
1626.96 6124.37
1627.01 5647.65
1680.26 5426.72
1687.75 5460.25
1699.72 5208.41
1702.18 4937.79
1736.68 4911.93
1763.13 4724.06
1760.19 4604.16
1771.33 5406.76
1770 5935.89
1769.87 5929.46
1851.72 5951.42
1852.23 5874.3
1872.81 6124.28
1841.47 6207.43
1842.8 6203.85
1844.77 6190.67
1877.37 6244.49
1885.42 6233.27
1874.32 6370.23
1856.26 6556.16
1853.17 6578.56
1837.49 6530.01
1846.97 6650.38
1858.99 6698.47
1868.49 6913.58
1868.13 6879.55
1868.99 6945.64
1868.6 6977.79
1867.79 6997.32
1875.38 6993.4
1877.04 7034.82
1878.45 7108.35
1885.67 7141.79
1891.05 7119.02
1895.18 7182.62
1912.24 7503.05
1903.16 7457.7
1897.39 7549.91
1897.42 7534.59
1896.89 7794.77
1890.65 7941.72
1886.56 8085.96
1888.93 8205.12
1874.78 8263.09
1867.32 8116.74
1873.41 8210.69
1860.67 8303.26
1864.08 8266.39
1863.57 8288.19
1883.6 8167.74
1837.11 8660.89
1836.98 8568
1841.4 8573.07
1851.32 8678.3
1851.37 8694.8
1857.45 8661.31
1894.19 8730.51
1894.48 8605.52
1892.18 8573.28
1895 8746.36
1893.02 8811.17
1896.84 8859.22
1896.6 9052.89
1893.62 9167.05
1893.57 9586.74
1893.5 9577.38
1894.22 9531.08
1896.02 9520.32
1892.95 9433.86
1891.51 9287.26
1892.38 9236.06
1887.65 9300.51
1886.48 9298.09
1886.64 9285.14
1888.2 9178.75
1889.59 9208.68
1888.71 9248.04
1879.08 9344.04
1881.78 9378.4
1880.13 9376.87
1876.74 9795.19
1876.67 9879.32
1876.48 9901.75
1876.37 9886.75
1874.97 9845.68
1881.42 9846.44
1892.6 9857.1
1890.5 9931.23
1890.71 9866.53
1886.57 9872.84
1890.63 9911.36
1889.02 10010.5
1887.89 9913.93
1890.65 9949.65
1897.27 10127.4
1897.35 10053
1898.05 10058.3
1898.23 10002.8
1898.67 9972.84
1899.65 10041.7
1906.68 10061.3
1905.68 9989.42
1913.65 10043
1913.73 10044.5
1917.48 10244.6
1920.76 10140.9
1916.73 10209.8
1916.99 10253.7
1917.12 10327.4
1913.4 10331.4
1913.08 10455.4
1920.09 10640.9
1920.47 10418.9
1921.2 10481
1922.74 10538
1922.22 10751.1
1922.22 10592.2
1927.63 10609.8
1917.98 10581.6
1926.77 10818.9
1920.11 10761.6
1916.88 10723.4
1915.59 10851.3
1916.42 10914.4
1914.17 11016.3
1913.71 11112.7
1914.51 11155.6
1913 11193.3
1913.31 11227.1
1913.69 11242
1913.93 11249.5
1915.63 11254
1923.62 11449.5
1926.18 11529.1
1927.51 11565.2
1927.51 11644.7
1927.53 11712.3
1926.46 11721.8
1932.67 11738.9
1935.57 11729.9
1935.52 11796.7
1937.16 11865.9
1936.77 11923
1935.66 11974.9
1935.47 12107.5
1934.83 12047.6
1935.08 12018.9
1936.57 12031.5
1936.65 12101.3
1936.73 12074.4
1935.01 12098.1
1937.07 12128.6
1937.02 12139.3
1937.63 12170.1
1938.88 12185.1
1938.98 12184.4
1938.77 12204.9
1940.28 12195.7
1940.02 12200.1
1942.73 12383.8
2060.69 12524.9
2055.84 12256.8
2056.55 12170.8
2057.64 12250.8
2056.52 12354.9
2056.29 12343.8
1972.71 12519.4
1969.36 12682.9
1968.54 12752.1
1973.05 12918.1
1974.87 12883.8
1974.34 12938.9
1974.97 12943.5
1975.32 12934.6
1975.07 12959.7
1975.53 12962.2
1975.57 12975.6
1977.15 12988.3
1976.84 13018.5
1979.44 13083.5
1985.37 13132.8
1985.23 13159.2
1994.55 13133.2
1994.61 13193.7
1993.97 13310.5
1991.31 13239.9
1991.84 13180.4
1991.82 13181.1
1991.76 13245.5
1991.74 13239.4
1992.25 13269.9
1992.07 13302.9
1992.28 13307.5
1991.84 13360.5
1992.33 13407.2
1991.6 13481.4
1994.06 13718.1
1994.31 13670.7
1993.84 13679.2
1993.88 13689.3
1993.89 13683.8
1993.89 13691.2
1994.13 13684.3
1996.76 13822
1999.51 13802
2000.24 13753.4
2000.47 13744.6
2000.51 13746.1
2000.07 13761.9
2000.13 13708.4
2001.6 13734.9
2001.66 13674.3
2001.26 13640.3
2001.76 13692.5
2001.46 13749.6
2001.45 13794.3
2001.93 13811.4
2001.95 13827.1
2001.85 13831.2
2001.7 13824.3
2001.55 13824.4
2002.79 13849.7
2002.72 13854
2003.85 13860.5
1995.81 13791.3
1994.46 13934.8
1995.9 13940.4
1996.76 13955.7
1993.9 13716.4
1994.02 13635.3
1994.61 13834.1
1997.13 13867.3
1995.65 13849.5
1996.35 13851.2
1996.77 13853.9
1997.11 13851.7
1998.4 13846.7
1998.66 13918
1998.72 13901.3
2002.09 13921.1
2002.09 13995.6
2003.3 14042.2
2004.01 14082.9
2003.07 14163.7
2003.92 14147.7
2001.53 14161.9
2001.15 14154.5
2001.1 14154.7
2000.43 14118.3
2000.38 14124.1
2000.83 14126.2
2004.41 14048.9
2004.52 14021.5
2004.51 14009.8
2007.06 14071.5
2007.23 13970.8
2006.92 13984.9
2006.73 13995.8
2008.2 13960.2
2009.93 13933.3
2009.32 13944
2010.15 13975.8
2009.51 14049.5
2007.97 14078.3
2007.72 14089.9
2010.63 14145.3
2011.93 14120.3
2012.34 14141.6
2012.07 14164.1
2012.1 14170.6
2013.59 14173.6
2013.4 14170.8
2013.09 14167.6
2016.54 14158.5
2017.28 14149.6
2017.32 14128.5
2017.21 14142.7
2016.69 14142.9
2016.91 14186.5
2016.75 14146.8
2016.76 14144.4
2016.22 14140.9
2016.19 14148.9
2016.59 14169.7
2014.4 14215
2014.41 14196.6
2013.28 14204.1
2014.3 14247.6
2014.87 14257.2
2016.2 14219.5
2016.45 14214.1
2023.08 14463.5
2023.07 14489.7
2022.49 14531.8
2022.48 14576.9
2023.49 14679.1
2023.18 14753.6
2022.81 14741.8
2023.06 14757.6
2023.05 14759.1
2022.63 14729.8
2022.62 14689
2022.88 14667.1
2023.48 14651.1
2023.59 14653.3
2024.75 14646.3
2031.61 14648.6
2036.08 14631.6
2038.55 14698.1
2038.46 14589.7
2037.83 14582.4
2041.43 14644
2038.7 14667.5
2038.78 14715.6
2038.71 14713.3
2038.74 14714.2
2038.13 14724.9
2037.93 14736.2
2036.89 14711.2
2037.74 14726
2039.74 14749
2040.25 14708.9
2039.56 14725.3
2039.32 14748.2
2039.26 14788.5
2038.93 14801
2038.91 14839
2038.92 14856.3
2038.73 14867.3
2039.32 14902.7
2039.96 14902.6
2041.09 14932.8
2039.03 14907.1
2039.15 14903
2038.72 14928.6
2035.69 14932.9
2036.68 15040.6
2036.66 15041.4
2039.58 15036
2039.57 15055.7
2040.67 15068.3
2041.56 15058.5
2040.87 15039.1
2040.92 15032.3
2041.03 15032.7
2040.54 15038.9
2040.76 15047.2
2040.72 15147.6
2040.8 15221.1
2040.83 15230.9
2040.99 15219
2040.94 15207.1
2041.32 15191.1
2040.85 15313.4
2040.65 15347.1
2040.7 15368.6
2044.03 15427.8
2044.57 15421.6
2044.59 15403.4
2044.47 15415.7
2044.26 15447.7
2044.3 15432.6
2044.26 15439.7
2044.64 15448.3
2044.42 15433.4
2044.38 15452.8
2045.42 15560.1
2041.75 15675.1
2042.26 15718
2042.23 15698.9
2042.57 15661.1
2040.78 15665.6
2048.53 15902.7
2058.51 15846.6
2059.01 15807.5
2059.11 15790
2062.8 15818.2
2062.71 15683.4
2062.48 15757.5
2063.42 15760.5
2061.97 15745
2062.14 15760.2
2064.44 15786
2065.16 15720.6
2064.78 15730.4
2065.47 15775.6
2066.22 15837.4
2067.64 15744.6
2070.21 15724.5
2069.96 15731.1
2070.66 15761.2
2072.48 15756.9
2073.09 15748.6
2073.16 15779.1
2075.16 15856.4
2077.04 15875.9
2076.75 15846.7
2077.2 15842.1
2089.78 15892.1
2089.35 15819.5
2089.51 15835.1
2091.29 15843.2
2090.91 15837.6
2090.55 15828.1
2090.56 15791.4
2090.74 15789.6
2090.76 15754.5
2090.91 15733.1
2090.9 15727.9
2089.03 15782.8
2091.95 15690.5
2091.81 15704
2091.8 15727.6
2093.8 15730.2
2092.73 15778.5
2093.33 15735.6
2095.87 15773.4
2095.94 15671
2096.01 15693.1
2096.01 15707.5
2096.08 15703.5
2095.84 15707.7
2095.77 15710.7
2095.87 15705.7
2095.92 15743.4
2096.09 15780.3
2095.64 15831
2095.67 15876.8
2095.82 15878.2
2109.57 15908.3
2110.08 15912.9
2109.68 15911.5
2109.69 15900.1
2110.19 15941.2
2109.84 15917.1
2109.95 15908.5
2110.04 15915.1
2110.17 15921.5
2110.66 15920.8
2110.57 15924.9
2109.83 15933.4
2109.57 15923.6
2109.63 15928.9
2109.57 15909.8
2108.8 15934.3
2108.98 15930.7
2107.96 15931.7
2107.95 15861
2107.83 15826.1
2108.35 15834.7
2108.63 15845.2
2108.73 15856.1
2110.6 15863.7
2111.58 15830.5
2113.68 15867.4
2119.28 15845.6
2119.28 15916.2
2119.8 15984.2
2119.59 16085.8
2119.3 16106.8
2119.2 16111.7
2118.06 16108
2117.42 16129.6
2117.2 16150.8
2117.14 16169.6
2117.21 16178.5
2116.87 16176.6
2117.02 16177.6
2117.12 16165.7
2116.1 16213.4
2115.15 16160.4
2115.83 16135.9
2111.53 16210.5
2111.24 16245.2
2113.64 16237.4
2111.81 16224.1
2111.86 16221.1
2111.78 16287.9
2111.91 16289.6
2111.82 16283
2110.96 16291.4
2116.63 16326.2
2116.65 16332.1
2119.23 16325.5
2119.33 16334.9
2119.26 16336.2
2119.22 16345.5
2119.16 16362.1
2119.65 16335
2119.71 16322.8
2120.14 16309.8
2120.49 16286.3
2120.58 16270.7
2120.58 16246.7
2119.89 16246
2119.62 16270.6
2119.11 16292.9
2119.14 16323
2119.13 16304.8
2119.13 16289.8
2119.08 16289.1
2118.78 16282.1
2119.51 16301.9
2119.62 16284.1
2121.45 16298.7
2121.71 16285
2118.93 16295.9
2118.73 16295
2119.52 16317.6
2119.51 16336.8
2119.76 16331.4
2119.65 16325.2
2119.72 16318.2
2118.99 16340.7
2119.02 16336.3
2118.98 16329.7
2118.93 16323.7
2120.93 16365.4
2120.86 16307.1
2120.92 16155.7
2121.22 16212.3
2121.21 16208.9
2121.25 16224.2
2120.74 16234.2
2120.64 16211.7
2119.77 16219.1
2119.9 16219.6
2120.34 16238.4
2120.34 16245.5
2119.83 16243.7
2119.91 16224.9
2120.84 16198.5
2121.82 16196.1
2121.23 16216.7
2121.51 16224.5
2122.08 16225.2
2121.96 16224.5
2122 16238.5
2122.05 16247
2121.48 16263.7
2121.45 16277.3
2122.45 16297.8
2123.24 16264.6
2123.3 16250.5
2123.31 16239.3
2123.55 16235.9
2123.45 16247.6
2123.33 16269.7
2122.53 16429.2
2122.51 16388.3
2126.84 16696.3
2127.15 16758.2
2127.29 16766.8
2126.28 16809.1
2125.04 16823.6
2126.42 16857.1
2125.7 16854.6
2134.03 17074.3
2134.21 17114.9
2134 17076.2
2134.47 17042
2134.86 17033.1
2135.36 17033.3
2135.42 17037.8
2135.4 17040.4
2135.04 17043.9
2135.14 17050
2134 17033.7
2133.99 17033.2
2133.61 17060.8
2133.46 17062.4
2132.57 17084.7
2132.57 17087
2132.79 17185.3
2132.84 17166.6
2134.63 17174.8
2134.62 17191.7
2134.48 17177.7
2134.56 17178.1
2134.55 17180.3
2134.87 17191.9
2134.11 17192.8
2135.54 17235.6
2142.15 17259.1
2142.17 17261.3
2142.29 17250.3
2142.14 17256.7
2142.8 17246.5
2143.59 17257
2147.08 17371
2148 17442.3
2148.02 17499
2148.05 17518.9
2147.47 17525.8
2147.63 17516.4
2147.87 17512.1
2148.18 17491.9
2148.99 17497.5
2162.41 17491.8
2166.3 17491.7
2166.26 17496.7
2165.81 17491.6
2165.96 17502.3
2166.11 17505.9
2166.32 17499.7
2166.5 17490.6
2180.58 17465.5
2181.42 17472.5
2182.06 17431.6
2182.05 17440.2
2182.05 17443.5
2182.09 17441.9
2181.81 17435.9
2184.93 17418.7
2185.15 17444.6
2187.28 17423.4
2187.2 17406
2186.03 17416.3
2186.84 17449.5
2186.88 17452.7
2187.04 17458.8
2187.29 17464.6
2187.29 17464.4
2187.63 17457.7
2188 17449.9
2187.99 17453.3
2187.98 17444.9
2187.9 17442.7
2187.96 17439.9
2187.1 17449.9
2187.34 17449.2
2187.57 17462.4
2187.44 17433.3
2187.64 17419.8
2179.02 17436.4
2212.9 17395.5
2213.06 17455.9
2214.11 17506
2214.12 17548.6
2217.64 17571.4
2219.51 17617.4
2219.37 17622.5
2219.67 17615.8
2220.23 17650
2220.05 17650.2
2220.91 17663.8
2221.2 17652.9
2221.32 17649.4
2221.23 17649.3
2221.38 17669.3
2220.57 17635.5
2223.05 17620.1
2223.06 17601.1
2223 17596.7
2221.13 17600.8
2220.84 17573.9
2221.3 17561.8
2222.15 17575.6
2222 17587.2
2223.82 17635.6
2223.88 17618.6
2223.63 17633.5
2223.99 17638.3
2224.2 17637.7
2224.24 17649.6
2224.28 17668.1
2224.24 17672.5
2223.8 17682
2224.92 17662.5
2225.09 17695.2
2223.97 17736.3
2224.16 17736.1
2224.18 17737.8
2225.16 17752.5
2225.21 17766.7
2225.98 17777.1
2225.16 17746.8
2225.07 17769.5
2225.17 17736.2
2225.08 17728.1
2225.35 17748.5
2226.03 17745
2226.28 17736
2226.25 17748.4
2226.3 17752.3
2225.93 17806
2225.22 17828.2
2225.07 17811.7
2224.97 17766.7
2225.09 17762.6
2224.4 17784.5
2224.64 17770.1
2225.48 17745.1
2225.63 17734.7
2227.19 17725.8
2227.78 17718.2
2227.75 17703.1
2232.4 17674.9
2232.37 17696.9
2232.44 17717.8
2240.55 17726.9
2242.37 17760
2242.44 17814.2
2242.38 17847.9
2242.37 17862.6
2242.2 17874
2242.28 17889
2241.78 17906.1
2241.81 17907.7
2241.74 17910.3
2241.74 17934.9
2241.19 17922.7
2241.15 17943
2240.55 17952.5
2240.88 17954.7
2240.91 17956.6
2241 17965.4
2240.38 17942
2240.56 17942
2241.15 17970.1
2240.85 18006.3
2236.98 17994.7
2235.46 18020.2
2235.34 18027.8
2235.36 18000.5
2234.97 18003.2
2234.99 17994.6
2234.92 18005.4
2234.9 18014.8
2234.81 18000.6
2234.91 18000.6
2234.81 18069.6
2234.93 18058.8
2234.92 18082.9
2235.37 18079.5
2235.15 18085
2235.15 18082.3
2235.15 18082.1
2235.3 18090.4
2235.31 18071.7
2235.18 18083.2
2235.14 18089.2
2235.13 18076.7
2235.46 18055.6
2235.83 18026.7
2235.68 18028.1
2236.03 18032.7
2235.86 18035.9
2236 18033.1
2236.04 18036.6
2235.77 18043.7
2235.86 18038.8
2235.82 18031.8
2235.65 18031.6
2235.7 18042
2235.9 18048.5
2236.65 18047
2236.77 18048.5
2236.51 18052.9
2236.35 18054.3
2236.52 18056.3
2236.05 18047.5
2236.91 18065.1
2237.14 18063.9
2236.89 18111
2236.87 18044.3
2236.88 18021.5
2236.84 18004.5
2236.8 17993
2236.89 17980.4
2236.91 17971.9
2237.47 17961.2
2237.19 17959
2237.06 17970.6
2236.74 17974.9
2236.91 17982.4
2237 17984.2
2237.13 17982.9
2237.04 17973.6
2236.82 17966.5
2236.8 17956.6
2236.79 17955.6
2237.08 17948.7
2237.22 17978.2
2235.94 18020.2
2236.3 18021
2236.22 18015
2236.29 18014
2236.45 18006.7
2236.42 18014.8
2244.44 18001.4
2244.11 18036.4
2244.11 18064.6
2243.95 18083.7
2243.99 18069.4
2243.35 18092.1
2242.57 18103.7
2241.68 18137.9
2242.06 18163
2242.17 18167.4
2242.22 18167.1
2242.25 18158.5
2241.82 18141.2
2241.83 18132.8
2241.81 18137.9
2241.75 18140.7
2241.8 18141.7
2241.94 18148.2
2242.09 18146.6
2242.36 18142.4
2242.34 18110.8
2240.48 18098
2240.75 18074.6
2241.83 18050.7
2242.08 18038.1
2240.5 18095.9
2240.47 18083
2240.26 18060.3
2240.23 18063.7
2240.07 18084.5
2240.14 18105.5
2240.27 18096.4
2239.62 18118.6
2239.46 18132.2
2239.46 18121.1
2239.69 18107.3
2243.47 18124.6
2243.45 18104.6
2243.3 18095.5
2249.43 18087.7
2253.95 18075.3
2253.7 18070.7
2253.16 18078.8
2253.16 18072.1
2252.21 18059
2252.81 18072.4
2252.78 18091.4
2252.82 18112.1
2250.55 18093.8
2250.72 18065.6
2250.8 18069.2
2250.77 18067.7
2251.59 18082.9
2251.68 18040.1
2251.75 18015.5
2251.61 18029.8
2253.27 18038.1
2252.81 18074.8
2252.57 18106.7
2252.68 18126.4
2252.66 18126.3
2253.31 18119.2
2253.42 18100.9
2253.59 18092.1
2253.52 18092.6
2252.93 18100.3
2252.93 18101.7
2252.98 18106.2
2253.62 18091.4
2253.56 18094.5
2253.25 18094.2
2252.43 18000.4
2252.27 17988.2
2252.49 17986.1
2252.93 18008.9
2252.92 17982.3
2252.88 17977.4
2253.08 17985.8
2253.12 17980
2253.12 17979.9
2253.4 17977.7
2253.69 17980.8
2253.64 17995.6
2253.4 17998.3
2251.47 17988.7
2251.2 17995.8
2251.19 17971
2251.17 17961
2251.18 17926.4
2251.21 17922.6
2250.9 17926.3
2250.44 17932.9
2250.57 17929.7
2250.63 17927.9
2250.63 17931.4
2250.77 17933.6
2250.86 17913.4
2250.86 17897.4
2250.96 17900.2
2251.49 17905.9
2251.37 17910
2251.3 17913.1
2252.01 17894.4
2252.02 17920
2251.78 17950.6
2243.27 17968.2
2242.89 17918.4
2242.34 17886.7
2242.62 17871.3
2242.71 17858
2242.48 17846.6
2242.49 17851.2
2242.5 17847.1
2242.63 17840.6
2242.79 17837.4
2242.54 17827.4
2242.07 17813
2241.97 17826.3
2242.18 17832.4
2242.59 17827.8
2248.53 17813.1
2248.78 17818.1
2250.53 17810.9
2251.06 17777.1
2250.8 17769.4
2250.87 17766.9
2252.61 17771.5
2252.58 17765.8
2252.26 17759.5
2252.28 17755.2
2252.39 17734.3
2252.01 17729.1
2252.01 17732.5
2252.49 17742.8
2252.49 17753.1
2252.46 17761.5
2252.2 17751.7
2252.37 17756
2252.51 17751.9
2252.45 17752.1
2252.44 17751.7
2252.47 17747.4
2252.59 17747.5
2252.24 17851.4
2252.22 17852.5
2252.29 17838.9
2252.25 17833.4
2252.35 17823.6
2252.44 17822.8
2252.38 17815.8
2252.37 17829.5
