162.043 0
195.049 0
532.604 17.8416
553.843 17.6354
633.531 19.6116
677.247 20.1986
729.379 21.5514
773.126 21.5425
776.135 21.5337
776.439 21.5248
863.973 25.7897
894.752 25.9237
932.84 91.1187
936.905 108.461
974.032 129.443
975.813 133.505
987.392 134.421
1032.83 143.331
1038.54 142.59
1041.9 141.869
1042.46 140.082
1087.16 302.366
1089.55 287.084
1146.08 335.22
1150.11 331.279
1151.49 332.803
1152.34 347.396
1160.51 358.589
1162.43 364.089
1169.69 369.347
1184.77 384.041
1236.25 396.437
1309.37 411.07
1318.08 407.087
1346.9 402.234
1382.33 507.583
1385.6 480.5
1403.15 621.566
1406.57 649.564
1410.65 669.1
1429.1 696.665
1419.07 715.689
1472.51 718.278
1478.77 751.77
1478.88 923.158
1470.47 1030.83
1485.7 1034.1
1488.75 1040.12
1559.13 1151.75
1555.52 1181.49
1539.97 1504
1545.21 1596.1
1548.23 1604.17
1540.63 1634.52
1531.69 1731.51
1527.45 1700.33
1527.83 1666.69
1567.3 1664.95
1568.27 1678.39
1568.28 1679.69
1571.56 1721.42
1573.14 1707.82
1608.56 1803.04
1609.3 1727.58
1610.43 1730.08
1669.2 1474.36
1675.93 1424.89
1694.14 1507.47
1694.89 1515.31
1698.46 1540.98
1700.14 1573.09
1732.7 1569.71
1730.45 1551.02
1729.93 1534.59
1730.44 1503.29
1744.46 1454.57
1760.42 1486.98
1763.38 1554.24
1783.19 1585.08
1783.2 1665.46
1793.43 1742.71
1831.41 1831.22
1830.46 2003.46
1825.37 1935.85
1822.88 1937.03
1815.68 2040.53
1839.95 2040.6
1858.28 2029.17
1857.75 2042.84
1886.41 2156.95
1886.38 2124.82
1886.25 2112.45
1888.08 2211.83
1903.58 2200.82
1912.75 2190.19
1919.05 2121.03
1922.92 2148.89
1926.56 2146.22
1927.77 2149.33
1928.1 2154.52
1926.85 2163.67
1926.66 2174.13
1928.26 2171.07
1927.82 2175.35
1929.07 2181.58
1929.53 2185.65
1928.69 2189.36
1927.37 2196.92
1932.11 2234.11
1932.32 2227.88
1930.96 2251.47
1931.18 2316.04
1931.79 2376.79
1932.77 2433.52
1932.07 2768.48
1931.95 2891.8
1931.81 2993.55
1930.16 3014.15
1938.8 3073.71
1939.38 3135.28
1939.17 3147.89
1940.28 3146.52
1937.48 3218.47
1938.12 3142.11
1937.6 3117.48
1937.62 3113.2
1938.16 3123.25
1938.77 3115.98
1942.49 3083.18
1968.28 3094.74
1970.36 3088.86
1970.26 3083.92
1970.26 3078.55
1969.73 3099.63
1970.18 3111.74
1969.97 3108.42
1974.79 3103.49
1978.54 3094.68
1978.08 3086.64
1978.23 3090.96
1978.06 3072.29
1977.31 3066.99
1972.45 3064.16
1970.86 3161.77
1971.79 3212.76
1969.43 3206.86
1969.82 3224.18
1968.48 3260.24
1969.73 3252.02
1969.97 3222.04
1976.81 3225.97
1975.86 3253.53
1975.86 3234.21
1975.98 3236.02
1976.33 3259.81
1976.95 3284.28
1982.18 3311.7
1982.48 3345.49
1981.34 3354.31
1982.27 3405.32
1982.27 3372.88
1982.22 3343.37
1982.39 3336.42
1982.56 3338.8
1980.98 3330.54
1981.6 3329.89
1981.49 3287.31
1976.97 3276.23
1976.43 3273.31
1978.05 3248.23
1980.94 3276.8
1981.12 3284.1
1981.87 3240.19
1981.93 3197.51
2005.07 3166.94
2004.82 3184.65
2008.16 3169.54
2008.79 3150.32
2010.24 3240.46
2010.11 3187.14
2010.6 3130.63
2011.17 3130.18
2011.07 3120.24
2014.49 3134.85
2014.14 3123.03
2014.11 3125.43
2010.97 3133.93
2010.85 3142.15
2011.43 3127.31
2012.73 3103.18
2014.47 3113.6
2014.42 3113.23
2013.86 3118.99
2011.85 3172.39
2011.48 3190.17
2011.9 3193.57
2011.72 3199.01
2010.92 3196.27
2011.21 3180.1
2010.94 3164.58
2011.67 3157.67
2012.94 3172.41
2011.09 3185.97
2010.5 3183.91
2009.65 3183.06
2009.8 3189.2
2009.48 3207.26
2011.3 3237.14
2011.29 3244.56
2011.31 3251.46
2016.5 3244.19
2016.89 3244.81
2015.97 3226.79
2010.12 3243.08
2010.46 3252.59
2010.45 3262.55
2010.23 3269.45
2010.27 3269.18
2010.46 3276.58
2010.48 3275.96
2010.2 3281.08
2010.02 3276.84
2009.55 3270.52
2011.05 3261.55
2011.09 3254.38
2011.09 3231.89
2010.51 3248.98
2029.16 3328.96
2028.8 3304.33
2029.38 3321.3
2029.01 3327.28
2029.01 3331.34
2029.43 3326.07
2029.75 3322.77
2030.16 3328.05
2030.67 3329.2
2012.4 3441.12
2012.31 3463.43
2019.27 3561.09
2019.1 3582.92
2019.27 3539.83
2019.29 3488.1
2018.75 3522.82
2019.49 3538.73
2019.13 3572.29
2018.1 3608.71
2017.85 3598.95
2019.24 3624.91
2017.83 3677.87
2017.78 3716.87
2016.02 3749.83
2016.52 3783.44
2019.61 3811.91
2019.52 3836.01
2018.73 3868.64
2019.09 3871.76
2019.07 3878.67
2019.21 3882.76
2019.32 3889.52
2018.86 3902.25
2017.19 3900.84
2017.02 3909.89
2017.01 3912.04
2017.64 3916.33
2017.6 3919.08
2018.05 3911.14
2017.84 3919.87
2017.32 3919.76
2018.08 3901.84
2018.1 3911.54
2019.19 3903.13
2018.97 3897.39
2018.85 3894.27
2018.72 3892.74
2018.21 3888.13
2017.84 3891.84
2017.81 3892.63
2017.61 3892.69
2017.25 3926.88
2017.32 3944.55
2017.37 3947.95
2017.61 3913.17
2017.61 3906.21
2017.93 3898.42
2017.78 3894.72
2017.36 3884.49
2017.47 3893.51
2020.93 3890.76
2017.35 3910.52
2017.26 3941.29
2017.49 3901.95
2018.28 3874.74
2017.73 3812.87
2016.43 3773.67
2016.42 3779.84
2017.15 3782.17
2017.12 3783.45
2017.15 3787.38
2017.38 3793.11
2017.34 3796.43
2015.75 3797.39
2018.91 3813.37
2019.18 3807.49
2019.18 3814.77
2021.52 3826.43
2021.73 3870.8
2019.96 3915.15
2018.29 3958.21
2018.58 3971.91
2018.06 3969.25
2018.01 3978.36
2018.66 3988.16
2019.12 3947.05
2019.12 3922.4
2019.37 3886.61
2019.32 3880.87
2019.89 3871.54
2019.23 3869.83
2019.25 3863.2
2018.49 3857.88
2018.43 3853.13
2018.37 3828.56
2028.62 3879.84
2028.54 3912.56
2029.55 3886.14
2029.2 3881.82
2029.49 3872.25
2028.85 3876.09
2026.31 3906.27
2023.64 4019.78
2023.6 4041.27
2024.02 4005.1
2023.79 3981.34
2023.35 3975.17
2024.72 3905.63
2024.71 3850.83
2024.96 3862.07
2025.39 3871.5
2023.35 3881.03
2023.44 3864.67
2024.12 3864.95
2024.13 3868.03
2022.58 3864.96
2024.44 3887.6
2024.68 3895.66
2024.94 3869.19
2025.22 3874.67
2024.53 3882.98
2024.54 3888.49
2024.58 3892.04
2025.16 3909.12
2024.28 3914.55
2023.32 3915.68
2023.16 3921.2
2023.84 3920.3
2025.55 3922.85
2025.84 3932.37
2025.39 3928.79
2025.65 3915.01
2025.99 3898.06
2025.45 3865.39
2025.45 3861.46
2027.65 3880.04
2027.82 3866.1
2027.86 3879.03
2027.75 3882.35
2027.35 3860.69
2024.8 3913.61
2027.2 3922.43
2027.13 3950.17
2027.27 3973.69
2027.46 3983.87
2027.36 3985.83
2027.61 3986.67
2027.53 3992.48
2027.54 3996.48
2028.32 4002.03
2028.56 4005.52
2028.57 4007.85
2028.55 4013.46
2028.37 3995.24
2028.24 3989.03
2032.32 4028.96
2032.13 4017.77
2032.13 4030.43
2032.22 4062.19
2032.5 4091.16
2032.42 4109.04
2031.8 4110.98
2030.26 4086.46
2030.39 4082.85
2030.68 4079.23
2031.77 4064.07
2031.75 4054.87
2032.31 4068.7
2032.32 4063.03
2032.19 4062.49
2032.06 4058.15
2031.64 4065.25
2031.41 4049.11
2031 4041.94
2030.89 4045.72
2031.26 4048.7
2031.2 4055.81
2031.18 4056.12
2030.93 4038.66
2030.83 4071.53
2031.19 4084.37
2031.18 4089.84
2031.04 4093.69
2031.78 4109.28
2032.52 4077.39
2033.65 4071.43
2033.15 4071.27
2033.13 4083.18
2032.98 4095
2037.73 4154.72
2039.63 4164.58
2039.98 4177.1
2038.26 4208.61
2038.48 4228.16
2038.59 4218.85
2037.42 4228.68
2037.71 4242.3
2037.83 4262.2
2037.95 4264.36
2039.74 4255.1
2039.16 4217.99
2040.3 4199.86
2040.36 4196.16
2040.66 4201.43
2042.13 4210.45
2042.25 4216.54
2043.06 4218.71
2042.94 4236.7
2042.95 4246.39
2042.9 4253.43
2042.91 4260.85
2043.05 4269.17
2042.89 4272.59
2043.86 4305.31
2043.85 4327.33
2043.66 4313.67
2043.65 4291.98
2043.54 4297.06
2043.62 4299.65
2043.9 4299.61
2043.29 4269.55
2042.49 4235.57
2044.32 4246.4
2045.48 4254.93
2045.64 4273.3
2045.36 4275.79
2045.4 4290.04
2045.43 4300.96
2045.93 4305.22
2045.42 4254.84
2045.58 4226.67
2046.29 4238.36
2046.64 4247.26
2045.81 4264.2
2046.25 4275.09
2046.07 4283.62
2045.93 4298.75
2045.58 4316.18
2046.89 4339.16
2046.89 4349.34
2047.77 4337.62
2047.41 4346.31
2048.13 4357.2
2048.59 4381.75
2048.73 4405.04
2048.54 4425.53
2048.52 4424.92
2050.11 4425.6
2050.92 4456.88
2050.72 4494.04
2051.05 4502.76
2051.27 4494.31
2050.15 4477.05
2049.14 4499.46
2048.9 4513.29
2048.35 4523.85
2048.35 4522.49
2048.16 4523.1
2047.1 4498.42
2047.48 4483.54
2047.48 4476.8
2047.59 4475.83
2047.2 4485.06
2047.16 4473.89
2047.96 4503.39
2047.98 4516.02
2048.13 4509.87
2048.12 4509.47
2048.2 4507.4
2048.94 4502.58
2048.69 4504.47
2049.73 4501.49
2049.63 4506.19
2049.54 4505.57
2049.87 4514.61
2049.98 4519.55
2049.97 4531.08
2050.72 4540.78
2050.48 4544.32
2051.64 4563.81
2051.71 4556.87
2049.93 4541.67
2050 4528.98
2049.42 4505.8
2050.52 4487.61
2050.57 4499.84
2050.79 4510.29
2050.27 4524.24
2050.25 4542.68
2050.18 4546.88
2050.26 4534.63
2049.99 4525.76
2050.49 4503.43
2050.46 4500.15
2050.52 4508.08
2050.91 4518.81
2051.15 4527.83
2051.45 4549.7
2051.34 4559.93
2051.36 4559.71
2050.09 4564.88
2050.16 4579
2050.59 4594.95
2049.79 4618.37
2050.73 4633.11
2051.97 4643.75
2052.01 4661.76
2051.83 4673.29
2051.81 4677.76
2051.56 4684.33
2051.51 4695.39
2051.64 4715.85
2051.6 4715.19
2051.6 4700.01
2051.36 4676.83
2051.42 4644.91
2051.19 4621.99
2051.46 4626.24
2051.45 4620.03
2053.05 4619.44
2053.09 4625.86
2052.43 4606.79
2053.28 4580.01
2051.88 4631.14
2052.1 4637.09
2052.45 4670.63
2052.48 4698.72
2053.34 4694.43
2053.16 4694.02
2052.34 4665.83
2052.19 4656.71
2052.19 4658.73
2049.36 4741.92
2049.31 4753.05
2049.22 4754.12
2048.71 4762.14
2048.81 4770.21
2048.21 4725.26
2048.38 4731.23
2047.77 4770.4
2047.47 4778.14
2047.58 4771.18
2047.34 4772.95
2047.54 4771.82
2047.55 4775.16
2047.5 4779.87
2047.91 4780.57
2048.8 4798.85
2048.76 4817.95
2048.98 4825.79
2049.35 4842.73
2048.38 4865.41
2047.08 4898.72
2047.1 4884.43
2047.56 4905.16
2047.59 4921.7
2048.8 4915.06
2048.79 4914.99
2049.14 4909.87
2047.6 4830.35
2047.61 4808.43
2047.92 4806.19
2050.98 4796.76
2050.7 4794.75
2051.02 4831.61
2050.37 4864.43
2050.94 4866.29
2052.34 4869.99
2051.53 4879.86
2050.22 4856.97
2050.29 4839.89
2050.2 4837.29
2050.2 4834.61
2050.17 4833.09
2049.1 4890.71
2049.16 4922.88
2049.78 4928.62
2049.78 4935.03
2050.01 4937.12
2049.97 4947.21
2050.14 4951.35
2050.48 4944.25
2049.62 4914.39
2050.13 4907.3
2049.98 4916.29
2050.02 4908.99
2050.12 4915.34
2049.65 4941.01
2049.55 4938.6
2049.6 4919.17
2049.51 4910.25
2046.51 4903.11
2045.41 4925.37
2044.05 4907.71
2043.46 4908.39
2043.73 4893.13
2043.77 4886.24
2043.77 4868.99
2044.64 4857.08
2044.07 4822.97
2043.48 4843.74
2043.29 4851.67
2043.8 4844.62
2043.86 4840.23
2043.48 4834.68
2043.45 4829.76
2043.49 4838.56
2043.48 4838.53
2043.52 4841.02
2043.72 4854.99
2043.55 4880.02
2043.56 4882.73
2043.75 4891.26
2043.77 4876.69
2043.82 4861.55
2043.63 4856.02
2043.63 4855.46
2043.25 4859.66
2043.13 4865.02
2043.15 4860.79
2043.63 4864.6
2043.62 4874.69
2045.63 4884.7
2045.78 4935.06
2046.22 4929.04
2046.68 4934.33
2046.66 4948.15
2046.26 4950.82
2047.64 4954.43
2047.64 4963.86
2048.3 4948.39
2050.27 4942.97
2050.88 4945.42
2050.8 4948.1
2050.97 4943.74
2050.93 4958.43
2050.73 4930.02
2050.65 4908.9
2050.08 4877.88
2051.62 4852.75
2052.04 4840.92
2051.07 4810.58
2051.03 4805.98
2050.69 4794.57
2049.42 4783.08
2049.25 4785.74
2049.67 4787.39
2049.6 4790.5
2050.7 4806.26
2050.71 4816.87
2049.66 4824.7
2049.65 4823.03
2049.4 4821.9
2049.41 4825.05
2049.71 4825.39
2049.71 4822.92
2049.8 4823.63
2049.88 4830.41
2049.21 4833.97
2049.48 4845.64
2050.85 4846.3
2050.95 4839.44
2050.84 4854.3
2051.24 4849.27
2051.09 4836.49
2048.73 4842.77
2048.85 4836.7
2048.88 4830.03
2048.9 4824.58
2049.14 4822.18
2049.12 4819.74
2048.12 4825.44
2048.38 4823.45
2048.79 4828.44
2048.07 4844.66
2048.19 4840.16
2048.2 4835.3
2047.8 4811.13
2048.74 4915.33
2048.43 4985.65
2048.39 5000.93
2048.58 5025.94
2048.57 5041.47
2049.07 5006.04
2049.06 5002.73
2049.14 5004.3
2049.22 5014.33
2050.42 5023.11
2050.41 5027.97
2050.28 5037.98
2050.34 5047.23
2050.31 5052.91
2050.36 5058.97
2050.46 5066.56
2050.88 5090.18
2053.04 5098.71
2052.15 5128.26
2052.35 5135.85
2052.73 5148.29
2052.47 5158.79
2050.72 5199.55
2051.06 5204.77
2051.14 5200.27
2051.21 5198.86
2050.91 5208.52
2050.78 5236.55
2050.86 5246.54
2050.13 5263.14
2050.14 5267.53
2049.95 5272.62
2049.55 5294.24
2049.72 5312.88
2049.72 5328.71
2048.95 5317.4
2049.06 5323.82
2049.07 5319.32
2049.09 5321.97
2048.72 5282.64
2048.73 5251.83
2048.89 5237.67
2050.76 5163.76
2050.95 5152.19
2050.46 5157.96
2051.84 5152.34
2051.91 5142.88
2051.69 5157.81
2051.65 5125.01
2051.86 5129.32
2051.97 5135.39
2052.04 5134.67
2051.94 5140.69
2052.55 5146.75
2054.95 5149.04
2053.62 5156.87
2055.19 5133.31
2055.29 5133.3
2054 5146.56
2054.41 5176.16
2054.75 5179.76
2055.92 5172.88
2055.42 5165
2055.49 5157.81
2055.34 5167.42
2054.75 5167.51
2056.35 5190.72
2056.9 5204.22
2056.9 5206.7
2057 5217.36
2056.99 5235.03
2057.01 5245.18
2057.3 5285.51
2057.81 5299.54
2057.67 5306.57
2058.36 5327.02
2058.37 5332.45
2058.93 5331.75
2058.73 5337.85
2058.7 5344.87
2058.41 5340.67
2059.38 5337.8
2059.48 5348.92
2059.49 5348.58
2059.69 5343.88
2059.93 5334.21
2059.99 5338.17
2060.03 5344.65
2060.33 5349.01
2059.84 5345.81
2060.22 5343.98
2060.33 5351.79
2060.38 5358.63
2059.85 5351.15
2059.85 5352.6
2057.22 5405.86
2057.31 5421.95
2057.24 5432.04
2056.36 5448.44
2056.41 5468.88
2056.05 5484.11
2056.03 5472.02
2056.07 5461.66
2055.79 5453.5
2055.75 5453.63
2055.88 5451.41
2056.36 5440.83
2056.06 5434.52
2056.4 5419.4
2056.38 5399.81
2055.91 5398.53
2055.78 5396.6
2055.77 5386.74
2055.58 5387.84
2055.46 5380.36
2055.36 5377.15
2055.54 5371.11
2055.11 5356.15
2055.12 5351.89
2055.4 5344.26
2055.28 5339.53
2055.36 5335.2
2055.99 5331.7
2056.01 5313.52
2056.04 5304
2056.42 5299.33
2055.86 5307.81
2056.3 5277.76
2055.83 5265.64
2055.83 5259.66
2055.93 5256.92
2056.02 5255.24
2054.98 5250.7
2055.12 5252.9
2054.97 5244.29
2054.66 5239.26
2054.61 5235.33
2054.63 5230.8
2054.49 5241.59
2054.38 5254.91
2054.47 5250.14
2054.21 5247.78
2053.51 5229.44
2053.5 5221.21
2053.21 5229.74
2053.28 5237.66
2052.61 5231.99
2059.14 5293.15
2058.87 5297.64
2059.03 5297.23
2059.01 5297.08
2058.98 5296.18
2061.2 5298.49
2061.4 5302.86
2061.32 5311.71
2061.35 5318.63
2061.31 5324.58
2061.12 5326.16
2061.08 5331.57
2061.54 5312.28
2061.68 5324.67
2061.96 5360.76
2061.68 5374.94
2061.67 5383.27
2061.68 5389.34
2060.27 5353.32
2060.36 5329.22
2060.51 5337.82
2060.46 5339.88
2060.51 5337.67
2060.53 5346.96
2061.08 5364.42
2061.71 5359.74
2061.13 5355.83
2061.1 5362.12
2060.99 5380.98
2061.05 5392.21
2061.13 5383.73
2061.35 5381
2060.95 5377.82
2060.77 5335.99
2061 5319.27
2061.11 5313.95
2061.25 5328.46
2061.27 5297.86
2061.45 5292.55
2061.45 5289.29
2061.38 5295.74
2061.33 5297.95
2061.27 5301.13
2060.79 5292.28
2061.15 5306.8
2061.84 5343.29
2061.72 5365.93
2061.77 5379.1
2061.34 5388.2
2060.97 5416.7
2061.26 5439.51
2062.43 5450.85
2062.96 5444.98
2062.7 5454.54
2062.23 5471
2062.11 5471.83
2062.31 5466.03
2062.47 5476.86
2062.18 5502.37
2061.96 5512.78
2062.47 5515.51
2062.01 5530.94
2061.97 5536.99
2061.52 5556.14
2061.5 5558.44
2060.96 5567.73
2061 5573.45
2060.95 5572.84
2060.89 5565.08
2061.29 5581.68
2061.33 5555.53
2061.59 5550.53
2061.52 5550.09
2061.5 5551.2
2061.51 5554.19
2061.27 5557.24
2060.05 5555.93
2060.58 5545.96
2060.55 5532.72
2060.57 5537.94
2055.49 5546.38
2056.01 5545.65
2055.97 5542.32
2056.04 5537.18
2056.05 5537.79
2056.77 5511.66
2056.9 5496.96
2056.89 5500.62
2056.89 5498.04
2057.28 5496.51
2058.11 5504.06
2057.93 5503.44
2058.24 5501.02
2058.31 5497.37
2058.25 5498.37
2058.34 5502.36
2058.4 5500.17
2058.62 5496.36
2058.26 5482.11
2058.05 5477.48
2057.59 5465.02
2057.99 5449.7
2058.38 5442.96
2058.41 5453.01
2058.4 5448.51
2058.38 5457.7
2058.48 5491.07
2058.21 5510.28
2057.85 5520.86
2057.7 5542.65
2058.16 5542.81
2058.13 5541.36
2057.4 5544.52
2057.1 5560.35
2057.11 5558.09
2056.66 5563.67
2057.5 5570.74
2057.84 5579.56
2057.81 5582.78
2057.94 5584.54
2057.08 5577.87
2057.25 5579.53
2057.32 5582.45
2057.72 5578.15
2057.63 5561.39
2057.59 5555.92
2057.72 5554.89
2057.6 5549.68
2057.24 5520.5
2057.16 5492.43
2056.8 5484.03
2056.78 5488.47
2056.84 5486.36
2056.77 5485.73
2057.05 5479.24
2056.88 5491.46
2056.97 5494.09
2057.16 5476.88
2056.32 5466.56
2056.36 5457
2056.11 5452.37
2056.1 5441.27
2055.92 5441.6
2056.39 5452.73
2056.37 5457.9
2056.42 5464.18
2056.69 5461.05
