433.077 22.8014
447.573 21.5956
540.609 26.1683
604.37 40.4123
698.901 67.1576
699.658 66.1638
703.703 66.0894
739.098 66.0546
782.532 66.0326
848.357 86.6023
848.357 85.718
853.53 85.3951
853.273 92.1666
910.743 104.365
944.382 106.661
948.832 105.383
954.785 95.6568
959.814 95.293
987.512 95.293
1082.39 123.575
1086.96 121.611
1088.46 120.881
1095.94 117.58
1122.89 119.356
1138.2 120.641
1553.6 1189.99
1550.25 1122.31
1555.42 1103.76
1555.48 1075.12
1560.61 1060.7
1443.26 1019.61
1504.37 1131.39
1506.19 1180.84
1551.6 1320.83
1589.62 1343.37
1573.66 1469.96
1573.05 1211.27
1599.38 1067.49
1617.81 1126.34
1633.19 1181.89
1638.17 1260.28
1638.2 1274.82
1542.57 1359.42
1567.82 1403.88
1590.13 1386.34
1640 1437.62
1639.78 1446.38
1667.25 1456.1
1671.23 1468.14
1673.23 1478.97
1695.86 1999.58
1700.64 1855.62
1700.12 1831.78
1702.44 1826.14
1700.78 1835.96
1711.71 1848.61
1747.92 1958.9
1768.41 2008.93
1767.14 2018.97
1769.6 2018.9
1769.64 2011.98
1791.15 2004.63
1792.06 2003.66
1775.38 1983.21
1768.69 2039.33
1773.49 2095.08
1774.08 2132.67
1776.95 2130.74
1776.85 2114.12
1740.74 2295.63
1754.45 2477.79
1750.66 2508.98
1756.8 2481.96
1792.21 2450.27
1793.24 2539.24
1799.07 2537.57
1811.06 2568.99
1815.28 2613.93
1819.01 2662.17
1831.2 2660.46
1807.18 2402.78
1806.31 2315.87
1796.33 2298.53
1803.76 2375.77
1851.79 2530.55
1849.41 2552.08
1852.36 2546.22
1849.31 2568.24
1849.06 2538.58
1915.66 2846.21
1917.44 2874.11
1917.76 2920.49
1919.78 2828.52
1919.81 2729.61
1911.49 2764.19
1862.12 2873.25
1860.8 2899.59
1854.82 3160.73
1854.27 3316.97
1853.92 3164.34
1854.67 3103.75
1850.58 3159.42
1851.37 3147.66
1864.04 3179.63
1863.25 3149.15
1861.49 3143.4
1860.99 3120.81
1853.32 3059.91
1855.36 3184.66
1854.1 3201.32
1857.38 3184.76
1834.98 3394.78
1843.56 3476.2
1857.2 3585.18
1857.32 3552.14
1860.24 3529.15
1860.02 3441
1864.92 3398.96
1870.21 3404.07
1874.03 3426.92
1874.03 3467.93
1864.38 3502.97
1865.29 3573.65
1866.3 3602.24
1865.47 3655.62
1866.87 3717.79
1868.95 3707.25
1872.52 3756.49
1872.96 3784.19
1875.93 3834.94
1877.39 3854.74
1876.84 3807.34
1875.42 3794.29
1873.92 3852.28
1874.45 3887.05
1874.27 3913.01
1874.24 3934.4
1874.09 3942.68
1875.35 3997.32
1875.94 3987.92
1876.28 3967.2
1878.64 3956.87
1878.97 3943.2
1878.53 3933.36
1877.46 3917.88
1883.9 3854.73
1882.67 3832.61
1884.87 3827.05
1885.67 3779.05
1881.85 3777.99
1881.37 3829.22
1883.99 3836.85
1887.21 3822.2
1885.8 3797
1885.14 3823.54
1886.01 3804.12
1888.05 3853.11
1887.59 3835.62
1888.01 3756.81
1888.16 3732.32
1896.39 3866.91
1897.35 3883.24
1897.83 3863.99
1897.86 3881.22
1895.05 3868.25
1896.99 3902.38
1897.16 3905.56
1896.59 3893.06
1896.43 3877.84
1898.11 3866.35
1898.03 3843.48
1897.94 3828.85
1897.43 3795.59
1897.72 3781.04
1897.87 3780.93
1900.58 3799.33
1900.19 3798.95
1900.67 3801.69
1900.45 3832.23
1906.09 3811.67
1907.71 3867.87
1908.3 3993.66
1907.58 4011.55
1907.5 4038.7
1907.51 4065.24
1908.55 4088.53
1908.37 4093.73
1909.92 4097.57
1909.23 4097.7
1911.33 4176.74
1912.75 4218.7
1913.4 4231.71
1915.14 4329.41
1915.17 4382.58
1915.5 4271.77
1915.2 4164.71
1915.09 4135.19
1917.91 4053.56
1918.34 4086.76
1919.58 4133.97
1919.45 4147.19
1919.41 4170.47
1917.62 4162.53
1918.06 4192.72
1919.05 4236.88
1917.8 4281.77
1918.18 4301.21
1918.21 4310.24
1916.87 4378.48
1916.94 4409.21
1916.94 4425.23
1913.76 4453.59
1913.7 4459.13
1914.15 4476.05
1911.1 4490.92
1912.91 4490.01
1912.91 4502.85
1913.47 4491.98
1913.78 4658.87
1914.84 4857.34
1914.63 4885.84
1913.27 4883.42
1913.16 4953.45
1913.27 4899.91
1913.51 4843.95
1913.07 4816.87
1915.01 4823.68
1915.38 4848.89
1917.32 4883.04
1917.12 4856.59
1918.93 4834.32
1919.26 4816.59
1919.73 4794.3
1919.69 4784.51
1916.01 4763.59
1916.13 4784.17
1917.22 4805.43
1917.7 4811.55
1917.72 4823.71
1917.33 4844.58
1917.32 4859.96
1917.6 4870.46
1917.54 4862.55
1917.31 4871.99
1917.31 4870.73
1917.67 4865.51
1916.94 4867.24
1916.13 4816.24
1916.06 4806.47
1915.89 4802.92
1914.8 4831.22
1914.3 4857.89
1913.74 4861.14
1913.69 4861.54
1910.82 4888.04
1910.59 4895.23
1912.67 4904.16
1912.5 4910.85
1910.27 4933.47
1910.4 4941.36
1910.4 4936.52
1910.43 4921.04
1911.34 4923.4
1912.19 4925.99
1912.42 4939.88
1912.04 4968.36
1913.48 4975.27
1913.46 4960.39
1911.13 4943.6
1913.01 4944.6
1913.54 4942.08
1913.73 4915.84
1913.18 4945.82
1912.84 4961.3
1912.8 4956.74
1913.45 4910.15
1913.82 4875.13
1912.2 4863.46
1910.53 4870.31
1910.52 4880.03
1910.26 4936.3
1910.2 4972.43
1910.58 4995.72
1910.34 4979.73
1910.01 4961.1
1910.09 4960.17
1910.02 4978.78
1908 4981.13
1907.83 4994.08
1907.67 4987.96
1905.76 5032.02
1906.51 5065.7
1906.83 5077.13
1906.1 5086.29
1907.88 5112.68
1909.29 5129.35
1909.27 5125.69
1909.41 5118.15
1910.05 5121.79
1910.15 5128.24
1909.83 5143.25
1909.83 5157.41
1909.8 5166.68
1907.8 5181.4
1907.58 5200.76
1907.37 5212.7
1906.13 5246.39
1906.33 5255.02
1907 5280.27
1906.96 5296.78
1906.76 5305.27
1906.49 5320.03
1906.69 5316.09
1906.79 5297.63
1906.79 5306.17
1906.71 5315.2
1905.86 5300.79
1906.48 5288.54
1906.46 5279.47
1904.62 5303.13
1904.93 5290.81
1904.73 5292.54
1904.71 5286.44
1904.77 5286.48
1905.59 5281.04
1905.34 5289.63
1905.22 5290.21
1905.19 5301.86
1905.63 5304.17
1905.47 5304.78
1905.18 5259.48
1905.17 5206.28
1905.55 5205.85
1905.81 5216.8
1905.79 5221.64
1906.01 5210.38
1904.36 5207.95
1903.16 5117.7
1901.31 5075.75
1901.54 5074.85
1901.65 5077.25
1901.38 5079.91
1901.38 5077.42
1902.9 5094.46
1904.27 5107.96
1903.66 5110.88
1902.41 5114.15
1902.09 5117.48
1902.09 5119.94
1902.31 5112.57
1901.42 5099.36
1901.06 5111.22
1901.09 5117.39
1901.18 5121.41
1901.32 5119.24
1901.41 5125.89
1899.57 5138.34
1899.61 5175.72
1899.43 5198.87
1899.77 5204.38
1900.1 5205.15
1899.45 5152.91
1899.64 5115.77
1899.63 5110.25
1900.77 5126.67
1900.65 5183.72
1900.44 5203.24
1900.44 5203.36
1900.92 5203.94
1901.29 5219.92
1900.56 5226.87
1900.81 5216.3
1900.57 5204.41
1901.38 5189.6
1900.82 5214.85
1905.25 5218.23
1903.97 5202.61
1904.22 5199.11
1903.83 5203.51
1902.12 5376.04
1901.78 5356.95
1901.99 5358.94
1902.19 5389.73
1902.08 5406.05
1902.13 5437.82
1902.16 5427.62
1902.04 5430.76
1902.06 5431.18
1905.58 5402.3
1905.86 5425.34
1904.82 5406.47
1905.75 5308.28
1904.49 5255.25
1904.47 5262.82
1904.47 5285.23
1904.82 5313.48
1905.45 5318.85
1905.43 5336.01
1905.43 5325.1
1905.22 5319.7
1906.81 5319.07
1906.83 5315.01
1906.32 5316.3
1906.88 5319.14
1906.81 5300.96
1906.45 5304.05
1906.91 5322.33
1906.38 5344.88
1906.2 5343.58
1907.29 5347.85
1907.5 5341.34
1907.76 5375.36
1908.01 5338.17
1908.18 5317.76
1908.08 5321.3
1908.69 5337.53
1907.94 5362.39
1908.91 5368.15
1908.86 5371.45
1908.71 5406.67
1909.04 5443.14
1909.03 5439.03
1908.72 5446.09
1909.23 5447.23
1909.26 5440.7
1909.26 5452.64
1909.55 5471.14
1908.32 5440.01
1903.7 5498.43
1903.76 5516.6
1903.74 5511.77
1903.95 5504.14
1903.35 5508.33
1903.37 5510.25
1903.31 5514.37
1903.69 5507.39
1903.65 5493.46
1904.65 5477.24
1904.65 5480.51
1904.19 5489.19
1902.52 5479.8
1904.25 5447.94
1903.92 5516.76
1903.54 5488.05
1903.18 5473.92
1903.19 5453.57
1903.31 5443.94
1903.2 5439.56
1902.09 5456.68
1901.95 5510.14
1901.97 5548.42
1900.36 5579.39
1900.08 5535.17
1899.15 5554.65
1899.38 5603.58
1899.32 5617.42
1899.79 5597.82
1901.33 5570.34
1901.27 5579.95
1903.1 5572.33
1903.24 5576.44
1903.08 5582.66
1903.56 5607.65
1903.58 5618.09
1902.97 5613.46
1903.11 5601.57
1903.1 5519.28
1902.75 5564.72
1902.78 5591.41
1902.76 5611.11
1902.93 5622.96
1902.62 5635.05
1902.95 5639.82
1903.57 5695.71
1903.32 5728.08
1903.36 5710.24
1903.31 5705.59
1902.61 5682.82
1902.6 5644.41
1902.53 5659.63
1902.51 5672.17
1901.11 5686.77
1901.56 5709.38
1901.57 5702.21
1901.85 5711.82
1900.83 5726.01
1901.01 5721.81
1899.24 5700.88
1899.22 5687.01
1897.61 5665.84
1897.68 5642.13
1898.13 5634.83
1898.8 5628.86
1898.39 5613.83
1898.48 5610.08
1898.5 5602.66
1898.48 5603.53
1898.47 5598.8
1898.77 5591.15
1900.78 5583.88
1900.49 5579.25
1900.17 5573.94
1900.21 5573.82
1900.13 5563.18
1900.1 5564.87
1900.2 5565.1
1900.33 5585.4
1900.52 5601.97
1899.93 5654.79
1900.01 5599.96
1901.25 5591.54
1901.2 5596.02
1901.13 5596.66
1900.92 5569.62
1901.28 5544.77
1901.31 5535.66
1901.51 5531.72
1901.73 5524.91
1903.01 5529.2
1902.58 5528.71
1903.14 5504.56
1903.74 5485.8
1903.49 5540.14
1903.98 5541.76
1903.96 5545.33
1903.94 5539.73
1904.01 5547.97
1905.34 5515.79
1905.42 5501.79
1907.14 5473.81
1906.99 5413.46
1905.79 5449.55
1905.76 5450.21
1905.75 5436.55
1905.14 5415.42
1905.21 5385.24
1906.36 5385.05
1906.71 5394.33
1906.4 5391.17
1906.89 5385.98
1906.93 5380.7
1907.43 5407.61
1907.22 5427.28
1907.19 5402.5
1906.35 5373.9
1909.61 5416.16
1909.83 5415.03
1909.76 5434.99
1909.76 5432.32
1910.2 5445.24
1911.04 5446.1
1911.02 5454.62
1910.82 5449.65
1911.08 5439.48
1910.87 5439.83
1911.16 5438.12
1911.18 5435.56
1911.22 5437.9
1908.43 5529.48
1908.58 5563.52
1908.35 5590.83
1908.27 5605.51
1910.75 5620.73
1911.14 5640.38
1911.4 5643.02
1911.66 5639.24
1913.78 5635.85
1915.16 5628.89
1915.15 5616.02
1915.65 5607.94
1915.54 5612.82
1915.17 5623.15
1915.24 5623.11
1915.31 5614.35
1915.48 5613.08
1914.93 5627.05
1915.17 5634.95
1914.57 5635.85
1914.24 5645.81
1914.43 5672.99
1913.36 5664.94
1913.66 5678.07
1913.82 5685.67
1914.08 5670.89
1913.8 5671.71
1914.44 5651
1914.29 5640.64
1914.27 5633.84
1914.88 5630.21
1914.6 5641.21
1913.44 5668.48
1913.42 5679.09
1913.55 5685.28
1913.6 5697.6
1913.38 5719.4
1913.33 5720.35
1913.88 5725.8
1914.33 5724.29
1914.62 5661.14
1914.83 5652.09
1914.74 5679.24
1914.68 5686.88
1915.15 5691.44
1915.52 5707.87
1915.56 5716.71
1915.64 5719.17
1915.71 5755.27
1915.56 5765.88
1915.79 5790.45
1915.95 5805.73
1915.92 5818.54
1915.61 5837.65
1915.6 5837.05
1916.26 5828.53
1916.82 5809.45
1916.69 5810.3
1915.92 5805.05
1915.98 5817.97
1915.98 5830.19
1915.91 5843.09
1915.87 5831.54
1915.93 5824.81
1915.5 5820.35
1915.47 5815.86
1915.43 5824.13
1916.8 5890.37
1916.8 5880.45
1918.2 5874.04
1918.23 5864.4
1918.86 5853.94
1918.82 5848.88
1918.79 5845.78
1919.78 5846.6
1920.97 5867.23
1920.85 5858.41
1920.84 5862.8
1920.62 5846.71
1920.58 5832.59
1920.56 5814.86
1920.55 5808.44
1920.64 5782
1922.29 5757.02
1921.53 5718.26
1921.48 5686.59
1921.33 5685.32
1921.21 5648.94
1920.59 5624.72
1920.59 5629.1
1920.63 5614.2
1920.64 5609.87
1918.93 5610.28
1917.5 5614.85
1917.25 5606.4
1917.17 5605.52
1917.19 5606.15
1916.96 5617.32
1917.1 5638.59
1916.6 5639.71
1916.56 5646.33
1916.64 5688.42
1916.95 5687.01
1916.99 5684.22
1914.93 5680.38
1914.73 5682.95
1913.3 5738
1913.36 5742.97
1913.24 5753.32
1913.36 5751.2
1913.31 5751.44
1913.41 5756.44
1913.31 5762.39
1913.39 5763.04
1913.91 5761.88
1913.65 5775.19
1913.63 5791.51
1914.03 5746.49
1914.33 5750.64
1914.66 5734.31
1915.21 5721.51
1915.39 5722.58
1915.11 5719.34
1915.39 5707.65
1915.4 5706.64
1916.31 5707.78
1916.88 5721.9
1916.56 5699.35
1916.53 5691.52
1917.11 5680.49
1917.21 5680.89
1917.2 5685.42
1917.21 5691.73
1917.28 5712.3
1917.35 5724.84
1917.98 5733.31
1918.11 5760.03
1918.15 5796.12
1918.16 5820.88
1917.98 5826.95
1917.85 5793.48
1917.71 5805.56
1917.75 5792.03
1917.93 5787.44
1918.61 5782.44
1918.4 5778.67
1918.99 5754.77
1919 5774.84
1918.46 5804.19
1918.15 5846.26
1919.47 5866.28
1919.55 5870.66
1919.56 5865.7
1919.51 5891.18
1920.98 5837.72
1921.51 5838.22
1921.57 5842.47
1916.63 5838.94
1915.84 5827.22
1915.76 5826.33
1915.92 5831.05
1915.87 5842.76
1916.03 5832.54
1915.8 5845.28
1915.23 5842.98
1915.36 5851.57
1915.88 5856.52
1916.39 5879.89
1916.3 5864.92
1916.27 5882.19
1915.93 5906.45
1916.09 5895.65
1916.1 5928.25
1916.08 5940.09
1915.16 5954.36
1916.65 5958.74
1918.3 6016.81
1918.55 5965.41
1918.5 5903.52
1918.45 5879.43
1918.14 5870.41
1918.16 5878.56
1918.45 5886.8
1918.17 5916.67
1918.31 5921.32
1917.87 5938.89
1918.11 5930.81
1918.09 5928.39
1918.02 5923.82
1918.41 5910.58
1918.41 5898.32
1918.29 5889.41
1920.28 5886.6
1921.42 5878.26
1925.02 5868.99
1924.99 5870.65
1924.92 5862.55
1924.87 5864.5
1928.08 5884.9
1928.05 5889.43
1929.21 5896.99
1929.2 5888.27
1928.98 5868.72
1929.07 5898.62
1929.09 5911.36
1929.1 5841.43
1929.09 5854.46
1929.01 5834.01
1929.18 5826.7
1929.04 5823.96
1929.17 5823.85
1930.06 5830.11
1928.73 5864.78
1928.77 5832.04
1930.75 5806.34
1930.76 5800.64
1930.8 5796
1930.84 5800.34
1931.58 5856.06
1931.57 5864.76
1930.95 5870.22
1930.76 5879.47
1930.76 5879.66
1930.73 5884.08
1931.3 5881.83
1929.26 5902.73
1929.33 5954.4
1929.46 5955.11
1929.41 5954.2
1929.42 5947.11
1926.75 5943.28
1926.77 5964.64
1925.8 5957.92
1925.63 5967.34
1925.58 5978.69
1923.33 5990.02
1923.4 6005.17
1923.35 6028.56
1923.8 6047.17
1924.07 6062.89
1924.04 6085.5
1922.66 6116.08
1923.24 6111.23
1920.51 6126.03
1920.48 6138.19
1921.2 6126.26
1920.61 6179.16
1921.38 6190.34
1921.46 6168.15
1921.23 6171.57
1920.86 6171.68
1920.93 6163.2
1921.19 6140.51
1921.1 6124.68
1921.01 6113.05
1919.81 6113.58
1919.69 6112.57
1918.9 6114.08
1919.25 6112.12
1919.25 6115.91
1919.12 6117.44
1919.81 6114.31
1919.78 6104.23
1920 6128.99
1920 6132.51
1919.94 6131.08
1919.88 6132.46
1919.57 6125.02
1918.89 6120.5
1918.89 6121.39
1921.19 6168.02
1921.22 6162.41
1921.36 6134.81
1921.39 6119.41
1922.43 6082.45
1922.18 6068.8
1922.25 6091.03
1921.96 6065.95
1921.97 6048.4
1922 6022.9
1922.01 5993.91
1923.2 5936.26
1920.34 5948.61
1921.39 5975.06
1921.49 5978.06
1917.52 5989.5
1917.49 5975.3
1917.55 5959.31
1917.7 5953.7
1917.85 5903.99
1917.41 5915.06
1917.47 5942.98
1917.5 5916.41
1917.58 5908.23
1917.61 5898.64
1917.67 5872.72
1917.86 5877.07
1917.22 5881.6
1917.15 5889.72
1916.63 5916.91
1916.39 5941.37
1916.57 5944.23
1916.45 5945.1
1916.48 5944.03
1916.48 5945.45
1916.42 5948.11
1916.43 5947.94
1915.93 5939.42
1915.94 5938.94
1916.13 5916.66
1914.25 5889.94
1914.27 5899.87
1914.29 5897.28
1914.47 5897.93
1917.43 5899.59
1917.36 5896.09
1916.97 5881.07
1916.53 5856.03
1916.96 5829.97
1916.93 5814.59
1916.97 5804.6
1917.07 5827.24
1916.38 5817.99
1916.38 5819.58
1916.37 5814.96
1916.38 5809.26
1916.24 5813.98
1916.31 5775.73
1916.28 5783.39
1916.23 5776.32
1916.2 5768.33
1915.93 5767.14
1915.76 5773.36
1915.65 5773.42
1915.48 5794.44
1915.09 5797.31
1915.09 5798.29
1916.12 5771.72
1916 5799.4
1915.29 5808.87
1916.49 5839.15
1916.28 5834.36
1915.53 5836.38
1915.41 5834.27
1915.26 5835.17
1914.98 5808.62
1914.77 5830.78
1914.59 5828.88
1914.63 5845.08
1914.72 5853.67
1915.18 5848.62
1915.16 5837.31
1915.17 5830.14
1916.01 5815.86
1915.97 5811.13
1916.27 5816.51
1916.44 5824.86
1916.45 5822.33
1915.87 5883.59
1915.67 5926.24
1916 5928.15
1915.99 5916.97
1916.61 5929.53
1917.02 5925.78
1918.33 5924.45
1918.42 5939.5
1918.01 5940.52
1918 5939.76
1918.48 5893.08
1918.48 5858.75
1918.84 5845.33
1919.02 5841.7
1919.82 5848.97
1919.87 5855.72
1920.04 5853.01
1920.51 5843.95
1920.62 5814.48
1920.04 5822.68
1920.44 5750.74
1919.8 5740.48
1919.83 5744.12
1919.66 5743.13
1919.68 5746.71
1919.77 5747.11
1920.24 5769.21
1920.75 5770.75
1920.95 5748.62
1920.9 5729
1921.09 5759.12
1921.21 5785.82
1920.21 5840.09
1920.35 5847.2
1920.36 5846.71
1920.24 5834.49
1920.2 5824.27
1920.11 5818.21
1920.18 5817.71
1920.18 5814.1
1920.19 5820.35
1920.23 5825.23
1920.26 5826.73
1920.26 5829.38
1920.23 5842.53
1921.76 5895.94
1924.19 5887.8
1923.95 5900.46
1924.2 5906.54
1924.28 5894.74
1924.26 5897.92
1924.25 5902.24
1924.46 5921.07
1924.49 5908.51
1924.36 5926.47
1924.36 5920.93
1924.23 5918.9
1924.14 5926.85
1923.66 5915.08
1923.9 5911.24
1924.18 5914.62
1925.35 5880.86
1925.34 5874.72
1924.24 5827.5
1924.45 5829.97
1924.44 5838.87
1924.31 5850.39
1924.42 5860.4
1924.44 5828.93
1924.69 5840.08
1924.84 5812.42
1925.16 5812.81
1924.85 5813.89
1924.87 5807.66
1925.37 5802.29
1925.22 5793.34
1925.38 5797.48
1925.51 5792
1925.24 5799.19
1925.3 5800.37
1924.28 5802.25
1924.11 5783.6
1924.66 5849.96
