54.8259 0
363.028 5.10862
469.544 12.5305
501.345 12.0769
530.924 11.6991
592.266 12.4529
615.278 18.0871
646.308 17.6074
701.829 21.0164
702.199 20.8222
724.868 20.7897
729.072 20.7752
852.764 61.2959
886.302 59.0926
940.54 62.3241
958.391 61.9041
977.88 61.5155
991.807 61.3947
1025.44 63.8371
1025.44 63.7252
1025.43 63.4295
1028.68 63.3209
1077.97 77.7443
1119.68 119.575
1122.32 123.473
1136.92 137.584
1147.54 142.226
1157.37 250.01
1164.68 354.792
1180.76 454.379
1261.65 909.968
1248.03 1447
1255.07 1721.89
1262.81 1936.4
1275.58 2021.89
1273 2068.52
1302.26 2319.87
1303.62 2216.06
1323.85 2262.78
1325.05 2242.12
1325.6 2201.23
1328.81 2167.6
1329.11 2200.57
1390.14 2215.24
1389.88 2237.73
1377.45 3020.32
1394.19 3074.81
1404.37 3132.63
1438.85 3227
1441.77 3262.65
1458.68 3354.37
1459.28 3434.13
1491.74 3944.05
1494.84 3897.86
1503 3736.6
1499.11 3662.7
1515.58 3633.57
1504.96 3975.36
1518.69 3856.68
1523.21 3624.35
1548.34 3716.56
1538.92 3684.9
1560.45 4255.19
1560.51 4237.01
1558.5 4180.83
1543.27 4633.7
1546.34 4719.02
1574.84 4728.31
1578.41 5084.45
1576.04 5303.4
1577.57 5356.3
1579.13 5349.92
1608.12 5519.41
1609.87 5631.27
1592.01 5655.41
1636.06 5793.39
1632.51 5849.23
1632.38 5983.3
1629.7 6032.81
1626.62 6341.86
1642.88 6205.93
1629.75 6346.94
1631.46 6719.98
1637.24 6857.96
1629.9 6972.5
1624.01 7373.37
1652.74 8481.85
1658.15 10455
1668.36 9411.71
1660.8 8954.61
1656.46 8871.19
1686.12 9017.1
1677.97 8945.95
1706.24 8968.94
1699.83 9560.07
1716.51 9290.24
1714.83 9150.87
1714.35 9056.4
1702.35 9412.78
1701.66 9455.37
1708.1 9378.26
1708.28 9229.05
1712.49 9184.13
1713.22 9124.4
1712.47 9164.66
1712.56 9154.77
1715.4 9147.73
1716.46 9297.34
1717.18 9496.56
1712.68 9722.72
1738.59 9781.23
1743.79 10104.6
1743.85 10397.7
1741.77 10404.1
1742.49 10517.7
1742.66 10543.7
1760.01 10559.2
1760.8 10388.3
1767.28 10426
1767.26 10336.1
1763.14 10183.4
1778.27 10264.1
1777.76 10146.3
1773.72 10038
1774.11 10013.8
1773.7 9980.5
1772.7 9969.14
1774 9903.41
1773.93 9948.75
1773.83 9859.8
1772.26 9861.11
1753.87 10198.4
1749.22 10418.8
1748.75 10687.4
1750.34 10731.6
1752.35 10678.9
1752.37 10658.9
1752.18 10636.9
1753.56 10655.1
1759.45 10596.8
1742.99 11350.8
1745.1 11486.6
1739.69 11456.9
1729.37 11688.3
1728.61 11742.2
1731.58 11690.7
1719.38 11705.4
1724.72 11655.3
1722.25 11742.3
1722.98 12653.4
1720.24 12449.4
1740.13 12253.2
1829.99 12160.3
1828.69 12132.5
1748.17 12618.5
1750.49 12732.5
1750.58 12658.2
1750.56 12596.4
1749.96 12572.4
1750.9 12575.1
1748.72 12710.4
1748.94 12750.4
1760.09 12736.1
1760.19 12729.3
1760.62 12744.9
1760.42 12689.7
1760.24 12707.1
1752.13 13109.1
1751.24 13047.5
1750.05 12938.8
1755.64 12837
1756.21 12893.5
1758.28 12800.9
1761.37 12830.4
1771.48 12972.3
1772.47 12996.5
1773.01 12997.4
1772.95 13007.4
1773.11 12936.7
1765.69 13490.3
1766.48 13339.8
1767.25 13358.1
1767.22 13331
1767.18 13314.1
1766.44 13366.7
1766.77 13418
1767.89 13417
1767.45 13408.3
1768.02 13371
1768.49 13342.6
1766.18 13342.6
1766.44 13374.5
1765.02 13282.2
1764.73 13258.1
1764.52 13232.8
1765.08 13209.3
1765.22 13205.8
1765.29 13216.4
1767.68 13275.3
1770.78 13349.8
1774.49 13298.4
1773.65 13357.7
1773.1 13417.6
1773.89 13629.8
1773.3 13985.4
1775.65 14155.7
1789.87 14399.6
1792.3 14272.9
1792.38 14250.9
1792.85 14254.2
1793.58 14284.4
1794.26 14327.9
1794.2 14309.8
1794.04 14314.4
1794.12 14272.4
1803.55 14408.3
1801.4 14271.9
1801.71 14306.4
1803.96 14438.8
1804.14 14423.4
1804.16 14417.9
1808.72 14464.7
1810.41 14424.9
1809.99 14420.6
1811.91 14392.7
1807.34 14550.9
1808.79 14633.9
1808.32 14610.6
1805.42 14658.7
1805.19 14676.9
1805.93 14641.6
1805.87 14621.7
1805.89 14613
1805.88 14658.1
1805.08 14726.8
1806.69 14750.5
1806.62 14746.9
1809.07 14597.2
1808.43 14676.7
1808.23 14746.5
1810.48 14722.6
1810.55 14726.3
1812.27 14776.1
1809.52 14818.3
1808.43 14737.1
1807.34 14712.9
1807.31 14704.1
1806.97 14665.1
1806.25 14687.3
1805.4 14667
1807.58 14635.6
1806.34 14629.7
1829.41 14548.3
1836.26 14681.3
1836.39 14599.2
1836.1 14481.3
1836.02 14485.7
1840.19 14567
1847.36 14581.6
1851.02 14560.7
1851.32 14615.3
1850.67 14760.8
1850.75 14774
1850.47 14774.8
1850.65 14735.4
1850.98 14753.1
1850.78 14717.2
1849.6 14730.2
1849.96 14780.9
1847.37 14886.2
1847.3 15053.1
1848.14 15014.5
1838.99 15052.6
1839.03 15117.1
1833.38 15315.5
1833.69 15370.1
1833.52 15386.6
1834.3 15422.1
1824.82 15479.3
1824.37 15661.2
1823.37 15683.5
1817.33 15699.7
1815.89 15710.5
1817.04 15811.8
1821.93 15847.1
1821.97 15841.7
1822.11 15872.3
1821.04 15949.8
1820.8 15977.9
1816.84 15903.8
1816.84 15985.5
1815.55 16255.8
1815.9 16360.7
1815.82 16301.1
1813.43 16324.5
1813.12 16541.2
1816.58 16544.8
1815.49 16408.2
1815.78 16293.4
1815.83 16226.6
1814.68 16254.9
1814.82 16375.9
1814.37 16445.9
1816.06 16525.9
1816 16604.6
1815.42 16836
1815.83 16877.9
1815.81 16904.7
1812.6 17142.2
1811.74 17108.2
1811.72 17021.1
1811.83 16971.1
1811.34 16959.3
1811.32 16975.2
1812.48 17141
1813.54 17112.4
1813.86 17160.1
1813.86 17101.6
1814.16 17135.4
1815.5 17085.2
1819.86 17049.7
1820.86 17004.9
1821.36 16982.5
1820.46 17003.1
1820.19 17008.5
1821.64 17005.4
1823.47 17060.2
1826.51 17104.1
1828 17185.9
1828.01 17168.9
1827.86 17159.6
1828.17 17139.7
1825 17194.2
1826.82 17295.5
1827.01 17332
1824.96 17379
1826.06 17406.5
1825.78 17396.2
1826.63 17414.4
1826.42 17429
1827.3 17417.3
1829.1 17440.6
1824.42 17420.8
1824.57 17455.5
1824.51 17356.6
1824.47 17188.1
1825.06 17237.2
1825.39 17196.3
1825.86 17132.1
1825.85 17146.2
1828.36 17175.6
1828.38 17155.8
1829.02 17149.9
1829.45 17188.5
1830.55 17223.9
1831.38 17237.1
1831.07 17234.7
1831.57 17238.9
1831.81 17293.3
1831.67 17289.1
1830.93 17246.6
1831.13 17292.9
1833.77 17322.5
1835.38 17389.4
1837.57 17450.5
1837.06 17421.1
1836.17 17445.4
1836.12 17479.4
1835.27 17836.6
1835.19 18034.6
1835.14 18040.9
1834.48 18056.6
1834.43 18057.2
1838.06 18044.5
1837.87 18064.8
1837.9 18220.3
1838.06 18241.5
1846.1 18337.1
1855.69 18221
1855.8 18304.2
1856.1 18424.6
1856.12 18406.4
1856.06 18428.7
1856.16 18430.2
1854.65 18434.5
1854.44 18411.8
1850.9 18421.6
1850.1 18482.9
1850.06 18512.4
1849.96 18530
1849.72 18536.1
1847.69 18580.9
1847.62 18582.7
1849.46 18641.8
1849.44 18662.1
1849.51 18667.2
1849.29 18709.5
1849.33 18687.4
1848.94 18676.7
1848.73 18665
1849.26 18666.7
1844.69 18686.6
1845.61 18591.7
1845.78 18608.4
1848.7 18604.6
1848.93 18612.3
1855.11 18753.3
1853.37 18666.9
1856.74 18641.7
1856.88 18654.7
1858.14 18690.1
1860.63 18731.2
1860.41 18780.1
1860.7 18830.8
1858.5 18852.6
1858.25 18812.5
1857.35 18826.7
1857.95 18828.6
1860.3 18869.5
1860.31 18779.9
1860.23 18760.4
1858.76 18791.7
1858.86 18817.4
1858.63 18819.2
1863.67 18995.8
1860.22 18987.8
1859.75 18991.8
1864.04 19096.5
1864.25 19101.2
1867.93 19163.8
1867.15 19140.7
1867.65 19342.1
1866.85 19292.4
1869.56 19402.1
1869 19449
1869.09 19472.2
1866.61 19503.2
1866.8 19457.4
1868.81 19451.3
1867.51 19416.4
1867.31 19453.2
1867.39 19457.2
1867.85 19411.5
1867.9 19402
1867.98 19380.4
1867.45 19405.7
1866.93 19442.9
1867.47 19456.8
1865.02 19420.3
1864.47 19415.6
1864.95 19408.3
1864.72 19397.1
1866.74 19360.5
1866.06 19364.2
1871.11 19462.6
1871.06 19557.3
1870.99 19538.4
1871 19546.1
1873.38 19649.5
1873.34 19622.2
1877.64 19701.6
1877.69 19742.7
1878.31 19699.8
1879.29 19711.6
1879.26 19722.2
1879.17 19714.6
1878.52 19704.1
1879.85 19701.1
1879.78 19680
1879.59 19680
1879.51 19657.1
1879.85 19634.8
1883.62 19820.4
1882.68 19608.8
1881.83 19623.3
1881.34 19638
1881.33 19623.9
1881.65 19658.4
1882.01 19655.3
1884.91 19697.5
1882.06 19723.1
1881.68 19723.8
1881.88 19716.6
1879.62 19795.1
1881.37 19785.3
1882.39 19898.1
1881.93 19853.5
1881.79 19822.4
1881.65 19816.6
1882.04 19851.1
1882.11 19810.4
1883.27 19800.3
1883.25 19804.9
1883.41 19798.8
1883 19802.9
1882.51 19817.8
1882.83 19851.9
1882.7 19846.6
1882.58 19843.6
1883.93 19875.7
1884.33 19865.5
1884.51 19871.8
1885.26 19867.1
1890.82 19968.3
1892.71 19883.4
1891.48 19843.1
1891.6 19903.9
1892.69 19933.5
1892.58 19959
1892.23 20021.3
1892.82 20088.3
1888.94 20136.1
1888.67 20124.7
1888.1 20152.8
1887.8 20137
1888.26 20149.3
1890.37 20122.4
1890.51 20154.7
1890.54 20152.7
1890.53 20156.6
1890.27 20153.2
1890.18 20152.5
1890.11 20158.4
1890.16 20141.7
1890.07 20116
1890.24 20091.4
1889.19 20074.1
1889.38 20068.4
1892.83 20108.6
1893.43 20138.2
1893.92 20173.1
1894.94 20189.4
1895.02 20144.2
1895.3 20136.1
1894.84 20142.2
1894.43 20168.5
1894.94 20173.9
1895.88 20187.9
1895.49 20243.1
1895.22 20249
1895.61 20243
1895.54 20264.9
1895.26 20286.3
1895.83 20301.8
1896.56 20310
1896.45 20326.7
1896.64 20339
1897.57 20388.9
1898.38 20334.7
1897.79 20446.9
1897.72 20503.8
1897.78 20526.9
1897.75 20534.4
1897.8 20535.6
1896.6 20522.6
1898.84 20487.1
1898.64 20494.6
1899.82 20461.9
1903.68 20550
1903.77 20578.4
1904.22 20619
1903.72 20619.4
1903.93 20613.7
1902.25 20641.5
1901.51 20672
1901.23 20695.4
1901.39 20734.6
1901.45 20703.8
1901.92 20703.9
1900.07 20727.8
1900.34 20732.8
1900.14 20740.6
1900.31 20774.2
1901.3 20754.1
1900.99 20717.1
1901.15 20730.1
1900.71 20738.5
1900.82 20757.8
1900.56 20735.6
1899.43 20735.7
1899.06 20715.7
1898.8 20758.8
1898.07 20805.2
1901.56 20772.4
1901.62 20806.7
1900.72 20815.9
1902.65 20901
1902.65 20785.4
1901.96 20852.8
1901.92 20861.2
1903.05 20852.8
1903.06 20867.8
1902.97 20879.6
1902.52 20875.6
1904.93 20873
1903.97 20908
1903.77 20951
1904.14 20900.1
1904.27 20899.8
1905.61 20955.5
1905.24 20971.7
1904.64 20956.4
1904.42 20951.8
1905.07 20932.6
1905.08 20935.2
1905.08 20924.1
1905.53 20877
1905.51 20819
1905.5 20806
1905.18 20774.3
1905.33 20795.6
1905.59 20788.7
1905.67 20779.4
1906.52 20790.8
1906.11 20785
1905.9 20774.1
1905.86 20784.3
1905.34 20859
1905.04 20839
1905.4 20847.6
1905.96 20868.5
1906.17 20842.9
1905.49 20791.6
1906.23 20834.7
1904.72 20820.5
1903.21 20844.2
1903.13 20861.6
1905.3 20864.7
1906.79 20838.9
1906.6 20851.6
1907.09 20903.7
1907.74 20881.9
1906.67 20914.4
1906.78 20908.2
1906.8 20908.4
1906.86 20901.8
1906.29 20885.3
1906.3 20876.7
1906.6 20879.3
1907.77 20892.4
1907.72 20876
1907.78 20911.7
1907.82 20840.2
1909.12 20855.9
1908.72 20862.9
1908.77 20883.2
1908.77 20813.6
1908.67 20816.2
1908.84 20833.6
1909.08 20876.4
1909.1 20878.8
1909.07 20881.1
1909.6 20861.4
1909.34 20863.1
1909.38 20863.2
1908.78 20860.6
1908.9 20855.9
1906.62 20861.6
1906.53 20863.6
1907.6 20867.7
1906.68 20827.6
1906.59 20795.2
1903.43 20979.4
1903.45 21062.2
1903.37 21008.5
1904.37 20991.2
1904.68 20932.4
1904.42 20888.5
1904.51 20880.7
1904.57 20898.1
1905.3 20939.6
1905.35 20934.9
1905.2 20956.7
1905.2 20981.9
1905.22 20911.8
1905.49 21009.4
1905.35 20983.4
1905.16 21047.8
1906.74 21057.1
1907.93 21011.4
1908.43 21001.6
1908.46 21051.9
1908.45 21095.8
1908.57 21032.9
1908.03 21042.2
1907.98 21022.4
1908.14 21010.8
1906.59 21016.9
1907.46 20972.7
1907.4 20967.9
1906.92 20956.6
1907.31 20969
1907.69 20977.4
1906.37 20973.8
1906.37 20997.6
1905.96 21017.4
1906.28 21004.5
1906.29 21011.6
1907.57 21021.8
1904.7 21084.3
1904.6 21054.5
1906.05 21033.2
1906.11 21071.2
1906.75 21090.8
1907.16 21083.8
1907.04 21063.2
1907.01 21058.2
1906.87 21040.5
1906.89 21051
1906.83 21052.9
1906.8 21089.5
1906.41 21103.8
1906.39 21112.3
1906.14 21104.9
1906.74 21109.6
1907.21 21133.5
1907.55 21104.3
1907.42 21102.8
1907.35 21110.9
1907.36 21108.1
1907.47 21106.4
1908.37 21096.3
1908.65 21101.9
1908.71 21106.9
1907.81 21096.8
1908.76 21111.1
1908.57 21094.4
1906.09 21214.6
1905.1 21247.5
1904.41 21268.2
1905.15 21261.9
1905.15 21269.5
1904.99 21277.6
1904.84 21228.4
1904.99 21225
1905 21209.3
1902.04 21223.6
1902.04 21243.4
1902.23 21266.5
1902.05 21321.9
1902.23 21328.1
1902.26 21297.4
1902.09 21282.3
1902.15 21250.6
1902.68 21283.8
1904.03 21226.5
1904.45 21277.2
1904.48 21232
1904.8 21213.5
1904.65 21192.4
1904.56 21186.1
1904.51 21209.3
1904.59 21227.7
1904.58 21232.3
1903.7 21256.2
1903.9 21322
1903.64 21382.8
1903.31 21299.9
1903.18 21266.9
1903.26 21266.4
1903.25 21342
1903.82 21331.2
1903.73 21295.3
1903.71 21265.6
1904.19 21262.4
1904.31 21242.5
1904.26 21227.1
1904.41 21220.8
1904.43 21218.2
1904.23 21220.5
1903.96 21227.9
1903.89 21239.8
1904.5 21224.2
1907.88 21128
1907.86 21126.4
1907.26 21130.4
1907.67 21147.7
1907.62 21173.5
1907.58 21207.2
1907.99 21217.3
1907.93 21207.1
1908.01 21224.4
1909.56 21189.5
1909.74 21211.9
1909.29 21244.1
1909.28 21255.1
1912.22 21308.7
1911.86 21324.8
1911.96 21327.9
1911.66 21282.4
1911.69 21251.7
1911.7 21242.8
1910.59 21238.7
1910.63 21255.5
1909.9 21254.6
1909.89 21212
1909.78 21151.1
1909.74 21149.7
1910.4 21151.5
1911.13 21164.3
1912 21154.5
1911.98 21151.7
1911.7 21151.9
1911.75 21136.2
1911.38 21117.9
1911.27 21133
1911.31 21104
1909.62 21109
1909.85 21119.1
1909.11 21123.5
1909.18 21136.5
1909.27 21189.1
1909.62 21203.9
1909.65 21204.7
1909.72 21200.5
1909.61 21200.3
1909.45 21198.3
1908.1 21214.1
1908.91 21208.6
1908.87 21177.9
1908.87 21195.4
1907.94 21169.2
1908.88 21160
1907.92 21191.8
1907.67 21223.5
1903.16 21105.8
1902.83 21093.9
1902.89 21082.2
1902.84 21055.6
1902.06 21060.1
1902.46 21077.6
1902.38 21095.3
1902.35 21093.7
1901.98 21102.8
1902.46 21103.6
1902.85 21108.5
1902.85 21111.7
1902.61 21110.1
1902.62 21115.1
1903.55 21119.9
1903.48 21093.5
1903.81 21041.1
1901.95 21065.2
1900.8 21060.4
1900.98 21077.1
1903.82 21069.4
1903.78 21071.2
1903.74 21071.9
1903.33 21041.7
1903.46 21045.3
1904.41 21091.4
1904.23 21092
1904.25 21085.4
1905.08 21065.1
1905.08 21060.9
1905.04 21065.5
1904.54 21067.8
1904.58 21073.1
1904.8 21056.3
1905.27 21056.2
1905.48 21037
1905.46 21020.6
1905.45 21016.8
1905.85 21011.9
1906.45 21011
1906.36 21007.1
1906.28 21011.8
1907.81 21033.4
1907.72 21024.8
1907.72 21018.7
1906.22 21040.1
1906.83 21048.8
1906.69 21056.8
1907.17 21057.6
1906.89 21052.3
1907.42 21050.3
1907.46 21054.9
1907.63 21066.9
1907.62 21070.2
1908.3 21075.8
1907.66 21065.7
1907.85 21052.4
1907.88 21053.1
1907.88 21028.2
1907.95 20942
1907.5 20914.5
1907.56 20922.5
1907.54 20919.7
1907.42 20920
1907.47 20922.5
1908.08 20950.4
1908.09 20917.4
1906.95 20922.2
1906.84 20937.2
1906.83 20945.7
1906.97 20934.3
1906.69 20935.6
1906.67 20908.5
1902.53 20923
1901.79 20907.2
1902.06 20928.9
1902.11 20930.3
1901.49 20946.7
1901.38 20944.3
1901.57 20940.5
1901.41 20883
1899.56 20922.5
1901.12 20907.8
1901.1 20911.5
1901.31 20922.2
1900.89 20922.1
1900.8 20921.4
1900.94 20940.7
1901.79 20941.4
1903.03 20960.6
1903.03 20965.7
1903.36 20958.9
1901.54 20961.6
1902.1 20944.6
1901.96 20943.2
1902.43 20992.4
1902.67 21024.6
1902.88 21031.1
1904.8 21012.5
1904.21 20981.6
1904.3 20962.3
1903.86 20982.9
1903.6 20970.4
1903.54 20958.8
1903.6 20954.5
1904.22 20951.8
1904.21 20936.7
1905.63 20932.3
1906.46 20927.1
1906.81 20924.5
1906.71 20927.4
1907.43 20959.8
1907.32 20956.9
1907.36 20954.8
1910.09 20993.9
1910.09 20985.6
1910.18 20975
1910.82 20965.1
1910.76 20955.2
1910.77 20960.4
1909.88 20966.2
1910.14 20962.7
1910.14 20971
1909 20972.3
1908.79 20944.7
1908.1 20935.6
1908.09 20908
1906.73 20899.8
1906.73 20905.9
1906.42 20880.5
1906.68 20859.5
1906.65 20877.9
1906.66 20896.3
1906.66 20891.1
1906.81 20880.6
1906.76 20879.3
1906.72 20853.1
1906.51 20849.4
1906.58 20835.4
1906.59 20832
1906.64 20840.6
1906.76 20843
1906.77 20831.1
1906.73 20828.5
1906.91 20845.9
1907.8 20868.8
1907.79 20862.6
1907.73 20851.9
1908.2 20854.9
1908.27 20867.7
1908.33 20860.4
1908.18 20856.8
1908.19 20810.6
1908.01 20828.9
1908.04 20834.3
1908.05 20838.4
1907.35 20850.6
1907.74 20850.3
1907.55 20812.1
1907.54 20801.7
1907.04 20827.5
1906.75 20837
1906.74 20874.6
1908.78 20973.3
1908.73 21035.8
1908.66 20993.2
1908.55 20966.6
1907.55 20976.7
1906.47 20983.8
1904.26 21086.6
1904.66 21152.4
1905.01 21192
1905.44 21216.2
1905.06 21221.2
