174.259 0
457.851 44.6006
470.325 41.3509
562.8 50.3841
581.979 49.7236
656.456 58.1457
2909.58 20941.4
2927.11 20028.9
2955.83 19440.7
2966.2 19011.4
2966.95 18657.1
2969.5 18338.8
2973.1 18039
2982.52 17745.5
2985.78 17472.8
2986.03 17328.1
2993.47 17209.2
2993.94 17087.7
3031.55 18098.7
3032.72 17721.2
3028.83 17720.5
3048.01 17533.4
3056.65 17377.3
3091.54 17282.6
3091.85 17148
3097.76 17035.1
3095.69 16974.3
3117.76 16930.9
3118.07 16818.9
3118.2 16719.5
3130.49 16649.3
3118.52 16617.2
3118.57 16478.1
3126.52 16382
3139.47 16622.3
3139.8 16765.3
3140.81 16690.5
3161.11 16608.9
3147.59 16371.6
3147.17 16365.9
3137.45 16334.9
3137.45 16284.7
3137.53 16208.9
3142.37 16159.5
3142.34 16157.9
3146.62 16011.6
3148.15 15993.6
3149.55 15939.5
3152.71 15872.7
3154.94 15833.2
2610.37 15820.9
2610.62 16708.2
2612.29 17131.6
2623.7 17387.9
2636.01 17683.9
2635.32 17213
2662.26 17119.5
2659.57 16943.2
2659.33 16839.2
2676.42 17081.8
2568.21 17707
2593.16 18505.4
2577.41 18931
2501.12 19561.2
2498.98 19097.7
2501.72 18001.6
2511.68 17099
2515.08 16351.1
2498.5 16258.4
2512.23 16103.9
2509.5 15952.9
2515.25 15833.4
2536.58 15749.9
2532 15891.3
2526.25 15614.1
2174.39 13009
2145.76 13216.6
2131.08 16040.5
2106.62 15668.6
2099.37 15094.7
2093.97 14616.6
2094.7 13184
2097.91 13049.3
2087.8 13201.2
2061.95 13089.8
2062.06 12742.8
2066.13 12536.5
2066.1 12486.7
2070.1 12385.6
2016.6 12686.5
1997.96 12910.2
1994.39 13060.2
1983.39 13006.8
1707.8 14923.3
1707.61 14997.1
1713.1 14834.6
1714.97 14650
1708.29 14601.7
1708.83 14542
1704.08 14383.5
1700.78 14496.7
1698.67 14727.4
1701.68 15443.7
1701.89 15458.1
1694.13 15310.2
1695.2 15219.3
1705.46 15247.7
1687.08 15489.7
1698.73 15000.3
1695.98 14763.1
1696.19 14287.9
1695.29 13885.1
1697.5 13555.6
1709.75 13262.9
1706.87 13091.4
1707.83 12788.6
1708.05 12370.4
1703.38 12173
1704.23 11967.8
1704.17 11722
1706.15 11503.5
1706.28 10796.7
1706.77 10458.5
1703.68 10252.2
1704.71 10133.7
1711.45 10331.3
1711.83 10246.1
1708.97 10042.5
1719.25 9821.65
1718.19 9601.84
1725.73 9502.69
1705.54 9527.6
1705.94 9316.4
1706.17 9082.66
1709.64 9033.22
1697.52 9270.74
1701.08 9471.45
1702.04 9507.43
1698.43 9615.56
1698.22 9786.17
1697.94 9824.54
1699.21 9860.6
1701.25 9950.87
1700.07 9962.45
1699.88 9910.16
1699.93 9884.77
1700.69 9845.87
1697.61 9873.22
1693.17 9943.97
1693.07 9934.29
1698.96 9945.45
1698.42 9985.62
1698.07 9996.58
1697.57 10009.3
1696.42 9999.08
1696.41 9995.78
1696.1 10015.9
1700.1 10000.4
1700.82 10016.2
1701.99 9948.67
1702.17 9943.1
1702.1 9997.87
1684.73 9955.08
1678.02 9931.46
1677.25 9896.64
1676.75 9869.63
1681.8 10147.4
1681.84 10161.6
1683.24 10138
1686.47 10123.4
1684.63 10055.9
1685.48 9893.63
1685.85 9811.86
1685.92 9825.44
1687.61 9932.34
1687.45 9953.01
1687.39 9959.18
1687.3 9964.01
1687.86 9975.6
1688.61 9953.87
1687.89 9852.61
1687.35 9741.88
1687.8 9732.72
1692.56 9853.2
1694.95 9944.48
1690.84 10065.3
1691.13 10111
1691.18 10071.9
1692.05 10090.6
1691.01 10088.8
1691 10080
1691.27 10064.5
1691.05 10061.7
1693.96 10086.3
1693.95 10089.7
1694.04 10092.9
1697.65 10087.6
1698.28 10083.3
1698.49 10116.9
1698.48 10130.3
1698.4 10148.9
1697.65 10153.9
1697.63 10178.7
1697.65 10193.6
1693.04 10174.3
1693.06 10137.7
1691.47 10121.5
1691.77 10039
1694.58 10040
1694.88 10022.7
1696.96 10017.5
1697.43 10016.2
1697.64 10006.4
1697.91 10016.4
1697.99 10033.5
1698.54 10058.4
1702.5 10039.6
1701.22 10295.7
1700.69 10330.3
1700.21 10375.1
1700.64 10416.8
1701.09 10447.3
1697.98 10429.1
1698.1 10392
1698.25 10395.8
1698.52 10423.7
1692.45 10403.3
1687.68 10391.2
1686.75 10347.2
1687.05 10289.7
1696.33 10616.4
1696.82 10443.3
1696.65 10321.4
1696.01 10259.3
1696.15 10198
1697.07 10213.1
1697.04 10227.7
1696.06 10256.7
1695.45 10255.6
1694.36 10290
1694.6 10321
1697.51 10359.7
1704.61 10366.8
1705.6 10439.8
1706.1 10398.2
1707.35 10430.2
1705.89 10443.6
1705.89 10455
1705.78 10474.8
1718.58 10482.4
1718.61 10578.7
1718.73 10522.5
1719.22 10490.8
1715.13 10503.9
1714.12 10488.9
1713.98 10406.6
1713.58 10427.5
1711.2 10600.3
1710.52 10617.9
1710.35 10590.5
1710.77 10583.7
1711.79 10592.3
1711.78 10599.8
1701.5 10862.8
1702.46 11002
1703.59 11083.5
1694.73 11138
1694.82 11121.1
1696.72 11077.3
1696.86 11077.6
1699.32 11226.2
1699.72 11206.3
1697.59 11141.5
1697.98 11165.2
1698.03 11221.5
1697.99 11217.2
1702.36 11097.9
1701.82 11109.5
1701.69 11098.4
1702.2 11075.3
1704.96 10790.3
1705.05 10735.6
1706.75 10741.8
1706.74 10756.2
1707.2 10740
1706.97 10744.8
1706.52 10747.2
1706.78 10731
1706.56 10728.2
1706.5 10706
1708.81 10920.9
1708.66 10927.5
1709.21 10907.9
1709.16 10917.2
1710.3 10980.3
1710.61 10967.1
1712.08 11006
1714.03 11150.5
1709.74 11047.4
1717.38 10993.4
1717.17 11016.6
1717.97 11076.1
1717.94 11177.9
1717.69 11211.6
1717.82 11297.5
1718.64 11334.9
1720.87 11513.7
1720.41 11553.3
1720.55 11544.3
1721.72 11517.2
1722.18 11485.7
1721.73 11557.6
1722.49 11577.2
1722.39 11545.8
1722.34 11530.6
1708.26 11869.3
1707.95 11881.3
1709.84 11886.2
1709.38 11826.5
1709.24 11878.5
1709.54 11914.6
1708.17 11806.1
1708.12 11698
1707.8 11753.1
1706.9 11789.6
1706.69 11776.6
1705.81 11798.1
1705.79 11796.7
1705.91 11839.4
1705.79 11760.7
1705.75 11732
1705.95 11727.8
1705.95 11714.6
1708.16 11667.6
1708.12 11619.7
1707.41 11592
1707.34 11499.5
1706.17 11506.1
1706.13 11515.4
1705.81 11545.7
1706.68 11582.8
1705.77 11612.6
1706.81 11661.1
1706.08 11657.4
1706.82 11668.8
1707 11702.8
1708.36 11728.4
1707.65 11745.7
1708.19 11766.8
1700.25 11679.3
1699.49 11611.8
1701.08 11631.8
1701.38 11585.7
1701.1 11567.9
1700.88 11534.9
1698.63 11429.3
1700.71 11445.1
1699.9 11421.8
1699.88 11389.9
1700.03 11372.5
1700.1 11383.9
1699.89 11329.1
1699.98 11312.9
1699.54 11293
1700.52 11277.7
1699.96 11265.4
1702.56 11213.3
1702.51 11195.9
1702.08 11243
1701.27 11270.5
1702.52 11305.1
1703.35 11330.9
1704.17 11350.9
1703.74 11392
1703.83 11421.8
1703.89 11424.2
1704.15 11432.3
1701.94 11425.1
1702.87 11482.6
1703.09 11467.7
1703.1 11444.1
1701.29 11471.1
1701.38 11524.5
1701.38 11513.3
1700.76 11504.6
1701.04 11489.2
1700.79 11493.6
1701.51 11532.6
1703.33 11547.4
1703.34 11564.3
1702.35 11603.4
1707.13 11633
1707.86 11635
1707.81 11657.2
1707.07 11680.6
1707.29 11697
1707.74 11722.9
1706.26 11742
1704.94 11768.5
1705.83 11777.7
1705.15 11787.2
1705.1 11798.4
1705.13 11798.1
1705.04 11793.5
1705.16 11802.4
1704.97 11820.2
1705.17 11838.2
1703.9 11863
1703.58 11842.1
1703.46 11813.2
1701.77 11808.4
1699.63 11783.6
1699.33 11767.3
1698.52 11714.8
1699.08 11698.5
1696.22 11714.2
1696.28 11725.6
1696.65 11739.6
1696.66 11744.3
1696.39 11725.1
1695.32 11717.5
1696.62 11707.5
1698.54 11626.9
1699.01 11634.3
1699.22 11636.4
1699.48 11639.9
1699.72 11644
1699.01 11671.7
1700.11 11699.2
1700.16 11703.3
1699.33 11701.4
1700.04 11708.3
1698.63 11749.2
1698.28 11769.3
1699.26 11774.7
1700.65 11792.9
1700.08 11816
1699.11 11836.2
1699.56 11878.9
1698.42 11906.4
1698.27 11955.2
1697.56 11976.5
1697.47 11955.3
1698.59 11974
1698.75 11973.3
1700.25 12002.2
1700.15 12011.2
1699.98 12014.4
1701.26 12019.5
1702.3 12024
1705.98 12048.6
1705.82 12093
1705.82 12114.6
1706.53 12111.5
1707.22 12175.2
1707.66 12204.3
1708.46 12297.8
1708.37 12416.2
1708.36 12458.9
1708.5 12445.9
1708.69 12468.5
1707.03 12422.5
1707.54 12416.8
1707.02 12432.7
1705.37 12432.9
1705.4 12397.3
1710.34 12424.6
1710.32 12428
1710.28 12419.6
1710.15 12415.6
1711.38 12406.3
1711.21 12405.7
1712.04 12389.2
1711.1 12456.6
1712.08 12503
1712.18 12514.5
1712.14 12512.3
1712.21 12507.1
1712.25 12535.1
1712.43 12538.8
1712.4 12607.6
1712.73 12577.6
1713.67 12590.1
1713.7 12597.9
1713.85 12549.1
1712.58 12520.2
1713.15 12481.4
1713.24 12484.2
1717.67 12510.2
1717.32 12537.7
1718.98 12470.9
1719.42 12466
1720.47 12471
1719.86 12468.6
1719.86 12485.7
1719.26 12417.7
1719.3 12387.3
1719.51 12380.1
1719.42 12366.4
1719.44 12395.7
1719.48 12404.4
1719.43 12404.7
1719.19 12301.3
1719.01 12299
1720.2 12281.1
1720.13 12254.9
1720.41 12261.6
1720.65 12258.6
1721.07 12255.8
1725.66 12327
1723.64 12316.1
1723.64 12297.9
1723.68 12310.2
1725.51 12351.3
1719.83 12344.4
1718.92 12377.2
1718.81 12401.5
1722.8 12405
1722.83 12388.9
1722.92 12385
1723.06 12364.5
1723.06 12361.7
1724.68 12390.9
1722.9 12374.1
1726.73 12373.3
1727.45 12362.7
1727.46 12325.1
1727.36 12373.2
1727.72 12391.8
1727.02 12381.3
1726.66 12368.1
1726.72 12364.4
1726.88 12351.4
1727.06 12328.3
1723.74 12274.3
1724.08 12185.5
1726.17 12253.5
1725.85 12251.1
1725.58 12199.1
1725.7 12183.7
1724.87 12285.5
1715.8 12325.3
1716.3 12334.5
1716.64 12333
1716.6 12354.4
1716.62 12374.5
1716.61 12403.7
1716.53 12419
1717.41 12430.6
1717.38 12465
1717.44 12461.8
1717.29 12459.1
1717.98 12452
1717.24 12455.9
1717.07 12494
1716.7 12508.7
1716.71 12496.7
1717.5 12507.2
1717.49 12516.2
1717.25 12515.6
1717.18 12508.7
1717.13 12502.2
1717.09 12489.2
1717.55 12475.7
1717.75 12465.1
1718.43 12454.5
1719.04 12441.3
1719.04 12428.1
1720.16 12461.2
1720.45 12471.8
1719.35 12431
1718.87 12400.5
1719 12387.4
1715.86 12370.6
1715.96 12385.1
1716.99 12322.3
1715.42 12323.1
1715.1 12349.4
1715.1 12333.8
1714.72 12320.6
1714.43 12278.8
1714.58 12252.5
1714.6 12234.6
1715.52 12216.3
1715.85 12212.2
1715.9 12238.9
1716.4 12243.6
1716.73 12254.2
1716.56 12249.4
1716.33 12283.7
1717.71 12288.7
1718.07 12399.9
1718.24 12404.8
1721.02 12442.9
1720.69 12458
1721.91 12442.1
1721.9 12450.1
1722.04 12429.4
1722.09 12455.9
1722.19 12471.9
1721.34 12491.8
1721.35 12492.1
1721.37 12490.6
1720.56 12513.5
1720.98 12523.2
1721.59 12523.1
1721.55 12544.5
1720.52 12572.1
1721.44 12586
1721.27 12626.7
1724.19 12717.2
1724.23 12723.4
1724.26 12729
1724.27 12731.4
1717.5 12634.9
1718.38 12642
1719.04 12607.8
1719.18 12619.2
1717.53 12640.6
1717.7 12606.6
1717.4 12614
1717.7 12627
1717.83 12626.8
1718.89 12566.4
1718.93 12551.2
1718.37 12556.8
1718.6 12564.9
1718.81 12561
1718.87 12568.7
1719.09 12579.5
1719.31 12575.2
1717.58 12656.6
1716.51 12645.9
1718.19 12622.5
1719.11 12631.4
1719.31 12631.7
1720.62 12684.8
1720.99 12683.2
1719.72 12646.2
1718.34 12652.6
1718.38 12659.4
1718.14 12666.4
1717.8 12680.1
1717.05 12683.9
1716.85 12620.9
1716.73 12615.1
1717.2 12636.3
1717.11 12641.1
1717.22 12680.3
1717.24 12714.4
1717.19 12719.4
1717.08 12736.8
1718.32 12760
1718.11 12782.7
1718.41 12820.5
1717.96 12833.7
1717.37 12849.7
1726.82 12831.5
1726.88 12956.3
1727.93 12928.7
1727.67 12921.3
1727.29 12940.7
1727.25 12943.9
1727.4 12955.3
1727.74 12965
1728.03 12973.9
1725.28 12976.2
1725.18 12970
1724.92 12970.9
1725.14 12953.1
1725.11 12951.6
1727.87 12894.8
1727.81 12975.8
1727.78 12941.2
1728.67 12956.8
1728.65 12978
1728.75 13010.7
1719.45 13135.5
1716.72 13184.4
1716.68 13204.4
1716.4 13253.5
1716.26 13218.3
1716.73 13145.8
1716.7 13163.4
1717.27 13147.8
1716.92 13146.7
1717.07 13138.2
1716.74 13102.4
1716.8 13087.8
1717.1 13091.1
1717.75 13075.4
1717.7 13052.9
1717.7 13054.9
1717.56 13054.4
1717.42 13064.9
1716.84 13073
1716.89 13077.2
1716.84 13081.7
1716.83 13084.6
1716.54 13096.4
1716.79 13121.4
1717.09 13114.2
1717.1 13102.5
1717.07 13079.2
1716.8 13065.7
1716.81 13054.9
1717.26 13062.9
1717.27 13075.3
1717.14 13048.2
1716.12 13029.8
1716.09 13032.9
1716.36 13038.1
1716.77 13048.4
1717.55 13051.1
1717.97 13042.4
1717.73 13051.9
1717.4 13096.4
1717.45 13124.9
1717.41 13136.4
1717.12 13145.1
1716.87 13158.6
1716.97 13140.7
1715.38 13147
1715.38 13153.8
1714.55 13134.5
1714.26 13101.3
1714.21 13085.9
1714.52 13090.7
1714.93 13102.6
1715.15 13079.6
1715.47 13068
1704.53 13461.2
1704.63 13376.7
1707.21 13396
1707.09 13429.5
1707.55 13562.9
1708.15 13589.4
1708.03 13545.4
1708.55 13528.9
1708.56 13522
1709.01 13526.2
1709.16 13538.6
1708.92 13549.4
1708.91 13554.5
1708.68 13556.5
1706.51 13548.3
1706.69 13545
1706.77 13561.7
1706.81 13556.3
1707.43 13567.5
1707.43 13566.4
1707.58 13566.3
1707.79 13510.8
1710.81 13526.7
1711.23 13528.5
1711.15 13539.4
1711.21 13533
1711.21 13541.6
1711.34 13572.4
1711.97 13580.5
1711.99 13566.7
1711.97 13562.4
1711.85 13530.7
1712.46 13511.4
1713.82 13503.7
1713.88 13506
1713.86 13511.1
1713.54 13526.8
1713.57 13538.1
1713.42 13552.7
1713.04 13560.2
1712.94 13562.7
1712.46 13595.4
1712.46 13631.4
1713.36 13632.7
1712.56 13646.2
1712.62 13646.4
1712.69 13647.3
1712.97 13651.9
1713.45 13646.7
1713.08 13648.7
1713.09 13656.5
1713.13 13667.5
1712.51 13712.3
1712.8 13724.9
1712.8 13691.8
1712.83 13712.7
1712.12 13729.9
1713.41 13723.5
1713.08 13737.1
1712.61 13721.5
1712.74 13743.1
1712.14 13751.3
1711.93 13748.3
1712.89 13741.5
1712.91 13736.8
1712.87 13700.4
1713.04 13663.9
1713.56 13679.6
1713.59 13741.6
1713.74 13760.7
1713.73 13758.1
1715.81 13777.8
1715.78 13782.3
1716.25 13805.3
1716.22 13798.4
1716.87 13783.1
1717.62 13798.8
1717.84 13810.9
1717.83 13802
1717.72 13813.6
1718.1 13825.8
1718.46 13842.5
1718.65 13873.3
1718.5 13895.9
1718.53 13890.1
1718.6 13885.1
1718.54 13887.1
1719.37 13915.2
1719.84 14008.5
1719.77 14011.9
1719.72 14029.5
1719.33 14094.2
1719.2 14130.1
1719.09 14174.1
1719.39 14126.8
1719.26 14146.9
1719.23 14142.6
1716.75 14118.2
1716.79 14229.8
1716.41 14218.4
1717.29 14146.8
1717.13 14159.2
1716.59 14158.9
1716.64 14154.7
1716.32 14173.8
1716.36 14188
1716.4 14229.2
1716.38 14220.9
1716.43 14230.1
1716.68 14239.3
1716.39 14213.8
1716.57 14194.9
1716.9 14195.2
1716.83 14194.5
1716.83 14192.6
1716.68 14194.3
1716.68 14167.7
1716.86 14189.7
1717.52 14179.9
1719.97 14145.7
1721.39 14116.3
1721.22 14132.9
1721.02 14169.1
1720.94 14183.1
1721.23 14191.1
1721.27 14184
1720.87 14171.1
1721.24 14185.7
1720.98 14207.9
1721.23 14224.8
1721.44 14232.6
1721.43 14231.2
1721.63 14215.3
1721.89 14192.6
1721.89 14187.4
1721.79 14142
1721.86 14118.2
1722.04 14105
1722.04 14135.2
1722.66 14130
1722.61 14125.7
1724.07 14165.7
1722.67 14109.1
1723.02 14078.8
1722.84 13895
1722.89 13967.3
1722.78 13973.6
1722.63 13974.3
1722.71 13980.9
1723.38 14016.1
1723.48 14023.3
1723.55 14020.9
1723.4 14019.4
1724.05 14040
1722.89 14048.9
1722.76 14107.2
1722.77 14084.9
1722.72 14082.9
1722.76 14076
1722.87 14055.8
1722.88 14049.1
1722.88 14049
1723.17 14068.2
1723.25 13891.4
1723.29 13895.7
1723.3 13911.1
1724.57 13951.8
1723.84 14190.3
1725.06 14396.2
1724.85 14289.8
1724.76 14255.7
1724.76 14255.7
1724.75 14252.3
1724.38 14224.3
1724.26 14242.1
1724.31 14249.4
1724.28 14248.8
1724.4 14276.5
1722.43 14265.2
1722.99 14253.9
1723.04 14267.3
1723.8 14354.8
1724.04 14370.3
1723.75 14350.9
1725.38 14328.5
1725.31 14296.5
1725.81 14298.9
1725.85 14228.7
1725.85 14215.3
1725.75 14216.9
1725.74 14217.6
1725.76 14223.5
1725.95 14226.9
1725.9 14235.9
1726.36 14237.5
1726.14 14244.5
1726.09 14246.7
1726.19 14240.2
1725.22 14237.4
1723.92 14461.8
1723.19 14506
1723.9 14519.3
1724 14482.7
1724.24 14468.5
1725.11 14476.6
1725.08 14457
1725.06 14438.4
1725.02 14440.3
1725.27 14463.3
1725.3 14467.9
1725.23 14467.1
1725.28 14480.7
1725.12 14489.6
1725.12 14487
1724.72 14481.7
1724.69 14469.1
1724.9 14525.2
1724.82 14548.2
1723.6 14478.4
1724.68 14427.7
1724.66 14407.9
1725.03 14421.4
1725.11 14366.1
1725.08 14365.5
1725.2 14349.9
1725.33 14335.4
1723.51 14347.2
1723.02 14364.6
1722.48 14433.3
1722.34 14384.5
1722.23 14365
1722.02 14345.6
1722.03 14346.7
1721.96 14346.8
1721.64 14333.1
1720.61 14322.4
1719.22 14371
1719.11 14348.5
1719.03 14349.8
1719.1 14353.7
1719.46 14357.2
1722.64 14418.2
1723.1 14439.1
1723.18 14420.8
1722.82 14428.9
1722.58 14401
1722.44 14407.9
1722.44 14406.6
1722.36 14404.2
1722.61 14467.2
1722.5 14434.3
1721.89 14429.3
1721.88 14380
1721.9 14373.6
1722.67 14391.2
1722.84 14421.3
1722.51 14402.7
1722.41 14372.2
1722.73 14439.6
1722.38 14465.1
1722.36 14477.5
1722.22 14473
1723.35 14477.3
1723.25 14446.4
1723.42 14450
1723.45 14475.3
1722.65 14484.6
1723.24 14506.8
