38.8294 0
111.768 0
342.717 3.05998
392.828 3.05876
442.977 3.05876
711.418 47.1342
720.958 41.5788
724.034 40.7096
755.298 40.6329
778.952 42.1108
820.584 44.7036
836.316 44.6301
842.13 43.0617
864.801 43.0533
864.893 43.0448
1080.16 83.0273
1080.94 80.1499
1089.57 79.0294
3929.88 14402.9
3942.15 29788.2
3971.41 28761.4
3972.38 27713.2
3997.05 26677.5
4002.65 25724.7
4002.64 24894.8
4003.71 24088.2
4005.65 23311.4
4004.43 22522.6
4086.07 21963.7
4089.58 21261.5
4089.66 20520.8
4089.51 19834.2
4095.3 19162.7
4095.3 18494.1
4096.82 17836.2
4104.59 17215.7
4106.39 16726.1
4108.12 16533.5
4110.11 16321.7
4142.02 16183.8
4152.01 15955.7
4152.4 15764.9
3652.44 16693.5
3653.79 13719.4
3643.84 14253.1
3644.35 14185
3647.78 13752
3646.6 13343.8
3646.6 13164.3
3648.76 13133.4
3666.7 13226.8
3667.54 13696.5
3668.07 13579.2
3676.06 13602.9
3671.44 13568.9
3670.4 13555
3657.22 13589
3662.33 13634.7
3662.68 14025.1
3665.38 13942.9
3564.65 14248.9
3562.34 14204
3562.22 14245.1
3557.15 14303.2
3558.02 14409.8
3557.56 14478.2
3554.9 14547.6
3555.35 14526.9
3583.38 14474.4
2922.08 13196.2
2485.84 29295.9
2491.07 25947.3
2495.7 21597.1
2501.08 20141.8
2500.49 19553.9
2500.73 19030.4
2504.58 19267.5
2504.71 18975.4
2506.63 18904
2501.89 18836.3
2488.47 18703.9
2486.8 18492.8
2165.42 30820.2
2167.4 32171.6
2105.54 49946.9
2097.1 61113.4
2097.35 74093.7
2085.41 66016.8
2084.38 78766.1
2090.37 75112.9
2094.17 62627.9
2112.59 59750.5
2112.72 56201.1
2117.57 73688.5
2120.06 70740.2
2120.06 67455.7
2118.23 64973.4
2093.36 63321.5
2095.21 62162.1
2095.81 60504.5
2096.13 59409
2124.89 57461.4
2129.03 55619.7
2129.02 53885.2
2135.14 52141.8
2133.39 50471.9
2135.37 58299.3
2135.01 57653.2
2134.96 56816.9
2106.85 52960.8
2112.79 48576
2114.9 49767.1
2113.67 56372
2116.53 56592.2
2116.04 53792.7
2085.14 49431.6
2085.15 48668.3
2088.47 49918.3
2070.36 48453.8
2074.35 51929.1
2073.54 50264.6
2075.8 46082.2
2074.89 43641.6
2074.91 40667.8
2078.2 37625.4
2075.44 35106.6
2083.02 32634.2
2089.08 30856.6
2081.59 30144.9
2086.94 27861.2
2087.47 26466.1
2088.98 25360
2089.4 26128.8
2092.1 42510.1
2095.81 43529.6
2095.84 36428.2
2098.16 33500.7
2097.83 31461.5
2097.81 29141.2
2097.8 27066.2
2099.15 28941.3
2099.56 27961.9
2098.94 25481.2
2093.34 24643.1
2115.78 23557.7
2117 22412
2111.42 22508.6
2111.79 20773.7
2118.01 23660.6
2114.99 19267.9
2115.89 17468
2115.88 16402.5
2117.54 15570.8
2118.52 16314.4
2116.09 15067.7
2116.2 14004.9
2122.9 13317.6
2119.74 12621.9
2118.49 12123.7
2117.21 11745.6
2119.28 11580.4
2117.83 11309.3
2116.24 10977
2112.99 10622.2
2113.07 10211.3
2112.6 9620.73
2112.68 9098.55
2109.19 8582.48
2111.62 8158.31
2112.12 7908.75
2112.32 7709.07
2111.21 7550.47
2111.05 7391.76
2111.14 7190.89
2111.24 7036.09
2111.46 6923.45
2111.4 6870.96
2112.52 6725.67
2113.68 6716.7
2113.76 6759.6
2102.55 6528.77
2101.71 6456.85
2101.58 6396.36
2098.32 6425.19
2097.09 6421.79
2097.03 6400.64
2097.25 6379.67
2095.73 6373.52
2094.71 6347.27
2095.08 6287.12
2095.16 6278.86
2095.17 6265.75
2096.18 6231.89
2095.95 6204.96
2095.36 6056.27
2095.82 5991.68
2095.84 5949.53
2096.27 5931.81
2096.05 5918.54
2095.84 5911.93
2096.33 5887.91
2096.54 5859.36
2101.64 5818.39
2098.81 5788.12
2096.71 5786.51
2095.29 5766.66
2095.34 5770.68
2094.89 5759.44
2094.19 5755.98
2094.31 5757.5
2093.58 5763.71
2094.96 5750.18
2094.95 5764.39
2096.22 5797.71
2095.75 5828.43
2095.78 5795.92
2095.69 5773.64
2095.21 5726.81
2095.27 5684.52
2095.2 5648.42
2095.12 5636.23
2095.21 5607.91
2096.34 5591.06
2096.39 5601.47
2096.4 5602.52
2096.28 5584.68
2096.22 5571.63
2096.44 5563.28
2096.72 5545.38
2096.1 5551.18
2096.24 5567.4
2096.28 5576.06
2096.2 5587.35
2096.19 5595.47
2096.08 5587.92
2093.88 5588.49
2095.1 5592.57
2094.91 5589.46
2094.77 5602.77
2094.84 5610.47
2096.75 5555.11
2096.64 5532.8
2096.57 5474.79
2096.9 5445.89
2097.1 5451.66
2097.4 5459.09
2096.97 5461.82
2096.06 5475.42
2095.67 5475.24
2095.33 5469.68
2095.52 5472.72
2096.2 5452.59
2096.18 5422.71
2096.22 5412.23
2096.13 5380.48
2096.15 5349.08
2095.28 5306.67
2097.13 5291.55
2097.46 5258.12
2097.21 5226.92
2097.65 5213.75
2097.66 5200.9
2098.47 5203.08
2097.93 5169.67
2097.4 5154.45
2097.34 5157.97
2097.17 5172.26
2097.56 5167.21
2097.48 5166.42
2093.99 5138.67
2093.72 5114.18
2093.51 5101.62
2093.35 5093.76
2093.28 5095.69
2095.73 5096.17
2095.71 5115.31
2096.24 5110.73
2096.46 5100.54
2096.48 5078.06
2096.96 5067.17
2096.89 5062.82
2096.87 5067.28
2094.96 5021.06
2095.03 5012.49
2094.88 4984.13
2094.89 4998.58
2094.7 4991.24
2094.68 4983.98
2094.71 4984.78
2095.19 4982.71
2095.23 4974.41
2095.53 4971.07
2095.21 4975.39
2095.26 4977.81
2094.97 4979
2094.14 4992.33
2094.14 5000.23
2092.74 5008.31
2092.74 5002.45
2092.77 5002.49
2092.81 5011.54
2092.51 5012.65
2092.48 5007.54
2093.72 5006.51
2093.45 4984.21
2094.72 4977.05
2095.42 4976.54
2095.27 4958.6
2095.6 4946.45
2096.26 4926.01
2094.66 4894.6
2094.64 4882.17
2094.64 4877.75
2094.92 4868.57
2094.76 4855.19
2094.84 4861.56
2094.85 4866.01
2095.11 4874.29
2094.69 4867.64
2094.48 4872.66
2092.95 4821.5
2093.75 4829.71
2093.58 4836.6
2095.7 4835.68
2094.76 4841.8
2094.92 4828.14
2094.55 4816.93
2094.42 4814.03
2095.98 4806.92
2095.56 4804.51
2094.76 4798.85
2094.39 4769.4
2094.5 4775.68
2097.58 4777.08
2097.8 4807.13
2097.72 4821.26
2097.69 4822.63
2098.83 4793.31
2098.75 4784.5
2098.46 4748.9
2098.63 4721.7
2098.84 4710.92
2098.88 4705.47
2099.08 4707.11
2098.73 4718.2
2098.73 4728.12
2098.66 4730.09
2098.68 4732.01
2098.66 4730
2098.3 4727.77
2098.35 4729.94
2098.52 4722.72
2098.95 4721.93
2098.16 4725.53
2098.03 4725.05
2097.95 4723.22
2098 4751.56
2097.93 4745.08
2097.8 4737.57
2098 4737.31
2098.81 4733.84
2098.42 4718.42
2098.56 4713.96
2097.33 4734.1
2097.32 4739.08
2097.5 4733.95
2097.53 4731.75
2097.21 4736.68
2097.01 4729.91
2094.55 4697.96
2094.01 4671.09
2093.53 4641.48
2093.35 4657.23
2093.36 4653.88
2093.81 4652.19
2094.12 4656.79
2093.6 4661.58
2093.58 4645.55
2092.83 4610.26
2092.78 4602.84
2092.69 4591.64
2092.68 4587.07
2093.53 4568.4
2093.52 4555.96
2092.5 4544.99
2092.69 4532.19
2091.94 4528.11
2092.01 4522.52
2091.73 4524.64
2091.27 4532.54
2091.29 4525.31
2090.8 4514.52
2091.38 4510.08
2092.09 4498.95
2091.97 4479.05
2091.94 4463.62
2091.78 4449.92
2092.21 4435.04
2092.24 4422.53
2090.69 4384.41
2090.63 4393.86
2090.49 4386.01
2089.06 4358.66
2089.12 4336.77
2089.31 4312.34
2089.3 4293.55
2089.36 4278.29
2089.74 4258.74
2089.7 4236.49
2089.68 4222.9
2090.52 4217.4
2088.33 4155.09
2088.24 4137.35
2086.92 4145.28
2086.99 4128.26
2088.35 4126.96
2089.54 4134.44
2089.54 4123.79
2089.59 4121.82
2089.66 4129.11
2089.94 4130.61
2089.93 4130.85
2092.11 4085.42
2091.77 4104.54
2091.63 4110.91
2092.19 4110.03
2092.16 4114.26
2092.47 4108.5
2091.43 4104.72
2091.45 4096.5
2090.24 4068.95
2090.28 4058.75
2090.21 4036.8
2090.27 4031.19
2091.71 4025.86
2091.87 4048.27
2091.93 4050.78
2091.53 4053.41
2091.5 4062.05
2090.66 4050.7
2090.75 4042.69
2090.5 4023.02
2090.45 4016.01
2090.65 4012.53
2090.68 4009.58
2090.79 4016.35
2090.31 3979.16
2090.98 3978.17
2090.98 3986.47
2089.72 3974.99
2088.69 3953.15
2088.72 3950.84
2088.73 3948.56
2088.72 3948.39
2088.72 3951.82
2089.18 3967.4
2089.1 3974.14
2087.43 3958.86
2088.34 3952.86
2088.58 3946.87
2087.99 3939.61
2087.93 3940.1
2088.03 3972.84
2088 3980.31
2087.84 3975.72
2087.85 3962.7
2087.89 3953.4
2087.9 3950.34
2087.91 3960.25
2087.78 3974.46
2087.8 3974.42
2087.71 3970.35
2087.57 3969.51
2086.48 3947.71
2086.21 3941.35
2085.55 3945.22
2086.48 3928.06
2086.15 3924.16
2086.51 3912.42
2086.54 3909.56
2086.75 3903.53
2086.76 3897.34
2086.57 3889.63
2086.48 3860.95
2087.47 3838.46
2086.64 3818.44
2086.58 3813.5
2086.46 3828.09
2086.59 3841.09
2087.83 3857.59
2087.02 3852.69
2087.03 3834.03
2085.98 3840.82
2085.97 3851.75
2085.78 3846.26
2086.06 3850.07
2086.32 3861.9
2086.34 3870.63
2086.33 3882.61
2086.53 3893.39
2086.52 3910.71
2086.24 3876.77
2086.59 3871.32
2086.48 3869.21
2086.53 3856.23
2086.49 3848.56
2086.19 3855.81
2085.51 3856.61
2085.55 3853.46
2085.26 3866.32
2085.1 3863.08
2084.19 3849.98
2084.08 3846.49
2082.44 3824.79
2082.52 3814
2084.26 3786.83
2083.72 3788.36
2082.04 3781.37
2083.98 3765.56
2083.89 3764.38
2084.96 3771.87
2084.96 3775.2
2084.96 3789.72
2084.65 3796.24
2084.99 3804.02
2084.18 3815.21
2084.17 3817.06
2084.57 3816.84
2084.72 3816.63
2084.68 3819.49
2084.44 3820.22
2084.79 3824.3
2084.81 3826.8
2084.79 3827.09
2084.95 3819.13
2085.4 3819.16
2085.08 3830.33
2085.21 3840.65
2084.92 3825.63
2085.51 3814.86
2085.42 3821.55
2085.59 3817.35
2085.59 3814.81
2085.6 3813.74
2084.18 3808.11
2084.49 3806.5
2083.87 3816.32
2083.29 3834.18
2084.77 3831.17
2084.93 3833.45
2084 3810.72
2085.51 3805.82
2085.69 3795.9
2085.82 3782.85
2085.83 3779.22
2085.76 3772.99
2085.7 3772.23
2085.54 3779.28
2085.38 3785.26
2085.38 3791.84
2085.42 3796.7
2085.66 3798.88
2085.33 3813.19
2085.32 3816.98
2085.38 3823.15
2085.08 3793.63
2085.43 3796.55
2085.44 3799.48
2085.03 3795.27
2085.09 3791.02
2085.08 3793.25
2085.41 3795.43
2085.1 3797.9
2086.04 3848.01
2086 3851.33
2085.37 3834.23
2085.46 3823.09
2086.64 3816.36
2086.82 3811.65
2086.77 3807.47
2085.64 3823.79
2086.07 3826.51
2086.76 3825.38
2086.73 3821.6
2086.78 3824.95
2086.73 3828.03
2086.73 3828.77
2086.4 3831.93
2086.08 3819.32
2086.17 3824.13
2085.79 3829.78
2086.01 3836.56
2086.05 3835
2086.08 3832.94
2086.08 3839.64
2086.14 3840.71
2086.65 3832.94
2085.83 3829.52
2085.65 3820.44
2085.17 3847.75
2085.16 3853.04
2085.07 3853.06
2085.14 3852.39
2085.36 3850.08
2085.18 3851.22
2084.08 3824.65
2083.86 3815.04
2083.5 3816.86
2083.53 3815.3
2083.37 3825.09
2083.38 3827.21
2082.17 3821.94
2082.11 3820.91
2082.67 3846.89
2082.7 3858.48
2082.68 3857.02
2082.53 3853.76
2081.85 3856.27
2082.15 3853.82
2081.97 3861.91
2081.91 3862.18
2083.44 3898.84
2085.45 3931.64
2085.48 3881.31
2085.51 3851.63
2085.52 3839.57
2083.72 3824.75
2083.73 3829.25
2083.67 3820.97
2083.83 3817.08
2083.76 3817.75
2083.87 3837.24
2084.05 3853.98
2083.64 3874.31
2083.15 3875.26
2082.68 3884.31
2082.73 3888.31
2082.57 3887.86
2082.78 3883.29
2082.39 3879.67
2081.95 3869.86
2081.91 3873.95
2082.03 3875.11
2082.11 3875.7
2082.71 3879.74
2082.35 3867.84
2082.09 3860.72
2081.76 3864.07
2082.13 3871.74
2083.93 3892.3
2083.94 3893.84
2083.91 3889.18
2083.99 3901.21
2083.74 3907.71
2083.43 3902.93
2083.6 3910.11
2083.77 3899.81
2083.67 3900.67
2083.62 3901.05
2082.26 3936.64
2082.27 3937.11
2083.22 3936.56
2083.18 3938.09
2083.38 3940.73
2084 3927.47
2083.93 3925.46
2084.56 3936.94
2082.89 3946.52
2083.58 3954.75
2083.15 3955.65
2082.89 3959.64
2082.9 3965.25
2083.05 3965.96
2082.97 3967.66
2082.97 3970.42
2083.84 3967.3
2083.87 3970
2083.92 3965.88
2083.6 3972.74
2084.22 3926.28
2084.19 3924.52
2084.5 3920.26
2085.13 3916.07
2085.87 3904.18
2084.8 3909.69
2084.79 3911.35
2084.94 3913.19
2084.94 3912.79
2084.75 3914.89
2084.88 3915.52
2084.92 3912.02
2085.02 3908.07
2085.97 3895.07
2086.06 3898.71
2086.2 3904.28
2086.67 3909.97
2086.63 3909.34
2087.3 3908.63
2087.34 3901.63
2087.46 3899.68
2087.46 3895.55
2087.32 3892.74
2087.24 3897.08
2087.28 3902.48
2088.01 3906.97
2087.95 3900.84
2087.55 3896.33
2087.39 3898.46
2086.91 3898.38
2087.01 3907.07
2087 3925.75
2087.33 3935.58
2087.49 3944.14
2087.53 3943.03
2087.12 3946.4
2087.14 3945.81
2086.18 3926.85
2086.27 3916.18
2086.31 3898.8
2086.7 3885.68
2086.66 3863.39
2086.68 3855.68
2086.37 3845.29
2086.37 3841.51
2088.11 3871.28
2088.36 3867.59
2088.37 3875.44
2088.31 3876.03
2088.34 3867.86
2088.18 3869.81
2088.13 3869.78
2087.87 3870.77
2089.82 3868.85
2091.79 3878.61
2091.07 3880.32
2091.15 3895.03
2091.2 3899.76
2091.42 3920.27
2091.31 3929.99
2091.51 3930.81
2091.6 3931.39
2091.6 3929.62
2091.94 3927.96
2091.92 3927
2091.9 3925.98
2091.95 3921.93
2091.89 3918.2
2091.99 3916.68
2091.92 3913.15
2091.92 3911.26
2091.87 3907.77
2091.64 3912.28
2091.56 3899.69
2092.06 3881.42
2092.04 3873.37
2092.05 3870.82
2092.03 3850.91
2094.24 3855.76
2094.72 3882.15
2094.6 3883.77
2094.52 3880.28
2094.52 3880.92
2094.81 3882.34
2094.85 3886.42
2094.86 3893.43
2094.97 3898.17
2095.7 3905.76
2095.49 3910.92
2094.57 3912.76
2094.57 3913.66
2094.64 3915.77
2094.12 3929.07
2094.25 3939.12
2093.47 3956.25
2093.64 3967.94
2093.59 3976.33
2093.4 3983.67
2093.38 3986.65
2093.64 4002.65
2093.55 3997.08
2093.55 3993.63
2093.53 3993.97
2093.91 4007.38
2093.9 4016.45
2093.04 4016.8
2093.11 4006.1
2092.31 3988.02
2092.34 3998.03
2090.4 3998.28
2090.66 3990.07
2090.78 3983.07
2090.76 3983.52
2090.7 3978.48
2090.69 3977.45
2090.68 3974.03
2091.36 3984.26
2091.37 3988.22
2089.67 4012.03
2089.66 4024.15
2086.42 4022.09
2086.15 4036.47
2086.16 4036.92
2086.3 4035.62
2086.44 4042.21
2086.49 4045.35
2086.95 4049.53
2086.79 4063.13
2086.25 4069.65
2086.26 4079.98
2086.61 4076.97
2086.52 4077.43
2086.48 4076.81
2086.56 4061.91
2087.84 4060.02
2087.3 4061.59
2085.86 4058.02
2085.73 4046.91
2085.68 4036
2085.13 4023.55
2085.46 4010.14
2085.74 3996.12
2085.7 3994.79
2085.71 3992.14
2085.7 3992.46
2085.53 3999.48
2085.37 4003.86
2085.37 4006.4
2085.63 4011.76
2085.37 4004.7
2085.38 4002.41
2085.18 3998.55
2085.12 3994.74
2085.54 3990.45
2084.46 3989.96
2084.47 3988.14
2084.44 3986.98
2083.92 3992.14
2083.55 4004.48
2084.16 4008.44
2083.86 4018.95
2083.97 4026.1
2083.79 4031.43
2083.57 4033.19
2083.67 4037.15
2083.14 4036.21
2083.15 4031.38
2083.06 4031.35
2082.97 4026.34
2083.19 4019.56
2083.02 4019.47
2083 4022.26
2082.47 4020.07
2082.29 4013.27
2082.78 4019.49
2082.81 4014.05
2082.87 4010.5
2082.89 4006.1
2083.19 3987.35
2083.2 3976.16
2084.07 3969.95
2084.01 3967.37
2084.3 3955.07
2084.29 3943.13
2083.78 3933.49
2086.35 3948.85
2086.36 3954.53
2086.37 3953.27
2086.91 3939.82
2087.02 3936.13
2087.02 3933.34
2087.2 3936.47
2087.04 3935.88
2087.18 3935.81
2087.68 3946.85
2088.32 3950.31
2088.47 3953.26
2087.86 3927.09
2087.92 3948.43
2087.96 3952.3
2088.4 3959.28
2088.47 3958.93
2088.05 3962.42
2087.94 3965.62
2087.94 3969.73
2089.1 3964.8
2089.15 3976.07
2089.19 3985
2089.22 3989.52
2089.19 3992.06
2088.9 3999.31
2088.94 4005.68
2088.87 4001.48
2088.83 4004.74
2088.83 4005.35
2088.75 3998.98
2088.58 3992.2
2088.38 3968.61
2088.37 3965.8
2089.5 3954.95
2089.3 3948.84
2088.48 3931.22
2088.47 3922.14
2088.47 3919.98
2088.35 3922.33
2088.61 3923.65
2088.62 3922.03
2088.69 3922.83
2088.74 3915.09
2087.42 3890.44
2087.11 3874.39
2087.09 3875.41
2087.09 3888.69
2087.06 3892.56
2086.88 3882.19
2086.54 3884.87
2086.61 3884.48
2086.53 3882.99
2086.9 3878.77
2087.37 3874.15
2087.33 3877.95
2087.27 3884.94
2087.27 3886.73
2087.24 3887.72
2087.17 3889.63
2087.18 3891.58
2087.19 3895.03
2087.18 3896.18
2087.11 3897.54
2086.96 3905.75
2087.27 3908.92
2087.26 3913.08
2087.62 3918.11
2087.56 3918.56
2087.58 3910.93
2087.63 3920.43
2087.35 3909.27
2087.29 3911.39
2087.54 3910.47
2087.35 3908.49
2087.33 3905.82
2087.26 3900.68
2087.12 3902.79
2087.1 3900.18
2087.13 3898.47
2087.12 3898.17
2087.43 3904.9
2088.11 3892.27
2088.92 3882.15
2089.22 3866.08
2089.17 3858.32
2089.33 3853.77
2089.31 3850.47
2089.19 3855
2089.2 3870.88
2089.29 3869.15
2089.17 3862.83
2088.87 3869.18
2089.29 3872.29
2089.22 3884.58
2088.75 3860.05
2089.4 3855.22
2089.34 3862.04
2089.23 3860.04
2089.31 3855.01
2089.12 3830.88
2089.13 3833.53
2089.16 3844.55
2089.41 3845.86
2089.42 3830.75
2089.63 3830.73
2089.96 3833.85
2090.13 3833.28
2089.01 3824.44
2089 3829.01
2089.27 3822.32
2089.24 3824.79
2089.21 3819.15
2089.92 3804.98
2089.86 3797.18
2090.3 3792.94
2090.77 3795.95
2091.51 3802.15
2091.52 3796.83
2092.64 3787.26
2092.36 3777.69
2092.51 3782.01
2092.58 3784.53
2092.58 3781.94
2092.68 3783.15
2092.79 3775.25
2091.12 3788.3
2091.14 3800.34
2090.98 3806.58
2091.04 3804.14
2091.11 3807.05
2090.94 3794.44
2090.93 3793.37
2092.5 3804.24
2091.75 3792.12
