22.0429 0
85.2199 0
156.025 0
163.607 0
164.108 0
211.26 0
216.896 0
216.977 0
238.208 0
240.137 0
420.015 8.17797
434.157 8.0067
438.905 196.545
459.571 154.386
464.558 112.192
507.445 95.3889
523.884 90.9778
579.623 101.382
599.409 100.2
665.222 101.175
666.29 101.29
666.082 102.168
666.073 105.566
673.765 105.373
693.301 105.241
700.909 103.806
719.545 105.917
776.597 113.958
782.299 110.742
787.652 330.896
833.609 369.681
833.61 347.39
834.278 340.105
834.581 332.988
859.167 337.199
889.579 341.797
892.006 346.4
893.479 342.802
901.27 331.254
904.767 329.763
909.406 404.417
952.335 493.764
952.61 536.259
963.344 540.558
969.023 545.19
973.255 556.803
994.035 565.613
1005.18 574.453
1071.89 613.507
1074.54 654.68
1073.75 686.644
1120.46 1063.18
1111.75 1143.92
1112.63 1204.63
1111.1 1237.84
1130.92 1298.27
1131.98 1354.49
1136.66 1274.26
1136.59 1200.85
1136.36 1180.67
1144.35 1198.6
1150.2 1195.26
1150.33 1187.81
1161.66 1200.62
1163.48 1459.66
1165.26 1408.92
1144.95 1515.86
1143.5 3120.04
1142.17 2668.29
1140.29 2695.43
1187.56 2465.6
1189.83 2526.93
1183.85 2554.76
1193.48 2684.97
1218.89 2800.22
1219.04 2789.1
1218.91 2871.49
1219.56 2982.86
1219.93 3052.15
1221.74 3102.07
1225.92 3137.49
1248.51 3142.07
1251.43 3529.89
1253.33 3534.35
1291.09 4054.95
1275.92 4028.33
1228.55 4275.15
1227.67 4356.44
1236.41 4407.58
1235.9 4531.81
1253.3 4584.34
1253.16 4513.89
1242.53 4482.88
1221.8 4695.31
1227.99 4923.26
1215.67 4748.12
1215.44 4683.06
1215.54 4909.91
1213.25 4607.62
1213.74 4569.95
1212.51 4531.74
1214.16 4546.83
1218.38 4550.37
1217.22 4524.28
1216.55 4525.95
1221.25 4555.6
1228.1 4719.85
1235.65 4777.4
1236.3 4768.24
1257.5 4890.64
1257.55 4961.8
1257.49 4909.49
1243.68 4952.41
1248.76 5460.41
1258.61 5700.11
1258.36 5770.64
1259.21 5780.92
1251.81 5919.06
1251.48 5973.63
1249.87 5992.27
1259.65 6005.8
1261.99 5985.86
1253.89 5975.8
1251.68 6200.98
1249.52 6108.08
1252.76 6126.5
1251.53 6243.69
1251.44 6229.65
1260.25 6246.59
1302.03 6180.75
1301.61 6279.34
1303.62 6217.03
1308.96 6329.08
1308.98 6711.5
1310.1 6623.57
1310.99 6612.57
1301.92 7877.86
1301.51 7251.25
1303.65 6804.07
1303.15 6455.91
1302 6345.1
1297.3 7601.07
1299.56 7577.06
1303.03 7601.69
1303.23 7419
1305.97 7229.69
1305.61 7607.12
1305.57 7195.83
1306.71 6854.92
1309.51 6633.56
1308.53 6416.03
1314.95 6249.55
1311.49 6145.17
1311.4 6126.26
1311.44 6140.44
1311.8 6170.39
1316.01 6449.45
1315.09 6499.36
1314.63 6494.86
1314.58 6543.14
1309.08 6581.74
1302.19 6711.59
1303.08 6702.33
1304.95 6693.72
1305.14 6629.07
1303.62 6660
1302.4 6726.82
1302.39 6805.77
1302.33 6840.66
1303.22 6915.1
1301.37 6938.17
1304.25 7000.61
1305.88 7027.62
1303.01 7026.67
1303.81 7014.43
1305.3 6966.29
1329.12 7018.33
1329.4 7039.24
1329.08 7075.96
1328.84 7118.33
1327.54 7175.62
1324.51 7316.42
1337.32 7882.26
1334.38 7890.63
1333.88 7851.04
1330.24 7853.53
1330.11 7831.87
1356.28 8253.02
1358.05 8171.69
1359.23 8153.76
1360 8113.81
1359.42 8092.91
1358.27 8055.6
1358.35 8033.03
1352.23 8801.1
1353.19 9113.95
1351.14 9016.64
1351.97 8784.64
1352.05 8687.54
1352.7 8559.52
1353.69 8509.76
1350.01 8413.05
1352.56 8280.67
1351.01 8323.24
1353.53 8297.72
1354.02 8231.09
1354.57 8209.12
1354.62 8191.74
1355 8183.7
1355.09 8182.56
1355.75 8271.3
1362.02 8200.43
1361.43 8182.21
1361.69 8182.96
1361.67 8537.35
1361.8 8366.25
1361.99 8279.7
1361.54 8219.1
1360.78 8163.52
1360.78 8080.65
1384.13 8206.94
1383.82 8319.02
1387.88 8434.83
1388.07 8435.1
1387.67 8388.79
1390.01 8425.85
1388.84 8429.57
1389.59 8401.85
1390.2 8389.73
1390.13 8416.13
1396.38 8482.56
1397.14 8457.28
1397.81 8434.37
1398 8405.2
1399.82 8410.94
1401.51 8452.75
1401.63 8478.61
1401.65 8499.78
1403.48 8537.22
1403.52 8552.58
1403.77 8551.04
1402.44 8516.59
1403.51 8487.57
1403.28 8503.65
1403.8 8512.42
1401.97 8496.95
1402.14 8531.16
1402.22 8539.16
1403.62 9115.61
1403.88 9290.45
1397.04 9385.29
1397.2 9327.89
1389.73 9462.23
1389.78 9481.95
1389.52 9470.33
1394.24 9509.09
1393.82 9467.69
1393.77 9456.91
1393.45 9428.66
1395.71 9535.75
1396.38 9639.82
1396.32 9875.07
1393.23 9918.95
1395.52 10229.7
1395.7 10180.5
1395.54 10105.4
1404.39 10122.7
1404.76 10187.1
1408.7 10198.6
1407.6 10198.3
1407.54 10228.1
1407.84 10254.5
1411.2 10189.3
1411.12 10195.1
1410.8 10005.5
1411.68 9958.15
1411.7 9870.64
1411.8 9963.51
1410.64 10011.4
1408.61 9943.49
1408.71 9948.22
1408.24 9872.88
1407.9 9835.1
1408.49 9777.43
1410.79 9774.69
1411.64 9766.76
1415.97 9700.68
1418.01 9632.98
1401.39 10061
1401.42 10752.2
1401.57 10979
1401.94 11028.7
1402.28 11025.2
1401.69 11014.3
1399.61 10994.3
1400.28 10968.2
1398.67 11056.5
1394.69 11135.5
1396.65 11102.4
1398.52 11091.9
1399.8 11158.2
1399.87 11132.7
1398.2 11102.6
1398.45 11043.1
1394.74 11112.9
1394.86 11121.4
1398.39 11025.3
1397.46 10896.8
1391.88 11159.1
1372.19 10938.4
1372.23 11195.6
1372.22 11127.1
1371.92 11108.9
1372.1 11061.7
1371.45 11089.6
1371.83 11050.3
1370.21 11098.1
1372.73 11156.1
1372.79 11160.6
1372.04 11164.1
1372.38 11172.2
1381.82 11589.6
1383.23 11583.4
1385.36 11526.6
1384.58 11497
1383.61 11532.3
1383.74 11551.7
1381.47 11609.5
1382.34 11549.9
1378.16 11510.5
1374.97 11453.5
1377.45 11540.8
1376.37 11570.4
1376.46 11600.2
1371.56 11838.5
1371.37 11844.3
1372.5 11779.2
1371.99 11742.1
1372.75 11749.8
1372.84 11780.4
1372.79 11799.1
1374.67 11820.4
1373.66 11775.8
1369.35 11790.1
1369.35 11736.9
1368.77 11778.9
1369.22 11853.9
1371.46 11920.7
1372.15 11932.7
1375.53 11991.4
1377.31 11915.4
1378.53 11972.9
1379.63 12077.7
1379.3 12081
1363.22 12020.5
1357.05 11922
1357.15 11618.5
1357.12 11548.7
1357.87 11539.5
1357.9 11539
1357.79 11556.7
1349.38 11584.8
1351.52 11594.7
1351.74 11554.9
1353.92 11626.7
1352.26 11620.3
1352.41 11632.1
1352.41 11645.2
1353.2 11598.7
1353.07 11624.9
1353.32 11667.7
1354.83 11693.5
1354.98 11617.2
1355.21 11648.4
1355.53 11636
1355.16 11636.8
1354.95 11613.1
1354.41 11560.7
1354.66 11529.5
1353.37 11468.1
1352.97 11466.9
1353.18 11493
1353.22 11521
1354.03 11526.5
1353.95 11531.9
1354.51 11505.7
1355.84 11434.3
1357.02 11450.8
1356.71 11463.3
1357.23 11453.3
1356.78 11384.8
1356.86 11405.6
1347.77 11464.6
1348.16 11455.9
1347.88 11448.6
1348.13 11440.3
1344.98 11787.6
1346.54 11768.4
1348.98 11792.5
1353.42 11803.7
1353.64 11792.1
1349.01 11818.8
1349.45 11840.2
1351.45 11868.2
1354.71 11914
1355.02 11908
1355.93 11967
1370.7 12208.9
1370.13 12272.4
1370.22 12306.2
1366.35 12308.5
1364.65 12281.3
1364.71 12248.2
1368.78 12239.6
1368.29 12276.7
1368.88 12299
1368.84 12299
1368.46 12316.9
1369.46 12343.4
1369.94 12364.9
1369.65 12421.9
1370.49 12465.1
1372.76 12578.4
1372.91 12576.8
1371.37 12690.1
1371.39 12742.4
1370.61 12806.4
1370.66 12869.2
1371.56 12925.8
1375.72 12944.7
1377.48 12911
1375.42 12913
1377.29 12946
1378.42 12995.6
1378.46 13025.8
1378.26 13053.1
1379.06 13066.7
1382.74 13074.7
1383.41 13085.5
1383.33 13081
1383.56 13058.3
1383.94 13694
1384.19 13762.9
1406.37 13213.5
1406.38 13145.4
1407.37 13121.1
1407.81 13120.2
1412.42 12917.2
1414.65 12853.7
1414.32 12743.4
1414.3 12697.2
1409.8 12688.2
1409.54 12695.3
1409.32 12721.4
1408.95 12743.4
1410.88 12705.3
1399.33 12791.8
1398.27 12770
1402.99 12791.2
1404.72 12889.7
1404.98 12886
1404.96 12899.2
1405.34 12914.8
1404.03 12910.9
1406.95 13015.3
1407.68 13014.6
1407.72 13003.4
1407.77 13000.4
1406.81 12989.8
1410.12 13021.5
1410.94 13116.1
1410.93 13182.5
1411.2 13206.5
1411.12 13217.8
1410.78 13188.8
1410.89 13165.3
1411.7 13154.2
1411.78 13143.5
1410.49 13002.1
1410.41 12913.8
1412.6 12891.2
1412.63 12886
1412.23 12903.5
1412.17 12925.1
1411.81 12917.4
1412.18 12934.3
1412.46 12947.8
1413.15 12956.4
1412.91 13007.5
1413.2 13045.1
1414.18 13031.5
1414.2 13044.5
1414.11 13054.5
1414.27 13110.7
1414.18 13133.5
1414.26 13155.3
1413.31 13244.9
1413.26 13205.5
1414.26 13173.8
1414.77 13172.7
1414.99 13164.7
1413.87 13131
1413.97 13060.6
1413.16 13035.1
1407.84 13027.7
1407.78 12972
1408.32 12951.6
1408.04 12961.3
1405.01 12906.3
1405.19 12892.5
1405.89 12872.5
1413.65 12988.9
1413.78 13019.2
1411.95 13024.4
1412.24 13036.4
1412.1 13055.5
1414.8 13071.7
1415.02 13070.3
1415.95 13089.8
1415.66 13107.2
1415.6 13123.1
1416.25 13125.2
1416.13 13097.4
1419.07 13098.7
1419.03 13070.7
1418.98 13050.5
1419.45 13046.4
1419.63 13053.6
1419.62 13062.2
1419.84 13086.8
1418.42 13138.4
1424 13172.8
1424.08 13239.5
1423.06 13248.8
1423.37 13202.1
1424.37 13210.1
1425.74 13223.9
1425.6 13185
1425.61 13217.2
1425.61 13231.9
1426.56 13262.2
1426.64 13270.9
1426.62 13190.8
1426.2 13096
1428.18 13106.4
1428.4 13084.4
1427.84 13000.8
1429.26 12984.8
1429.1 12970.5
1429.49 12968.8
1429.8 12950.1
1430.95 12925.8
1431.44 12966.8
1430.45 13001.9
1428.81 12952.3
1428.79 12923.9
1427.08 12878.5
1425.91 12856.7
1426.1 12861.2
1424.99 12828.2
1426.04 12828.7
1426.02 12822.9
1426.16 12826.2
1426.53 12899
1431.21 12956.9
1431.99 12973.1
1431.31 12955.4
1422.44 12970.3
1422.76 12985.1
1421.97 13013.6
1422.73 13017.8
1422.4 13006.1
1422.35 12997.9
1422.46 12996.6
1421.84 12994.6
1423.03 13021.8
1421.25 13009.4
1420.37 13017.8
1421.56 13034.2
1423.02 13052.7
1424.24 13059.6
1424.67 13053.2
1424.67 13051.7
1425.6 13064.8
1424.86 13065.7
1424.99 13057.7
1423.72 13035
1426.26 13035.1
1426.61 13050.2
1430.08 13054.1
1430.32 13040.9
1438.57 13062.2
1435.25 13045.2
1434.04 13067.3
1434.12 13048.8
1434.25 13049.4
1434.24 13050.9
1435.96 13081.7
1436.12 13106
1436.34 13128.7
1436.53 13133.3
1435.19 13120.3
1435.23 13117.7
1436.68 13170.6
1436.65 13184.4
1433.82 13259.7
1432.42 13156.5
1432.27 13213.4
1432.16 13193.5
1431.89 13158.6
1431.54 13131.1
1431.63 13116.2
1437.05 13236.8
1437.85 13269.2
1451.38 13319.6
1450.88 13286.4
1450.07 13255.1
1448.92 13274.1
1449 13267.8
1451.95 13274.1
1452.17 13346.3
1451.44 13385.1
1451.6 13386.3
1451.66 13397.8
1451.55 13397.8
1450.54 13399.6
1450.8 13497.5
1460.61 13534.6
1472.41 13662.2
1471.21 13689.9
1466.8 13780
1465.97 13825.1
1466.29 13847
1466.51 13798.3
1466.44 13757
1467.09 13741.5
1469.1 13772.3
1468.48 13778.8
1468.52 13746.6
1469.24 13694.6
1468.22 13860
1468.46 13792.6
1468.6 13756.6
1474.4 13764.8
1474.01 13762.5
1474.37 13750.6
1475.27 13805.9
1474.78 13836.3
1475.07 13911.2
1475.09 13952
1475.16 13946.1
1475.17 13961.9
1476.76 14016.8
1476.94 14017.2
1476.82 14007.7
1475.15 14015.1
1474.4 13982.7
1474.39 13982.2
1474.62 13961.9
1473.5 13972.6
1473.62 13989.2
1473.68 13989.5
1473.69 14007.5
1474.64 14031.6
1474.95 14021.9
1471.49 14068.9
1470.92 14053.5
1471.21 14045.2
1469.71 14023.8
1469.47 14023.5
1469.64 14030.5
1469.59 14028.8
1469.28 14022.6
1469.08 13998.3
1468.72 13963.6
1468.76 13946.9
1469.04 13967.4
1468.89 13973.8
1466.95 13941.3
1466.98 13948.4
1466.37 13942.1
1463.69 13975.7
1463.54 13993.7
1463.51 14012.4
1463.48 14023.8
1463.48 14031
1462.64 14030.3
1462.41 14034.8
1460.96 14057.9
1461.15 14046.2
1460.54 14035.8
1460.71 14019.3
1460.14 14016
1460.12 14004.8
1459.7 13997.7
1459.29 14001.4
1459.5 13998.5
1459.75 14041.9
1459.66 13985.1
1468.8 13850.9
1468.78 13829
1468.8 13810.8
1471.25 13794.6
1471.25 13781.8
1471.85 13764.9
1471.53 13771.6
1471.54 13760.8
1471.52 13758.7
1471.1 13754.2
1471.99 13714.2
1471.97 13721
1471.91 13758.4
1463.59 13940.3
1463.88 14028
1464.98 14163.8
1464.88 14208.4
1466.88 14265.5
1466.82 14280.3
1466.81 14289.3
1467.15 14229
1467.33 14204
1469.39 14241
1468.63 14237.6
1468.41 14237.2
1469.88 14245
1469.02 14217
1469.85 14217.8
1469.85 14200.2
1467.62 14244.4
1466.87 14256.1
1467.37 14277
1467.41 14280.6
1467.95 14272.9
1468.71 14316.2
1468.56 14302.1
1468.21 14276.1
1468.06 14247.1
1467.95 14225.1
1468.41 14212.6
1468.73 14233.5
1468.44 14230.9
1470.08 14148.1
1470.08 14138.1
1469.37 14130.8
1469.7 14130
1469.74 14121.6
1471.46 14138.1
1471.2 14142.8
1471.02 14141.5
1473.32 14223
1473.54 14251.2
1473.6 14234.3
1473.31 14234.2
1472.85 14231.1
1473.05 14225
1473.52 14216.1
1473.26 14223.1
1473.38 14191.1
1473.63 14186.3
1474.72 14145.1
1473.72 14052.8
1475.55 14074.2
1475.45 14069.9
1475.74 14067.5
1475.45 14046.1
1475.41 14049.3
1475.69 14057.1
1475.82 14062.7
1476.14 14062.5
1477.17 14114.8
1476.75 14150.7
1476.56 14152.8
1476.14 14169.1
1476.95 14279.6
1476.27 14291.7
1476.12 14310.8
1476.08 14309.4
1475.46 14312.4
1474.36 14299.7
1474.51 14281.9
1474.53 14262.4
1474.41 14224
1474.33 14242
1474.19 14234.2
1474.36 14237.1
1475.43 14222.1
1475.18 14265.3
1474.47 14273.5
1474.57 14287.6
1475.5 14297.6
1475.5 14291.9
1475.52 14277.7
1476.54 14284.7
1477.01 14274.3
1477.95 14295.5
1477.04 14227.2
1477.29 14202.2
1478.15 14210.8
1478.27 14223
1477.93 14237.2
1478.92 14261.6
1478.18 14273.8
1478.5 14293.6
1477.94 14300.9
1477.9 14306.5
1478.28 14315.4
1480.58 14465.3
1480.81 14498.5
1480.97 14583.3
1480.1 14531.3
1479.58 14485.8
1479.78 14447.5
1480.49 14447
1480.24 14428.1
1482.45 14399.4
1482.5 14426.3
1482.17 14449.5
1483.89 14558.4
1484.57 14654.2
1484.09 14688.5
1484.65 14713.3
1485.15 14773
1484 14809.1
1482.96 14791.8
1483.28 14773.7
1485.29 14740.7
1485.67 14746.4
1485.93 14750.1
1487.96 14885.7
1487.86 14915.6
1487.85 14893.8
1486.58 14792.6
1486.75 14717
1486.75 14682.5
1487.23 14680.9
1487.5 14664.9
1489.7 14684.7
1489.6 14609
1488.77 14642.7
1488.71 14648
1489.23 14667.3
1490.93 14720.6
1490.8 14741.2
1490.97 14733.9
1491.58 14738.9
1492.04 14751
1497.31 14801.1
1497.77 14798
1498.02 14782.5
1498.51 14799.7
1500.76 14842.9
1501.45 14847.5
1501.92 14885.8
1502.08 14795.3
1502.71 14811.1
1502.84 14841.4
1503.42 14820.6
1503.44 14805.3
1503.08 14807.8
1502.84 14821
1502.99 14840.1
1502.51 14842.8
1503.97 14846.4
1503.35 14836.6
1503.02 14843.3
1502.76 14854.4
1502.73 14848.6
1503.66 14872.1
1503.35 14876.4
1506.35 14868
1506.22 14877.1
1506.23 14920.7
1505.65 14931.3
1505.52 14926.3
1505.54 14925.5
1505.41 14923
1505.86 14918.5
1505.71 14925
1505.71 14918.1
1505.96 14855.2
1507.63 14867.4
1507.05 14825.3
1507.04 14828
1506.9 14840.5
1507.03 14849.6
1506.97 14843
1507.62 14853.9
1507.79 14885
1507.87 14897.3
1507.98 14894.5
1507.98 14889.7
1508.07 14879.7
1508.12 14869.7
1509.47 14852.3
1508.64 14826.3
1508.98 14808.5
1508.09 14775.5
1507.99 14769.1
1508.05 14790.3
1508.19 14788.6
1508.41 14722.6
1509.47 14760
1509.46 14782.5
1508.78 14812.5
1507.88 14805.7
1507.66 14822.3
1507.65 14822.4
1507.71 14818.5
1506.56 14836.3
1507.07 14859.5
1507.14 14840.4
1509.23 14930.8
1509.52 14943.7
1508.91 14967
1509.72 14971.3
1510.1 14980.3
1509.82 15093.2
1508.7 15080.4
1508.76 15096.9
1508.61 15094.8
1509.01 15125.9
1508.46 15107.1
1507.85 15090
1508.24 15088.9
1508.55 15079.1
1508.52 15086.8
1508.32 15148.8
1508.37 15163.1
1508.37 15146.4
1508.25 15125.3
1508.81 15213.6
1509.58 15242.1
1510.32 15253.3
1510.29 15248.2
1511.56 15244.1
1511.59 15239
1511.64 15250.1
1511.71 15252.5
1512.32 15233.6
1512.34 15206.7
1512.7 15210.7
1512.55 15205
1512.44 15202.1
1512.3 15202.8
1512.96 15228.7
1512.97 15244.5
1513.05 15264.4
1512.02 15252
1511.23 15266.3
1511.29 15274.6
1514.15 15298.4
1514.81 15312.1
1514.86 15305.7
1515.65 15241
1515.47 15232.5
1515.73 15249.6
1515.65 15220.2
1515.58 15239.7
1516.92 15248.5
1517.44 15319.9
1517.27 15304.7
1517.7 15291.1
1517.75 15270.4
1517.06 15275.7
1516.89 15272.4
1517.25 15286.3
1518.61 15347
1518.63 15396.8
1517.83 15439.4
1518.69 15451.2
1518.61 15449.7
1518.59 15446.8
1518.56 15449.9
1518.19 15455.5
1518.24 15476.5
1518.43 15503.5
1518.31 15518.4
1517.53 15519.9
1517.16 15527.8
1517.13 15530.1
1517.24 15657.6
1517.28 15689.9
1517.55 15699.9
1519.05 15687.3
1519.08 15665.9
1518.97 15641.2
1519.35 15640.6
1519.11 15623.8
1518.8 15622.1
1518.83 15638
1519.04 15636.5
1518.76 15645.2
1519.44 15653.3
1519.07 15643.9
1519 15640.8
1518.84 15633.3
1518.88 15631.5
1518.21 15588.7
1518.46 15598.2
