39.334 0
260.196 0
280.031 0
406.937 3.89051
448.303 3.89051
507.979 3.89051
518.564 3.89051
658.548 50.6434
660.208 48.102
704.433 62.755
742.839 62.6805
744.327 62.6805
747.436 62.6805
832.499 86.0031
876.262 89.0408
880.974 88.6321
890.932 82.7877
895.408 87.7806
903.016 88.8248
919.549 97.028
920.171 96.7559
950.652 95.4654
981.694 99.3768
1019.01 99.626
1021.26 99.5599
1049.41 91.006
1049.18 90.8282
1049.48 90.7982
1055.62 163.447
1061.51 227.316
1102.87 282.449
1125.76 309.746
1133.63 314.677
1140.36 317.629
1161.33 323.854
1164.82 328.696
1165.2 337.294
1207.27 348.685
1251.66 366.588
1249.86 366.356
1250.38 367.183
1257.82 424.954
1300.82 452.954
1307.25 648.431
1327.18 703.947
1337.74 701.881
1390.93 703.38
1399.97 699.16
1412.21 723.282
1413.46 689.406
1419.18 669.133
1426.8 660.141
1425.36 665.588
1429.98 697.669
1431.19 722.441
1438.22 726.627
1436.29 730.699
1445.55 725.324
1458.45 687.212
1458.48 663.171
1462.4 631.235
1462.52 614.666
1475.87 618.694
1476.44 603.097
1478.07 550.234
1479.61 618.152
1484.94 622.229
1485.29 624.308
1489.22 668.817
1491.9 658.045
1492.05 635.435
1487.8 628.825
1515.88 646.808
1559.73 663.418
1560.71 656.725
1560.15 690.712
1559.88 691.863
1563.86 674.973
1564.08 675.237
1575.16 622.161
1591.81 634.965
1591.75 663.513
1608.52 695.006
1606.65 722.266
1616.4 767.552
1615.4 787.361
1624.21 809.808
1625.47 823.636
1635.15 899.533
1634.43 934.121
1636.01 982.631
1635.13 1038.38
1635.23 1129.01
1634.25 1132.22
1641.22 1143.5
1643.17 1130.06
1640.36 1228.31
1639.72 1304.62
1641.36 1320.98
1641.67 1267.05
1646.22 1292.38
1642.61 1231.17
1717.31 2284.89
1724.4 1931.05
1687.75 1949.79
1682.27 1827.61
1679.66 1937.21
1679.48 2013.14
1678.96 2020.54
1681.42 2071.25
1677.6 2152
1677.81 2190.89
1677.06 2241.68
1678.73 2264.88
1676.48 2359.94
1674.87 2389.97
1681.83 2365.13
1697.3 2573.43
1697.24 2464.81
1697.22 2410.22
1693.29 2458.78
1693.32 2407.34
1696.5 2397.17
1696.14 2378.81
1694.57 2399.24
1693.23 2364.43
1688.76 2402.32
1690.49 2445.93
1690.52 2409.77
1687 2438.35
1686.93 2430.36
1694.55 2523.68
1694.36 2543.76
1693.67 2546.78
1693.76 2543.96
1691.36 2581
1695.89 2546.28
1689.77 2533.44
1688.7 2595.41
1688.73 2566.91
1689.57 2546.9
1688.92 2580.71
1688.43 2622.89
1687.81 2645.34
1690.6 2667.41
1691.02 2651
1690.85 2649
1690.87 2669.04
1691.92 2672.57
1692.02 2677.24
1691.85 2680.75
1689.7 2697.07
1688.61 2723.36
1692.3 2806.6
1691.72 2785.05
1689.13 2777.14
1688.84 2729.87
1689.74 2707.78
1691.5 2684.3
1691.28 2678.55
1691.17 2669.22
1691 2654.43
1689.37 2678.09
1689.04 2692.77
1690.04 2708.82
1689.76 2738.7
1689.43 2752.84
1690.41 2780.42
1690.52 2793.4
1689.13 2777.27
1688.97 2783.01
1688.61 2771.05
1687.99 2684.53
1688.05 2826.53
1688.45 2809.9
1686.4 2789.76
1686.53 2785.74
1685.75 2780.49
1686.46 2939.15
1689.31 3051.98
1691.03 3064.4
1690.78 3157.2
1689.61 3153.54
1689.66 3115.34
1689.63 3116.03
1689.15 3136.47
1689.19 3140.35
1689.04 3124.37
1687.92 3141.68
1688.2 3183.12
1688.3 3202.82
1688.37 3208.83
1685.12 3159.55
1685.25 3138.98
1683.62 3164.54
1679.72 3185.63
1679.73 3183.8
1679.8 3193.44
1680.19 3233.84
1678.95 3263.55
1679.38 3342.28
1678.29 3352.37
1678.32 3338.95
1677.96 3320.97
1678.54 3337.43
1678.79 3328.35
1677.51 3293.85
1677.46 3322.23
1676.08 3373.03
1675.97 3424.21
1675.97 3463.6
1675.93 3480.03
1676.6 3481.6
1676.3 3482.52
1677.19 3485.97
1676.98 3451.57
1678.19 3438.57
1677.54 3442.66
1677.58 3446.29
1678.6 3475.03
1678.67 3466.55
1680.16 3433.27
1679.4 3401.6
1679.54 3376.39
1681.6 3375.8
1681.7 3382.71
1680.8 3401.51
1679.41 3373.94
1679.5 3367.33
1680.64 3383.85
1680.72 3422.12
1680.57 3478.28
1680.47 3512.63
1679.92 3538.06
1680.22 3537.37
1680.55 3553.91
1680.84 3581.72
1681.21 3591.49
1679.48 3635.55
1679.1 3661.04
1679.37 3676.07
1678.26 3693.78
1677.85 3711.47
1677.77 3729.12
1677.83 3743.85
1677.87 3753.73
1678 3770.15
1678 3776.89
1678.21 3789.72
1679.65 3863.37
1679.64 3833.77
1680.42 3783.48
1680.79 3818.78
1678.5 3795.1
1678.5 3763.23
1678.73 3748.99
1679.45 3753.41
1679 3726.44
1679.74 3744.28
1679.88 3744.48
1680.19 3743.2
1680.22 3743.45
1681.24 3758.28
1681.14 3787.63
1680.97 3791.87
1685.3 3757.29
1685.28 3760.39
1686.5 3766.44
1686.52 3773.19
1686.97 3737.52
1686.44 3750.66
1687.84 3785.44
1688.72 3825.86
1688.82 3840.32
1689.15 3854.64
1688.02 3870.94
1687.97 3895.82
1687.87 3889.18
1687.68 3817.87
1687.68 3773.38
1687.99 3747.56
1689.21 3758.61
1689.49 3719.02
1689.49 3697.41
1688.46 3720.39
1688.3 3764.5
1688.4 3796.53
1688.35 3823.71
1688.84 3815.84
1690.16 3833.7
1690.31 3829.72
1690.57 3831.55
1689.44 3870.29
1689.16 3894.15
1689.48 3901.19
1688.84 3915.04
1689.31 3893.72
1689.24 3860.7
1689.06 3837.11
1688.97 3815.8
1688.9 3801.26
1688.85 3768.16
1690.76 3772.83
1691.68 3796.81
1691.61 3773.77
1692.45 3772.22
1692.47 3779.9
1692.49 3776.21
1692.28 3793.77
1692.01 3788.79
1692.22 3849.08
1690.6 3901.23
1688.88 3977.16
1688.88 4035.56
1689.01 4060.36
1686.47 4076.64
1685.4 4106.52
1685.38 4095.56
1684.46 4102.28
1684.59 4097.04
1684.98 4104.26
1685.15 4114.69
1685.48 4127.55
1685.4 4128.44
1685.48 4126.18
1685.61 4103.18
1685.43 4074.46
1685.25 4035.59
1683.86 4091.14
1685.4 4193.99
1685.43 4228.49
1685.76 4239.9
1684.21 4266.02
1684.25 4280.38
1684.9 4228.45
1686.37 4246.61
1686.44 4250.48
1685.86 4265.25
1684.03 4266.86
1682.77 4204.3
1682.71 4201.32
1683.62 4178.54
1683.29 4160.22
1683.1 4137.75
1682.62 4165.76
1682.56 4147.07
1680.23 4145.03
1680.89 4150.33
1683.73 4196.81
1683.1 4188.12
1682.81 4171.51
1682.62 4143.46
1682.71 4135.77
1682.57 4121.22
1682.7 4106.4
1682.65 4094.96
1684.83 4163.86
1684.75 4173.05
1683.24 4285.7
1683.35 4301.84
1683.89 4315.29
1685.13 4370.69
1684.09 4403.21
1684.73 4388.52
1684.5 4390.48
1684.35 4381.34
1684.72 4399.84
1683.48 4439.31
1683.01 4335.85
1682.19 4325.68
1681.57 4353.77
1680.28 4358.14
1681.35 4399.58
1681.13 4405.91
1681.98 4413.86
1687.28 4491.1
1687.15 4525.97
1688.24 4514.27
1688.01 4550.86
1687.85 4557.92
1688.02 4563.59
1687.89 4583.53
1688.62 4594.4
1688.26 4578.88
1688.04 4590.29
1688.45 4595.88
1688.6 4617.27
1688.18 4620.58
1687.28 4625.36
1686.92 4638.92
1687.26 4675.96
1687.24 4711.46
1687.71 4743.66
1686.86 4761.22
1686.77 4782.46
1687.5 4779.67
1687.49 4851.49
1687.28 4858.18
1687.29 4850.49
1687.75 4880.02
1686.9 4903.48
1686.74 4920.91
1686.73 4911.26
1688 4939.9
1688.01 4960.79
1688.13 4950.35
1688.3 4957.08
1688.52 4962.66
1688.51 4964.27
1689.02 4979.42
1689.02 5034.64
1688.19 5070.38
1688.16 5075.81
1688.99 5085.48
1688.94 5141.27
1688.68 5125.64
1688.77 5155.04
1688.86 5167.49
1688.99 5177.91
1689.09 5191.36
1689.62 5177.42
1689.7 5179.25
1688.89 5214.74
1688.96 5177.33
1688.81 5176.07
1689.02 5200.27
1688.97 5204.47
1689.02 5203.37
1689.59 5220.62
1689.2 5236.31
1688.72 5229.29
1688.7 5225.29
1688.72 5228.59
1688.69 5233.48
1688.17 5269.64
1688.18 5286.04
1688.09 5269.77
1688.09 5267.38
1688.08 5261.81
1688.19 5265.71
1687.39 5278.72
1687.31 5278.33
1687.29 5280.35
1689.15 5276.9
1688.46 5413.31
1688.63 5467.91
1688.53 5481.5
1688.44 5476.41
1688.58 5478.85
1687.74 5482.67
1687.44 5496.22
1687.45 5508.33
1687.89 5513.9
1687.88 5524.58
1687.95 5519.91
1687.77 5499.01
1688.81 5491.29
1688.76 5492.94
1687.82 5521.73
1687.82 5506.4
1689.36 5539.84
1688.6 5569.91
1688.82 5558.57
1689.08 5555.74
1688.57 5532.67
1688.87 5545.66
1689.24 5552.74
1689.25 5523.58
1688.89 5530.84
1688.95 5536.23
1689.11 5539.23
1689.17 5544.8
1689.18 5544.25
1690.59 5545.39
1690.31 5536.19
1689.88 5545.58
1689.8 5540.54
1689.8 5533.53
1689.77 5519.59
1690.81 5521.26
1690.64 5515.75
1690.98 5519.06
1690.87 5509.51
1691.19 5501.03
1691.09 5501.31
1691.04 5500.72
1691.07 5487.62
1691.1 5453.86
1691.08 5423.85
1691.41 5418.72
1687.59 5451.25
1687.59 5452.82
1687.55 5442.49
1687.09 5386.6
1686.84 5355.48
1686.71 5334.42
1686.97 5327.16
1686.56 5327.31
1686.42 5328.27
1686.44 5321.7
1686.46 5314.93
1686.42 5311.25
1686.5 5296.7
1686.88 5289.83
1686.55 5280.93
1686.7 5268.87
1686.59 5264.77
1686.65 5264.18
1686.66 5266.93
1686.38 5272.1
1686.04 5272.95
1687.81 5272.12
1687.56 5276.79
1687.26 5422.97
1687.45 5435.19
1687.5 5432.1
1687.52 5440.82
1687.42 5430.46
1687.41 5424.64
1686.84 5388.67
1686.37 5383.33
1686.33 5365.94
1686.17 5354.77
1686.38 5339.52
1685.95 5295.96
1685.95 5277.07
1685.71 5273.22
1685.4 5262.4
1685.78 5206.04
1685.01 5290.27
1685.59 5334.48
1685.58 5340.15
1685.55 5351.22
1685.45 5349.9
1685.72 5338.84
1685.43 5338.49
1686.23 5334.11
1686.21 5332.76
1686.52 5331.44
1686.69 5329.75
1686.19 5286.02
1686.35 5289.78
1686.04 5304.09
1686.01 5299.85
1685.64 5313.46
1685.81 5323.23
1685.96 5320.04
1686.16 5344.73
1686.37 5339.43
1687.81 5321.73
1687.63 5327.98
1687.17 5344.41
1687.22 5351.97
1684.81 5366.92
1684.5 5408.43
1685.33 5374.44
1684.65 5373.67
1685.07 5391.9
1684.42 5396.44
1684.08 5377.4
1684.06 5404.59
1683.45 5464.54
1681.06 5434.95
1681.05 5382.06
1680.22 5393.54
1679.83 5412.52
1679.79 5382.81
1680.09 5411.78
1680.12 5417.31
1680.61 5426.14
1685.33 5418.01
1685.24 5440
1685.04 5464.22
1685.04 5482.62
1684.91 5496.12
1684.69 5503.31
1684.74 5500.7
1685.58 5495.73
1686.2 5468.78
1686.19 5464.24
1686.74 5476.74
1686.66 5473.41
1686.96 5485.14
1686.19 5500.89
1685.23 5506.07
1685.19 5502.07
1686.17 5509.19
1685.43 5538.79
1686.2 5581.69
1686.11 5586.78
1686.04 5582.16
1685.95 5570.4
1686.86 5579.19
1688.5 5683.01
1686.5 5682.06
1686.39 5661.98
1686.43 5679.02
1689.17 5644.64
1684.96 5752.88
1685.04 5824.67
1685.01 5810.86
1685.16 5801.07
1685.5 5785.08
1685.53 5779.36
1685.42 5764.74
1685.45 5739.79
1685.35 5721.57
1685.23 5714.49
1687.43 5668.44
1688.75 5621.4
1689.42 5638.58
1689.18 5646.66
1688.74 5659.82
1688.55 5672.41
1688.79 5673.24
1689.47 5716
1689.83 5743.28
1689.47 5796
1689.31 5822.86
1689.34 5784.3
1689.4 5791.85
1689.42 5788.29
1689.66 5785.3
1689.66 5795.09
1690.56 5821.97
1690.8 5829
1691.98 5802.46
1691.95 5798.69
1692.72 5797.01
1691.67 5839.67
1691.44 5795.07
1691.6 5764.55
1691.54 5757.83
1691.3 5736.63
1691.33 5743.1
1691.02 5713.11
1690.88 5689.36
1691.13 5702.61
1690.91 5684.06
1690.99 5653.21
1691.56 5660.22
1691.06 5592.99
1690.88 5505.39
1690.81 5457.16
1690.86 5432.48
1691.15 5415.11
1691.65 5409.1
1691.66 5392.68
1692.08 5376.52
1691.46 5365.79
1691.33 5369.71
1691.28 5362.28
1690.73 5360.2
1690.7 5326.53
1690.57 5322.72
1690.99 5320.48
1691.52 5311.11
1691.52 5310.64
1690.23 5250.23
1690.21 5238.94
1690.93 5268.06
1690.63 5286.29
1691.35 5299.48
1691.59 5295.56
1691.78 5266.32
1692.32 5262.46
1691.42 5281.44
1691.36 5276.59
1691.37 5285.64
1693.01 5315.91
1693.09 5353.73
1695.8 5525.05
1695.96 5527.98
1695.68 5524.7
1695.57 5514.93
1695.56 5512.49
1696.22 5514.47
1696.32 5498.5
1696.15 5457.98
1696.39 5443.3
1696.42 5432.31
1697.49 5445.81
1697.79 5455.74
1695.75 5514.03
1695.59 5505.31
1695.61 5239.8
1695.48 5166.81
1695.48 5126.05
1695.18 5128.47
1694.92 5137.34
1694.99 5153.58
1694.8 5101.09
1694.85 5118.81
1694.6 5125.03
1694.74 5145.7
1694.68 5172.21
1694.59 5187.57
1694.64 5204.65
1695.07 5224.57
1694.86 5245.67
1696.49 5273.32
1696.39 5313.39
1696.48 5346.09
1696.48 5375.28
1695.89 5421.5
1695.2 5421.7
1695.45 5424.02
1695.24 5458.32
1695.26 5474.67
1695.9 5454.76
1695.93 5458.95
1695.95 5462.7
1695.67 5507.29
1695.28 5533.25
1695.18 5534.3
1695.27 5541.24
1693.89 5524.34
1694.2 5493.8
1693.95 5462.78
1693.86 5459.8
1693.71 5464.46
1693.51 5458.59
1693.49 5457.82
1693.19 5466.74
1693.42 5468.41
1693.49 5509.83
1693.29 5525.58
1693.34 5530.26
1694.11 5528.78
1693.98 5520.81
1694.01 5511.56
1694.13 5505.3
1694.77 5511.33
1694.49 5535.25
1693.68 5554.12
1694.48 5551.1
1694.63 5558.01
1694.88 5552.5
1694.61 5560.62
1694.18 5557.34
1694.21 5573.54
1693.31 5564.86
1693.53 5551.18
1694.33 5511.86
1694.79 5503.5
1694.67 5490.14
1694.21 5500.26
1693.9 5471.94
1693.45 5452.87
1693.49 5445.96
1693.37 5441.8
1693.29 5426.66
1693.15 5419.01
1693.13 5410.47
1693.2 5367.08
1693 5344.45
1693.73 5325.85
1693.35 5325.86
1693.53 5319.99
1693.19 5327.85
1692.77 5322.31
1695.58 5304.35
1695.41 5311.09
1695.12 5363.05
1695.21 5402.97
1695.21 5398
1695.26 5388.55
1695.51 5308.35
1695.04 5324.41
1695.12 5300.21
1695.25 5315.16
1695.53 5315.81
1695.41 5311.77
1696.09 5309.04
1696.75 5343.14
1696.85 5328.24
1696.68 5329.9
1697.14 5370.55
1697.18 5385.42
1696.97 5394.41
1697.95 5446.53
1697.72 5449.5
1697.57 5449.26
1696.54 5445.24
1696.48 5439.97
1696.49 5427.29
1696.64 5398.63
1696.63 5386.06
1696.59 5394.27
1696.59 5400.87
1696.82 5399.1
1697.3 5406.57
1697.28 5424.69
1697.28 5422.24
1697.44 5414.97
1697.77 5404.73
1697.35 5402.5
1697.57 5414.65
1698.09 5392.11
1698.58 5387.02
1698.74 5386.47
1698.57 5370.6
1698.26 5383.56
1698.25 5403.29
1697.67 5405.48
1696.99 5421.8
1697.8 5443.38
1697.84 5426.05
1697.74 5420.44
1697.44 5409.59
1697.77 5411.34
1696.92 5404.3
1697 5395.95
1696.97 5378.93
1696.92 5370.63
1697.07 5362.04
1697.33 5350.02
1697.4 5340.74
1697.63 5340.47
1697.53 5332.49
1697.61 5348.53
1697.63 5360.11
1698.23 5346.74
1697.81 5357.96
1697.79 5363.93
1697.89 5381.52
1698.14 5352.68
1698.66 5361.98
1699.33 5374.64
1699.49 5390.24
1700.35 5401.75
1700.26 5415.57
1700.12 5400.17
1699.32 5383.58
1699.35 5380.9
1699.31 5394.54
1699.49 5399.67
1699.83 5396.07
1699.86 5394.85
1700.27 5387.95
1700.91 5396.64
1700.97 5399.22
1700.96 5407.28
1701.14 5389.21
1701.2 5400.3
1700.95 5409.67
1700.99 5412.97
1701.08 5414.18
1700.8 5407.71
1701.26 5449.52
1701.15 5434.03
1701.41 5425.58
1701.35 5419.14
1699.63 5425.91
1700.37 5371.04
1700.57 5336.56
1699.88 5338.21
1701.27 5344.58
1701.05 5351.14
1701.68 5370.11
1701.63 5371.16
1701.81 5355.76
1699.54 5428.63
1699.56 5416.84
1699.26 5419.8
1699.38 5437.09
1699.39 5444.45
1699.71 5438.9
1699.82 5415.64
1699.04 5408.84
1699.02 5385.94
1699.12 5377.19
1700.34 5397.63
1700.45 5388.5
1701.57 5366.78
1701.24 5373.6
1701.16 5375.15
1701.67 5409.16
1701.65 5407.3
1701.64 5445.46
1701.48 5456.22
1701.42 5472.02
1700.24 5517.13
1700.02 5550.7
1699.51 5600.41
1699.52 5619.17
1700.17 5642.84
1699.98 5654.81
1699.97 5672.72
1699.64 5703.2
1699.61 5709.16
1698.9 5740.27
1698.91 5763.25
1699.08 5771.15
1699 5782.2
1699.6 5792.86
1699.51 5789.63
1698.61 5782.22
1698.58 5785.02
1698.63 5786.55
1698.93 5786.45
1698.93 5780.56
1698.93 5763.81
1698.92 5754.35
1698.89 5759.28
1698.52 5747.08
1698.49 5744.89
1699.01 5750.36
1697.91 5757.29
1697.67 5772.53
1697.6 5764.57
1698.11 5747.28
1697.96 5753.01
1697.96 5756.84
1697.08 5763.04
1696.95 5753.39
1696.97 5752.15
1697.13 5767.53
1697.37 5734.55
1695.13 5742.12
1695.08 5727.92
1695.17 5730.89
1695.9 5748.9
1695.5 5754.01
1695.53 5749.58
1695.04 5741.83
1695.24 5769.75
1694.86 5782.28
1693.92 5817.92
1694.46 5806.3
1694.73 5815.5
1694.8 5808.29
1694.39 5785.41
1694.73 5778.82
1694.65 5792.78
1695.11 5791.6
1695.11 5796.88
1695.88 5754.78
1695.82 5757.16
1695.84 5781.76
1695.6 5786.73
1695.59 5786.76
1695.58 5785.99
1695.42 5778.42
1695.35 5784.11
1695.66 5780.63
1695.75 5792.04
1695.92 5798.43
1696.04 5789.31
1695.64 5793.29
1696.96 5819.21
1696.95 5834.51
1696.97 5835.23
1696.97 5840.18
1696.89 5843.47
1697 5843.81
1697.21 5835.94
1697.68 5815.37
1697.97 5813.56
1697.61 5828.91
1698.08 5822.05
1698.09 5814.32
1699.01 5832.41
1698.72 5829.68
1698.73 5826.68
1698.22 5815.48
1698.22 5819.05
1698.32 5837.33
1698.41 5852.82
1698.26 5873.93
1698.58 5880.93
1698.54 5884.67
1698 5878.71
1697.71 5887.58
1697.68 5898.24
1697.45 5891.35
1697.48 5869.45
1697.02 5865.06
1697.02 5859.78
1697.92 6003.4
1696.95 6008.81
1697.05 6021.74
1697.84 6015.41
1698.09 6009.91
1697.98 6003.76
1697.4 6010.62
1697.57 6006.58
1697.06 6005.48
1697.03 6004
1696.72 6004.04
1696.67 6015.82
1696.6 6010.37
1696.39 6018.79
1696.22 6025.42
1696.28 6025.62
1696.24 6031.54
1696.43 6042.26
1696.24 6045.41
1696.19 6058.88
