368.923 12.1026
491.172 17.3965
495.789 17.3452
496.905 17.3263
531.228 17.3134
571.354 17.3018
572.213 17.2938
599.391 17.2938
607.943 21.1464
609.523 20.996
620.11 20.9446
622.174 20.9203
640.637 22.7729
640.764 22.7196
666.182 22.7013
666.398 22.6874
667.826 22.5717
697.928 180.773
697.993 212.267
699.494 205.036
760.501 217.033
760.874 216.025
766.884 217.719
769.392 219.35
774.988 221.212
816.45 258.168
912.519 276.781
915.484 296.469
933.451 302.995
955.73 299.592
958.814 320.625
990.582 328.454
1002.49 350.117
990.098 452.806
1009.9 455.432
1036.01 516.623
1044.87 571.505
1090.34 728.902
1094.87 737.524
1097.61 719.704
1106.85 715.732
1124.4 718.98
1126.18 717.028
1144.06 745.482
1177 772.433
1179.62 791.069
1207.25 822.476
1205.47 837.155
1193.54 1089.76
1184.09 1323.91
1212.35 1501.7
1223.69 1557.68
1224.33 1598.66
1230.92 1629.05
1237.49 1685.76
1212.4 1821.17
1255.66 1775.77
1255.49 1751
1259.02 1728.17
1261.24 1711.35
1252.63 1719.5
1252.74 1732.8
1251.32 1794.48
1258.52 1840.74
1283.07 1856.73
1291.21 1874.91
1285.73 1955.42
1307 2031.33
1308.05 2213.87
1317.63 2161.01
1340.43 2896.28
1355.88 2729.64
1357.26 2638.48
1362.41 2618.61
1359.41 2580.66
1363.61 2470.65
1363.24 2374.72
1363.7 2345.6
1370.88 2481.05
1379.74 2576.15
1375.78 2738.52
1375.06 2971.24
1409.6 2976.89
1409.23 3075.57
1422.99 3195.11
1440.13 3294.89
1440.14 3366.63
1443.71 3434.86
1431.3 3688.36
1431.52 3881.1
1402.74 4066.14
1406.2 4235.89
1416.93 4412
1414.59 4489.12
1415.39 4591.3
1417.73 4405.86
1391.94 4477.16
1386.41 4461.69
1387.35 4427.59
1387.47 4535.27
1387.48 4538.92
1393.08 4629.52
1394.78 4676.23
1397.49 4921.11
1396.84 4881.61
1362.69 4945.24
1346.49 4993.84
1339.18 5177.69
1333.78 5409.85
1340.17 5475.9
1339.95 5427.93
1347.79 5413.4
1326.07 5505.94
1328.86 5507.94
1324.06 5730.93
1325.03 5927.92
1325.37 6074.47
1326.19 6146.11
1324.96 6109.23
1328.26 6134.56
1322.74 6168.25
1325.25 6238.32
1327.43 6279.08
1329.41 6314.52
1329.63 6337.09
1333.51 6386.32
1333.11 6411.35
1341.31 6524.22
1340.84 6515.69
1340.84 6842.49
1339.51 6546.08
1337.55 6454.32
1334.4 6573.39
1333.03 6518
1328.08 6623.01
1326.9 6602.85
1331.24 6565.36
1328.64 6667.03
1318.79 6991.54
1327.18 7207.17
1329.17 7258.24
1331.49 7336.48
1333.71 7287.09
1330.06 7213.01
1330.16 7267.46
1329.81 7248.17
1329.92 7224.77
1336.81 7270.82
1339.46 7111.08
1339.5 6941.6
1340.51 7036.96
1335.86 6979.66
1336.6 6879.91
1338.12 6806.43
1349.7 6865.72
1358.04 6903.05
1349.09 6882.08
1347.46 6901.28
1347.19 6867.92
1347.64 6844.32
1350.43 6838.69
1349.54 6957.25
1351.11 7096.4
1351.61 7109.35
1350.12 7152.5
1343.48 7183.02
1343.79 7242.67
1346.04 7347.35
1345.74 7390.45
1348.63 7443.34
1348.87 7430.1
1354.43 7507.42
1354.05 7363.64
1348.18 7295.15
1347.16 7197.05
1347.88 7132.45
1341.32 7261.07
1338.67 7348.77
1338.58 7276.41
1337.38 7253.05
1334.19 7429.17
1330.53 7480.92
1321.88 7710.49
1323.47 7830.58
1320.3 7800.67
1322.26 7739.49
1322.04 7703.95
1321.98 7660.71
1322.78 7624.21
1322.91 7612.28
1321.94 7586.18
1321.48 7599
1322.23 7576.33
1318.67 7728.34
1317.26 7877.78
1320.56 7922.18
1319.38 7961.55
1319.48 8010.83
1318.93 8042.21
1321.72 8118.09
1320.06 8094
1326.91 8106.36
1327.17 8065.36
1326.53 7996.82
1325.35 7960.49
1329.21 7873.04
1328.6 7835.1
1329.46 7780.02
1329.46 7715.77
1330.23 7663.6
1326.98 7672.22
1328.42 7824.66
1330.39 7882.77
1330.93 7842.06
1337.2 7898.49
1337.14 7865.37
1336.52 7823.07
1337.68 7820.03
1338.27 7817.9
1334.16 7892.82
1333.98 7904.82
1333.95 7842.06
1334.13 7762.36
1334.42 7733.34
1335.13 7680.58
1333.02 7683.21
1333.29 7709.46
1333.75 7674.95
1332.38 7628.67
1332.58 7654.09
1330.48 7684.44
1330.64 7718.59
1330.87 7746.66
1333.37 7765.81
1333.66 7790.7
1333.18 7826.01
1334.93 7864.94
1337.17 7887.37
1341.51 7981.23
1347.01 7989.19
1347.5 7980.18
1346.89 7956.85
1347.87 7913.65
1346.9 7908.63
1348.91 7919.67
1347.8 7943.45
1346.73 7976.35
1346.55 7997.85
1346.64 8004.44
1346.59 8033.77
1347.01 8053.82
1346.51 8052.73
1347.06 8030.29
1347.68 8024.18
1346.43 7999.81
1344.72 8038.56
1344.8 8026.47
1342.92 7945.2
1344.14 7928.03
1337.17 8060.22
1336.72 8143.45
1338.25 8172.13
1339.62 8207.51
1342.43 8181.91
1341.82 8190.06
1335.82 8387.13
1336.39 8405.42
1332.04 8404.88
1330.15 8436.19
1329.96 8441.19
1330.91 8444.08
1335.57 8597.77
1331.39 8578.25
1332.75 8618.05
1332.91 8562.23
1335.27 8436.53
1335.84 8406.16
1335.72 8330.06
1336.31 8232.49
1332.78 8198.27
1332.46 8119.33
1332.5 8089.77
1331.75 8074.88
1331.69 8060.78
1331.79 8049.09
1331.82 7979.09
1331.8 7954.83
1328.97 7888.17
1330.51 7857.61
1326.66 7859.52
1321.62 7875.39
1317.59 7853.6
1319.3 7869.43
1320.1 7907.69
1340.72 7952.24
1338.25 8083.3
1337.78 8043.14
1336.9 8021.3
1337.17 8014.07
1336.24 8034.36
1337.06 8029.72
1337.08 7991.25
1336.92 7946.68
1337.88 7939.27
1337.27 7924.92
1337.46 7933.6
1337.61 7878.97
1337.26 7844.13
1337.16 7846.25
1336.06 7877.11
1335.03 7862.19
1334.8 7834.5
1334.39 7863.08
1334.5 7864.9
1330.61 7810.92
1332.05 7837.5
1332.45 7836.94
1331.48 7865.08
1332.01 7895.79
1334.2 7894.06
1334.2 7897.2
1333.89 7911.82
1334.4 7883.26
1333.39 7877.38
1333.34 7895.11
1333.97 7917.09
1333.54 7931.79
1334.1 7940.09
1334.62 7947.88
1334.75 7962.91
1335.64 7958.2
1335.66 7960.79
1335.35 7970.95
1331.28 7947.83
1334.57 7940.63
1338.73 7947.95
1338.38 7940.39
1336.73 7946.11
1336.76 7907.41
1336.17 7940.89
1339 8016.28
1340.76 7995.21
1341.66 7918.02
1341.4 7764.51
1343.8 7760.67
1341.07 7731.02
1341.17 7739.17
1341.58 7726.32
1341.6 7696.27
1340.63 7712.41
1340.66 7730.17
1342.34 7752.82
1342.35 7781.64
1342.03 7798.78
1340.01 7831.8
1340.33 7847.3
1338.71 7844.38
1338.23 7842.83
1338.71 7824.73
1338.7 7846.69
1338.6 7836.59
1338.59 7845.14
1339.21 7840.76
1339.41 7860.65
1339.24 7847.28
1339.64 7826.25
1340.84 7871.08
1340.78 7920.66
1340.81 7914.69
1340.58 7916.08
1340.91 7920.65
1340 7915.1
1349.88 8187.68
1350.82 8193.27
1350.67 8199.93
1350.37 8186.27
1350.02 8122.9
1349.82 8120.11
1345.73 7911.52
1348.4 8029.37
1347.49 8075.22
1348.45 8087.6
1347.88 8079.08
1347.83 8120.82
1345.86 8191.57
1344.89 8174.82
1345.61 8114.5
1350.24 8198.28
1358.79 8182.62
1359.02 8225.07
1359.11 8229.61
1362.16 8144.98
1360.1 8135.84
1364.33 8123.32
1365.33 8254.16
1364.49 8299.31
1364.34 8271.25
1364.81 8262.94
1365.43 8274.77
1358.79 8299.54
1358.3 8366.49
1358.55 8464.77
1357.78 8457.11
1357.81 8452.14
1358.48 8443.31
1360.4 8480.14
1360.94 8473.08
1357.57 8497.69
1357.42 8533.95
1357.37 8536.17
1356.43 8528.06
1356.41 8508.11
1356.11 8462.98
1356.22 8434.62
1356.15 8407.07
1356.27 8364.04
1354.78 8332.41
1355.7 8330.38
1355.73 8345.73
1355.02 8364.54
1356.3 8388.13
1355.87 8278.37
1354.57 8333.13
1354.15 8334.95
1353.83 8412.25
1354.98 8491.1
1355.18 8474.45
1355.29 8394.34
1353.59 8444.74
1356.51 8330.34
1356.52 8342.07
1356.28 8404.1
1357.94 8412.85
1357.93 8420.25
1358.27 8412.82
1358.08 8413.49
1355.38 8451.54
1355.61 8403.58
1356.02 8415.84
1356.22 8524.05
1356.33 8575.09
1356.74 8618.08
1357.38 8625.28
1358.75 8657.86
1358.07 8700.02
1357.18 8719.94
1352.96 8900.31
1354.15 9094.69
1354.13 9218.87
1356.45 9311.07
1356.08 9353.02
1356.54 9361.37
1355.79 9382.6
1355.12 9407.31
1356.92 9419.62
1358.43 9386.48
1358.48 9349.09
1359.82 9330.37
1359.82 9324.84
1357.75 9275.87
1355.21 9317.77
1356.5 9381.56
1356.38 9387.89
1354.97 9430.31
1354.98 9470.71
1353.28 9499.36
1353.46 9503.26
1352.47 9528.22
1352.45 9530.9
1352.4 9539.13
1353.28 9565.83
1353.79 9538.88
1354.4 9527.6
1351.35 9563.77
1347.63 9650.03
1347.7 9628.79
1348.7 9591.06
1348.6 9595.17
1348.52 9624.78
1348.54 9647.95
1346.88 9606.01
1347.05 9592.79
1348.05 9628.58
1347.93 9576.97
1347.93 9571.65
1347.97 9569
1341.73 9573.19
1342.09 9560.03
1342.11 9574.08
1338.89 9575.9
1339.58 9539.81
1340.55 9523.98
1341.49 9530.14
1341.77 9551.83
1341.63 9549.93
1341.58 9562.03
1346.65 9588.01
1343.14 9669.5
1343.21 9664.06
1341.73 9617.53
1342.05 9581.64
1342.53 9552.53
1341.98 9539.15
1342.84 9533.85
1348.41 9540.12
1348.64 9530.81
1349.78 9583.54
1349.86 9575.4
1349.78 9565.17
1352.69 9500.12
1357.54 9435.74
1354.53 9472.76
1355.11 9419.88
1355.28 9413.82
1354.5 9383.77
1353.95 9349.52
1353.99 9305.81
1353.58 9291.87
1353.59 9259.02
1353.15 9252.89
1352.42 9269.28
1352.36 9303.14
1351.23 9317.75
1351.37 9324.04
1352.68 9367.27
1352.75 9371.6
1353.34 9332.63
1353.82 9315.43
1353.7 9298.29
1353.4 9302.89
1353.23 9322.94
1352.83 9338.7
1352.83 9358.55
1350.07 9303.24
1350.34 9228.63
1349.94 9194.63
1351.08 9178.11
1351.02 9159.15
1348.78 9152.21
1348.76 9164.74
1348.9 9157.89
1351.05 9162.11
1351.66 9218.54
1351.63 9231.55
1352.85 9297.46
1352.32 9335.66
1352.34 9301.04
1352.44 9314.68
1352.75 9336.74
1351.82 9350.83
1354.4 9401.23
1354.09 9407.67
1353.83 9412.87
1353.46 9402.9
1353.47 9387.93
1354.63 9412.5
1354.34 9411.34
1356.08 9396.72
1355.96 9406.57
1355.93 9404.35
1356.03 9405.27
1355.65 9416.09
1355.69 9390.39
1355.41 9386.44
1355.35 9458.46
1355.93 9480.71
1355.85 9495.5
1354.79 9484.94
1354.91 9477.44
1356.67 9449.93
1356.93 9435.66
1356.86 9431.12
1358.15 9437.16
1357.87 9442.86
1359.62 9454.32
1359.34 9441.14
1359.42 9462.2
1361.26 9458.3
1364.28 9464.3
1364.76 9388.81
1365.17 9445.26
1364.56 9481.76
1364.48 9500
1367.09 9551.07
1367.09 9582.97
1367.86 9580.84
1367.83 9566.83
1367.85 9552.47
1367.87 9553.19
1367.87 9557.45
1367.57 9545.91
1367.48 9533.2
1366.83 9525.11
1365.2 9562.43
1366.64 9575.88
1366.06 9570.01
1364.63 9589.83
1364.82 9592.1
1364.98 9585.79
1365.59 9597.93
1363.97 9604.55
1364.65 9617.91
1365.07 9634.22
1365.19 9618.97
1365.23 9613.78
1371.77 9653.71
1371.86 9661.78
1372.31 9652.17
1372.16 9637.59
1372.81 9650.97
1372.87 9644.46
1374.07 9636.67
1373.65 9698.31
1372.5 9727.01
1372.68 9700.8
1372.02 9717.41
1371.32 9729.25
1371.53 9703.56
1372.37 9720.34
1372.49 9712.67
1371.79 9727.55
1371.97 9710.57
1372.12 9699.54
1372.8 9689.26
1372.94 9676.59
1373.37 9659.73
1375.65 9637.85
1375.86 9623.5
1376.36 9621.62
1376.37 9612.17
1376.97 9642.45
1374.41 9659.52
1373.18 9642.01
1375.69 9680.65
1375.69 9694.16
1376.02 9717.68
1375.47 9729.84
1376.13 9730.1
1376.08 9739.75
1375.57 9737.4
1375.73 9716.57
1376.97 9754.86
1378.5 9764.97
1377.36 9771.14
1376.17 9763.11
1376.04 9779.05
1375.94 9763.49
1375.93 9763.22
1373.46 9798.98
1373.38 9812.93
1374.19 9819.63
1374.44 9819.28
1374.66 9813.66
1374.76 9794.63
1375.48 9834.88
1374.98 9807.43
1372.25 9697.95
1371.25 9673.8
1370.66 9645.07
1369.27 9650.19
1369.65 9650.24
1369.72 9673.89
1369.55 9662.74
1370.36 9670.38
1370.07 9647.29
1370.11 9612.04
1370.66 9587.78
1371.54 9597.97
1371.96 9568.39
1372.09 9562.05
1372.1 9577.23
1369.12 9626.79
1368.91 9625.28
1368.97 9604.1
1368.71 9595.48
1368.94 9647
1368.88 9688.31
1368.67 9696.52
1367.8 9711.65
1367.63 9702.27
1367.64 9702.6
1368.13 9696.38
1368.17 9657.08
1368.09 9656.55
1368.18 9666.81
1368.17 9676.13
1372.29 9653.86
1371.04 9642.82
1371 9655.26
1371.74 9680.88
1372.72 9695.29
1372.68 9716.24
1372.7 9727.33
1372.02 9744.39
1372.01 9758.21
1372.17 9757.77
1369.7 9851.72
1371.61 9842.8
1372.09 9836.39
1368.7 9862.76
1368.46 9861.64
1366.55 9825.27
1366.57 9839.58
1366.8 9862.12
1367.35 9870.03
1366.84 9888.01
1366.36 9919.09
1367.08 9925.3
1367.4 9847.55
1367.34 9773.84
1367.94 9787.53
1367.85 9802.91
1367.87 9819.61
1367.25 9835.94
1367.13 9873.04
1357.14 9884.97
1357.26 9887.09
1356.91 9903.05
1357.02 9894.36
1357.29 9883.03
1357.17 9873.76
1357.5 9906.33
1357.96 9924.32
1357.98 9869.25
1358.43 9741.92
1358.46 9806.37
1357.75 9814.5
1357.59 9854.25
1358.2 9877.21
1358.12 9893.73
1358.5 9915.85
1358.64 9925.51
1359.15 9999.75
1358 9980.38
1357.68 9898.43
1357.64 9918.18
1357.61 9919.17
1357.47 9925.03
1357.48 9928.8
1358.81 9997.71
1358.66 9964.46
1358.46 9927.56
1358.34 9919.83
1357.47 9902.75
1357.44 9897.49
1357.2 9895.3
1357.33 9900.92
1358.56 9903.44
1358.68 9898.13
1359.01 9902.41
1358.98 9896.91
1359.45 9886.13
1359.46 9863.2
1359.62 9856.74
1359.63 9815.02
1359.62 9788.2
1359.33 9774.86
1359.99 9760.66
1359.28 9870
1359.19 9889.87
1358.51 9900.98
1358.4 9871.18
1358.59 9870.4
1358.12 9865.56
1358.48 9861.65
1359.59 9898.08
1359.55 9922.72
1359.6 9985.6
1359.12 9994.91
1358.69 9991.31
1360.78 9985.2
1361.35 10014.7
1361.36 10067.6
1361 10102.5
1362 10125.6
1362.44 10130.8
1362.48 10143.5
1362.45 10155.3
1362.25 10174.3
1362.28 10187.3
1360.01 10201.2
1359.96 10244.2
1359.79 10283.8
1359.81 10270.5
1359.82 10252.3
1360.18 10243.8
1359.44 10244.3
1359.45 10249.3
1359.5 10257.3
1360.62 10274.6
1369.61 10281.1
1369.6 10284.2
1370.24 10300
1370.25 10329.7
1370.91 10302.3
1370.92 10288.7
1370.77 10290
1370.42 10307
1371.57 10335.3
1371.13 10322.6
1371.34 10328.9
1371.17 10330.5
1370.8 10352.4
1374.96 10412
1374.87 10355.6
1375.24 10362.7
1375.76 10454
1375.83 10494.4
1375.94 10469.1
1376.3 10519.3
1376.87 10585.5
1376.87 10615
1376.87 10622.3
1377.19 10653.7
1377.7 10713.5
1377.43 10750.8
1377.62 10772.5
1378.1 10768.6
1378.81 10768.6
1378.89 10782
1378.92 10769
1378.75 10779.5
1378.52 10676
1377.5 10636.7
1377.46 10610.5
1377.46 10609.1
1378.63 10633.1
1378.54 10638.7
1378.75 10652.5
1380.02 10708.1
1380.3 10761.2
1380.94 10796.9
1381.41 10843.9
1382.01 10883.2
1382.16 10906.2
1382.16 10921.1
1382.2 10942.6
1382.16 10961.5
1382.15 10981.5
1378.73 11100.3
1378.64 11057.4
1378.27 11055.5
1377.32 11017.8
1377.37 11024
1377.29 11025
1377.76 11067.3
1377.29 11089.5
1377.39 11111
1376.12 11133.8
1376.21 11170.6
1377.55 11205
1377.46 11210.2
1377.7 11229.1
1378.76 11187
1378.77 11175.1
1378.91 11193.1
1379.09 11180.1
1378.84 11188.1
1378.82 11177
1379.48 11171.3
1379.59 11184.1
1379.64 11190.5
1378.01 11210
1378.91 11185.9
1379.66 11174
1379.67 11172.9
1379.68 11157.5
1380.02 11169.9
1380.27 11164.8
1380.4 11173
1381.01 11210.5
1380.97 11222.1
1380.81 11256.1
1381.43 11295.2
1381.44 11317.7
1381.33 11325.9
1381.63 11343.2
1381.39 11296
1381.18 11294.2
1381.73 11285.2
1382.85 11285.4
1382.86 11281.7
1382.74 11292.3
1382.7 11298.3
1382.08 11320.1
1382.37 11321.7
1382 11313.7
1382.17 11306.8
1382.13 11288.3
1382.69 11293
1382.69 11310.5
1382.78 11321
1382.81 11326.4
1382.6 11335.1
1382.91 11322.7
1384.54 11343.2
1384.53 11353.3
1385.84 11396.5
1385.47 11430.7
1385.48 11439.5
1385.48 11457.2
1385.1 11454.5
1385.03 11455.3
1384.63 11460.4
1385.6 11454
1385.61 11447
1385.16 11441.9
1385.59 11443.6
1385.71 11453.2
1385.75 11399.8
1384.29 11392.3
1384.1 11388
1384.08 11380.2
1384.05 11361.4
1384.08 11363.4
1384.14 11332.9
1384.14 11339.5
1382.42 11357.6
1382 11387
1382.26 11394.8
1381.96 11399.8
1382.2 11403.4
1382.22 11405.7
1382.51 11407.5
1381.47 11419.2
1381.38 11449.8
1380.9 11379.8
1380.67 11323.9
1380.4 11356.1
1380.05 11339.7
1378.49 11379.7
1378.48 11367.8
1378.77 11352.6
1378.74 11330.5
1378.51 11288
1378.45 11258
1379.23 11258.9
1378.79 11230.6
1379.13 11238.9
1380.51 11246.8
1380.54 11260.3
1380.72 11280
1380.83 11260.5
1381.9 11237.3
1381.93 11234.8
1382.34 11206.9
1383.84 11192.6
1383.76 11198.4
1383.36 11294.9
1382.97 11312
1384.39 11346.6
1384.83 11374.8
1387.54 11399.1
1388.13 11371
1388.32 11368.3
1387.73 11374
1388.06 11379.2
1389.56 11399.9
1389.55 11418.9
1390.8 11445.4
1391.02 11457.4
1391.03 11471.6
1390.13 11447.8
1390.79 11458.4
1390.42 11474.7
1392.16 11493.5
1392.43 11549.8
1392.42 11580.5
1394.86 11641.7
1394.68 11632.8
1394.71 11585.1
1394.65 11543
1394.91 11545.6
1394.98 11517
1394.34 11452.2
1394.43 11434.6
1394.4 11422.2
1394.8 11420.1
1394.66 11440.4
1393.2 11453.6
1393.98 11526.3
1394.42 11541.2
1395.41 11551.7
1395.42 11583.1
1395.45 11585
1395.69 11596.1
1396.86 11673.3
1398.57 11722.4
1397.34 11711.1
1396.9 11686.5
1398 11698
1399.74 11719
1399.06 11794.6
1397.24 11810.3
1397.68 11811.9
1397.16 11848.7
1397.58 12041.7
1396.54 12150.8
1396.47 12170.3
