37.9374 0
205.95 0
209.84 0
428.333 26.2498
428.333 24.9626
576.727 49.4253
619.487 47.6768
804.196 173.106
876.203 163.608
887.168 160.15
887.187 158.104
897.384 156.071
923.951 155.135
977.223 156.334
980.049 156.313
1079.03 183.899
1114.01 190.076
1121.48 383.468
1136.18 360.604
1157.3 338.391
1211.77 524.818
1262.85 619.499
1264.36 623.963
1231.51 1212.38
1236.68 1217.05
1246.85 1180.64
1248.44 1165.94
1250.56 1121.74
1271.61 1157.8
1300.99 1237.57
1308.17 1236.43
1314.3 1210.22
1366.32 2043.12
1364.16 2008.8
1364.16 2025.36
1361.1 2022.82
1366.05 2008.5
1367.56 1931.7
1397.45 1901.76
1444.8 1924.87
1444.94 1936.15
1454.14 1941.19
1456.22 2130.35
1447.78 2057.9
1516.4 2075.15
1516.28 2162.62
1522.3 2156.94
1540.85 2157.57
1569 2161.36
1593.09 2197.61
1623.06 3860.45
1608.07 4651.53
1626.59 5114.42
1622.88 4937.08
1640.6 4964.1
1635.03 5132.97
1640.2 5956.07
1639.95 6082.34
1628.58 6463.68
1628.86 7006.78
1636.89 7075.18
1635.68 7135.62
1637.24 7060.69
1635.65 6991.74
1679.16 7022.98
1710.26 7337.91
1706.18 6763.77
1711.84 6829.21
1710.33 7170.16
1726.5 7283.96
1727.95 7288.62
1733.54 7304.54
1699.82 7600.54
1702.47 7793.16
1683.4 7858.04
1682.49 7917.17
1697.44 7892.96
1697.57 7965.38
1702.42 8028.24
1734.56 8154.38
1734.95 10479.1
1734.33 9954.53
1842.27 9807.37
1841.35 9897.89
1849.65 9981.44
1844.09 9957.14
1844.52 9893.96
1835.66 9805.49
1833.84 9998.2
1834.78 9750.44
1835.95 9636.82
1865.84 10098.6
1856.73 10392.9
1854.04 10328.1
1855.31 10336.2
1858.32 10470.7
1860.43 10584.3
1859.07 10506.4
1833.47 10844.8
1833.79 10960.9
1835.81 11133.4
1840.07 10832.3
1838.78 10815.3
1837.87 10617.5
1840.89 10399.3
1836.5 9860.99
1846.32 9811.64
1865.04 9706.07
1862.56 9653.38
1868.55 9593.24
1829.19 10814.6
1829.07 11004.9
1821.11 10939.8
1819.19 11390.5
1818.32 12213.7
1811.44 12099.7
1814.64 11913.1
1812.28 11914.9
1828.36 12289.9
1832.69 11822.4
1840.45 11670.6
1840.71 12015
1828.58 12158.5
1829.75 12063.8
1836.08 11967.5
1836.08 11856.1
1831.91 11689.3
1831.97 11639.3
1829.99 11632.1
1844.62 11986.3
1846.9 12072.1
1846.12 12158.9
1836.66 12315.8
1834.71 12276.9
1834.15 12270.9
1833.66 12318.7
1833.69 12304.9
1830.83 12391
1868.08 12518.4
1878.32 12516.2
1883.16 12612
1881.74 12555.3
1885.91 12572.4
1888.31 12484.2
1882.44 12454.4
1880.49 12408.9
1882.2 12473.2
1882.88 12555
1883.29 12818.3
1883.74 12816.2
1883.67 12751.4
1891.28 12731
1891.62 12581.2
1892.18 12402.8
1891.13 12400
1886.08 12374.1
1883.31 12408.8
1886.42 12536
1883.68 12846.6
1882.83 12762.1
1882.95 12772.9
1910.9 12857.7
1900.56 13082.6
1901.6 13396.3
1895.65 13755
1902.96 13898.1
1898.89 13991.7
1897.11 14104
1890.19 14587.4
1887.69 14640
1886.32 14692.9
1882.74 14623.6
1890.62 14530.5
1887.82 14577.5
1892.03 14588.4
1892.11 14581.6
1894.05 14547
1905.02 14703.9
1904.54 14795.1
1915.29 14632.8
1925.45 14607.7
1923.59 14605.9
1920.89 14631.6
1921.84 14625.1
1959.41 14564.3
1964.99 14694.7
1952.66 14702.4
1956.01 14742.9
1946.44 14716
1964.86 15514
1964.79 15085.4
1969.32 15048.1
1970.7 15010
1970.67 14954.1
1972.46 14912.9
1972.47 14782.9
1996.4 14937.8
1995.39 14816.7
1996.24 14765.9
2000.15 14747
2003.07 14706
2006.16 15049.8
2008.68 15202.1
2006.77 15299.1
2006.36 15218.9
2009.91 15229.1
2008.98 15105.4
2009.89 15101.9
2008.44 15139.2
2010.94 15184
2025.9 15140.8
2016.88 15206.4
2015.35 15257.1
2017.55 15180.6
2020.73 15245.8
2020.31 15203.9
2022.72 15385.2
2022.62 15320.2
2019.36 15280.9
2021.31 15163.7
2024.64 15215.5
2017.49 15313.6
2017.98 15387.1
2018.06 15586.9
2029.93 16178.3
2029.97 16192.9
2029.52 16147.8
2029.07 16348.9
2026.91 16634.9
2026.99 16506.8
2029.61 16482.8
2029.71 16477.1
2026.98 16452.3
2030.56 16705.8
2032.94 16724.7
2034.83 16713.7
2040.83 16671
2042.12 16735.8
2060.51 16566.1
2073.56 16595
2073.44 16753
2072.38 16766.3
2078.48 17090.7
2078.69 17118.7
2080.69 17079.4
2091.67 17019.6
2095.12 16904.6
2093.49 16873.2
2094.6 16904.9
2094.91 16857.2
2089.21 16993.2
2094 16994.6
2095.97 17040.6
2097.66 17013.8
2099.3 17032
2110.27 17261.8
2110.35 17367.8
2107.79 17477
2107.26 17745.7
2106.72 17837.6
2105.83 17852.4
2105.45 17888.9
2105.54 17892
2103.37 17968
2099.12 18027.9
2099.62 18068.7
2100.96 18053.2
2096.9 18041
2095.85 18121.2
2095.92 18164.2
2094.16 18233.6
2085.72 18328.4
2108.16 18201.9
2107.8 18312.1
2096.02 18448.9
2095.56 18561.6
2094.84 18609.1
2096.53 18646.7
2105.71 18753.8
2113.4 18878.7
2114.07 19051.6
2113.96 19085.4
2114.08 19097.9
2110.48 19092.3
2110.82 19135
2118.14 19168.6
2119.12 19346.1
2112.16 19241.1
2120.2 19274.5
2120.02 19217.5
2120.04 19254.5
2120.3 19259
2120.32 19279.7
2124.18 19279
2125.37 19319.1
2126.9 19359.7
2125.86 19362.5
2134.37 19353.6
2134.78 19320.7
2134.75 19299.2
2134.48 19332.2
2133.82 19281.8
2132.96 19235.2
2136.17 19283.2
2136.02 19292.6
2129.19 19355.4
2129.14 19341.3
2129.15 19354.2
2129.22 19346.2
2129.99 19336.6
2129.13 19326.7
2134.28 19317
2132.28 19306.7
2132.08 19324.7
2131.18 19304.8
2131.17 19280.8
2129.45 19244.3
2129.3 19264.2
2128.51 19351.9
2131 19360.2
2131.47 19409.6
2132.94 19288.5
2132.96 19306.7
2132.98 19324.3
2134.03 19329.5
2134.75 19335.4
2133.71 19253.4
2132.46 19305.5
2134.44 19356
2134.9 19275.2
2134.1 19151.1
2134.23 19138.3
2134.3 19273.2
2139.28 19438.8
2139.29 19350
2145.07 19327.6
2147.32 19352.1
2152.4 19360.6
2151.46 19382.5
2151.71 19373.7
2152.1 19453.9
2145.76 19391.7
2146.82 19352.1
2145.99 19349
2148.95 19404.6
2150.82 19457.9
2150.41 19466.2
2155.6 19458.4
2155.33 19534
2153.95 19544.9
2153.92 19572.8
2151.16 19637.3
2151.89 19662.8
2151.87 19579.2
2153.41 19659.9
2154.76 19706.4
2155.22 19719.1
2156.97 19665.2
2157.34 19684.5
2158.48 19714.9
2155.37 19795.3
2155.3 19761.1
2154.48 19733.5
2154.29 19709.7
2154.82 19692.1
2154.28 19699.5
2153.54 19752.2
2153.88 19930.2
2153.89 19856.9
2158.16 19946.8
2159.08 19963.8
2155.8 20002.4
2155.74 19990.5
2162.73 19818
2159.83 19613
2160.64 19627.6
2164.7 19594.4
2167.12 19648.3
2168.24 19650.9
2168.45 19667.5
2168.45 19606.2
2169.11 19629.1
2168.27 19612.8
2168.26 19627.3
2168.21 19588.5
2166.78 19649
2166.79 19645
2163.88 19609.2
2163.76 19581.2
2164.7 19559.5
2164.16 19611.3
2161.01 19706.9
2160.26 19620.9
2165.66 19697
2166.07 19686.7
2165.05 19700.6
2164.58 19715.1
2167.54 19737.3
2167.36 19621.2
2170.01 19556
2168.69 19533.2
2168.53 19548.1
2168.9 19563.7
2168.78 19550.5
2169.18 19523.1
2169.16 19527.6
2167.76 19524.9
2166.31 19560.9
2168.31 19582
2168.65 19566.7
2168.09 19623.9
2164.24 19659.7
2164.29 19679.4
2165.33 19705.7
2165.05 19738.1
2163.62 19784.3
2163.6 19820.2
2163.97 19801.4
2163.93 19841
2163.77 19876.3
2163.19 19907.2
2165.78 19921.8
2166.99 19891.3
2166.03 19914.3
2167.33 19872.6
2168.08 19919.5
2168.17 19852.4
2168.13 19847
2168 19843.9
2168 19831.1
2168.01 19842.3
2167.88 19805
2167.73 19831.2
2167.89 19820.9
2167.55 19835.5
2166.34 19837.3
2167.1 19795.9
2168.47 19753.3
2168.56 19859.1
2170.83 20009.5
2170.45 20027.4
2169.38 20075
2167.03 20090.1
2164.46 20108.5
2163.95 20089.4
2161.78 20109.4
2161.85 20116.5
2162.24 20123.2
2162.13 20148.7
2162.7 20088.6
2163.41 20328.1
2163.26 20237.2
2163.48 20199.2
2165.27 20198.3
2161.4 20262.7
2156.28 20274.2
2156.39 20300.6
2157.56 20190.6
2157.54 20235.3
2156.87 20212.2
2156.22 20257.3
2155.72 20265.6
2152.84 20249
2152.02 20218.3
2153.24 20227.1
2153.44 20199.7
2153.74 20122.5
2153.87 20107.3
2153.94 20099.5
2153.57 20048.8
2154.86 20047.1
2154.11 20039.9
2154.09 20027.6
2154.35 20035.5
2153.7 19963.4
2156.37 20074.7
2157.07 20161.1
2157.3 20236.5
2157.23 20290.6
2158.05 20327.3
2158.47 20333.5
2158.74 20344.4
2161.81 20335.2
2160.52 20343.5
2161.64 20354.3
2162.25 20378.7
2162.85 20405.9
2162.14 20423.9
2159.52 20384.3
2162.87 20378.3
2161.56 20356.6
2162.18 20368.2
2162.8 20387.9
2163.71 20378.5
2163.63 20374.7
2160.73 20367.4
2159.52 20366.7
2156.41 20376.8
2153.09 20433.9
2152.88 20429.2
2152.95 20438.9
2152.94 20434.1
2149.83 20444.1
2151.25 20474.5
2146.27 20445
2146.35 20428.7
2142.94 20691.2
2147.43 21088.5
2154.74 21025.2
2154.72 21040.2
2154.74 21103.6
2154.77 21146.5
2154.9 21184.4
2153.64 21121.5
2147.69 21144.8
2147.72 21100.3
2147.3 21163
2146.79 21150.7
2146.97 21135.4
2146.72 21130.1
2146.49 21120.9
2147.12 21118.1
2146.73 21025.9
2126.45 20999.1
2125.87 20917.6
2127.16 20928.5
2127.06 20972.4
2127.01 20977
2127.16 20995
2127.21 21013.8
2127.17 21013.2
2126.91 21025.1
2126.05 21012.4
2125.15 21040.6
2125.21 21037.6
2125.36 21023.5
2125.49 21026
2124.58 21060.6
2121.73 21173.7
2121.62 21065.9
2125.23 21183.8
2125.33 21186.2
2121.1 21287
2121.03 21190.5
2121.34 21192.5
2120 21210.4
2120.16 21215.4
2120.17 21227.2
2120.57 21244.4
2121.57 21259
2123.67 21325.6
2124.08 21231.6
2128.64 21276.1
2131.99 21230.5
2130.71 21269.1
2130.57 21268.7
2130.78 21248.5
2132.61 21208.7
2132.11 21260.8
2133.21 21227.9
2133.22 21217.3
2132.74 21225.4
2132.83 21221.1
2132.73 21218.2
2133.8 21238.2
2134.58 21234.7
2133.75 21254.8
2134.04 21235.3
2133.72 21257.3
2137.48 21329.5
2136.53 21330.5
2136.5 21381.3
2131.34 21450.8
2130.98 21444.5
2129.36 21521.9
2127.1 21569.9
2127.11 21612.1
2127.15 21635.1
2132.8 21779.4
2132.34 21937.2
2132.53 21907
2132.43 21906.1
2131.04 21953.1
2129.75 21745.3
2130.16 21814.4
2129.83 21839.8
2130.1 21851
2130.13 21863.7
2130.84 21895.8
2132.64 21930.9
2132.47 21860.3
2131.32 21829.6
2133.51 21854.4
2131.01 21931.8
2131.01 22009.3
2130.97 22021.5
2131.02 22060.4
2131.17 22075
2131.21 22096.1
2131.24 22083.2
2131.24 22100.8
2133.03 22144.5
2132.56 22178
2134.6 22210.4
2134.67 22220.9
2135.04 22197.1
2135.94 22198.1
2136.73 22200.8
2136.47 22236.7
2130.86 22233.9
2131.26 22265.7
2134.2 22283
2134.12 22299.8
2134.15 22312.1
2131.88 22542.9
2133.21 22434.1
2133.21 22370.3
2133.65 22369.4
2134.06 22347
2134.05 22275.5
2134.17 22171.7
2133.81 22168.5
2133.42 22117
2133.34 22090.1
2133.58 22079.9
2131.21 22038.6
2132.75 22039.8
2132.62 22020.9
2133.46 22009
2133.19 22026.8
2133.21 21977.8
2133.08 21990.3
2133.67 21991.2
2133.75 22008.3
2134.34 21974.4
2134.42 21951.4
2132.1 21948.6
2131.29 21973.1
2131.98 21983.5
2130.15 22055
2130.27 22084.4
2131.29 22125.3
2131.12 22123.7
2131.03 22133.3
2131.02 22107.8
2130.93 22108.3
2130.81 22127
2130.97 22102.2
2131.93 22083.7
2132.47 22124
2128.65 22198.9
2128.87 22334.3
2128.86 22368.1
2128.82 22340.2
2129.12 22346.4
2129.18 22368.4
2129.49 22377.5
2129.38 22383.8
2131.9 22394
2131.95 22389.4
2131.89 22393.3
2131.64 22403.3
2131.77 22424.1
2131.22 22438.3
2131.19 22442.9
2131.11 22444.8
2131.3 22458.5
2131.15 22443.6
2130.98 22420.3
2130.61 22421.7
2130.3 22438.3
2130.27 22433.8
2130.81 22442
2129.89 22447.5
2129.95 22452.7
2129.93 22452.9
2129.92 22499.5
2130.59 22525.8
2131.32 22529.8
2131.88 22472.5
2131.99 22488.6
2131.98 22509
2138.99 22509.7
2140.65 22561.3
2140.48 22568.4
2139.95 22589.6
2144.32 22517.3
2147.62 22557.2
2146.52 22553.8
2146.4 22545.1
2145.92 22560
2145.99 22564.5
2145.3 22570.9
2149.03 22733
2149.94 22561.3
2149.94 22569.6
2149.54 22560.9
2151.33 22593.8
2151.3 22560.8
2151.15 22565.3
2152.7 22569.5
2153.31 22551.5
2162.03 22864.2
2161.94 22503.4
2161.93 22510.1
2160.76 22497.1
2158.31 22495.3
2163.48 22600.6
2163.63 22651.1
2161.52 22427.1
2159.62 22547.9
2159.39 22531.2
2159.39 22528.9
2159.63 22468.9
2160 22573.6
2160.76 22538.6
2161.34 22438.3
2161.86 22430.5
2161.15 22424.9
2160.92 22428.9
2160.75 22449.1
2161.38 22451.5
2159.5 22487
2159.27 22529.8
2159.07 22540.7
2161.68 22538.5
2163.04 22514.2
2162.21 22667.5
2158.71 22753.1
2158.71 22723.3
2160.9 22732
2160.85 22690.5
2160.93 22671
2161.29 22677.7
2166.6 22774.7
2166.44 22875.1
2168.95 22784.1
2168.96 22700.5
2169.15 22729.1
2173.51 22822.2
2173.68 22843.3
2173.72 22797.7
2172.16 22815.1
2172.15 22847.5
2172.1 22856.2
2171.95 22859.6
2173.75 22877.8
2174.7 22933.5
2175.51 23090.9
2174.94 23073
2174.96 23093.5
2169.5 23057
2169.38 23107.6
2169.18 23069.2
2169.27 23111.2
2175.17 23098.9
2175.14 23100.6
2175.12 23071.3
2175.1 23093.3
2175.44 23098.2
2174.84 23119.7
2174.43 23106.4
2174.4 23092.2
2174 23084.2
2173.96 23113.5
2173.6 23061.5
2173.67 23049.3
2173.63 23034.1
2174.85 23049.2
2175.02 23046
2175.02 23035
2177.65 23023
2177.07 23057.9
2177.21 23033.4
2177.38 23039.4
2177.69 23069.3
2178.7 23060.9
2178.71 23068.5
2178.94 23041.7
2178.86 23042.2
2179.65 23017.6
2179.85 23026.8
2179.8 23108.1
2179.85 23083.3
2179.87 23087.7
2180.51 23179.2
2180.6 23209
2180.89 23209.3
2182.28 23229.7
2181.86 23224.5
2181.84 23218.6
2182.73 23225.6
2181.33 23252.2
2178.07 23259.2
2178.28 23244.5
2178.03 23251
2177.67 23246.8
2177.78 23240.7
2177.78 23253.8
2177.97 23207
2177.83 23262.8
2177.61 23282.5
2178.61 23280.7
2179.57 23293
2179.48 23282.9
2181.76 23272.6
2182.56 23279.4
2185.6 23264.7
2186.74 23286.1
2185.46 23259.3
2183.96 23293
2179.29 23573.3
2179.29 23531.7
2179.98 23610.4
2180.34 23655.5
2180.22 23671.1
2180.44 23703.7
2180.48 23696.9
2180.38 23708.4
2178.42 23755.6
2178.22 23780.2
2177.59 23738.5
2177.5 23740.8
2180.29 23723
2179.75 23705.7
2179.8 23583.6
2179.5 23607.5
2178.91 23558.1
2179.46 23576.6
2179.49 23584.9
2179.25 23615.8
2178.62 23602.5
2177.91 23617.2
2177.62 23619.8
2177.68 23635.8
2176.86 23635
2176.54 23627.6
2176.46 23640.1
2176.49 23640.7
2176.48 23641.1
2176.73 23663.9
2176.42 23669.6
2178.82 23642.3
2179.17 23651.8
2179.13 23634.7
2179.56 23714.5
2179.56 23741.1
2180.18 23741.2
2173.48 23975.1
2176.96 23983.7
2176.83 23931.5
2175.21 23906.4
2177.53 23943.8
2179.4 23979.6
2178.71 24009.5
2179.19 24013.3
2179.64 24053.6
2178.38 24018.7
2179.59 24038.2
2179.93 24014.5
2179.45 23997.5
2179.44 23998.1
2182.54 24002.7
2182.55 23989.2
2182.83 23991.7
2184.43 24153
2184.49 24031.4
2184.39 24050.3
2184.88 24025.9
2185.38 24044.1
2184.79 24044.6
2184.8 24049.5
2182.87 24092.2
2182.99 24129.4
2179.32 24074.6
2179.26 24014.2
2177.08 24048.9
2177.28 24050.5
2176.15 24037.8
2175.77 24037.8
2176.76 24060.7
2178.59 24071.6
2178.85 24097.3
2178.58 24068.7
2178.71 24076.3
2178.72 24054.6
2178.73 24070.7
2179.13 24140.3
2178.74 24157.7
2179.37 24126.5
2179.37 24124.2
2179.77 24149.6
2167.08 24164.6
2167.65 24164
2167.21 24120.6
2166.16 24086.8
2167.02 24073.7
2166.75 24081.4
2166.97 24080.7
2166.57 24094.3
2166.54 24141.2
2166.48 24160.8
2168.14 24377.1
2168.2 24405.2
2168.04 24395.2
2168.03 24416.3
2168.71 24443.6
2169.84 24433.7
2170.04 24437.9
2171.19 24458.4
2172.53 24466.5
2173.21 24460.2
2173.19 24474.9
2173.4 24482.6
2174.4 24556.4
2172.24 24579
2171.67 24626
2171.77 24699.4
2171.76 24743.9
2173.9 24776.9
2174.41 24816.5
2174.23 24797.1
2172.96 25120.1
2172.05 25222.9
2171.98 25303.5
2171.8 25420.4
2179.21 25409.2
2179.2 25321
2179.15 25282.8
2179.43 25328.2
2178.38 25376.6
2178.86 25438.8
2179.98 25429.6
2181.84 25454.3
2181.53 25456.6
2181.55 25452.1
2181.53 25451.8
2182.07 25452.6
2182.11 25460.2
2182.29 25512.2
2183.63 25613.9
2183.98 25565.5
2184.17 25583.9
2184.35 25588.4
2182.68 25644.2
2182.87 25675.6
2185.11 25705.6
2185.49 25669.6
2185.45 25637.9
2186.55 25598.4
2186.45 25581.4
2186.39 25567.6
2186.31 25557.7
2186.31 25553.4
2186.58 25556.2
2186.67 25558.3
2185.94 25602.3
2185.74 25569.7
2185.75 25576
2185.71 25586
2185.59 25585.4
2183.97 25600.8
2184.68 25633.8
2184.66 25607
2180.53 25547.9
2181.03 25558.1
2180.9 25541.8
2180.89 25522.8
2180.86 25511.1
2180.83 25505.1
2180.85 25503.9
2180.73 25492.3
2180.79 25495.8
2182.01 25508.9
2185.45 25420.9
2185.4 25425.9
2185.37 25430.1
2185.38 25424.7
2185.67 25421.5
2185.22 25408.4
2185.31 25405.6
2184.72 25403
2184.66 25402.1
2184.71 25397.6
2187.04 25152.8
2187.28 25179.8
2190.11 25198.4
2190.3 25175.2
2190.32 25196.9
2190.23 25197.8
2190.16 25199.6
2190.11 25226.3
2190.98 25200.3
2191 25242.4
2190.03 25251.1
2190.66 25263.7
2190.53 25199.2
2190.41 25197.2
2190.18 25197.4
