46.0741 0
66.9185 0
106.833 0
214.209 0
294.189 0
300.707 0
320.969 0
342.379 0
345.082 0
384.862 13.2807
470.794 45.3097
471.044 45.6767
493.386 45.9415
506.037 67.2269
504.511 371.221
507.401 358.167
517.419 356.682
544.274 359.112
592.2 360.648
587.106 380.541
610.065 382.678
662.337 383.783
776.904 790.87
792.033 990.966
813.4 1012.33
844.254 999.994
847.102 973.175
854.063 947.441
870.523 1406.02
899.901 1549.59
948.018 1639.55
981.386 1580.36
990.539 1545.47
991.19 1531.21
990.552 1720.58
1013.72 1775.03
1029.68 1748.2
1043.43 1751.56
1060.36 1732.81
1073.22 1704.65
1085.35 1781.38
1079.85 1771.68
1106.11 1799.21
1113.65 1873.97
1115.09 1975.41
1170.88 1986.19
1176.31 2102.87
1178.99 2212.04
1212.93 2452.22
1225.9 2468.66
1219.65 2449
1243.55 2320.63
1226.26 2460.22
1226.91 2543.18
1194.37 2761.24
1212.62 2822.27
1212.26 2941.14
1182.84 3427.55
1178.52 3420.29
1170.48 3296.71
1169.59 3129.88
1167.87 3155.79
1166.06 3183.58
1164.57 3187.63
1166.57 3198.11
1160.93 3271.24
1161.39 3312.61
1211.37 3369.51
1211.93 3359.42
1226.14 3447.43
1219.9 3656.35
1220.31 3380.71
1213.56 3310.16
1230.16 3308.21
1230.61 3297.39
1233.66 3254.69
1236.03 3260.95
1221.16 3543.37
1203.57 3342.72
1203.96 3199.44
1202.07 3168.24
1208.82 3148.89
1217.87 3049.84
1217.29 3129.14
1218.44 3168.75
1219.67 3200.03
1219.52 3224.89
1223.33 3212.99
1196.43 3269.87
1196.12 3696.56
1192.53 3714.81
1155.73 3860.59
1155.7 3976
1156.94 3997.64
1163.83 3963.42
1179.31 3921.28
1190.72 3933.78
1193.32 3894.34
1195.2 3917.11
1200.06 3953.54
1201.14 4139.41
1200.8 4160.88
1197.85 4217.11
1195.64 4297.59
1198.83 4271.25
1209.16 4289.74
1214.95 4434.7
1214.08 4481.96
1219.56 4501.3
1223.28 4552.81
1221.67 4645.66
1240.39 4707.81
1233.17 4769.62
1239.57 4854.34
1242.34 4880.36
1302.83 4980.07
1301.64 4991.22
1306.12 4977.2
1307.36 4896.11
1339.49 5475.24
1338.37 5540.35
1337.02 5344.37
1340.61 5301.99
1341.87 5181.89
1344.22 5291.14
1345.89 5374.42
1344.1 5350.83
1346.21 5405.98
1346.11 5463.81
1349.54 5492.49
1350.7 5487.95
1357.99 5703.98
1359.1 5596.58
1363.28 5442.45
1365.91 5429.37
1369.49 5393.93
1369.97 5387.18
1365.16 5385.17
1350.64 5641.21
1340.71 5689.19
1341.16 5601.92
1341.09 5514.89
1344.23 5440.27
1339.19 5425.68
1354.76 5440.39
1354.57 5486.73
1355.3 5404.31
1359.05 5411.71
1355.34 5431.83
1355.41 5449.72
1367.48 5566.19
1366.95 5588.76
1363.58 5556.84
1375.1 5728.46
1375.15 5858.8
1373.84 5916.81
1375.52 5960.46
1375.22 6014.16
1375.2 6057.67
1352.86 6078.6
1354 6059.17
1356.39 6074.9
1356.76 6095.5
1370.94 6213.18
1372.31 6161.3
1345.93 6147.03
1346.71 6094.04
1345.62 6088.96
1345.29 6103.21
1346.23 6079.41
1351.02 6066.03
1354.37 6075
1353.02 6092.1
1344.76 6132.54
1345.98 6308.96
1345.63 6391.72
1353.13 6482.26
1353.05 6567.37
1352.58 6610.55
1349.61 6623.42
1349.52 6606.37
1350.37 6849.17
1348.37 6645.1
1344.47 6499.91
1342.08 6404.07
1342.06 6473.19
1342.33 6476.65
1343.89 6578.66
1342.99 6574.76
1338.69 6650.09
1337.45 6584.7
1337.67 6545.09
1338.45 6540.02
1338.75 6541.53
1341.24 6616.88
1341.29 6641.93
1340.26 6552.82
1340.01 6524.5
1338.47 6512.07
1341.3 6559.44
1348.89 6692.32
1348.51 6748.63
1347.73 6784.56
1347.49 6788.01
1347.97 6775.16
1348.62 6767.05
1352.28 6920.37
1354.06 6956.63
1355.75 7134.52
1354.74 7068.66
1357.17 7048.87
1357.52 7006.87
1357.53 6969.06
1358.61 6956.81
1358.29 6921.84
1358.46 6890.18
1357.88 6884.4
1355.48 6837.39
1355.73 6817.45
1356.53 6758.11
1355.49 7003.64
1357.7 7124.23
1357.38 7186.57
1360.21 7303.14
1361 7377.28
1352.64 7270.13
1353.65 7316.02
1353.61 7302.53
1354.23 7300.69
1354.94 7302.1
1354.39 7315.87
1356.81 7410.76
1359.27 7406.61
1358.62 7415.1
1359.12 7436.31
1357.59 7448.9
1357.87 7463.34
1363.89 7650.62
1361.36 7590.43
1355.7 7566.45
1355.93 7528.37
1356.65 7510.58
1357.56 7519.84
1356.49 7545.82
1356.51 7573.22
1354.59 7609.77
1354.64 7642.24
1354.22 7553.11
1354.04 7490.43
1355.45 7505.28
1355.77 7490.88
1354.58 7469.41
1353.6 7355.65
1352.56 7375.95
1361.56 7733.7
1361.21 7721.06
1362.3 7737.3
1362.93 7791
1363.37 7772.56
1368.73 7840.75
1368.89 7773.16
1370.25 7756.49
1371.48 7809.99
1371.09 7815.47
1371.1 7811.26
1370.89 7800.22
1372.36 7818.42
1372.4 7808.01
1371.75 7841.74
1371.41 7863.89
1371.4 7858.68
1375.26 7968.26
1374.59 7985.41
1374.54 7999.62
1375.93 8051.41
1375.06 8074.03
1375 8089.21
1374.02 8111.11
1374.88 8124.31
1375.22 8123.93
1375.22 8130.64
1375.08 8137.66
1375.11 8125.98
1376.02 8128.49
1375.73 8196.19
1375.33 8195.03
1375.35 8195.47
1375.08 8190.22
1365.59 8251.5
1370.9 8297.03
1370.29 8402.61
1371.35 8537.38
1372.91 8653.38
1373.07 8733.29
1374.09 8738.77
1373.56 8738.15
1372.8 8707.47
1372.92 8722.01
1372.44 8753.65
1376.88 8787.06
1382.92 9045.71
1384.22 9100.13
1384.11 9052.88
1382.7 9076.51
1381.91 9003.46
1381.96 8988.92
1382.41 8985.81
1374.83 8980.99
1374.42 8971.36
1368.66 9049.9
1375.13 9069.95
1373.59 9076.11
1371.84 9043.7
1371.56 9044.72
1371.83 9048.72
1371.87 9046.77
1376.12 9123.64
1376.04 9171.39
1376.26 9221.52
1376.35 9216.17
1376.16 9245.38
1375.76 9279.64
1375.01 9293.73
1376.71 9404.48
1379.05 9440.52
1378.9 9414.59
1377.95 9423.99
1377.57 9419.68
1377.46 9432.64
1377.43 9441.99
1378.04 9440.2
1377.95 9440.11
1376.19 9608.77
1376.3 9598.84
1375.53 9553.69
1375.61 9536.3
1375.41 9529.08
1374.89 9613.85
1377.35 9459.36
1377.13 9430.35
1377.12 9419.77
1378.12 9420.55
1378.37 9436.86
1380.08 9513.8
1378.72 9569.66
1378.83 9629.83
1378.6 9661.52
1378.37 9684.45
1378.43 9704.72
1378.7 9768.9
1378.33 9687.07
1386.71 9842.24
1386.64 9918.26
1386.77 10038.1
1386.72 9982.9
1387.1 9967.78
1387.05 9958.5
1385.65 10011.9
1385.77 10063.6
1385.58 10074.1
1384.9 10021.9
1384.58 10021.1
1384.59 10031.6
1384.96 10059.7
1387.98 10125.7
1387.77 10119
1388.51 10131.4
1389.06 10116.1
1388.62 10115.3
1389.89 10099.8
1389.77 10084.1
1389.14 10069.2
1389.04 10066.7
1389.23 10116.8
1390.2 10144.6
1390.28 10149.3
1390.21 10152.9
1402.99 10358.7
1402.91 10396.6
1402.61 10417.2
1402.6 10389.7
1402.72 10386.2
1402.94 10372
1410 10406.7
1410.04 10389
1410.54 10404.2
1410.4 10570.3
1412.12 10658.7
1412.1 10665.3
1412.05 10612
1411.77 10573.3
1411.69 10536.1
1412.08 10502.4
1412.9 10494.9
1413.17 10461
1414.85 10487.1
1415.12 10549.5
1414.93 10522.3
1409.58 10553
1409.4 10683.6
1406.92 10496.7
1405.98 10400.6
1412.64 10474.7
1412.78 10452.7
1412.82 10422.5
1412.77 10430.3
1411.47 10437.2
1411.37 10451.7
1412.31 10484.8
1412.3 10478.4
1412.22 10493.7
1412.69 10570
1412.82 10524.4
1412.72 10534.2
1412.06 10529.8
1411.98 10492.6
1418.36 10498.3
1418.54 10508.1
1418.92 10540.1
1416.07 10486.3
1416.69 10492.5
1416.46 10551.5
1416.58 10525
1416.6 10511.8
1416.4 10495.7
1416.53 10535.1
1411.36 10586.2
1408.99 10592.7
1408.64 10567.4
1408.6 10559.9
1408.52 10521.2
1405.29 10558.2
1405.2 10530.3
1405.06 10554.1
1404.74 10573.3
1404.43 10627.3
1406.38 10600.8
1405.89 10636.2
1406.09 10642.4
1406.23 10604.1
1405.82 10575.7
1405.73 10568.7
1406.96 10555.8
1406.89 10568.7
1407.3 10563.5
1406.98 10565.2
1407 10596.7
1406.99 10641.9
1407.52 10682.9
1407.58 10672.6
1407.64 10617.5
1407.54 10613.9
1407.47 10612.1
1407.54 10596.6
1407.32 10617.8
1401.47 10694.9
1402.16 10768.6
1402.09 10779.2
1401.98 10789.1
1402.93 10772
1403.78 10758
1404.46 10775.3
1404.59 10801.9
1405.08 10824.4
1404.81 10790.6
1405.52 10811.9
1405.71 10773.9
1403.56 10712
1402.81 10720.5
1410.97 10993.7
1417.24 11058.3
1416.41 11034.7
1416.41 11033.2
1416.96 11030.6
1417.03 11001.1
1418.21 11006.4
1417.95 11012.7
1417.9 11005.8
1417.95 10944
1418.14 11055.2
1418.52 11094.3
1418.16 11097.7
1418.79 11104.8
1418.77 11110.6
1418.45 11106
1418.91 11182.3
1418.92 11145.3
1418.75 11156
1421.09 11151.8
1421.89 11084.3
1422.81 11047.5
1423.63 11095.2
1424.2 11170.5
1425.22 11196.8
1425.8 11228.8
1426.03 11237.3
1425.96 11239.7
1425.84 11240.4
1425.85 11215.7
1426.65 11161.4
1426.29 11158.2
1423.03 11168.6
1423.57 11180.2
1423.35 11156.2
1422.23 11069
1422.02 11076.2
1422.34 11098.9
1422.53 11101.6
1424.41 11156.5
1424.49 11151.5
1424.34 11300.3
1424.29 11306.4
1425.66 11312.2
1425.92 11318.9
1425.86 11327.5
1426.03 11357.3
1427.2 11404.6
1427.14 11411.7
1428.91 11485.1
1428.97 11587.1
1429.07 11595
1429.12 11533.5
1429.39 11536.2
1429.34 11559.1
1429.28 11562.4
1429.27 11562.2
1429.27 11497.2
1429.29 11501.2
1428.99 11486.4
1428.88 11450.3
1427.48 11442.2
1427.47 11434.5
1431.9 11441.4
1430.93 11427.4
1431 11418.3
1432.47 11429.9
1432.33 11392.7
1432.8 11504.6
1432.42 11522.5
1431.65 11501
1428.99 11505.7
1430 11563.3
1430.28 11520.7
1430.22 11512.8
1430.5 11474.5
1430.75 11469
1430.31 11479.9
1430.26 11505.4
1430.62 11512.9
1430.61 11516.5
1430.61 11511.3
1418.26 11594.1
1418.95 11702.1
1422.3 11728.6
1422.44 11792.8
1422.69 11858.2
1422.52 11945.7
1422.21 11901.6
1423.09 11894.6
1423.37 11862.1
1423.35 11845.9
1425.36 11837.3
1425.5 11828
1428.03 11816.8
1427.5 11828.6
1427.37 11843.1
1425.2 11799.4
1426.16 11785
1425.75 11752.5
1426.29 11756.1
1426.15 11764.5
1426.15 11806.4
1425.67 11861.3
1426.22 11929.6
1426.3 11962.7
1426.23 11940.6
1426.49 11933.3
1426.07 12007.8
1426.66 12027.4
1425.94 12051.4
1428.04 12137.3
1428.65 12201.4
1428.26 12189.7
1428.3 12192.8
1428.29 12188.9
1428.42 12186.4
1428.35 12234.2
1428.77 12251.9
1428.46 12243.8
1428.13 12298.9
1428.15 12277.2
1427.92 12254.6
1427.51 12253.9
1428.18 12232
1428.41 12223.7
1428.22 12216.8
1428.87 12131.3
1428.81 12142.7
1428.99 12153.2
1428.99 12160.6
1429.07 12165.3
1429.1 12166.9
1436.32 12229.5
1437.78 12265.5
1438.14 12263.3
1437.76 12269.2
1438.05 12258.4
1439.78 12060.1
1438.93 12074.8
1439.74 12101.2
1439.98 12125.3
1442.19 12168.7
1442.6 12199.8
1442.13 12213.1
1441.57 12160
1443.19 12116.1
1443.12 12105.5
1443.14 12101.2
1440.99 12169.1
1440.83 12145.5
1440.83 12137.7
1438.82 12132.6
1438.83 12131.6
1439.22 11970.1
1439.23 11946.8
1439.15 11914.7
1440.52 11912.3
1439.94 11876.5
1439.92 11856.5
1440.11 11809.4
1440.31 11765.4
1440.31 11730.6
1439.86 11718.9
1439.65 11682.9
1440.25 11715.2
1439.99 11566.6
1439.94 11545.8
1442.38 11560.3
1442.32 11569.5
1442.3 11586
1442.38 11785.7
1442.52 11760.7
1442.72 11738.4
1442.68 11739.5
1442.94 11755.4
1442.46 11758.4
1442.28 11747.1
1444.56 11732.4
1445.71 11797.2
1444.68 11824.5
1444.86 11854.3
1444.77 11876.3
1444.55 11886.1
1444.54 11899.6
1444.33 11901.9
1444.29 11909.7
1444.09 11806.4
1444.19 11812.3
1443.98 11789.2
1443.95 11768.3
1443.97 11760.3
1444.02 11758.5
1443.97 11755.2
1444.1 11738.8
1446.4 11681.1
1446.21 11640.3
1446.65 11600.5
1446.63 11557.2
1446.7 11514.6
1446.33 11466.1
1446.32 11419.6
1446.19 11430.5
1446.23 11446
1447.14 11507.4
1450.38 11606.1
1450.36 11539.5
1450.36 11501.6
1450.12 11466
1449.23 11392
1448.78 11354.3
1448.96 11370.2
1448.92 11375.2
1448.5 11359.4
1449.43 11399.5
1449.54 11345.2
1449.57 11357.1
1449.75 11361.4
1449.81 11374.4
1449.55 11380.9
1450.31 11384.6
1453.13 11447.2
1452.67 11495.6
1452.66 11555.3
1458.12 11595.7
1458.11 11704.2
1458.97 11780.3
1458.45 11783.4
1457.88 11788.2
1456.85 11818.1
1456.63 11826.8
1457.8 11813.7
1457.85 11821.6
1458.05 11833.4
1457.66 11821.3
1457.69 11824.8
1457.59 11822.5
1458 11840.6
1459.61 11804.7
1460.4 11915.1
1460.96 11908.1
1461.03 11924.7
1461.93 12019.6
1460.37 12076.6
1460.33 12088.7
1460.08 12079.5
1459.4 12063
1459.94 12062.6
1459.99 12064
1460.05 12048.3
1460.15 11988.6
1460.21 11963.7
1460.31 11952.4
1460.25 11977.5
1460.61 11950.4
1460.57 11937.2
1461.04 11963.5
1460.92 11951.4
1462.74 12003.9
1462.77 11999.7
1462.45 11980.1
1463.52 11976.4
1460.84 11956.1
1460.85 11977.3
1461.22 11972.5
1461.46 11965.3
1461.12 11960.8
1461.74 11960
1461.71 11949.9
1461.71 11915.4
1462.34 11900.4
1462.17 11875.7
1462.25 11841.3
1462.27 11847.8
1462.8 11850.1
1463.12 11843.5
1464.95 11938.6
1466.37 11977.7
1469.71 11971
1469.67 11985.7
1469.78 12020.9
1469.81 12054.8
1467.52 12074.3
1466.44 12087.4
1467.3 12110.9
1466.32 12068.3
1466.29 12076.8
1464.51 12071.1
1460.08 12106.1
1459.62 12112.4
1459.53 12141.7
1459.35 12135.4
1459.08 12141.8
1459.15 12152.2
1456.59 12161.1
1456.58 12165.3
1456.84 12205.3
1457.46 12155.7
1457.26 12177.3
1458.13 12218.7
1458.05 12238.6
1458.36 12214.6
1458.09 12209.4
1457.76 12243.6
1463.08 12284.8
1463.1 12269.4
1462.17 12267.7
1462.34 12282.2
1462.84 12311
1463.23 12322.4
1464.59 12319.1
1464.63 12295.5
1464.6 12300.8
1464.5 12309.6
1464.51 12318.6
1466.08 12351.1
1466.18 12355.1
1466.53 12364.3
1467.55 12407.6
1467.45 12415.2
1467.16 12394
1467.73 12384.9
1467.73 12375.8
1467.78 12412.1
1467.83 12428.7
1467.96 12454.5
1468.18 12450.2
1469.74 12514.6
1469.9 12535.5
1471.65 12605.4
1472.69 12634.8
1470.82 12634.7
1471.37 12654.2
1468.36 12664.1
1468.17 12670.8
1469.16 12666.9
1469.19 12678.7
1469.34 12686.3
1469.42 12685.4
1469.36 12683.8
1469.55 12684
1469.63 12683
1468.98 12689.4
1468.97 12695.5
1469.26 12695.1
1468.96 12702.3
1467.85 12728.5
1468.53 12783.9
1468.66 12795.9
1468.29 12796.5
1468.43 12801.9
1468.48 12806
1468.53 12801.4
1467.61 12786.3
1467.88 12795.4
1468.95 12807.9
1468.23 12888.6
1468.27 12870.1
1468.62 12869.1
1468.67 12843.9
1468.62 12839.4
1468.43 12846.2
1467.46 12810.5
1467.29 12807.9
1467.96 12841
1467.8 12837.7
1467.56 12894.9
1467.64 12935.1
1467.51 12950.5
1465.07 12937.7
1465.57 12998.4
1465.56 13030.8
1465.67 13077.2
1465.92 13105.1
1465.57 13122.5
1465.54 13131.9
1465.53 13128.2
1465.79 13117.3
1465.96 13094.4
1465.92 13078.2
1466.38 13101.1
1466.14 13184.6
1466.19 13163.7
1466.19 13169.8
1466.38 13176.9
1466.64 13189.6
1466.57 13145.9
1466.55 13155.2
1466.45 13160.3
1466.49 13165.8
1466.3 13193.2
1466.7 13195.7
1466.44 13187.9
1466.2 13185.5
1466.23 13175.6
1466.22 13169.6
1466.16 13173
1466.21 13175.4
1466.34 13190.2
1466.1 13196.9
1466.24 13207.4
1466.15 13222.1
1466.17 13237.2
1466.87 13216
1467.08 13220.6
1467.56 13235.6
1471.19 13178.2
1471.42 13151.6
1471.37 13121
1471.24 13125.7
1471.07 13135.2
1469.93 13166.6
1469.92 13166
1470.75 13169.6
1470.45 13185.2
1472.8 13326
1472 13414.6
1471.99 13425.8
1471.91 13437.6
1471.85 13424.8
1471.6 13408.5
1471.66 13402
1471.85 13402.1
1471.8 13389.8
1468.21 13429.6
1468.21 13456.6
1468.57 13484.8
1468.57 13500.4
1468.56 13517.9
1469.58 13550.7
1469.17 13559.3
1469.2 13555.2
1468.98 13568.5
1469 13568.1
1468.12 13656.7
1468.01 13557.1
1468.39 13527.8
1468.81 13518.1
1467.37 13538.5
1467.84 13530.6
1468.14 13531.6
1468.05 13515.6
1468.11 13516.1
1468.02 13523.7
1468.52 13540.1
1469.62 13549.3
1469.56 13544.4
1471.98 13578.3
1472 13609.3
1472.07 13619.6
1472.13 13638.2
1471.96 13648.3
1471.99 13660.3
1473.7 13687.6
1473.69 13663.8
1473.68 13670.3
1473.91 13661
1474.39 13663
1475.07 13679.4
1473.14 13653.3
1473.34 13682.7
1473.39 13688.4
1472.88 13652.7
1471.01 13728.2
1471.11 13703.5
1471 13729.6
1472.65 13767.3
1472.62 13793.3
1472.57 13800
1473.29 13796.2
1473.37 13793.9
1473.58 13800.8
1474.97 13820.1
1475.04 13863.4
1475.08 13872.6
1475.25 13884.3
1478.14 13940.2
1479.17 13947.1
1479.11 13942.4
1479.64 13950.2
1479.51 13898.7
1479.52 13916.6
1479.58 13925.8
1479.49 13965.6
1479.33 13998.8
1479.37 14001.9
1480.8 14025.8
1481.29 14032.6
1481.63 14052.1
1481 14058
1481.73 14075.4
1481.8 14088.8
1481.76 14080.5
1481.72 14062.7
1481.77 14037.9
1481.66 14046.4
1482.5 14039.7
1481.26 14019.4
1481.92 14013.7
1484.3 14029.5
1484.18 14048.8
1484.27 14006.7
1484.06 14126.3
1484.27 14132.9
1483.13 14124.5
1483.08 14137.7
1485.17 14214
1485.26 14197.8
1485.07 14194.8
1482.89 14228.8
1483.2 14251.2
1483.27 14273.6
1483.8 14270.8
1486.13 14329.6
1485.94 14319.3
1487.01 14365.1
1488.01 14341.2
1488.31 14316.8
1488.41 14322.9
1488.72 14320.5
1488.88 14302.7
1488.62 14307.5
1490.91 14339
1490.75 14326.2
1490.68 14342.7
1491.21 14383.6
1491.19 14362.5
1489 14408.5
1489.51 14439.8
1489.33 14397.1
