323.129 5.8284
327.869 5.62861
511.449 27.9231
516.091 27.7243
539.733 27.074
610.338 28.5637
612.681 28.2357
774.557 1980.96
784.841 1592
782.792 1203.79
808.655 1050.31
893.84 915.376
906.96 833.216
912.479 792.231
1019.93 775.509
1098.15 767.31
1105.1 740.723
1196.49 764.513
1302.51 813.246
1338.62 824.126
1349.33 813.717
1406.32 803.882
1439.26 796.673
1498.4 794.656
1509.49 781.128
1520.96 774.642
1540.48 768.56
1542.34 762.911
1548.17 760.669
1548.55 759.911
1554.79 758.899
1556.52 758.032
1642.73 938.896
1919.59 1304.59
1919.43 1327.74
1928.95 1363.89
1950.87 1457.37
1959.56 1482.85
1931.58 1532.08
1934.8 1803.27
1935.15 1614.37
1940.74 1695.03
1940.13 1747.67
1940.8 1782.44
1924.52 2359.4
1902.83 2620.7
1911.05 2987.08
1930.88 2950.88
1987.99 3092.51
2002.5 2957.44
2010.45 2868.52
2007.5 2830.5
2006.12 2730.38
2031.08 2716.26
2051.91 2700.19
2192.81 7004.47
2200.22 6939.43
2198.09 6627.72
2195.34 6580.39
2219.94 7124.19
2269.89 7573.63
2270.25 7240.87
2258.98 7646.94
2258.55 8432.05
2259.94 8267.78
2248.33 7917.23
2245.88 7518.3
2244.79 7328.71
2253.57 7241.3
2270.24 7289.89
2270.29 6882.5
2277.81 6451.77
2277.84 6255.75
2304.54 6191.72
2285.04 6148.89
2276.19 6128.95
2284.62 6351.89
2284.74 6313.71
2297.69 6354.31
2300.57 6381.52
2313.49 6387.96
2315.05 6395.96
2314.29 6422.49
2291.11 6378.18
2294.5 6309.85
2294.76 6306.69
2296.41 6169.68
2296.1 6201.23
2291.97 5942.18
2292.17 5847
2292.36 5832.54
2297.51 5853.55
2280.85 5858.63
2283.21 5884.63
2283.2 5929.33
2297.29 6108.42
2333.35 6360.7
2326.21 6486.49
2326.04 6241.05
2329.33 6097.27
2325.62 6218.27
2340.67 6210.58
2333.86 5850.95
2319.82 5854.74
2320.18 5818.46
2325.47 5801.32
2326.53 5857.05
2326.86 5937.76
2326.82 5924.06
2327.14 5874.05
2326.73 5821.42
2326.55 5783.42
2291.3 6329.85
2290.06 6196.65
2287.42 5989.51
2296.49 5776.83
2293.97 5785.38
2293.13 5701.79
2290.98 5671.18
2291.02 5708.58
2288.99 5694.01
2288.97 5658.45
2289.1 5615.55
2287.62 5601.22
2292.96 5596.13
2293.59 5584.84
2293.66 5568.77
2296.24 5576.52
2295.31 5606.85
2292.99 5596.36
2293.73 5611.07
2293.74 5580.91
2293.17 5567.02
2294.95 5568.73
2295.79 5559.7
2296.83 5551.98
2297.19 5546.29
2301.62 5544.03
2300.41 5542.51
2300.6 5553.69
2285.19 5467.99
2285.96 5432.93
2290.29 5376.86
2289.8 5401.37
2287.48 5416.87
2285.98 5473.26
2288.46 5457.14
2284.87 5502.69
2286.69 5495.72
2288.18 5606.8
2288.05 5661.07
2285.75 5692.01
2285.21 5704.18
2286.65 5735.03
2292 5783.65
2290.23 5860.56
2289.9 5880.21
2290.79 5879.05
2297.39 5902.94
2294.52 6013.36
2296.8 6019.79
2296.87 5956.03
2262.08 5861.2
2260.56 5761.6
2261.62 5707
2260.45 5692.12
2261.85 5729.28
2262.2 5796.11
2262.36 5793.62
2259.65 5795
2259.81 5741.69
2259.79 5739.95
2258.38 5739.45
2257.85 5753.48
2258.53 5819.94
2257.75 5833.17
2257.71 5836.34
2260.04 5869.73
2259.89 5867.38
2260.44 5895.35
2260.49 5910.48
2261.09 5855.25
2261.26 5836.65
2261.35 5816.17
2260.57 5802.17
2260.93 5777.97
2260.96 5763.32
2260.36 5754.37
2259.6 5716.84
2259.74 5670.33
2261.4 5664.08
2262.46 5633.04
2263.02 5643.32
2262.33 5645.86
2262.21 5695.48
2262.66 5724.49
2262.43 5733.68
2263.5 5748.19
2260.47 5802.73
2261.16 5806.72
2260.27 5800.94
2260.07 5806.94
2259.86 5816
2259.71 5836.95
2260.85 5796.63
2260.28 5790.38
2260.05 5751.17
2258.32 5736.07
2259.06 5718.98
2262.31 5662.79
2263.12 5688.69
2263.02 5687.61
2263.03 5683.1
2259.46 5694.11
2258.59 5698.04
2258.46 5683.12
2257.99 5664.52
2258.14 5649.38
2257.6 5684.63
2259.84 5602.38
2259.91 5588.62
2267.14 5646.69
2261.74 5692.57
2261.48 5710.94
2261.03 5694.3
2260.56 5690.55
2259.99 5696.28
2260.14 5690.34
2259.5 5663.44
2259.61 5665.45
2259.62 5662.35
2259.64 5661.58
2258.21 5654.75
2257.39 5650.22
2257.79 5647.92
2258.62 5662.77
2257.13 5671.21
2257.79 5661.04
2257.93 5652.57
2258.44 5640.19
2255.31 5613.03
2255.38 5633.33
2255.35 5657.15
2255.73 5672.16
2255.72 5664.23
2255.85 5676.13
2255.49 5670.97
2254.62 5675.4
2255.57 5683.99
2255.22 5687.07
2266.3 5651.05
2265.68 5662.68
2265.93 5652.53
2270.73 5651.98
2270.12 5641.95
2269.8 5651.84
2270.52 5663.93
2276.81 5660.25
2277.14 5632.57
2278.64 5618.73
2278.52 5637.76
2277.85 5636.83
2277.79 5618.85
2278.89 5596.34
2278.46 5584.05
2278.51 5585.03
2278.58 5583.91
2278.03 5571.95
2279.45 5545.87
2280.78 5540.98
2280.59 5509.04
2279.2 5517.36
2279.08 5546.78
2278.88 5570.35
2279.25 5584.74
2279.57 5596.2
2279.96 5597.34
2275.51 5650.01
2275.56 5671.69
2272.71 5675.28
2273.87 5665
2273.01 5617.78
2273.08 5624.35
2273.36 5623.68
2273.34 5632
2273.27 5635.77
2271.96 5632.49
2272.05 5628.49
2272.04 5611.86
2271.89 5611.89
2272.1 5635.32
2274.34 5618.45
2274.29 5629.85
2272.11 5635.29
2271.65 5637.04
2271.63 5636.14
2272.74 5652.34
2273.51 5658
2275.97 5644.82
2275.28 5675.14
2275.31 5673.3
2275.48 5674.94
2276.37 5670.52
2276.16 5724.06
2276.06 5726.01
2276.13 5733.22
2275.95 5721.41
2276.3 5729.38
2276.1 5721.73
2276.77 5719.23
2276.75 5716.86
2276.65 5713.18
2277.51 5763.36
2276.68 5792.75
2276.82 5811.26
2276.07 5822.52
2275.87 5820.87
2275.85 5820.45
2275.73 5814.81
2276.13 5827.8
2276.44 5824.96
2274 5839.57
2274.11 5832.17
2273.49 5830.52
2273.45 5815.77
2274.62 5814.27
2274.43 5812.41
2274.46 5805.26
2273.44 5837.27
2273.39 5829.65
2274.66 5854.82
2273.22 5828.52
2273.29 5841.06
2274.83 5880.03
2274.88 5885.1
2274.93 5888.01
2275.18 5891.99
2274.96 5900.12
2274.85 5898.75
2274.06 5890.47
2273.95 5883.36
2273.84 5874.99
2271.69 5859.21
2271.37 5865.01
2271.49 5874.82
2271.39 5883.2
2271.58 5882.38
2271.61 5875.4
2271.7 5870.89
2272.82 5855.74
2273.09 5845.24
2273.06 5795.45
2277.26 5818.83
2276.75 5827.71
2276.7 5843.04
2275.67 5831.22
2275.8 5808.51
2276.1 5779.05
2277.42 5765.94
2277.38 5767.95
2276.02 5759.54
2278.79 5852.23
2279.44 5884.9
2278.12 5872.88
2278.09 5881.99
2277.1 5869.1
2277.23 5857.1
2277.37 5860.87
2281.74 5865.53
2281.4 5863.01
2281.11 5851.6
2280.81 5866.65
2280.28 5847.7
2280.91 5829.8
2280.32 5812.77
2279.83 5811.77
2279.76 5789.34
2279.93 5794.32
2278.88 5793.54
2279.19 5789.52
2279.38 5783.86
2278.5 5768.24
2278.63 5756.45
2277.5 5747.85
2277.34 5736.2
2276.82 5752.35
2277.35 5752.6
2276.64 5735.91
2277.13 5721.74
2277.8 5697.36
2276.23 5727.78
2269.36 5720.78
2269.63 5730.83
2270.07 5759.61
2269.35 5765.67
2268.83 5774.04
2268.76 5782.63
2269.07 5789.53
2269.7 5794.96
2269.78 5795.64
2269.49 5808.76
2269.7 5783.9
2269.88 5786.45
2270.04 5792.85
2271.09 5788.29
2271.04 5789.94
2270.28 5791.58
2270.33 5793.57
2270.79 5788.35
2270.67 5795.74
2271.71 5787.62
2271.22 5810.11
2270.91 5827.88
2271.58 5825.54
2271.08 5818.38
2271.42 5827.75
2271.43 5826.42
2271.16 5791.96
2270.97 5790.71
2270.75 5789.21
2271.09 5805.84
2271.13 5799.35
2270.86 5736.68
2271.45 5762.99
2270.85 5777.27
2270.84 5775.48
2271.02 5773.22
2270.41 5774.99
2270.05 5820.3
2269.82 5857.54
2269.51 5855.75
2269.47 5817.63
2269.55 5792.27
2269.7 5790.76
2268.19 5792.86
2268.13 5766.6
2268.16 5749.01
2267.58 5735.24
2267.11 5713.5
2267.92 5708.66
2267.71 5707.36
2267.7 5711.62
2267.68 5717.62
2266.87 5713.96
2267.9 5697.02
2267.15 5685.52
2267.02 5668.98
2268.19 5684.23
2268.23 5689.38
2267.34 5682.75
2267.36 5686.03
2267.9 5714.95
2267.41 5754.39
2268.43 5754.22
2267.22 5736
2266.13 5746.67
2266.47 5746.62
2266.49 5756.98
2266.49 5753.19
2266.57 5757.21
2266.13 5768.19
2265.87 5766.65
2265.52 5770.6
2264.9 5811.88
2266.19 5835.37
2265.77 5844.75
2265.48 5859.57
2266.36 5857.75
2265.91 5862.83
2267.23 5856.79
2267.31 5856.75
2267 5846.8
2266.79 5836.04
2266.53 5836.98
2265.23 5811.21
2265.52 5809.46
2265.19 5802.28
2264.54 5785.84
2264.53 5734.64
2265.07 5756.9
2264.75 5753.31
2264.71 5748.49
2265.35 5738.44
2264.06 5740.76
2264.25 5680.85
2264.48 5673.17
2264.57 5685.32
2266.27 5656.08
2266.56 5670.55
2266.67 5672.12
2267.03 5673.78
2267.07 5680.68
2267.24 5681.44
2267.11 5688.84
2267.12 5692.02
2267.06 5693.46
2268.58 5719.17
2268.75 5725.7
2268.51 5730.45
2268.68 5733.07
2268.81 5723.76
2270.17 5721.65
2274.38 5747.85
2274.79 5778.53
2274.34 5773.82
2273.38 5757.06
2273.41 5767.96
2273.4 5745.77
2272.96 5753.39
2272.49 5763.85
2272.34 5770.05
2271.31 5744.74
2270.47 5742.61
2270.46 5745.61
2270.51 5757.94
2270.5 5755.06
2269.02 5739.02
2267.77 5738.08
2268.03 5731.54
2267.94 5715.87
2267.17 5705.49
2267.15 5699.75
2266.58 5686.89
2266.43 5678.12
2266.22 5673.53
2266.19 5679.26
2266.36 5667.94
2264.84 5632.27
2264.67 5628.48
2264.54 5627.63
2264.35 5634.48
2264.6 5612.33
2264.66 5601.51
2264.79 5603.42
2263.87 5630.91
2263.62 5646.94
2263.35 5633.67
2263.43 5636.55
2263.4 5637.95
2263.42 5639.3
2263.49 5633.41
2264.49 5636.47
2262.98 5589.12
2260.24 5527.54
2260.29 5508.97
2260.46 5517.36
2260.52 5487.58
2258.09 5489.56
2257.1 5488.92
2257.19 5499.79
2257.05 5520.56
2256.73 5536.91
2257.82 5531.45
2257.9 5535.64
2258.17 5532.14
2253.57 5512.27
2253.82 5473.68
2253.4 5490.31
2253.55 5529.78
2253.23 5538.08
2252.65 5534.49
2252.72 5534.11
2253.07 5520.43
2253.86 5512.65
2253.8 5432.03
2254.36 5418.67
2254.14 5416.55
2253.56 5429.89
2253.66 5442.65
2253.68 5443.93
2253.68 5454.15
2253.62 5456.22
2253.66 5459.01
2253.78 5468
2253.8 5467.45
2253.88 5451.48
2253.47 5445.11
2253.48 5443.27
2253.48 5438.44
2253.5 5431.99
2252.38 5420.08
2252.95 5421.24
2253.15 5449.68
2253 5455.51
2252.77 5438.19
2252.68 5444.58
2252.81 5446.23
2252.41 5449.09
2253.82 5484.26
2253.72 5482.82
2253.74 5485.56
2253.74 5488.98
2255.27 5513.32
2255.23 5528.04
2255.07 5535.82
2254.87 5532.75
2255.05 5517.52
2255.05 5505.74
2255.19 5475.92
2255.19 5458.97
2255.01 5450.07
2255.33 5450.82
2255.16 5454.63
2255.15 5456.01
2254.86 5452.91
2254.9 5444.99
2255.23 5450.16
2255.43 5456.14
2256.04 5453.71
2256.04 5455.87
2256.03 5458.9
2256.13 5454.73
2256.33 5448.92
2256.47 5424.15
2256.25 5424.39
2257.39 5431.76
2257.42 5445.91
2257.56 5426.02
2257.57 5409.34
2257.44 5394.78
2257.79 5393.34
2260.22 5394.94
2260.03 5383.62
2259.88 5382.26
2260.26 5382.28
2260.24 5377.74
2260.48 5378.44
2259.88 5376.79
2259.77 5375.52
2259.33 5362.14
2259.45 5372.99
2259.44 5386.04
2256.64 5402.91
2256.56 5439.85
2255.82 5442.73
2255.35 5431.73
2255.39 5430.13
2254.55 5416.26
2254.46 5413.05
2261.61 5404.9
2261.42 5398.53
2261.36 5401.47
2261.3 5403.32
2260.94 5401.45
2261.32 5395.59
2261.44 5380.16
2262.3 5346.06
2262.29 5336.19
2262.26 5335.15
2262.71 5342.96
2262.94 5355.39
2262.56 5353.48
2262.38 5359.28
2262.34 5359.01
2262.31 5365.43
2262.01 5345.6
2261.99 5334.99
2261.77 5336.12
2258.26 5364.39
2259.12 5362.46
2259.35 5380.84
2259.37 5392.46
2259.43 5395.3
2259.43 5397.52
2259.26 5403.77
2255.78 5399.66
2255.8 5393.87
2255.81 5396.76
2256.24 5406.62
2256.43 5399.63
2256.43 5404.17
2256.35 5378.16
2256.29 5371.88
2255.61 5377.28
2255.58 5378.16
2255.96 5373.01
2255.69 5358.75
2255.26 5354.03
2255.22 5355.73
2254.99 5356.29
2255.2 5358.78
2255.26 5364.69
2255.18 5369.43
2255.27 5363.86
2255.13 5358.69
2254.79 5351.77
2254.96 5345.32
2254.99 5346.11
2254.99 5349.33
2255.06 5350.99
2256.18 5333.19
2256.2 5330.73
2256.67 5344.62
2256.6 5358.58
2256.69 5364.99
2255.99 5374.86
2256.93 5389.33
2256.93 5390.97
2256.38 5365.11
2256.36 5353.77
2256.44 5335.64
2256.35 5350.7
2256.87 5364.21
2256.94 5331.94
2256.99 5338.15
2256.91 5341.15
2257.11 5340.45
2257.18 5341.76
2257.12 5344.95
2257.15 5340.93
2257.14 5354.26
2257.02 5368.92
2257.2 5379.54
2257.28 5380.26
2257.53 5387.5
2257.09 5392.99
2254.36 5403.31
2255.09 5391.39
2257.19 5404.55
2257.32 5409.45
2258.06 5411.67
2257.97 5423.17
2259.39 5451.77
2259.29 5448.95
2259.5 5448.97
2259.69 5456.07
2259.97 5469.36
2259.65 5475.75
2259.48 5469.45
2259.48 5437.67
2259.43 5429.4
2259.68 5427.82
2259.52 5431.65
2259.48 5434.01
2258.33 5440.28
2258.52 5439.48
2258.74 5418.59
2256.41 5423.61
2257.41 5408.12
2256.99 5418.5
2256.96 5425.22
2256.9 5428.72
2256.89 5430.88
2256.78 5431.38
2256.41 5428.84
2256.53 5433.47
2256.62 5434.57
2256.35 5434.62
2255.5 5447.26
2255.46 5487.71
2256.01 5517.73
2255.94 5539.73
2255.48 5538.79
2255.64 5538.08
2255.47 5533.37
2255.51 5534.7
2258.36 5546.79
2258.39 5548.06
2258.34 5549.77
2258.36 5547.53
2258.28 5544.83
2258.16 5547.61
2258.12 5538.78
2258.15 5542.77
2258.19 5540.06
2258.13 5534.46
2258.51 5537.36
2259.65 5509.99
2259.5 5512.98
2258.79 5490.45
2258.93 5488.89
2258.94 5497.33
2258.94 5504.88
2259.85 5515.83
2259.76 5509.43
2259.8 5512.22
2259.98 5501.67
2259.72 5504.93
2260.04 5506.49
2261.41 5540.69
2261.77 5550.23
2261.79 5553.3
2262.43 5535.79
2262.37 5539.47
2261.25 5516.4
2261.56 5518.95
2261.96 5516.06
2261.89 5504.53
2261.78 5498.33
2261.7 5478.92
2261.69 5476.22
2261.83 5472.99
2261.91 5469.91
2264.16 5490.65
2264.18 5490.49
2263.83 5491.32
2263.9 5454.23
2263.86 5442.62
2261.69 5440.8
2261.4 5449.45
2261.31 5447.41
2261.26 5445.2
2261.13 5441.49
2261.11 5447.36
2261.11 5449.88
2261.07 5448.34
2260.87 5447.1
2260.88 5448.92
2261.1 5452.71
2261 5451.08
2260.69 5445.13
2260.61 5447.96
2259.01 5433.13
2259.39 5426.03
2256.67 5429.74
2256.66 5426.94
2256.54 5419.26
2255.92 5420.78
2255.92 5425.08
2260.1 5415.36
2260.09 5413.24
2256.57 5401.71
2257.59 5395.98
2258.95 5393.38
2258.72 5390.14
2257.47 5382.18
2257.32 5358.82
2257.3 5352.24
2257.34 5348.65
2257.26 5348.03
2257.23 5347.26
2257.25 5350.36
2256.14 5350.56
2256.18 5352.57
2256.23 5351.63
2255.96 5349.24
2257.66 5329.53
2257.18 5338.14
2257.2 5335.24
2256.97 5326.53
2257.01 5328.27
2256.77 5333.08
2256.32 5336.67
2256.25 5337.5
2256.27 5342.51
2256.28 5350.05
2256.27 5355.57
2255.72 5349.8
2256.58 5356.45
2257.14 5361.51
2257.06 5365.09
2257.33 5383.67
2257.36 5401.79
2257.42 5404.19
2256.46 5401.65
2256.87 5381.93
2256.78 5374.92
2257.03 5360.28
2256.94 5338.76
2256.94 5336.01
2257.03 5343.13
2257.06 5340.93
2256.97 5343.36
2256.91 5340.7
2257.65 5351.84
2257.7 5359.14
2258 5369.34
2257.5 5376.99
2257.42 5378.65
2257.56 5381.49
2257.53 5382.75
2257.57 5386.39
2257.26 5399.57
2257.23 5403.24
2257.28 5398.68
2257.29 5398.2
2257.28 5393.89
2257.15 5430.77
2257.11 5444.61
2257.68 5427.07
2257.85 5459.35
2257.81 5478.79
2257.89 5483.41
2257.8 5486.4
2258.64 5487.2
2258.65 5488.8
2258.64 5503.97
2259.28 5523.72
2258.56 5538.03
2258.55 5536.52
2258.35 5549.02
2258.18 5553.71
2258.14 5556.13
2257.35 5562
2255.78 5565.67
2255.75 5565.38
2255.8 5565.85
2255.37 5573.47
2255.45 5577.68
2255.62 5575.64
2255.69 5575.65
2256.27 5566.21
2256.04 5568.78
2254.77 5554.97
2254.84 5558.3
2255.12 5550.95
2255.15 5515.77
2255.38 5504.88
2255.36 5504.62
2255.4 5506.52
2255.65 5509.87
2255.68 5498.05
2255.54 5495.86
2255.5 5492.56
2255.3 5494.23
2255.39 5505.81
2255.3 5503.85
2255.3 5503.21
2255.28 5493.79
2255.15 5484.94
2255.13 5468.3
2255.26 5474.81
2252.92 5478.17
2250.39 5488.68
2250.12 5472.42
2249.94 5460.86
2248.64 5472.01
2248.7 5473.31
2248.91 5470.38
2249.07 5472.67
2248.11 5462.04
2247.91 5447.29
2247.91 5442.33
2247.95 5447.87
2247.95 5446.34
2247.96 5440.83
2248.16 5439.2
2248.16 5428.48
2248.05 5424.38
2246.25 5430.57
2243.95 5435.84
2243.89 5435.93
2243.99 5428.5
2244.36 5408.25
2244.41 5394.46
2244.13 5390.83
2241.7 5437.88
2241.56 5454.07
2241.87 5449.67
2241.58 5443.02
2241.9 5451.77
2242.36 5430.38
2242 5441.63
2242.04 5428.44
2242.33 5455.83
2242.4 5471.2
2242.51 5485.13
2241 5483.83
2241.09 5488.56
2241.29 5487.39
2241.26 5489.74
2241.29 5494.19
2241.3 5495.21
2241.23 5510.1
2241.15 5508.83
2240.75 5497.03
2240.97 5508.92
2240.51 5506.69
2239.69 5518.84
2239.65 5526.1
2239.66 5525.25
2239.73 5525.26
2239.84 5537.64
2239.8 5544.37
2239.42 5567.25
2239.44 5567.42
2239.49 5581.05
2237.32 5574.14
2237.25 5572.64
2237.07 5567.09
2237.47 5562.24
2237.34 5572.1
2237.69 5631.25
2237.56 5565.47
2237.56 5482.85
2238.67 5489.54
2239.34 5506.29
2239.35 5514.7
2239.23 5518.63
2238.48 5518.96
2238.92 5543.46
2238.72 5558.17
2239.39 5561.71
2239.15 5557.8
2239.56 5567.07
2240.31 5578.43
2239.48 5608.03
2240.39 5611.68
2240.33 5631.04
