357.424 21.5208
361.077 20.5382
433.799 20.3123
544.455 32.7758
554.548 32.4056
577.497 32.3382
598.814 32.2708
737.801 41.6269
756.474 41.6269
777.728 41.6269
790.998 41.6269
793.498 36.3834
794.25 36.3834
864.156 45.2003
868.716 45.1248
951.695 102.176
987.855 98.7908
993.465 91.424
993.466 90.3742
1000.77 90.2434
1056.42 103.279
1059.18 101.602
1068.45 101.458
1148.78 117.188
1259.29 741.136
1289.58 971.32
1282.52 831.603
1288.16 851.284
1294.88 956.634
1288.79 972.329
1292.29 1087.72
1292.51 974.964
1266.08 1065.24
1291.48 1139.39
1302.63 1166.3
1309.5 1179.78
1309.98 1178.47
1310.48 1177.69
1325.32 1611.93
1432.4 2339.54
1429.06 1983.44
1446.43 1877.67
1440.23 1821.67
1431.86 1551.38
1433.57 1612.87
1433.17 1644.59
1454.71 1933.24
1569.11 2208.58
1573.58 2187.82
1573.49 2470.96
1568.95 2305.12
1583.22 2267.46
1583.11 2221.42
1581.08 3228.41
1581.49 3055.86
1585.14 3135.14
1599.38 3152.51
1604.39 3205.89
1627.18 3235.91
1633.21 3223.71
1632.33 3215.92
1626.09 3328.06
1627.39 3322.35
1625.86 3319.6
1624 3342.62
1639.22 3401.62
1641.37 3588.17
1665.34 3622.72
1659.83 3581
1658.15 3604.51
1658.53 3587.13
1652.55 3548.3
1650.48 3593.32
1650.34 3633.48
1708.51 4309.56
1707.69 4213.86
1716.13 4219.22
1720.1 4201.05
1708.47 4060.16
1708.51 4029.52
1685.48 4026.51
1690.29 4193.99
1714.99 3973.89
1717.55 3866.62
1714.45 3859.01
1716.17 3831.58
1735.46 3854.87
1748.12 3816.48
1759.19 3778.82
1760.88 3794
1759.88 3794.5
1733.18 3890.95
1757.4 4217.84
1756.75 4395.66
1756.6 4507.24
1756.5 4584.66
1754.39 4634.68
1753.96 4640.81
1774.64 4627.42
1740.09 4891.32
1739.57 4728.5
1739.48 4569.46
1738.5 4512.05
1738.51 4475.28
1738.98 4459.29
1739.22 4420.15
1737.02 4412.88
1736.67 4396.85
1742.89 4355.76
1744.53 4467.54
1736.63 4491.94
1735.51 4532.43
1734.39 4556.83
1739.21 4560.14
1739.21 4566.09
1735.21 4632.38
1736.54 4642.35
1740.1 4734.75
1740.12 4725.39
1740.27 4691.16
1738.26 4707.31
1734.03 4725.36
1744.6 4764.17
1749.27 4851.4
1749.29 4930.29
1745.97 4851.58
1745.2 4957.99
1745.76 4970.09
1747.21 4930.76
1747.24 4917.69
1748.42 4936.7
1750.79 4938.46
1751.04 4965.81
1749.72 4967.79
1746.96 4999.35
1753.24 5068.05
1753.18 5095.82
1752.38 5124.71
1752.74 5130.02
1752.73 5130.98
1756.12 5036.39
1766.44 5298.68
1766.26 5343.46
1768.85 5309.33
1768.92 5286.06
1769.12 5286.89
1796.2 5825.41
1794.56 5661.9
1778.79 5707.23
1778.64 5984.33
1778.49 5783.48
1775.67 5663.06
1775.71 5576.05
1775.72 5521.62
1775.42 5473.45
1779.2 5465.41
1779.15 5450.38
1779.13 5428.92
1778.6 5403.88
1778.32 5406.7
1776.97 5374.29
1776.58 5372.41
1776.67 5389.43
1776.87 5408.7
1771.76 5564.43
1771.35 5572.15
1771.66 5585.26
1772.31 5565.52
1762.6 5476.04
1758.44 5511.65
1757.68 5561.09
1757.76 5517.38
1756.48 5427.6
1756.3 5397.83
1743.91 5378.72
1742.71 5429.67
1741.61 5489.98
1742.09 5533.94
1737.44 5686.35
1737.29 5729.97
1737.13 5729.77
1736.68 5703.72
1736.81 5726.22
1737.6 5720.53
1737.5 5724.48
1739.95 5727.26
1741.57 5762.53
1741.21 5787.43
1738.33 5877.89
1738.08 5964.75
1736.65 6009.62
1736.95 5973.01
1738.14 6000.18
1738.72 5961.34
1740.8 5950.23
1739.65 5976.65
1737.76 5949.69
1737.72 6026.87
1738.89 6030.87
1737.32 6054.68
1737.41 6040.52
1738.57 6044.57
1739.08 6043.41
1739.18 6080.95
1738.24 6061.88
1738.38 6069.51
1739.02 5987.89
1741.3 5915.75
1740.99 5888.46
1740.42 5882.66
1743.86 5934.26
1743.56 5986.83
1743.71 5990.83
1743.65 6013.77
1749.05 5990.19
1749.71 6028.5
1749.23 6021.07
1749.2 5996.26
1749.22 5967.91
1746.57 5926.82
1747.85 5902.74
1747.93 5863.71
1748.05 5825.71
1746.83 5779.96
1745.71 5737.51
1747.67 5723.74
1747.32 5712.61
1742.86 5750.5
1743.26 5775.26
1743.2 5752.31
1744.08 5769.5
1743.93 5786.92
1744.08 5800.61
1743.8 5804.2
1744.54 5804.3
1744.63 5802.92
1744.62 5796.46
1744.51 5783.09
1748.39 5758.39
1748.78 5741.32
1748.66 5685.47
1753.6 5614.88
1754.39 5588.34
1754.24 5586.77
1754.08 5582.73
1753.67 5568.26
1753.77 5556.47
1753.83 5504.89
1754.45 5467.5
1754.39 5464.99
1754.37 5479
1753.54 5501.59
1755.8 5510.24
1756.76 5426.33
1756.63 5382.97
1756.37 5352.39
1755.64 5328.22
1755.34 5329.99
1755.08 5318.24
1755.97 5319.25
1754 5332.55
1754.02 5335.87
1753.08 5390.83
1753.34 5416.72
1753.88 5397.38
1753.88 5387.45
1755.51 5423.75
1755.56 5417.97
1755.77 5400.36
1755.41 5381.69
1756 5371.19
1756.01 5372.63
1757.24 5399.16
1757.16 5510.68
1757.48 5514.16
1757.47 5548.85
1757.72 5592.33
1759.28 5596.2
1758.24 5619.41
1757.72 5636.39
1757.79 5661.34
1757.21 5672.96
1757.82 5659.77
1759.92 5664.56
1758.1 5759.01
1758.07 5774.2
1758.35 5741.62
1757.57 5698.81
1756.46 5661.87
1756.37 5652.39
1759.03 5618.38
1758.87 5581.57
1759.38 5528.45
1759.57 5487.62
1759.54 5477.09
1762.8 5469.94
1763.46 5498.07
1763.71 5516.58
1763.95 5552.8
1763.1 5568.52
1760.1 5570.02
1760 5574.53
1760.46 5571.95
1753.84 5576.17
1752.8 5616.85
1752.79 5672.32
1752.87 5704.82
1749.05 5772.56
1750.19 5767.36
1750.62 5791.68
1750.89 5800.67
1750.82 5811.54
1750.38 5825.08
1750.13 5833.95
1750.35 5860.34
1750.32 5868.3
1753.59 6018.78
1754.62 6091.98
1754.21 6151.64
1754.63 6174.76
1754.71 6165.15
1754.86 6152.63
1754.55 6131.61
1753.86 6103.16
1753.68 6086.32
1753.43 6077.45
1757.14 5974.36
1757.41 6034.93
1757.17 6124.56
1757.15 6163.03
1759.6 6175.79
1759.59 6183.47
1762.02 6197.57
1762.25 6197.6
1762.56 6185.3
1762.77 6179.01
1762.75 6075.41
1762.36 6085.06
1762.53 6079.32
1761.61 6060.26
1767.6 6051.22
1766.68 6041.85
1766.65 6017.89
1766.62 6011.65
1766.41 5949.65
1767.6 5911.73
1767.34 5875.8
1766.31 5795.01
1765.23 5725.58
1765.1 5689.21
1765.24 5644.92
1766.73 5588.44
1766.8 5517.71
1766.83 5526.43
1766.31 5513.37
1765.07 5537.66
1765.7 5550.12
1766.06 5554.53
1766.73 5601.76
1767.17 5615.41
1767.43 5623.83
1768.04 5615.96
1765.89 5626.36
1765.31 5614.9
1765.5 5613.5
1765.48 5611.27
1765.44 5567.3
1764.66 5577.98
1764.1 5586.74
1764.43 5603.67
1765.46 5579.12
1765.15 5565.81
1765.52 5573.95
1764.68 5528.53
1764.81 5484.56
1765.07 5457.34
1765.37 5430.34
1765.34 5420.69
1765.29 5437.78
1765.58 5440.03
1765.52 5451.98
1766.18 5465.36
1765.22 5446.26
1764.86 5486.01
1765.23 5515.46
1765.15 5525.56
1765.06 5532.89
1765.08 5535.88
1765.8 5532.83
1766.06 5536.98
1765.29 5531.54
1765.02 5538.22
1765.13 5534.39
1764.76 5537.43
1764.75 5536.74
1764.4 5540.15
1764.65 5547.58
1763.82 5535.96
1764.22 5541.75
1763.73 5536.65
1763.56 5537.2
1763.86 5530.83
1764.05 5526.97
1763.03 5515.48
1763.35 5467.65
1763.61 5465.29
1762.47 5448.3
1763.54 5445.17
1762.77 5474.35
1765 5503.38
1765.18 5515.06
1765.2 5504.29
1763.87 5508.67
1763.49 5530.19
1763.07 5548.27
1763.02 5567.69
1763.37 5556.3
1763.15 5559.83
1761.65 5568.84
1762.51 5586.42
1761.81 5599.42
1762.37 5601.93
1761.49 5612.43
1761.69 5570.59
1765.27 5703.64
1765.3 5718.6
1765.77 5734.02
1766.79 5739
1766.77 5814.55
1767.06 5779.1
1767.39 5799.96
1766.77 5737.04
1767.27 5745.74
1767.55 5746.31
1767.21 5746.72
1767.45 5739.56
1767.77 5885.48
1766.77 5929.04
1766.91 5993.18
1767.62 6049.63
1766.77 6061.5
1766.7 6050.09
1772.33 6044.54
1772.43 6028.8
1772.39 6042.74
1772.32 6077.54
1772.04 6096.39
1772.42 6113.89
1772.37 6128.22
1772.12 6143.44
1771.78 6159.96
1771.52 6167.11
1770.71 6182.34
1769.54 6190.59
1770.97 6203.45
1767.86 6204.36
1769.28 6182.95
1769.19 6188.9
1769.22 6193.89
1769.7 6198.1
1769.7 6201.29
1768.86 6215.58
1768.17 6220.46
1767.91 6230.37
1767.92 6210.28
1767.99 6199.55
1767.91 6209.03
1767.91 6201.26
1767.89 6179.53
1767.78 6155.71
1767.87 6151.22
1767.88 6151.56
1767.92 6152.41
1769.2 6155.09
1769.22 6144.3
1766.87 6146.96
1766.79 6161.64
1768.25 6164.79
1767.98 6170.65
1767.89 6169.53
1767.33 6148.36
1767.13 6150.16
1766.67 6134
1766.75 6211.15
1766.82 6218.96
1766.24 6213.63
1766.6 6207.74
1768 6220.16
1769.11 6215.67
1769.09 6213.53
1768.62 6195.83
1768.68 6216.05
1768.53 6219.95
1768 6238.18
1767.99 6233.06
1767.09 6272.97
1767.02 6291.62
1767.49 6272.4
1765.74 6312.05
1765.49 6296.98
1764.48 6388.73
1763.92 6409.48
1763.98 6438.98
1764.2 6451.38
1766.12 6495.22
1766.12 6507.29
1765.81 6505.34
1765.31 6497.59
1763.04 6512
1763.02 6517.57
1763.05 6598.32
1762.94 6657.33
1763.48 6666.2
1762.4 6637.81
1762.53 6642.42
1762.94 6645.64
1762.57 6649.22
1762.7 6646.54
1762.47 6629.03
1762.76 6597.35
1762.75 6563.9
1762.59 6551.01
1762.48 6566.17
1762.47 6553.73
1762.44 6546.79
1763.71 6541.81
1763.66 6548.84
1763.62 6551.89
1763.67 6504.91
1763.88 6505.4
1762.3 6506.67
1762.31 6490.44
1762.44 6432.16
1764.5 6485.57
1762.14 6499.54
1762.12 6487.36
1762.25 6481.46
1762.14 6475.28
1761.47 6453.65
1761.4 6471.68
1761.27 6473.11
1760.24 6513.4
1760.2 6467.54
1760.27 6409.85
1760.16 6397.43
1760.22 6398.94
1763.25 6548.46
1763.23 6598.79
1762.73 6647.89
1762.7 6663.65
1763.57 6670.05
1763.46 6666
1763 6649.28
1762.35 6669.85
1762.69 6699.11
1762.69 6700.88
1762.83 6689.67
1762.85 6605.17
1763.19 6331.41
1761.68 6311.66
1761.7 6288.06
1761.45 6276.77
1761.39 6253.93
1764.87 6185.33
1765.05 6167.32
1765.83 6179.65
1766.21 6245.95
1766.46 6277.21
1766.5 6318.73
1766.34 6327.51
1766.65 6338.16
1767.89 6355.13
1764.31 6244.36
1764.1 6281.82
1764.15 6285
1764.07 6291.53
1764.16 6284.89
1761.71 6258.76
1760.73 6226.73
1761.33 6245.53
1761.2 6244.39
1761.24 6225.88
1762.54 6214.12
1762.42 6211.8
1763.07 6227.26
1763.04 6231.31
1762.87 6233.41
1763.7 6270.45
1763.94 6264.61
1763.94 6273.05
1763.97 6267.84
1764.34 6291.35
1764.12 6292.17
1765.6 6296.12
1763.93 6271.44
1763.89 6349.3
1766.35 6399.9
1765.86 6398.78
1768.22 6394.78
1765.28 6378.44
1765.31 6396.53
1765.16 6392.14
1765.07 6384.2
1765.91 6378.03
1765.54 6396.88
1764.81 6376.98
1764.66 6369.35
1765.2 6389.35
1764.41 6421.77
1764.3 6417.89
1764.29 6398.93
1764.87 6395.51
1764.99 6385.77
1766.04 6399.16
1766.03 6402.69
1766.42 6392.85
1766.68 6346.01
1766.69 6319.01
1770.53 6284.16
1769.9 6253.36
1773.36 6648.22
1773.08 6584.25
1773.22 6566.49
1773.17 6559.55
1772.87 6563.96
1773.71 6521.54
1771.8 6541.26
1772.24 6528.6
1772.16 6551.01
1773.34 6606.6
1773.39 6611.2
1773.07 6613.25
1773.22 6622.66
1773.42 6625.23
1770.81 6651.41
1770.58 6678.44
1770.57 6682.4
1771.41 6693.37
1772.45 6672.45
1772.29 6669.09
1772.29 6673.12
1771.9 6671.04
1776.52 6703.17
1776.47 6675.49
1778.37 6664.2
1778.35 6656.03
1778.47 6657.45
1779.16 6662.77
1779.16 6664.66
1778.42 6674.36
1778.38 6690.07
1778.54 6701.21
1779.1 6703.23
1779.32 6691.64
1779.17 6695.99
1779.15 6684.55
1779.01 6689.44
1782.49 6685.83
1782.06 6653.46
1781.55 6611.62
1781.71 6624.56
1781.14 6632.13
1781.47 6628.34
1781.95 6651.71
1781.68 6651.99
1781.47 6647.78
1781.24 6648.63
1781.61 6685.43
1781.56 6692.21
1781.85 6728.67
1781.58 6727.57
1781.57 6722.62
1781.58 6713.99
1781.89 6698.61
1780.14 6795.64
1781.08 6808.84
1782.48 6805.13
1783.55 6817.39
1782.62 6815.83
1782.71 6833.87
1781.8 6841.21
1781.7 6843.4
1781.47 6857.18
1781.23 6867.95
1781.22 6858.9
1781.15 6880.72
1780.62 6890.13
1780.37 6882.91
1780.22 6899.92
1780.23 6894.68
1780.71 6919.59
1780.66 6958.33
1779.83 6975.53
1779.56 6966.04
1781.35 7031.05
1781.41 7020.09
1780.55 6997.97
1779.96 6979.49
1779.54 6995.9
1779.52 6999.41
1779.47 7003.14
1779.47 7005.2
1779.03 6996.68
1778.94 6989.13
1778.75 6986.31
1779.01 7007.53
1779.74 7023.97
1779.26 7075.61
1779.27 7081.06
1779.1 7066.5
1779.03 7070.29
1779.09 7093.82
1779.01 7077.41
1779.29 7085.68
1779.73 7068.76
1779.51 7035.25
1778.87 7057.2
1777.71 7068.1
1777.68 7051.31
1777.7 7040.56
1777.78 7032.27
1778.24 7007.98
1778.24 6988.32
1777.59 7045.36
1777.22 7069.84
1777.19 7073.5
1777.48 7084.35
1777.44 7069.44
1777.45 7061.56
1777.49 7043.15
1778.13 7032.28
1777.86 7038.46
1778.06 7054.95
1777.66 7064.39
1777.53 7093.12
1777.6 7092.21
1777.69 7093.4
1778.09 7116.47
1778.02 7113.01
1777.96 7111.69
1778.94 7114.86
1777.62 7151.92
1777.11 7163.55
1777.12 7160.07
1776.95 7182.39
1777.02 7202.18
1776.7 7199.42
1773.28 7214.52
1773.3 7208.25
1773.25 7206.51
1773.26 7200.82
1772.11 7513.21
1771.22 7554.81
1771.42 7553.94
1771.56 7555.26
1771.45 7517.44
1771.39 7515.99
1771.34 7522.83
1771.46 7528.83
1771.47 7528.06
1771.32 7518.27
1772.17 7513.6
1771.83 7525.76
1771.25 7529.63
1771.43 7516.57
1772.39 7514.45
1772.15 7545.31
1772.35 7549.32
1772.35 7543.9
1772.26 7538.05
1772.39 7549.02
1772.33 7552.93
1772.7 7526.7
1772.69 7484.97
1772.81 7462.02
1773.33 7463.14
1773.58 7464.55
1773.51 7458.38
1773.52 7456.72
1773.57 7454.49
1772.81 7411.39
1772.81 7417.11
1772.3 7419.37
1771.43 7392.34
1771.41 7411.79
1771.51 7419.92
1771.99 7427.66
1771.89 7432.04
1773.63 7389.67
1773.59 7406.43
1773.73 7423.9
1773.66 7425.99
1773.86 7412.01
1773.27 7449.37
1773.12 7464.21
1773.13 7463.03
1773.95 7459.92
1774.69 7453.9
1774.09 7452.91
1773.78 7439.58
1773.73 7443.01
1773.63 7426.99
1773.64 7409.48
1774.03 7391.97
1773.99 7379.88
1774.4 7358.68
1774.1 7321.56
1773.4 7316.94
1773.38 7313.86
1773.25 7314.9
1773.11 7313.04
1773.28 7326.3
1772.8 7326.44
1773.38 7332.74
1775.34 7323.38
1774.72 7320.84
1772.08 7258.83
1772.14 7271.1
1772.07 7268.71
1772.31 7265.12
1772.1 7268.58
1771.93 7262.3
1772.3 7261.93
1771.99 7266.9
1770.31 7311.97
1768.88 7320.75
1768.91 7326.34
1768.87 7313.96
1769.02 7294.66
1769 7270.54
1768.5 7248.52
1768.71 7241.42
1768.53 7251.92
1768.51 7253.12
1768.94 7247.31
1768.3 7221.6
1768.96 7237.59
1768.54 7258.56
1768.97 7272.93
1769.12 7258.37
1769.02 7233.96
1768.97 7183.89
1768.92 7191.45
1769.79 7227.41
1769.91 7253.33
1769.21 7236.09
1769.26 7234.9
1769.24 7246.77
1769.5 7285.14
1769.26 7299.45
1769.14 7307.48
1767.19 7293.94
1769.1 7342.15
1768.96 7331.05
1768.95 7370.6
1768.43 7364.61
1768.64 7385.06
1768.86 7403.34
1768.84 7408.91
1769.01 7399.45
1770.1 7421.98
1770.11 7420.82
1770.23 7417.74
1769.97 7449.35
1770.93 7492.79
1770.93 7501.95
1771.48 7514.85
1771.48 7524.23
1771.47 7548.74
1771.46 7561.43
1771.56 7574.36
1771.49 7572.75
1771.48 7573.17
1771.47 7573.51
1771.65 7570.94
1771.73 7557.09
1770.06 7559.1
1769.82 7526.66
1769.85 7487.89
1769.56 7479.27
1769.83 7487.48
1769.62 7506.51
1769.62 7520.2
1769.47 7499.54
1769.83 7488.52
1769.79 7486.72
1769.44 7497.53
1769.36 7499.31
1768.6 7503.42
1770.04 7520.22
1770.39 7508.65
1770.89 7505.98
1770.74 7471.16
1770.91 7445.19
1770.99 7433.93
1770.97 7426.73
1771.36 7423.08
1771.23 7419.36
1770.77 7419.76
1770.77 7399.97
1769.91 7341.43
1769.96 7342.5
1770.52 7301.85
1770.5 7272.11
1770.45 7269.73
1770.6 7288.69
1770.11 7305.89
1770.09 7310.95
1770.28 7282.56
1770.48 7295.12
1770.55 7306.72
1770.93 7296.66
1770.52 7331.6
1770.63 7309.68
1770.65 7296.57
1770.79 7303.33
1770.16 7316.58
1769.59 7329.07
1769.99 7354.57
1770.18 7375.09
1766.61 7403.09
1766.9 7435.69
1766.95 7439.92
1766.38 7426.1
1766.3 7408.45
1766.28 7415.07
1766.14 7421.5
1766.18 7429.57
1766.28 7431.37
1766.24 7437.12
1766.48 7436.37
1766.45 7426.55
1766.46 7422.69
1766.34 7421.19
1765.95 7429.4
1765.12 7410.37
1765.11 7384.47
1764.98 7369.29
1764.64 7347.39
1764.56 7332.98
1764.1 7314.04
1764.13 7322.18
1763.9 7328.21
1764.04 7321.73
1764.54 7333.82
1764.58 7338.83
1763.51 7335.42
1763.57 7345.1
1763.64 7343.57
1763.53 7338.24
1763.36 7387.58
1763.11 7401.82
1762.73 7391.02
1763.76 7392.02
1764.19 7388.86
1764.56 7381.46
1764.71 7375.44
1764.57 7383.84
1764.68 7391.76
1764.87 7387.63
1764.87 7383.56
1765.46 7389.71
1765.47 7396.05
1765.47 7397.65
1765.47 7395.87
1765.66 7400.08
1765.92 7410.99
1765.56 7413.97
1766.02 7459.49
1765.93 7462.69
1765.89 7468.94
1765.37 7459.4
1765.36 7461
1765.42 7455.12
1765.8 7452.8
1765.37 7454.52
1765.3 7442.61
1765.4 7446.91
1766.38 7464.31
1766.11 7478.32
1766.03 7480.68
1766.2 7485.21
1765.6 7535.84
1765.84 7571.11
1767.42 7580.71
1767.37 7569.7
1767.64 7572.23
1767.67 7568.17
1767.97 7559.18
1767.97 7559.44
1767.11 7564.4
1766.95 7565.76
1766.82 7572.55
1766.2 7608.52
1766.9 7630.25
1766.92 7611.68
1767.09 7610.19
1767.29 7612
1767.61 7620.75
