367.722 14.7201
380.988 14.4791
444.824 14.3927
1921.76 6288
1922.17 5098.19
1948.79 4826.57
1962.46 4489.4
1983.39 4157.44
2037.72 4005.23
2042.46 3862.88
2052.91 3850.63
2076.84 3867.38
2085.24 3880.93
2104.69 3908.39
2134.35 3932.83
2154.1 3952.83
2154.36 3973.14
2165.96 3995.62
2176.05 4008.05
2183.36 3966.81
2190.52 3885.24
2222.22 3832.84
2222.4 3744.49
2236.37 3677.64
2253.04 3643.33
2255.35 3597.21
2258.48 3537.6
2281.9 3622.5
2282.66 3619.82
2300.59 3587.96
2303.19 3556.17
2320.71 3523.99
2321.39 3496.88
2374.69 3793.26
1504.94 8641.59
1523.89 8144.17
1525.75 7561.12
1527.3 6961.57
1539.66 6427.38
1540.6 5910.9
1549.8 6144.24
1551.38 5915.6
1554.15 5871.93
1562.68 5668.04
1556.45 5501.26
1668.84 5400.52
1684.32 5058.05
1698.76 4790.28
1693.86 4676.75
1698.7 4522.58
1768.9 4806.69
1768.86 4600.63
1810.11 5228.74
1793.72 5777.27
1824.49 5836.31
1705.12 7780.35
1702.37 8696.16
1721.48 8458.33
1722.5 8150.38
1721.41 7955.56
1734.74 7749.76
1725.07 7580.79
1673.96 7743.85
1669.44 7778.51
1649.69 7853.01
1640.65 7788.47
1636.63 7708.96
1635.86 7551.41
1599.48 7634.35
1605.35 7959.36
1602.42 8595.8
1615.04 9363.39
1610.83 9259.99
1611.42 9222.11
1608.34 9092.7
1603.79 9005.01
1601.08 8997.41
1601.78 8927.84
1618.85 8872.88
1618.58 8853.57
1636.83 9433.56
1638.03 9236.23
1629.7 9884.16
1669.18 13149.6
1668.85 12069
1668.65 11547.5
1667.53 11252.1
1664.16 10966.7
1649.97 11300
1649.41 10599
1655.14 10202.9
1672.08 10215.9
1673.53 10181
1676.43 10009.9
1670.99 9957.35
1673.08 9995.3
1677.07 9854.29
1680.34 9710.95
1679.39 9623.75
1675.14 9573.06
1675.24 9973.85
1671.02 10076
1671.02 10080.8
1673.43 10089.5
1673.37 10108.9
1674.34 10171
1673.88 10269
1674.74 10369.6
1669.05 10720.5
1671.24 10771.9
1671.84 10813
1675.46 10912.4
1670.09 10788.2
1668.88 10756.7
1672.12 10744.8
1672.4 10581.2
1677.51 10570.7
1679.4 10569
1686.98 10399.3
1684.04 10384.1
1682.93 10200.1
1706.31 10219.6
1712.32 10459.7
1711.66 10511.3
1714.57 10398.6
1707.69 10655.4
1712.18 10779.9
1708.78 10802.2
1707.17 10770.4
1707.35 10858.1
1709.69 10921.1
1707.45 10799.9
1707.26 10827.1
1735.19 11387.4
1798.16 11586.8
1796.78 11605.2
1770.27 11817.3
1772.83 11722
1784.27 11876.7
1783.12 11693.9
1783.09 11669
1781.53 11701
1785.03 11881.3
1782.21 11889.8
1782.01 12029.5
1778.45 11903.1
1778.24 12064.4
1793.61 12364.1
1794.93 12316.9
1794.06 12271.4
1792.42 12286.2
1792.38 12388
1786.15 12435.8
1783.98 12527.1
1785.7 12616.3
1817.94 12661.3
1817.86 12678.5
1816.79 12701.2
1817.65 12809.8
1811.24 12998.9
1811.46 13104.3
1812.64 13093.5
1811.96 13066.1
1812.85 13183
1813.56 13088.7
1813.72 13054.1
1814.11 13065.1
1813.54 13045.9
1815.49 13100
1816.24 13093.1
1813.87 13128.5
1816.4 13207.8
1824.11 13214.2
1820.03 13140.2
1823.6 13170.8
1828.08 13330.9
1828.57 13446.6
1828.12 13570.4
1825.58 13614.4
1826.26 13682.1
1827.13 13950.2
1833.22 14094.5
1834.62 14100.3
1828.76 14171.6
1828.43 14202.6
1824.43 14254.1
1820.56 14282.2
1818.79 14323.5
1818.18 14366.1
1818.74 14296.2
1825.36 14291.2
1825.54 14371.1
1823.71 14448
1823.82 14485.1
1823.49 14548.9
1827.56 14579.4
1828.57 14505.9
1829.3 14527.3
1830.83 14623.5
1832.48 14480.4
1832.52 14455.4
1832.49 14463.2
1837.86 14538.6
1837.63 14582.2
1838.73 14542
1836.72 14543.5
1842.57 14600.3
1842.14 14571.5
1833.06 14593.5
1829.68 14810.7
1833.64 15131.9
1836.61 15125.9
1833.48 15148.9
1833.87 15181
1835.48 15184.6
1837.24 15224.1
1837.67 15241
1837.64 15259
1837.47 15294.8
1837.42 15304.8
1836.49 15286.1
1843.75 15346.4
1843.23 15363.3
1841.05 15450.4
1842.04 15491.6
1841.9 15532.6
1841.48 15518.6
1841.71 15528.4
1837.78 15541.6
1837.29 15543.9
1834.64 15507.6
1835.26 15650.4
1834.38 15667.9
1833.71 15654
1833.28 15624.8
1833.58 15637.4
1844.76 15654.1
1844.85 15536
1854.82 15598.7
1859.41 15886.5
1860.05 15885.1
1859.57 15858.3
1859.93 15806.6
1859.87 15735.8
1860.05 15696.5
1859.98 15645.2
1859.56 15607.3
1852.17 15511.2
1856.23 15626.6
1856.29 15701.3
1856.4 15733.7
1856.39 15768.6
1854.88 15790.7
1853.29 15794.8
1853.27 15757.9
1854.81 15798.5
1853.28 15843.9
1855.38 15895.8
1854.89 15862.6
1856.02 15866.6
1856.38 15920.1
1856.28 15956.5
1855.49 16081.3
1856.98 16004.9
1859.13 15965.8
1858.44 15883.6
1858.39 15757.8
1857.9 15663.8
1858.46 15677.9
1859.14 15721.9
1858.9 15724.1
1858.88 15724
1857.55 15693.7
1857.24 15710.3
1855.45 15722.7
1855.13 15747.2
1853.62 15671.6
1851.82 15615.9
1851.93 15594.1
1852.66 15603.2
1852.69 15584.3
1852.59 15625.3
1852.63 15638.4
1852.04 15641.6
1853.03 15756.1
1859.44 15703.7
1859.93 15617.5
1859.38 15609.8
1859.65 15651.5
1857.2 15664.6
1857.15 15658.4
1858.09 15660.3
1858.12 15635.3
1857.76 15643.6
1860.05 15760.4
1859.72 15832.2
1859.76 15876.1
1860.78 15906.8
1862.74 15964.6
1861.76 15968.3
1863.68 15994
1865.27 15971
1864.72 15957.8
1865.55 15953.9
1866.2 15991
1865.66 15998.7
1865.7 15999.5
1865.15 15990.3
1861.06 15908.3
1860.8 15914
1860.96 15902.4
1861.26 15936.2
1860.89 15939.2
1861.37 15891.3
1863.55 15813.2
1862.98 15864.3
1863.1 15819.2
1864.36 15854.2
1862.13 15847.1
1863.59 15888.9
1863.62 15892.1
1863.62 15903.5
1863.2 15908.9
1864.23 15929.5
1864.24 15964.4
1864.52 15957.5
1864.37 15949.5
1861.06 16130
1861.39 16157.3
1861.91 16125.4
1861.61 16136.5
1859.92 16158.5
1869.09 16255.8
1871.08 16254.6
1871.29 16248.6
1874.34 16292.8
1874.36 16264.5
1875.64 16275.7
1877.49 16300.5
1871.6 16315.2
1871.68 16336.8
1871.37 16338.7
1871.11 16329
1870.25 16340.5
1867.06 16312.1
1866.22 16306.1
1872.73 16457.2
1872.8 16440.4
1872.96 16426.1
1872.2 16427.3
1872.35 16416.3
1872.38 16376.5
1879.74 16580.5
1878.91 16642.2
1879.13 16572.5
1879.38 16510.7
1882.46 16539.1
1883.26 16547
1883.15 16533.2
1878.95 16499.9
1879.11 16562.4
1881.19 16591.1
1881.13 16594.3
1882.1 16605.2
1881.73 16587.5
1883.54 16600.6
1883.06 16600.8
1882.12 16627.5
1882.47 16658
1878.41 16722.1
1879.61 16721.9
1878.69 16738
1878.58 16749.1
1877.75 16939.1
1881.97 16920.6
1882.56 16981.5
1882.28 16992.4
1882.58 17030
1878.83 16973.6
1878.15 16816.3
1877.47 16777.6
1876.8 16751.5
1877.22 16731
1880.16 16822.3
1880.07 16841.8
1879.35 16808.5
1881.01 16852
1882.02 16923.1
1883.35 16858.2
1883.22 16848.3
1881.39 16787.6
1881.42 16786.9
1881.18 16943
1883.01 16907.9
1882.88 16963.6
1882.96 16912.5
1882.99 16885.6
1882.64 16931
1882.22 16980.4
1881.64 16995
1883.99 17013.7
1884.12 17016.3
1884.67 16960.4
1884.77 16935.9
1884.52 16913
1884.04 16858.3
1884.38 16855.1
1880.73 16834.4
1879.64 16869.7
1881.04 16878.8
1880.73 16881.5
1882.15 16927.5
1882.13 16966.3
1882.16 16978.6
1882.32 16994.4
1882.67 17002.6
1884.93 17053.9
1884.47 17057.6
1883.49 17052.8
1883.18 17034.4
1881.13 16978.5
1881.2 16949.4
1881.87 16938.4
1886.48 16969.8
1886.45 16922.6
1887.6 16894.5
1891.6 16942.1
1891.6 16930.4
1891.08 16907.8
1890.86 16881.3
1890.69 16864.2
1891.17 16881.6
1890.81 16913.2
1890.38 16904
1890.78 16906.9
1891.24 16916.6
1891.11 16918.9
1891.03 16932
1880.64 16765.6
1880.68 16856.6
1879.58 16920.5
1877.45 16987.2
1876.99 17037.8
1875.98 17051.1
1875.38 17065.6
1876.42 17076.9
1876.41 17165.7
1877.52 17187.2
1877.95 17274.1
1877.83 17234.2
1878.77 17248.5
1878.68 17285.8
1878.58 17305.6
1876.52 17463.6
1878.74 17548.2
1878.92 17628.5
1879.01 17626.6
1878.16 17569.3
1878.61 17593.6
1878.39 17579.4
1878.48 17595.1
1879.51 17612.7
1879.29 17613.5
1879.33 17544.1
1879.64 17568.7
1879.79 17606.8
1877.97 17624.3
1877.43 17609.8
1876.9 17580.4
1876.82 17557.6
1877.75 17540.9
1875.69 17535.2
1871.78 17601.1
1871.42 17591.8
1872.26 17598.5
1871.96 17590.3
1871.71 17580
1872.29 17593.7
1872.29 17532.5
1872.03 17485.4
1872.14 17457.2
1871.79 17418.7
1872.31 17405.2
1873.45 17379.9
1874.25 17369.5
1874.34 17345.3
1876.71 17335.7
1876.71 17318.4
1878.53 17371.8
1878.58 17410.3
1879.18 17413.5
1879.18 17411.3
1880.45 17426.9
1880.99 17375.2
1881.05 17338.2
1882.9 17377.4
1883.09 17368
1882.91 17349
1883.09 17429.6
1882.93 17454.1
1881.59 17421.7
1881.59 17447.9
1884.55 17515.2
1885.01 17567.8
1884.82 17544.8
1883.63 17550.8
1882.84 17537.5
1883.16 17560.9
1883.06 17549.8
1885.79 17536.6
1884.82 17525.8
1884.73 17512.8
1884.45 17501.5
1884.16 17498.5
1884.32 17486.9
1884.79 17485.8
1881.99 17489.6
1883.03 17564.5
1883.01 17600.8
1884.87 17615.3
1885.5 17605.7
1885.77 17592.4
1885.88 17573.5
1885.61 17570.7
1883.1 17566.8
1883.09 17606.1
1883.16 17596.4
1883.14 17594
1882.93 17595.1
1882.98 17790.8
1885.16 17827.6
1884.41 17755
1884.22 17688.7
1884.25 17656
1885.6 17656.8
1886.32 17648.9
1886.2 17644.2
1886.2 17634.1
1885.62 17612.4
1885.65 17614.8
1884.91 17623.2
1885.28 17618.5
1886.48 17681.2
1886.24 17645.7
1886.29 17635.3
1885.26 17626
1885.38 17614.1
1885.8 17638.3
1885.89 17652.3
1887.98 17653.7
1887.35 17703.2
1887.73 17706.8
1887.3 17709.6
1887.19 17731.3
1888.96 17744.5
1888.8 17746.4
1888.8 17754.7
1888.44 17773.8
1891.38 17810.2
1891.29 17821.3
1890.65 17882.7
1890.42 17878.1
1890.32 17875.2
1889.57 17881.3
1886.73 17901.4
1887.74 17942.4
1887.72 17930.7
1887.71 17927.7
1887.53 17928.7
1889.85 17932.5
1890.72 17944.2
1890.06 17954.4
1890.59 17960.3
1890.56 17944
1891.41 17965.4
1891.97 17982.6
1891.77 18030.4
1891.94 17994.4
1892.06 17975.5
1891.35 17968.5
1891.45 17990.3
1891.03 17971.8
1891.3 17954.4
1891.74 17929.6
1891.26 17909.6
1890.49 17874.4
1889.91 17882.4
1892.42 17828.6
1889.17 17805.4
1888.85 17784.5
1888.9 17765.5
1889.24 17783.4
1889.29 17790.1
1889.57 17789.6
1889.75 17807.5
1889.96 17814.8
1889.97 17825.6
1890.52 17838.4
1890.57 17829.4
1890 17820.4
1890.11 17842.3
1889.71 17862.3
1889.66 17902.6
1889.4 17874
1890.74 17941.3
1890.58 17928.6
1891.09 17940.1
1892.08 17949.8
1891.58 17945.5
1891.58 17938.2
1891.05 17928
1891 17917.8
1890.99 17918.2
1890.25 17914.2
1890.83 17934.4
1890.51 17918.7
1890.56 17909.7
1890.66 17904.9
1890.51 17907.3
1890.18 17895.3
1890.12 17883.2
1882.3 17913.9
1882.33 17942.6
1882.36 17946.6
1882.36 17993.8
1882.12 17987.6
1882.17 17963.3
1882.51 17964.5
1885.15 17981.4
1884.96 17967.6
1884.88 17965.6
1882.22 17920.3
1881.45 17945.9
1881.87 17937.1
1882.2 17992.3
1882.76 17996.3
1882.53 17982.6
1882.71 17958
1883.34 17963.6
1879.84 17950.5
1879.74 17998.6
1879.8 17982.3
1880.68 18013
1880.48 17987.4
1880.13 17987
1879.84 17976.1
1879.28 17933.9
1879.64 17971.7
1879.78 17895.6
1879.63 17869.2
1879.54 17891.6
1880.15 17916.9
1878.93 17941.7
1879.57 17962.2
1879.57 17975
1879.18 17966.4
1878.45 17988.5
1878.31 17894.4
1878.08 17833.8
1878.61 17849.3
1878.41 17809.5
1878.13 17814
1877.97 17804.3
1875.26 17812.4
1875.72 17784.5
1877.05 17807.8
1877.33 17823.2
1877.36 17798.8
1877.57 17785.3
1877.82 17766.1
1878.19 17832.9
1868.66 17919.6
1868.66 17926.6
1868.41 17933.6
1868.75 17981.4
1868.57 18003.8
1868.46 18035.8
1868.41 18062
1868.34 18055.2
1868.48 18054.9
1865.49 18050.3
1866.6 18078.2
1866.52 18074.2
1866.83 18076.6
1867.56 18100.2
1868.77 18191.7
1869.22 18260.4
1869.03 18244.3
1869.04 18249.5
1868.94 18255.8
1869.49 18255.6
1869.36 18267.1
1870.94 18238.6
1870.75 18199.1
1870.77 18194.3
1871.09 18219.1
1872.27 18223.1
1872.52 18221.5
1872.55 18222.8
1872.36 18250.1
1873.02 18265.8
1873.16 18285.7
1873.37 18298.6
1873.31 18311.2
1876.33 18324.8
1876.49 18319
1876.74 18343.8
1876.47 18337.6
1876.56 18342.5
1876.07 18347.4
1876.11 18370.2
1876.08 18371.5
1876.6 18354.1
1875.15 18352.7
1875.15 18343
1873.95 18327.7
1874.86 18334.7
1875.23 18339.3
1876.34 18310.8
1876.42 18326.8
1876.29 18331.9
1876.22 18324.4
1876.86 18309.4
1877.11 18304.5
1878.89 18304.8
1873.62 18294.4
1873.87 18260.1
1873.94 18217.3
1873.58 18201.3
1873.68 18136.6
1876.27 18144.5
1876.22 18130.8
1875.79 18122.1
1875.91 18106
1876.05 18108.9
1876.02 18045.4
1876 18031.8
1875.83 18025.1
1875.74 18015.3
1876.08 18009.9
1877.22 18025.1
1877.29 18041.9
1877.32 18043.4
1877.39 18030.5
1876.08 17964.2
1876.18 17986.7
1876.38 17981.6
1876.62 17931.2
1876.21 17945.3
1876.31 17958.5
1876.49 17966.5
1876.43 17972.8
1876.41 17963.8
1876.4 17950.2
1876.38 17938.1
1876.52 17940.5
1874.28 17933
1875.88 17904.1
1875.67 17895.9
1875.38 17855.6
1875.93 17969.1
1876.92 18044.3
1875.6 18112.6
1874.81 18052.6
1875.14 18085.6
1875.16 18099.6
1875.84 18102.6
1878.63 18141.6
1878.78 18170.9
1879.08 18123.5
1879.01 18115.2
1878.95 18087.3
1879.55 18098.9
1879.53 18097.1
1879.61 18089.1
1880.41 18087.7
1881.92 18091
1881.72 18135.3
1881.4 18225.1
1880.99 18264.1
1881.86 18253.7
1881.82 18224.8
1880.35 18189.1
1880.05 18180.9
1879.94 18158.9
1879.92 18182.1
1879.84 18165.1
1880.56 18149.2
1879.62 18083
1880.19 18077.5
1880.93 18095.9
1880.85 18094.7
1880.88 18093.4
1880.88 18090.4
1883.08 18107.4
1882.44 18125
1882.65 18118.9
1882.23 18140.3
1880.59 18134.7
1881.26 18140.6
1881.35 18014.8
1881.39 17993
1881.4 18004.3
1880.17 18002.5
1881.18 18037.4
1880.92 18045.3
1880.97 18039.9
1880.61 18056.8
1880.61 18064.5
1880.5 18071.1
1880.53 18076.4
1880.54 18047.4
1880.54 18029.3
1880.31 18027.8
1880.25 18026.8
1879.94 18031.8
1880.31 18024.2
1879.96 18029.3
1876.6 18005.2
1876.61 18005.7
1876.61 18007.4
1876.63 18001.7
1876.6 18003.2
1876.5 18027.2
1876.45 18026.9
1875.73 18024.4
1876.62 18030.5
1876.84 18028.2
1877.27 18013.1
1877.67 18002.1
1877.06 18006.5
1877.48 18015.2
1877.34 17997.5
1876.45 18010.1
1876.56 17997
1876.45 18008
1876.39 18024.1
1876.28 18041.5
1875.72 18051.8
1875.38 18064.2
1876.36 18073.7
1875.78 18088.4
1874.89 18097.3
1874.82 18121.9
1874.18 18158.8
1874 18145.7
1871.92 18159.1
1871.9 18190.9
1871.86 18195
1872 18214.4
1871.51 18294.3
1872.91 18304.9
1872.89 18315.1
1873.91 18311.4
1877.08 18351.4
1877.39 18356.4
1877.32 18352.9
1877.29 18363.5
1877.2 18344.4
1876.61 18332.6
1876.16 18312.2
1876.16 18308.4
1876.13 18324.6
1875.98 18341.9
1876.09 18340.4
1876.41 18343.1
1873.75 18354.9
1873.67 18361.8
1873.59 18386.2
1873.14 18369
1873.15 18380.5
1873.13 18381.9
1873.34 18382.9
1873.69 18395.7
1873.58 18408.4
1873.56 18411.1
1873.25 18429.3
1871.24 18388.3
1871.1 18393.3
1870.19 18357.5
1870.18 18395
1870.27 18404.2
1870.27 18383.6
1870.44 18374.6
1870.3 18457.2
1870.37 18424.1
1870.75 18367.2
1870.8 18363.7
1871.09 18371.2
1871.35 18391.3
1871.21 18385.2
1871.25 18378.2
1870.68 18403.7
1870.6 18407.4
1870.89 18405.5
1871.59 18379.9
1871.64 18364.6
1872.04 18361.2
1872.05 18359
1872.14 18305.7
1872.62 18257.6
1872.73 18257
1872.8 18277
1872.7 18270.2
1873.7 18265.4
1873.64 18246.6
1872.87 18233.5
1871.28 18150.1
1871.12 18144.8
1871.06 18139.6
1870.94 18138.2
1870.94 18138
1870.88 18138.3
1870.43 18118.6
1869.9 18116.9
1869.95 18115
1869.99 18106.3
1869.94 18101.8
1869.05 18084.5
1869.08 18112.1
1867.9 18116.5
1867.93 18116.8
1867.71 18108.2
1867.72 18104.1
1868.08 18101.2
1867.94 18079.1
1867.86 18090.2
1868.18 18030.3
1868.1 18035.1
1867.3 18073.2
1867.23 18018.3
1867.74 18024.2
1867.43 18029.3
1867.31 18040.6
1867.54 18053.7
1867.13 18053
1867.18 18078.4
1866.24 18068.7
1866.62 18081.8
1866.56 18094
1866.6 18079.1
1866.26 18071.1
1866.8 18086.6
1866.32 18084.8
1867.33 18127.7
1866.84 18183
1866.33 18182.2
1866.62 18152
1866.82 18137
1866.9 18105.6
1867.37 18121
1868.29 18134.8
1869.72 18217.1
1871.59 18336.8
1871.52 18341.7
1871.21 18365
1871.1 18392.8
1871.1 18408.9
1871.23 18432.4
1871.26 18454
1868.64 18470
1868.66 18480.8
1868.62 18492.5
1868.2 18493.9
1867.06 18487.8
1867.49 18486.4
1867.53 18497.5
1867.66 18508
1868.7 18495.1
1868.32 18448.5
1869.15 18480.7
1868.33 18425.7
1868.39 18429.1
1869.63 18429.5
1868.66 18452.7
1868.78 18513.5
1868.8 18491.2
1869.01 18485.4
1869.75 18505.5
1869.66 18502.7
1869.32 18502.6
1869.3 18508.1
1869.09 18520.6
1869.49 18503.1
1869.42 18543.6
1869.22 18546.4
1868.97 18554.5
1868.81 18569.6
1868.84 18585.6
1868.82 18590
1868.29 18576.3
1867.96 18548.1
1867.99 18534.8
1869.38 18585.1
1869.36 18571.9
1869.52 18583.7
1869.53 18592.1
1869.48 18597.5
1869.91 18609.4
