337.355 5.58287
338.969 5.56036
369.255 5.55294
376.185 5.54848
380.516 5.5471
413.638 5.54573
508.979 14.3051
532.148 14.2244
550.708 14.1902
554.378 14.1792
565.958 14.1792
566.177 14.1792
583.076 14.1792
602.935 15.6871
613.946 15.6871
617.258 15.6871
617.499 15.6871
617.639 15.6871
619.881 15.6871
620.124 15.6871
639.862 15.6871
640.059 15.6871
647.107 15.6871
658.355 15.6871
668.59 15.6871
711.19 29.7731
711.599 27.9615
712.347 26.5491
716.478 25.9446
717.912 25.4747
745.35 23.4158
788.786 27.0757
807.742 57.5906
852.811 65.8961
863.186 64.3087
891.295 63.044
893.39 137.839
963.725 259.844
963.033 340.967
959.554 375.252
963.943 374.053
964.251 366.961
974.935 377.517
975.308 365.813
930.408 560.651
972.276 684.978
981.192 754.838
973.801 1166.4
987.768 1201.72
1010.93 1192.82
1008.08 1176.39
1013.33 1197.87
1014.72 1189.14
1072.91 1284.06
1107.34 1312.04
1120.9 1344.01
1099.19 1937
1130.83 2267.08
1130.9 2192.07
1131.07 2133.52
1134.65 2108.51
1133.04 2079.4
1139.66 2039.83
1120.69 2347.41
1133.85 2467.38
1120.54 2435.25
1122.23 2423.27
1124.12 2409.09
1114.09 2777.18
1139.65 2894.73
1142.75 3014.43
1142.6 3041.23
1156.25 3129.91
1149.2 3120.76
1149.05 3101.43
1176.28 3135
1173.5 3283.07
1173.05 3391.62
1174.46 3428.14
1173.11 3439.61
1179.7 3430.17
1185.51 3392.12
1185.7 3472.67
1189.99 3456.64
1204.07 3461.64
1201.23 3467.21
1198.02 3468.52
1195.83 3464.66
1212.71 3671.77
1212.97 3812.26
1201.78 3927.42
1202.5 4046.19
1203.59 4130.23
1228.71 4193.97
1235.48 4571.18
1239.35 4606.85
1240.09 4611.76
1239.86 4703.2
1272.29 4786.7
1271.84 4822.13
1269.57 4844.46
1273.91 4898.7
1270.6 4953.52
1265.7 4963.26
1265.94 5370.74
1288.17 5321.71
1277.78 5369.46
1281.91 5409.66
1272.14 5438.43
1268.85 5490.03
1271.38 5540.87
1277.09 5618.79
1281.96 5687.14
1282.14 5735.84
1266.35 5784.01
1256.56 5685.2
1253.56 5711.63
1253.28 5681.58
1253.32 5711.65
1240.71 5956.22
1240.1 5946.89
1237.23 6002.62
1231.86 6134.48
1231.75 6089.6
1233.91 6107.69
1233.27 6274.3
1310.29 7204.13
1318.52 7513.91
1318.21 7286.89
1320.38 7228.83
1320.11 7195.45
1312.06 7225.41
1319.71 7305.98
1320.91 7379.85
1321.23 7359.87
1323.17 7352.02
1323.48 7363.08
1347.08 7524.35
1335.69 7656.04
1335.36 7704.67
1343.41 7663.35
1341.67 7757.86
1338.75 8609.27
1339.04 8944.49
1337.96 8859.98
1362.78 9583.67
1364.05 9476.11
1325.99 9491.22
1326 9419.86
1328.32 9471.2
1328.08 9497.67
1331.04 9332.46
1328.64 9554.25
1330.38 9675.34
1334.74 9798.87
1335.32 9827.66
1345.86 9859.06
1343.04 9955.87
1344.31 9955.33
1344.7 9930.42
1345.04 9893.77
1346.69 9942.77
1346.73 9908.86
1347.63 9898.24
1349.28 9956.19
1352.1 9972.28
1352.1 10006.3
1351.43 10051
1349.83 9997.92
1350.08 9991.51
1349.88 9999.36
1353.39 10121.2
1353.17 10011.4
1353.31 10016.8
1358.42 9892.77
1357.55 10133.2
1346.62 9996.11
1352.35 10040.8
1352.34 9927.61
1353.79 9907.43
1353.74 9895.87
1351.35 9888.85
1355.82 9903.18
1355.38 9902.09
1355.75 9870.41
1355.76 9928.52
1348.61 9971.42
1348.86 9986.46
1347.72 9982.17
1347.08 10026
1353.37 10016.3
1353.44 10044.6
1353.49 9958.36
1353.95 9966.3
1356.46 10016.3
1364.08 10147.7
1363.62 10162.4
1365.42 10073.5
1364.46 9980.58
1365.91 9971.2
1365.94 9934.69
1363.53 9911.29
1366.48 9884.57
1363.52 9957.98
1363.77 9941.62
1363.04 9904
1363.27 9843.9
1363.2 9831
1367.56 9848.94
1367.66 9771.54
1367.53 9723.29
1362.11 9696.88
1362.32 9673.62
1350.83 9597.98
1350.64 9593.54
1349.13 9613.28
1352.37 9687.89
1352.47 9733.71
1350.89 9801.28
1350.98 9780.61
1351.94 9808.44
1351.14 9839.83
1349.41 9843.4
1350.67 9870.8
1350.9 9896.85
1350.94 9918.27
1356.85 10033.8
1356.99 10061.2
1358.93 10106
1359.44 10146.5
1360.16 10175.3
1359.97 10198.1
1359.92 10204.7
1358.38 10261.4
1357.31 10267.8
1357.26 10363.9
1357.24 10366.6
1358.31 10378.2
1359.7 10385.3
1363.56 10398
1364.33 10402.4
1364.44 10399.1
1364.71 10428.4
1364.7 10436
1362 10438.2
1363.09 10360.7
1361.01 10342.8
1359.73 10325.1
1359.97 10350.1
1357.11 10421.9
1357.61 10491.6
1358.52 10614.9
1362.5 10700.5
1358.58 10702.6
1359.88 10713.3
1359.95 10695.6
1360.05 10711.7
1360.06 10734.9
1362.51 10746.7
1362.96 10761.6
1363.11 10763.5
1363.9 10729.6
1364.67 10716.2
1365.8 10638.1
1369.9 10634.6
1369.58 10656.4
1369.56 10569.5
1369.39 10602.3
1375 10657.8
1375.42 10657.5
1375.43 10575
1375.95 10557.8
1375.38 10625.7
1375.29 10612.9
1374.81 10632.5
1375.28 10691.2
1374.03 10750.3
1373.48 10820.2
1373.55 10886.4
1379.55 10932.6
1379.61 10968.5
1378.84 10924.2
1379.65 10903.6
1379.27 10886.7
1380.26 10911.6
1380.12 10887.4
1381.14 10904.1
1380.96 10897.9
1381.3 10889.3
1381.64 10897.9
1377.03 10874.9
1376.19 10917.4
1376.99 10958.3
1377.29 11003.1
1376.14 10978.2
1378.17 11155.7
1378.49 11242.6
1380.04 11337.1
1380.21 11420.7
1381.24 11554.2
1382.23 11580.2
1382.14 11570.7
1382.4 11551.7
1382.34 11567.3
1379.2 11569.3
1379.78 11579.5
1380.72 11616.4
1379.1 11619.4
1380.51 11608.8
1380.93 11569
1382.86 11601.3
1381.92 11653.9
1383.29 11659.9
1384.02 11642.3
1381.2 11607.1
1381.2 11600.7
1380 11642.1
1378.31 11603.9
1378.33 11605.3
1376.64 11606.3
1375.74 11664.7
1377.03 11625.1
1380.81 11558.1
1380.3 11570.1
1381.07 11539.6
1381.01 11558.8
1380.53 11544.5
1381.07 11544
1383.41 11577.3
1379.25 11657.3
1378.44 11877.5
1378.29 11974.3
1378.16 12024.7
1378.78 12100.5
1378.69 12160
1379 12220.3
1379.02 12285.5
1375.77 12332.8
1375.27 12325.6
1376.27 12380.2
1376.64 12394.6
1376.86 12403.2
1375.99 12446.1
1375.31 12440.7
1375.45 12419.1
1376.35 12388.1
1376.54 12375.8
1373.11 12407.1
1373.94 12418.2
1374.67 12488.1
1374.41 12547.6
1376.62 12597.9
1376.52 12603.2
1376.14 12622.6
1375.33 12602.6
1375.25 12612.3
1375.36 12714.6
1375.51 12600.4
1376.05 12542.5
1375.55 12528
1375.63 12493.1
1372.99 12496.4
1372.83 12474.1
1372.61 12486.1
1372.9 12507.2
1369.96 12590.6
1369.38 12719.9
1369.44 12754.3
1364.89 12800.5
1364.99 12858
1364.94 12913.6
1365.34 12950.4
1365.05 12984.4
1369.68 12974.1
1369.26 12977.3
1368.6 13010.2
1367.49 13021
1368.72 13080.3
1368.59 13057.9
1368.9 13021.4
1370.33 12971.2
1370.02 12985.9
1370.13 12983.4
1370 12979.2
1371.57 12927.2
1370.63 12945.3
1371.03 12925.9
1371.12 12926.8
1370.41 12914
1370.55 12878.9
1370 12853.6
1371.77 12839.6
1371.11 12833.1
1369.05 12807.3
1370.24 12775
1370.94 12778.8
1370.93 12786.8
1370.9 12815.9
1370.93 12826.9
1371.15 12831.9
1371.57 12844.2
1376.27 12910.7
1376.89 12862.7
1377.2 12885.8
1378.09 12915.4
1378.18 12963.1
1378.31 12974.9
1379.17 12982.6
1378.52 12971.8
1378.66 12979.6
1378.89 12962.9
1378.85 12948.8
1378.86 12942.1
1378.34 12951.1
1378.25 12947.7
1377.61 12934.1
1377.14 12980.6
1376.75 13087.3
1376.17 13284.9
1376.6 13329.3
1376.37 13342.3
1376.12 13354.1
1376.08 13376.4
1375.9 13313.1
1375.58 13370.2
1375.52 13325.8
1375.57 13280.1
1372.79 13230.9
1372.76 13213.1
1372.76 13172.6
1373.63 13236.3
1373.84 13115.4
1375.17 13053.8
1374.72 12983.5
1373.67 12929
1372.14 12948
1372.88 13054.2
1372.73 13041.3
1372.73 13043.4
1372.64 13048.1
1372.84 13038.8
1372.93 13101.1
1373.14 13111.2
1373.24 13104.5
1373.23 13054.4
1372.76 13030.8
1372.81 13018.5
1372.68 12999.8
1368.93 13135.3
1368.92 13202.5
1368.92 13293.1
1368.9 13337.7
1371.6 13371.5
1371.33 13358.1
1372.19 13411.9
1372.36 13438.3
1374.82 13453.5
1374.88 13472.1
1373.72 13495
1373.9 13522.5
1373.02 13606.4
1372.8 13685.5
1372.98 13742.4
1372.14 13766
1372.9 13773.2
1372.85 13786.3
1372.6 13792.4
1372.31 13831.9
1373.15 13861.2
1369.06 13913.9
1367.61 13918.6
1367.82 13927.1
1368.11 13914.8
1368.95 13907.2
1368.98 13912.6
1368.65 13913.6
1368.43 13894.2
1368.41 13908.7
1370.41 13895.5
1369.79 13878.8
1369.56 13868.1
1369.99 13862.9
1370.01 13883.8
1369.49 13971.3
1370.19 13893.5
1370.31 13851.2
1368.28 13851.8
1368.2 13862.7
1366.6 13894.2
1366.39 13926.8
1366.1 13953.4
1366 13939.8
1368.38 13966
1369.25 13968.3
1369.44 13974.3
1369.4 13980.4
1369.54 13990
1369.53 13991.8
1369.4 14004.7
1369.39 14099.8
1369.79 14104.3
1369.07 14112
1367.83 14131.1
1367.24 14176.7
1367.34 14196.7
1367.42 14204.1
1367.05 14197.8
1366.8 14225.5
1366.61 14379.6
1367.24 14373.2
1367.25 14381.8
1367.77 14411.3
1366.09 14407
1366.63 14411.1
1357.98 14421.3
1358.25 14441.2
1357.49 14451.2
1357.45 14489.9
1357.13 14489.5
1358.74 14458.4
1358.7 14456.9
1356.23 14493.7
1360.66 14524.4
1362.82 14546
1363.55 14576.3
1363.52 14559.2
1363.49 14579.6
1367.09 14585
1367.12 14622.3
1367.21 14512.2
1367.27 14495.7
1368.39 14468.8
1371.18 14503.2
1370.84 14465
1370.51 14441.5
1370.55 14424.4
1371.58 14432
1370.97 14451.6
1371.04 14431.1
1371.27 14340.1
1371.07 14297.8
1369.35 14301.4
1369.48 14238
1369.19 14253.6
1368.97 14340.3
1368.01 14363.8
1368.64 14376
1367.05 14304.5
1367.11 14287.7
1360.79 14200.5
1361.66 14206.4
1361.81 14138.3
1361.81 14121.4
1362.45 14122.1
1362.42 14095.9
1362.48 14054.8
1362.49 14063.8
1362.43 14072.9
1362.55 14062.3
1363.16 14108.5
1363.33 14191.3
1364.61 14221.6
1364.65 14245.8
1365.48 14269.3
1365.29 14278.1
1365.23 14213.8
1364.86 14321
1364.38 14345.1
1364.53 14352.5
1364.77 14406.6
1365.03 14401.9
1364.87 14382.3
1364.15 14404
1357.74 14275.6
1358.1 14287
1357.77 14296.8
1358.13 14292.8
1358.23 14314.6
1358.86 14334
1358.45 14335.9
1359.94 14534.3
1358.93 14520.8
1359.7 14488.4
1359.11 14390.7
1359.23 14375
1359.63 14402.6
1359.36 14374.6
1359.25 14357.8
1359.25 14329
1359.64 14299.7
1359.59 14273.7
1359.61 14244.2
1359.92 14212.3
1360.01 14206.1
1358.67 14192.8
1358.11 14171.4
1358.13 14153.9
1358.06 14168.1
1357.97 14171.6
1358.57 14189.3
1357.71 14173.4
1355.9 14143
1355.64 14074.2
1355.58 14061.7
1355.47 14081.8
1355.05 14091.3
1354.57 14159.3
1354.57 14193.3
1355.11 14180.3
1353.31 14078.8
1353.23 14148
1353.46 14207.1
1353.63 14213
1353.87 14209.6
1352.75 14270.9
1352.8 14260
1352.76 14266.8
1352.05 14208
1351.09 14204.4
1350.99 14224.8
1351.11 14226.4
1351.07 14212.9
1346.38 14157.9
1346.09 14145.2
1347.75 14182.3
1348.05 14151.6
1348.29 14139
1348.25 14130
1349.68 14178.6
1349.58 14152.9
1348.86 14129.4
1349.2 14124.2
1348.18 14114.9
1347.81 14172.8
1347.6 14166.9
1347.61 14172.6
1347.84 14164.9
1347.59 14143.5
1347.64 14126.1
1347.53 14116.1
1346.09 14104.4
1346.25 14147.7
1345.97 14191.2
1345.74 14303.2
1345.25 14341.8
1345.27 14364.2
1344.96 14377.1
1345.48 14418
1345.69 14478.4
1345.72 14524
1346.43 14555.4
1346.25 14554.9
1346.25 14552.6
1346.69 14547.3
1346.25 14560.4
1345.96 14575.7
1345.44 14568.3
1345.35 14532.4
1345.05 14526.2
1345.06 14534.9
1345.16 14562.8
1345.02 14581.5
1346.27 14592.1
1345.73 14593.7
1340.78 14627.6
1341.38 14666.3
1340.17 14689.7
1340.63 14726.7
1340.48 14779.7
1340.37 14775
1339.8 14796.3
1338.44 14812.9
1337.74 14835.7
1337.69 14833.8
1337.31 14922.5
1335.28 15014.1
1335.55 14982.9
1332.92 15038
1333.25 15102.6
1332.78 15067.7
1332.75 15075.5
1334.09 15107.2
1335.7 15109.9
1335.87 15052.4
1335.71 14978
1335.71 14971.2
1335.28 14963.5
1334.97 14970.2
1337.14 14934.2
1337.11 14928.2
1336.58 14889.6
1335.16 14908.2
1336.37 14803.2
1336.23 14779.5
1335.45 14757.8
1334.66 14845.9
1334.87 14898.4
1334.85 14865.3
1335.3 15045.5
1335.08 15018.4
1335.23 14920
1334.56 14897.3
1334.6 14849.6
1334.48 14909.8
1335.23 14925.3
1335.76 14984.5
1336.27 14989.2
1335.69 14968.6
1336.18 14955.7
1335.82 14914.7
1335.93 14890.3
1335.13 14914.8
1335.35 14922.3
1334.49 14904.7
1334.44 14910
1334.75 14880.1
1335.12 14818.7
1335.96 14856.4
1335.79 14782.7
1335.78 14769.1
1335.63 14813.6
1335.59 14821.5
1335.31 14798.1
1334.2 14776.1
1334 14805.8
1334.08 14778.7
1334.48 14762.4
1334.9 14710.8
1335.8 14734.4
1335.8 14771.6
1336.33 14779
1336.77 14795.7
1336.27 14787.3
1336.21 14763.6
1335.59 14764.3
1335.61 14746.1
1335.89 14751
1336.24 14769.5
1336.37 14772.8
1336.45 14779.4
1335.25 14784.9
1335.19 14779.1
1334.09 14782.4
1334.09 14797
1333.16 14789.3
1333.06 14742.1
1332.92 14730.5
1333 14734.7
1326.5 15017.5
1326.06 15089
1328.34 15144
1327.98 15176.2
1328.4 15155.4
1328.24 14997.1
1328.83 15223.5
1328.7 15284.4
1327.57 15328.1
1327.63 15313.4
1328.19 15282.2
1330.52 15235.5
1330.51 15235.2
1330.52 15211.2
1330.49 15213.4
1330.19 15205.7
1330.15 15223.4
1330.35 15235.3
1329.98 15236.2
1330.27 15235.2
1330.18 15236.5
1330.32 15198.4
1329.95 15167.6
1330.06 15118.1
1328.55 15117.2
1327.08 15138.5
1326.97 15172.1
1326.64 15178.9
1326.4 15198.9
1324.18 15161.2
1324.63 15167.7
1324.67 15116
1325.03 15059.1
1325.2 15057.2
1325.48 15077.1
1325.46 15120
1324.24 15203.4
1324.31 15177.8
1324.14 15105.2
1324.12 15077
1324.39 15053.5
1324.19 15029.4
1324.51 14982.2
1324.8 14985.9
1325.59 14972.5
1326.2 14985.8
1325.85 14991.4
1326.5 15019.7
1326.7 15010.3
1327.48 15020.9
1327.84 15039.7
1327.82 15037.2
1327.97 15002.3
1327.96 15001.6
1326.37 15163.3
1331.29 15161.1
1331.05 15122.3
1330.82 15126.1
1330.76 15142.6
1330.73 15164.3
1331.54 15163
1330.35 15166.5
1330.35 15175.2
1330.37 15172.3
1330.93 15144.3
1331.17 15113.5
1331.65 15113.2
1331.63 15121.7
1332.49 15148.3
1332.49 15130.9
1332.72 15119.7
1334.23 15103.2
1334.2 15071.2
1334.05 15045.8
1334.53 15028.6
1334.41 14978.1
1334.13 14995.4
1333.44 15005.1
1333.36 15030.6
1334.02 15034.6
1334.8 15056.3
1335.85 15074.2
1339.48 15116.3
1338.98 15109.1
1338.41 15111.7
1338.71 15145.5
1338.84 15164
1339.44 15255.4
1339.35 15271.7
1338.76 15308.5
1337.88 15296.1
1337.56 15304.6
1337.74 15312
1337.74 15308.2
1337.81 15327.4
1337.8 15378.8
1337.81 15401.5
1337 15417.7
1337.07 15438.4
1337.34 15420.9
1337.24 15416.2
1336.62 15410.7
1337.69 15443.5
1337.77 15446.7
1338.05 15452.5
1337.86 15434.7
1337.84 15537
1337.61 15548.2
1337.3 15593
1337.46 15690.5
1336.64 15781.8
1336.45 15795.9
1336.46 15802.4
1337.38 15817.2
1337.78 15829
1335.46 15804
1336.01 15807.9
1336.29 15805.2
1336.29 15719.4
1344.66 15840.6
1344.06 15827.3
1344.06 15872.4
1344.15 15897.9
1344.16 15871.5
1344.42 15864
1343.74 15851
1343.72 15844.1
1343.84 15849.8
1345.61 15858.1
1346.19 15900.7
1346.24 15949.5
1345.99 15958.9
1346.27 15972.6
1346.58 15978.8
1346.82 15977.1
1347.66 15988.8
1347.83 15973.9
1347.82 15959.9
1346.93 15948
1346.91 15931.3
1346.53 15950.6
1346.59 15944.1
1345.99 15902.1
1346.33 15911.3
1346.38 15981.5
1346.9 16054.8
1347.32 16098.5
1347.03 16118.4
1347.1 16084
1346.36 16033.1
1346.47 15982.9
1346.48 15957.5
1346.74 15941.5
1347.89 15928.6
1346.54 15908.5
1348.79 15946.2
1348.55 15932.7
1349.01 15952.5
1347.96 15941
1347.26 15992.6
1347.34 15975
1347.37 16028.1
1351.59 16084
1351.5 16115.2
1352.19 16125.1
1352.47 16110.9
1352.56 16141.2
1350.89 16147.1
1351.93 16096.9
1351.24 16106.9
1351.14 16100.4
1352.64 16161.8
1351.36 16112.5
1351.39 16067.9
1351.44 16009.6
1352.54 15984.2
1353.56 15966.3
1354.1 15944.1
1354.31 15904
1354.17 15892.8
1353.92 15899.1
1356.79 15910
1357.05 15918.6
1356.91 15910.2
1356.71 15889.8
1356.72 15886.7
1355.73 15893.3
1355.9 15912.1
1355.94 15949.7
1355.92 15981.5
1356.19 16003.6
1356.19 16004.2
1355.88 16033.1
1355.32 16043.4
1355.33 16043
1355.47 16038.4
1355.4 16068.6
1354.84 16069
1354.82 16095.9
1354.47 16093
1353.8 16075
1353.44 15998.1
1354.09 16039
1355.74 15956.4
1356.95 15880.3
1357.18 15859
1357.41 15810.9
1357.5 15783.9
1357.24 15797.5
1357.24 15778
1357.16 15745.3
1357.09 15714.6
1357.4 15716.1
1357.22 15719.6
1357.92 15737.4
1357.95 15732.6
1355.22 15767.5
1355.41 15790.5
1355.41 15801.5
1357.99 15827.1
1358.22 15793.7
1358.34 15794.7
1358.78 15809.5
1359.18 15819.6
1358.88 15741.6
1358.87 15725.5
1358.77 15731.2
1358.64 15733.4
1358.44 15753.3
1359.12 15757.3
1359.44 15780.8
1361.13 15801.5
1360.66 15804.9
1360.35 15859.1
1359.5 15893.6
1359.38 15935
1360.67 15881.3
1359.85 15930.2
1360.54 15968.4
1362.47 15973.8
1362.37 15928.8
1362.52 15931.4
1362.19 15963
1362.29 15992.7
1362.31 15999.2
1363.05 16008.7
1363.06 16011.5
1362.98 15985.8
1362.69 15980.1
1363.08 15985.1
1362.88 16024.9
