386.331 25.5169
582.15 41.0178
645.377 47.9188
668.525 47.5682
789.358 68.6718
789.4 67.3664
790.857 66.878
792.062 66.6136
860.37 71.479
861.149 71.3149
861.149 71.2338
916.582 80.1916
918.518 79.0279
929.299 78.988
930.841 78.9482
972.406 92.6489
1027.14 101.141
1069.82 114.54
1072.16 117.381
1075.24 122.053
1111.78 127.594
1106.92 128.189
1120.89 129.99
1114.75 135.791
1134.54 145.467
1134.63 146.493
1137.45 144.812
1153.68 142.223
1201.81 164.753
1198.59 170.097
1210.38 230.665
1226.26 276.914
1259.54 333.414
1263.79 346.837
1274.11 351.493
1272.49 447.52
1352.57 928.577
1352.6 610.972
1361.03 612.593
1381.67 610.966
1382.74 615.613
1386.41 641.933
1387.65 636.173
1420.36 663.311
1422.44 675.56
1446.53 730.408
1452.55 734.944
1454.4 719.169
1463.38 777.644
1485.55 762.787
1505.09 809.52
1506.37 810.655
1500.89 775.712
1508.95 790.742
1497.73 1473.89
1497.1 1515.71
1563.15 1522.2
1578.89 1630.64
1582.39 1446.46
1582.52 1375.65
1582.28 1323.55
1582.92 1289.37
1585.43 1298.06
1595.57 1202.59
1595.65 1172.16
1598.72 1197.01
1597.75 1234.92
1608.52 1267.73
1606.24 1196.13
1654.49 1169.23
1654.01 1313.36
1654.75 1331.07
1653.22 1245.03
1661.04 1277.66
1673.48 1276.62
1682.98 1399.91
1695.73 1381.23
1698.16 1334.02
1713.87 1410.71
1728.79 1424.15
1732.01 1438.68
1730.34 1454.48
1725.61 1512.74
1706.09 1532.48
1708.23 1569.44
1720.91 1639.02
1741.51 1854.98
1741.88 1915.64
1743.1 1923.05
1743.08 1922.82
1743.38 1894.42
1744.62 1875.44
1745.34 1864.01
1742.27 1853.69
1748.86 2155.49
1749.4 2141.26
1748.99 2182.57
1759.25 2187.05
1757.77 2203.79
1777.56 2238.65
1771.49 2209.84
1768.13 2376.21
1765.35 2398.1
1780.74 2399.44
1782.04 2455.73
1782.11 2483
1754.76 2526.9
1754.84 2606.74
1755.11 2655.28
1763.68 2652.35
1763.67 2630.63
1762.13 2595.76
1765.33 2646.99
1763.54 2678.57
1767.65 2728.57
1768.39 2709.72
1776.5 2710.21
1775.14 2714.9
1774.08 2709.05
1773.56 2667.71
1771.59 2714.78
1771.24 2723.83
1770.64 2674.19
1774.58 2748.09
1780.54 2854.24
1781.57 2953.46
1785.4 3169.78
1794 3286.41
1795.72 3392.82
1796.66 3382.14
1795.81 3287.95
1795.53 3214.2
1795.52 3173.16
1799.89 3164.97
1801.46 3097
1800.77 3073.47
1799.97 3102.54
1801.51 3148.49
1802.84 3215.93
1802.69 3228.85
1802.02 3220.48
1802.79 3212.62
1786.62 3305.96
1782.53 3315.48
1780.84 3335.12
1794.15 3573.94
1794.45 3520.47
1790.94 3457.44
1791.77 3450.04
1791.48 3421.97
1792.57 3384.47
1791.32 3258.48
1789.7 3423.79
1788.91 3431.72
1789.43 3415
1789.88 3400.73
1789.51 3376.63
1789.34 3401.9
1789.21 3384.06
1786.9 3382.43
1786.9 3395.43
1787.03 3397.56
1787.19 3394.29
1786.75 3388.49
1785.99 3367.19
1791.74 3368.45
1788.52 3370.94
1788.27 3375.7
1789.67 3363.25
1787.93 3352.32
1788.07 3356.28
1788.36 3344.43
1787.22 3335.1
1787.19 3319.42
1787.02 3387.35
1787.24 3376.06
1787.03 3361.48
1787.13 3358.25
1786.31 3303.73
1787.7 3289.5
1787.11 3309.76
1785.87 3265.42
1785.77 3202.51
1782.14 3169.97
1782.14 3147.29
1782.14 3126.64
1783.98 3178.37
1784.76 3143.29
1784.67 3082.13
1783.77 3069.71
1783.76 3070.88
1784.04 3065.95
1784.04 3056.41
1783.23 3041.33
1782.98 3050.34
1783.28 3052.58
1782.34 3023.7
1781.55 3006.93
1781.45 3026.29
1781.84 3059.81
1775.06 3139.7
1774.76 3262.22
1775.12 3290.48
1775.63 3302.97
1777.14 3282.63
1777.34 3258.81
1782.53 3355.04
1786.41 3389.7
1784.24 3415.5
1784.32 3428.57
1783.1 3417.3
1786.45 3403.42
1778.92 3587.15
1776.63 3549.47
1776.65 3509.97
1776.97 3473.77
1776.06 3434
1775.02 3388
1774.49 3404.56
1775.26 3362.53
1775.31 3350.75
1775.93 3334.02
1772.59 3332.41
1774.04 3361.09
1775.36 3410.42
1776.03 3454.72
1775.59 3514.36
1773.84 3558.7
1773.23 3567.03
1771.85 3587.93
1769 3598.31
1767.9 3691.79
1768.02 3744.85
1769.7 3765.75
1768.53 3796.23
1768.91 3792.69
1768.24 3757.41
1768.66 3760.82
1766.86 3805.24
1766.61 3820.91
1767.77 3831.31
1767.76 3830.29
1768.24 3831.17
1766.16 3875.96
1766.08 3869.42
1765.99 3854.75
1765.51 3828.42
1764.25 3845.52
1764.52 3855.38
1761.8 3885.62
1761.49 3887.46
1761.6 3921.16
1760.86 3914.97
1759.68 3899.13
1759.96 3888.99
1759.1 3876.12
1758.52 3846.81
1758.76 3812.56
1759.21 3775.18
1755.84 3796.52
1756.07 3791.85
1756 3789.24
1755.9 3799.32
1755.63 3773.03
1760.12 3793.49
1760.06 3845.76
1755.51 3879.27
1755.35 3862.68
1755.14 3855.59
1755.59 3852.49
1755.22 3835.51
1755.11 3836.59
1754.56 3852.75
1754.46 3861.57
1754.5 3850.12
1754.75 3851.85
1756.84 3883.66
1756.56 3915.66
1757.07 3905.17
1758.33 3890.83
1758.88 3878.8
1759.7 3780.1
1759.02 3777.77
1758.98 3790.81
1756.38 3817.33
1755.7 3833.72
1754.03 3878.61
1754.13 3908.12
1753.85 3906.17
1753.83 3896.13
1755.53 3898.35
1754.97 3895.16
1754.76 3922.81
1754.88 3924.76
1757.87 3924.8
1757.98 3912.53
1758.26 3902.21
1758.15 3853.34
1756.8 3865.15
1757.54 3863.04
1757.94 3852.82
1755.84 3821.35
1756.36 3784.32
1755.69 3757.39
1755.95 3912.58
1756.19 3961.44
1757.04 3977.21
1757.07 3976.84
1757.1 3965.03
1756.46 3976.46
1757.56 3964.62
1757.31 4070.79
1757.28 4069.1
1756.27 4065.12
1752.01 4122.24
1752.04 4179.94
1752.09 4196.45
1750.7 4220.39
1752.51 4224.67
1752.85 4208.46
1752.97 4122.91
1753.58 4109.54
1754.89 4177.57
1755.19 4209.17
1754.46 4204.17
1754.46 4202.04
1754.38 4183.28
1754.49 4214.67
1754.48 4216.75
1754.46 4228.57
1755.97 4368.29
1755.95 4396.68
1757.28 4400.7
1757.59 4399.75
1757.6 4390.86
1757.75 4380.98
1758.72 4400.36
1755.67 4443.74
1756.91 4489.64
1756.67 4502.47
1756.68 4502.46
1756.78 4415.33
1754.87 4351.22
1751.89 4368.33
1751.98 4343.7
1752.16 4289.59
1752.02 4298.32
1751.77 4344.47
1751.19 4369.43
1752.95 4349.71
1755.48 4437.22
1758.04 4493.2
1757.65 4581.6
1758.18 4545.43
1758.13 4541.41
1758.47 4561.4
1757.7 4590.02
1759.69 4555.1
1759.31 4513.88
1759.32 4488.86
1759.65 4479.47
1759.67 4469.26
1759.89 4477.57
1761.36 4490.61
1757.82 4521.7
1757.73 4535.59
1758.26 4521.32
1758.28 4539.44
1759 4562.74
1758.98 4564.24
1760.67 4538.29
1761.17 4544.98
1761.38 4559.4
1762.02 4583.41
1761.98 4582.23
1761.84 4576.7
1761.94 4575.8
1761.94 4581.43
1762.27 4575.02
1762.27 4572.94
1760.68 4601.45
1761.7 4587.89
1762.01 4567.5
1762.27 4535.18
1762.22 4500.34
1762.35 4480.58
1765.85 4479.35
1766.1 4511.21
1766.15 4555.25
1766.07 4591.99
1766.53 4629.87
1766.22 4635.89
1766.04 4669.92
1766.71 4515.13
1766.02 4528.57
1765.76 4557.42
1765.65 4583.59
1766.11 4628.7
1766.69 4652.01
1767.54 4652.52
1764.98 4659.51
1764.93 4644.1
1764.93 4641.66
1765.35 4639.14
1765.48 4634.47
1765.35 4634.76
1764.51 4629.48
1764.49 4626.29
1764.77 4627.04
1766.69 4707.9
1765.77 4681.28
1764.88 4655.7
1764.84 4646.54
1765.64 4626.95
1765.71 4610.8
1765.36 4606.03
1771.56 4604.93
1772.19 4641.22
1772.12 4646.5
1772.16 4643.4
1770.62 4656.97
1770.45 4661.63
1771.2 4679.09
1771.5 4687.36
1771.87 4687.75
1771.86 4677.21
1771.64 4681.78
1771.76 4684.73
1772.65 4680.42
1772.63 4663.8
1772.49 4645.17
1771.96 4614.69
1771.22 4616.68
1770.29 4588.78
1770.99 4544.64
1770.79 4522.17
1770.62 4517.92
1770.48 4506.28
1770.92 4510.73
1770.51 4518.42
1770.45 4516.43
1772 4539.64
1772.03 4510.9
1772.08 4491.11
1772.22 4458.98
1771.42 4533.8
1771.4 4524.65
1771.33 4484.91
1771.27 4479.37
1772.06 4470.76
1773.03 4465.23
1772.44 4467.48
1772.8 4467.41
1772.75 4466.51
1771.6 4475.88
1771.54 4483.47
1770.77 4494.59
1770.75 4490.25
1771.09 4448.1
1770.9 4448.78
1770.9 4462.93
1771.65 4441.71
1771.2 4456.06
1771.39 4390.79
1770.98 4410.75
1770.53 4429.68
1770.54 4442.47
1770.14 4448.13
1770.57 4451.94
1769.94 4471.7
1768.87 4494.99
1769.38 4501.48
1769.64 4507.3
1767.14 4534.45
1767.62 4564.47
1767.59 4582.53
1767.65 4582.44
1767.35 4560.31
1767.7 4552.62
1767.42 4574.33
1767.19 4590.75
1767.84 4595.28
1767.42 4600.19
1766.98 4606.06
1767.54 4586.85
1768.35 4584.71
1768.08 4591.04
1767.88 4585.5
1767.67 4534.87
1767.81 4482.35
1767.56 4463.81
1767.72 4462.41
1770.62 4458.83
1770.32 4464.42
1769.57 4453.04
1769.95 4457.23
1774.65 4550.05
1774.75 4577.47
1775.18 4576.59
1775.28 4590.51
1775.58 4601.58
1776.76 4618.87
1776.03 4609.09
1776.01 4618.01
1775.76 4662.21
1775.74 4685.54
1775.66 4705.36
1775.58 4705.71
1776.6 4791.93
1776.06 4806.53
1776.14 4816.04
1776.4 4819.02
1776.18 4844.17
1777 4839.99
1776.47 4832.52
1776 4825.8
1776.38 4853.9
1775.77 4870.35
1776.43 4882.12
1776.48 4893.34
1776.04 5040.13
1775.94 5010.8
1776.65 5005.45
1776.82 4991.64
1776.43 4974.94
1777.53 4924.97
1777.01 4911.89
1777.11 4924.58
1776.83 4930.45
1776.83 4935.81
1776.89 4927.89
1776.31 4930.48
1776.45 4918.6
1776.43 4910.39
1777.14 4894.05
1777.1 4888.87
1777.99 4905.59
1778.09 4911.42
1779.05 4890.3
1779.07 4899.68
1779.04 4911.71
1779.06 4916.65
1779.19 4911.81
1779.16 4915.63
1780.71 4914.27
1780.5 4918.82
1780.55 4923.54
1780.23 4941.71
1780.31 4951.05
1780.5 4963.4
1780.21 4977.03
1780.05 4977.61
1781.08 4964.87
1780.59 4965.11
1779.51 4998.48
1779.54 4995.15
1779.14 5013.45
1777.79 5018.72
1777.79 5015.91
1780.9 5041.62
1780.93 5094.07
1781.06 5112.42
1781.12 5112.7
1781.37 5114.5
1781.35 5106.61
1781.38 5069.38
1781.45 5016.31
1781.67 5020.92
1780.55 5017.38
1780.57 5007.22
1779.57 4997.55
1778.73 4997.11
1778.73 4999.81
1778.57 4999.48
1780.56 4971.63
1780.64 4974.66
1781.18 4974.5
1781.32 4970.43
1780.9 4965.84
1780.45 4899.45
1781.47 4945.35
1781.46 4923.71
1781.35 4937.34
1781.35 4945.47
1794.68 4978.38
1794.67 4969.46
1793.44 4978.44
1793.53 4989.29
1794.69 4986.74
1797.39 5011.41
1796.66 5029.16
1797.7 5025.39
1796.86 5030.9
1797.03 5051.79
1797.06 5045.63
1797.14 5060.8
1797.29 5071.81
1796.65 5059.01
1796.52 5043.09
1797.48 5058.42
1797.6 5077
1797.37 5079.32
1796.7 5086.71
1798.85 5142.25
1798.9 5164.02
1798.52 5141.62
1798.39 5136.04
1798.42 5133.17
1798.55 5131.24
1798.6 5132.41
1799.8 5139.72
1799.28 5149.7
1799.48 5192.51
1799.71 5192.31
1799.93 5208.25
1799.6 5211.75
1799.49 5212.4
1799.65 5212.42
1800.95 5184.72
1801.07 5145.47
1802.15 5148.91
1802.18 5141.69
1802.23 5119.27
1801.87 5110.3
1802.22 5115.44
1802.6 5109.28
1801.97 5096.38
1801.58 5093.59
1803.53 5139.51
1803.51 5155.17
1803.68 5163.28
1803.85 5161.76
1804.46 5149.57
1805.06 5143.71
1805.17 5160.11
1805.48 5140
1806.03 5086.38
1806.68 5051.87
1806.72 5037.07
1806.3 5038.9
1807.19 5038.75
1806.74 5061.77
1806.75 5068.87
1806.9 5082.28
1806.41 5098.81
1805.68 5119.29
1807.32 5163.44
1807.04 5190.73
1806.84 5215.26
1807.03 5229.81
1807.13 5242.89
1806.62 5291.82
1807.25 5281.06
1806.46 5300.02
1807.07 5323.59
1807.18 5363.65
1807.21 5384.5
1807.16 5394.24
1807.41 5406.68
1808.53 5391.23
1808.54 5393.05
1808.43 5399.29
1808.44 5405.22
1808.25 5415.36
1808.25 5416.92
1809.66 5434.85
1809.65 5437.48
1809.56 5443.25
1809.75 5426.3
1809.16 5424.63
1809.18 5407.82
1809.53 5404.16
1809.31 5404.83
1809.39 5401.68
1809.16 5403.56
1810.3 5431.73
1810.68 5427.57
1810.86 5410.81
1810.47 5385.6
1810.35 5373.06
1810.25 5350.89
1808.78 5347.76
1807.94 5370.26
1807.81 5376.95
1807.94 5367.56
1807.54 5362.61
1807.12 5356.93
1809.13 5387.48
1809.69 5361.78
1809.38 5329.43
1810.12 5327.61
1811.32 5341.7
1812.43 5358.7
1813.57 5410.72
1815.31 5404.64
1815.28 5396.52
1815.42 5398.89
1815.41 5389.78
1815.68 5384.64
1814.37 5403.09
1814.89 5422.72
1815.27 5431.11
1815.1 5429.28
1815.22 5421.9
1813.21 5462.28
1813.24 5449.33
1814.52 5465.29
1814.39 5476.91
1814.36 5489.08
1814.31 5490.91
1814.85 5509.66
1814.71 5531.93
1814.39 5528.03
1813.25 5590.93
1813.25 5633.98
1813.02 5647.82
1815.23 5652.81
1814.85 5657.86
1815.24 5651.65
1814.85 5608.51
1815.05 5600.94
1815.06 5590.62
1815.73 5575.47
1815.74 5460.98
1815.98 5450.25
1815.99 5437.39
1816.54 5409.69
1819.77 5401.34
1820.74 5439.22
1820.75 5483.17
1820.78 5489.12
1820.57 5504.71
1820.42 5506.36
1821.18 5495.06
1821.79 5512.03
1821.05 5528.41
1821.06 5562.16
1820.66 5572.62
1820.66 5583.03
1821.47 5584.91
1822.16 5599.78
1821.46 5602.18
1821.18 5605.09
1821.09 5614.23
1819.95 5622.93
1819.21 5627.29
1819.21 5608.02
1819.3 5602.42
1819.3 5608.06
1819.27 5614.5
1819.58 5625.92
1820.31 5628.29
1820.57 5639.95
1820.52 5631.33
1820.78 5575.65
1820.91 5559.37
1821.21 5532.2
1821.51 5577.93
1821.49 5503.36
1821.46 5494.55
1820.88 5521.21
1819.26 5498.02
1817.43 5504.05
1817.58 5459.16
1818.16 5423.77
1817.91 5408.44
1818 5403.37
1817.99 5395.36
1817.54 5351.93
1817.19 5329.26
1817.18 5317.35
1817.09 5316.37
1821.04 5453.37
1822 5439.68
1821.58 5445.7
1822.19 5494.97
1822.24 5505.21
1822.25 5494.8
1821.87 5497.83
1821.79 5492.75
1821.75 5583.52
1821.79 5588.81
1821.82 5596.12
1821.41 5609.35
1821.44 5609.95
1821.33 5608.1
1820.3 5558
1820.04 5568.65
1820.23 5575.69
1820.19 5572.31
1820.26 5578.89
1820.18 5604.07
1820.19 5600.95
1820.49 5586.07
1820.11 5575.37
1820.4 5566.27
1820.37 5560.82
1820.59 5561.77
1821.63 5569.04
1822.51 5562.39
1822.61 5560.47
1821.75 5597.18
1821.14 5607.49
1821.27 5613.66
1821.29 5609.84
1819.79 5619.59
1820.32 5623.26
1819.73 5636.56
1819.73 5661.75
1819.55 5667.95
1819.43 5677.16
1819.94 5671.22
1819.81 5648.14
1819.83 5659.79
1820.07 5660.23
1820.21 5660.43
1820.97 5644.95
1821.14 5637.14
1821.57 5632.47
1822.62 5665.54
1824.51 5643.16
1824.44 5643.57
1824.76 5628.75
1824.82 5607.99
1823.06 5541.25
1823.09 5571.66
1824.67 5564.72
1824.74 5581.98
1824.94 5566.55
1824.7 5550.22
1824.7 5546.58
1824.68 5553.79
1824.3 5574.34
1824.26 5578.19
1824.52 5573.2
1824.54 5575.9
1824.88 5569.78
1824.86 5563.17
1824.85 5557.2
1823.27 5544.32
1824.38 5553.43
1824.35 5542.03
1824.47 5497.82
1824.35 5474.26
1824.45 5464.64
1824.18 5457.83
1823.44 5462.82
1823.89 5451.82
1824.61 5492.65
1823.98 5473.16
1823.88 5479.43
1823.9 5502.38
1823.83 5512.05
1824.85 5523.75
1824.81 5532.38
1823.24 5526.75
1823.19 5540.06
1823.26 5544.18
1821.57 5533.87
1821.4 5571.03
1821.43 5605.21
1821.42 5626.69
1821.35 5646.48
1821.45 5656.99
1822.68 5654.51
1822.84 5668.03
1822.44 5659.81
1822.73 5658.34
1822.61 5662.19
1822.61 5665.81
1822.47 5662.25
1822.14 5672.46
1822.28 5671.59
1821.75 5683.94
1820.72 5704.77
1820.87 5707.97
1820.54 5700.85
1820.43 5700.41
1820.32 5707.23
1820.36 5710.95
1820.55 5771.82
1820.56 5766.42
1820.09 5767.59
1820.03 5769.51
1819.7 5776.35
1819.7 5780.51
1819.49 5795.2
1819.31 5790.7
1819.31 5790.71
1819.49 5791.32
1819.45 5743.04
1820.57 5762.57
1820.44 5779.72
1820.32 5793.73
1820.28 5789.34
1820.48 5826.59
1820.53 5830.26
1820.49 5828.7
1819.92 5827.17
1819.68 5820.72
1819.58 5820.31
1819.74 5825.89
1819.91 5826.34
1819.6 5858.72
1818.54 5879.71
1818.16 5894.82
1817.31 5883.71
1817.26 5887.8
1817.53 5928.45
1817.5 5940.54
1817.62 5965.83
1817.79 5938
1817.75 5943.37
1817.62 5939.47
1817.6 5941.37
1817.94 5940.7
1817.87 5986.74
1818.58 5996.87
1819.62 6007.65
1819.24 6003.69
1819.31 5988.63
1819.55 5993.43
1819.54 5968.22
1820.13 5958.21
1819.74 5970.44
1819.47 5972.39
1822.46 5968.57
1824.42 5986.16
1824.42 6035.21
1823.75 6044.74
1823.75 6060.01
1823.86 6078.14
1823.84 6096.42
1823.8 6109.08
1824.14 6118.22
1824.29 6140.96
1824.31 6157.32
1824.27 6170.42
1824.11 6179.51
1822.72 6171.58
1822.01 6109.06
1822.43 6091.16
1822.49 6098.3
1821.08 6121.39
1821.23 6128.19
1820.69 6097.55
1821.36 6103.3
1821.66 6149.39
1821.59 6145.37
1820.78 6155.39
1820.98 6162.74
1821.33 6290.17
1821.27 6333.21
1821.71 6321.02
1822.18 6320.58
1822.22 6298.93
1822.69 6336.22
1822.91 6298
1822.91 6322.18
1823.95 6310.41
1823.95 6312.19
1822.11 6306.54
1822.1 6303.63
1822.1 6308.2
1822.69 6302.08
1822.67 6314.43
1823.38 6306.66
1825.53 6269.22
1825.53 6263.17
1825.58 6254.5
1825.79 6239.05
1825.89 6230.91
1825.82 6238.91
1825.82 6243.69
1825.6 6231.65
1825.29 6239.15
1825.11 6271.73
1825.33 6240.56
1825.72 6238.73
1825.02 6271.37
1824.84 6278.59
1824.69 6299.55
1825.46 6282.12
1825.16 6273.13
1825.2 6263.74
1825.11 6258.74
1824.87 6244.65
1825.52 6248.66
1825.58 6251.3
1825.34 6262.24
1821.85 6327.37
1821.88 6374.87
1821.97 6376.77
1821.98 6364.68
1821.67 6353.16
1822.61 6375.88
1821.87 6366.13
1821.5 6345.98
1820.46 6334.5
