195.187 0
289.717 0
583.066 21.3407
584.594 19.4363
596.913 18.3243
604.166 18.0309
606.133 17.9359
616.141 17.8806
655.811 17.8528
659.657 17.8251
684.622 17.7973
685.502 17.7695
686.884 17.7417
687.69 17.7267
705.73 17.7267
706.673 17.7267
734.276 17.7267
746.045 17.7267
822.916 29.9461
829.968 29.5235
830.196 29.389
841.623 29.7674
844.114 46.2189
868.41 57.5316
885.277 398.883
881.083 434.487
884.107 393.635
898.267 391.977
898.354 389.755
899.258 387.774
920.204 384.339
936.551 382.389
934.359 387.583
943.592 421.208
956.208 443.281
956.426 451.425
958.388 454.944
947.222 475.226
1009.55 520.002
1005.85 628.67
1013.38 700.877
1022.03 801.49
1052.42 838.31
1072.16 921.742
1085.05 995.544
1086.73 1039.58
1082.31 1066.04
1090.6 1090.97
1091.68 1110.97
1114.93 1124.75
1131.12 1138.03
1129.95 1148.12
1136.33 1150.31
1138.45 1148.65
1139.03 1146.19
1131.16 1185.01
1134.37 1193.43
1113.48 1232.6
1114.14 1339.73
1158.11 1630.84
1159.07 1865.81
1160.68 1988.94
1159.34 1970.55
1166.52 1965.87
1166.91 2010.88
1168.11 2037.36
1176.59 2056.98
1175.82 2076.49
1177.6 2091.03
1176.93 2110.85
1184.53 2135.35
1181.56 2148.22
1182.76 2149.21
1184.11 2163.28
1184.62 2166.06
1186.83 2165.24
1183.02 2200.72
1184.63 2242.73
1178.93 2297.48
1195.38 2523.52
1230.52 2639.12
1237.29 3090.91
1235.67 3305.66
1234.48 3311.29
1245.38 3331.7
1245.41 3230.7
1248.83 3198.48
1240.17 3394.96
1240.21 3507.44
1241.92 3572.19
1239.6 3659.39
1236.67 3845.88
1239 3851.61
1238.43 4078.24
1239.93 3922.66
1240.56 3856.83
1239.72 3828.59
1244.08 3850.7
1272.07 3893.71
1267.95 3913.83
1265.91 3939.19
1259.28 4068.87
1264.87 4186.55
1265.05 4286.04
1279.82 4409.74
1281.5 4451.7
1283.17 4691.28
1283.13 4774.92
1292.57 4771.46
1298.86 4730.94
1298.13 4721.09
1297 4738.8
1269.43 4828.15
1271.67 4946.14
1276.1 4914.14
1266.98 4998.73
1265.45 5012.93
1269.45 4935.15
1270.75 4976.06
1270.23 5037.44
1312.04 5091.15
1309.44 5134.26
1310.87 5104.43
1310.63 5097.36
1307.04 5101.1
1304.07 4997.9
1303.8 4989.77
1303.61 4987.47
1303.86 4934.95
1304.32 4762.29
1302.86 4717.21
1302.76 4684.99
1305.33 4721.06
1306.52 4781.35
1305.86 4857.64
1303.36 4749.11
1303.27 4692.32
1317.64 4825.63
1329.6 4957.07
1329.86 5001.67
1329.78 4991.39
1331.46 5081.15
1330.78 5140.38
1332.63 5174.59
1333.57 5226.25
1333.76 5185.94
1341.21 5135.66
1340.71 5104.46
1340.53 5111.37
1345.85 5098.6
1348.1 5101.03
1349.44 5110.66
1346.13 5146.05
1346.66 5156.26
1353.92 5169.92
1353.92 5142.67
1353.91 5128.18
1355.2 5118.14
1350.56 5168.68
1348.65 5181.18
1349.32 5174.84
1353.22 5125.94
1346.93 5141.34
1348.11 5147.23
1349 5187.72
1350.53 5161.27
1351.24 5532.76
1346.89 5401.24
1350.03 5306.17
1352.95 5223.03
1353.55 5148.47
1367.56 5352.13
1366.01 5851.57
1374.48 5933.06
1378.2 5703.99
1378.71 5661.42
1378.75 5638.45
1379.94 5608.84
1376.84 5581.1
1387.87 5601.19
1387.2 5636.24
1387.19 5511.81
1387.8 5456.03
1387.27 5505.42
1388.05 5546.93
1375.24 5570.08
1373.17 5677.25
1374.02 5849.97
1376.88 6095.47
1378.32 6148.35
1380.72 6129.32
1379.86 6202.49
1379.87 6231.55
1377.18 6297.17
1377.71 6350.99
1378.25 6398.63
1377.43 6674.21
1377.48 6734.9
1378.16 6742.78
1376.88 6782.27
1377.01 6792.63
1375.93 6762.83
1375.92 6716.07
1374.93 6668.77
1384.24 7637.78
1381 9311.05
1379.45 8229.47
1381.29 7695.93
1381.78 6916.56
1382.15 6420.51
1382.3 6383.01
1382.36 6324.68
1381.69 6231.5
1381.67 6197.73
1381.03 6195.83
1387.96 6244.08
1387.86 6329.62
1388.77 6389.8
1388.71 6396.15
1387.73 6468.46
1387.57 6474.26
1386.39 6462.2
1385.92 6465.05
1387.41 6435.31
1391.44 6403.98
1394.24 6367.12
1394.52 6387.77
1394.89 6429.41
1394.77 6442.28
1395.28 6443.97
1395.54 6476.19
1394.54 6479.82
1391.6 6479.62
1387.08 6547.23
1388.09 6559.38
1388.16 6551.11
1388.12 6547.69
1387.65 6530.85
1387.38 6587.91
1387.15 6639.73
1385.85 6688.26
1407.47 6785.43
1404.05 6538.44
1404.27 6572.04
1404.29 6562.67
1404.34 6533.73
1402.27 6560.31
1394.73 6745.49
1394.94 6783.75
1395.52 6830.54
1396.4 6850.41
1396.98 6901.11
1396.33 6936.71
1396.33 6958.58
1396.67 6965.39
1397.55 6952.49
1393.52 7008.33
1397.72 7085.61
1399.2 7198.72
1397.9 7218.02
1398.09 7255.62
1397.44 7265.72
1398.29 7275
1398.49 7296.48
1397.54 7263.69
1401.36 7227.11
1398.93 7209.46
1398.79 7193.05
1398.85 7160.04
1398.25 7075.76
1397.75 7182.81
1398.32 7056
1398.01 7057.3
1397.73 7033.08
1396.26 7065.1
1396.31 7077.51
1396.42 7074.85
1396.69 7087.58
1396.96 7132.19
1398.16 7155.09
1397.97 7181.78
1397.97 7167.57
1396.55 7129.99
1396.48 7177.55
1395.99 7236.72
1397.77 7297.18
1397.42 7288.57
1397.32 7291.58
1398.96 7331.05
1399.56 7332.38
1399.05 7362.99
1397.61 7416.42
1395.82 7478.23
1395.52 7504.98
1393.04 7457.06
1393.07 7457.8
1393.34 7421.81
1394.35 7402.13
1393.71 7392.03
1393.75 7397.35
1391.53 7418.79
1390.89 7430.24
1391.93 7415.73
1391.56 7437.06
1391.56 7526.01
1385.67 7620.96
1385.87 7661.53
1385.76 7715.23
1386 7791.82
1386.31 7867.58
1385.61 7868.25
1388.99 7984.09
1388.97 8087.71
1387.59 8151.46
1387.97 8212.38
1388.35 8224.88
1390.5 8257.43
1391.83 8260.66
1391.84 8240.01
1385.95 8259.01
1383.33 8281.35
1382.99 8270.04
1383.09 8256.69
1382.95 8259.84
1382.78 8285.31
1382.85 8292.04
1386.45 8296.17
1386.41 8262.82
1388.02 8209.73
1388.2 8188.52
1387.56 8173.67
1387.44 8167.35
1387.41 8146.46
1388.07 8136.98
1387.47 8156.01
1387.3 8180.57
1388.21 8185.87
1386.66 8314.08
1389.97 8335.19
1387.77 8355.29
1386.39 8329.8
1386.4 8338.89
1386.36 8321.62
1385.88 8292.98
1386.3 8401.32
1386.45 8431.93
1385.68 8397.13
1385.73 8380.76
1385.9 8370.96
1385.93 8364.28
1385.65 8353.15
1385.8 8310.03
1386.42 8330.52
1385.83 8423.26
1385.69 8432.46
1385.65 8430.34
1386.02 8364.33
1386.31 8364.62
1386.7 8354.43
1385.54 8326.33
1385.78 8286.05
1386.92 8275.1
1386.98 8292.27
1391 8493.28
1390.46 8518.44
1390.26 8500.18
1390.11 8491.14
1390.87 8462.98
1391.07 8456.86
1391.06 8396.26
1391.42 8384.78
1391.48 8392.98
1391.04 8363.83
1390.82 8371.67
1393.18 8393.26
1393.9 8381.3
1390.39 8458.64
1387.88 8573.24
1387.77 8581.94
1386.95 8586.47
1388.13 8527.66
1388.17 8481.47
1388.08 8490.28
1387.8 8495.38
1386.63 8507.18
1387.98 8530.78
1388.06 8532.62
1389.36 8558.02
1389.91 8564.44
1390.32 8511.11
1390.19 8511.29
1389.92 8513.72
1390.44 8510.66
1387.97 8597.78
1389.13 8657.32
1389.2 8752.76
1390.29 8807.17
1390.63 8847.32
1394.74 8896.83
1394.47 8899.24
1395.11 8928.78
1395.49 8957.3
1398.2 9010.16
1398.62 9077.29
1394.63 9050.53
1394.83 9052.2
1395.46 9070.24
1395.48 9068.86
1395.41 9078.61
1395.27 9096.39
1395.29 9075.47
1395.36 9050.95
1394.44 8986.35
1394.83 8945.67
1396.64 8926.41
1398.26 8859.09
1398.62 8904.18
1398.58 8942.34
1400.49 8805.1
1401.06 8849.57
1402.33 8852.9
1402.48 8893.36
1402.64 8907.8
1403.93 8879.52
1403.42 8875.08
1404.32 8910.89
1404.33 8946.1
1403.98 8934.84
1405.04 8932.93
1405.31 8931.26
1408.16 8910.05
1408.97 8894.24
1408.99 8893.48
1416.31 8957.42
1416.23 8956.47
1416.32 8938.35
1416.84 8907.87
1417.3 8911.8
1418.38 8960.7
1418.13 8922.59
1418.27 8924.7
1418.28 8985.64
1419.11 9042.56
1419.14 9190.82
1419.29 9252.84
1422.82 9312.38
1422.92 9394.83
1422.72 9435.58
1422.61 9459.37
1422.6 9459.36
1421.92 9640.23
1422.52 9675.27
1422.09 9687.26
1422.05 9662.76
1422.34 9666.15
1421.21 9664.7
1421.39 9635.44
1421.69 9617.63
1424.07 9647.41
1424.49 9648.24
1424.33 9669.65
1424.51 9698
1423.01 9753.24
1422.76 9813.06
1426.95 9845.44
1427.07 9934.89
1427.06 9917.86
1429.31 9928.73
1428.22 10006.7
1430.09 10046.4
1429.96 10059
1430.24 10059.5
1430.01 10061.5
1429.88 10084.7
1430.16 10093.9
1429.87 10071.8
1429.06 10054.3
1429.39 9986.37
1429.58 9984.71
1429.65 10008.3
1429.12 10024.1
1429.21 10017.6
1430.33 10037.6
1428.78 10008.3
1432.33 10036.6
1432.05 10058.9
1432.06 10082.7
1431.94 10091.9
1432.83 10115.6
1432.52 10140.1
1431.96 10164.6
1431.97 10182.5
1434.88 10222.1
1434.55 10261.6
1434.65 10283.7
1434.87 10305.8
1433.85 10318.1
1432.1 10318.3
1431.78 10325.1
1432.08 10321.8
1435.27 10297
1435.04 10283.3
1435.23 10289.6
1434.47 10295.4
1434.27 10163.4
1433.65 10225.6
1432.5 10303.4
1431.85 10341
1431.5 10377.4
1424.7 10408.5
1425.02 10402.6
1425.48 10391.2
1425.41 10399.3
1429.29 10432.8
1426.47 10481.7
1426.98 10460.8
1426.94 10410.5
1427.51 10364.1
1426.36 10358.3
1426.32 10365.9
1425.54 10383
1425.38 10376.7
1425.23 10396.1
1425.28 10401
1425.68 10412.7
1425.84 10433.7
1425.33 10455
1427.82 10461.6
1426.64 10459
1427.27 10576
1427.34 10570
1427.15 10552.3
1426.37 10541
1428.57 10515.3
1427.91 10492.5
1427.94 10424.3
1428.05 10407.2
1427.79 10408.2
1427.63 10412.5
1425.22 10315.1
1425.46 10310.3
1424.68 10365.3
1425 10371.2
1425.65 10240.9
1425.49 10345
1425.15 10297.9
1425.44 10270
1425.62 10270
1425.52 10260.3
1426.01 10249.9
1425.57 10251.4
1425.57 10221.6
1423.33 10262.3
1423.38 10294.4
1424.76 10328
1424.22 10379.3
1424.4 10358.1
1424.56 10328.5
1424.98 10322.4
1425.01 10322.7
1425.12 10373.6
1423.97 10411.3
1425.79 10485.7
1433.02 10559.5
1433.01 10660.8
1433.96 10636.4
1432.73 10556.6
1432.2 10601.9
1431.42 10711
1431.65 10761.4
1431.38 10756.2
1428.64 10745.5
1429.12 10749.8
1428.1 10801.4
1428.05 10826.7
1427.66 10817.2
1427.88 10761.3
1429.3 10763.2
1428.16 10844.9
1428.94 10909.6
1429.11 10957.2
1429.11 10984.3
1429.62 11003.1
1429.63 10831.8
1428.44 10733.9
1428.45 10672.1
1428.29 10681
1428.23 10660.7
1428.19 10654.8
1428.66 10595.2
1428.33 10572.3
1429.21 10570
1428.11 10613.1
1428.25 10679
1428.38 10650.7
1428.47 10658.6
1429.42 10677.5
1429.19 10598.6
1428.65 10606.6
1426.64 10710.4
1425.63 10792
1425.54 10732.4
1425.04 10730.4
1424.35 10725.1
1426.09 10802.6
1426.15 10867.9
1426.97 10791.9
1428.62 10799.6
1428.9 10775.3
1428.95 10818.5
1428.68 10825.2
1427.71 10813.1
1427.29 10817.5
1427.4 10825.1
1428.39 10815.3
1429.05 10830.5
1429.19 10834.6
1429.82 10834.1
1429.98 10822.1
1429.39 10754.4
1429.34 10737.2
1428.49 10735.3
1428.73 10728.4
1428.6 10708.3
1428.9 10704.3
1429.86 10698.3
1429.48 10743.5
1429.42 10745.3
1429.23 10745.9
1429.66 10761
1429.61 10764.1
1429.59 10778.2
1429.04 10788.9
1429.53 10800
1429.6 10788.5
1429.72 10784
1429.96 10778.1
1430.36 10759.8
1431.3 10776.6
1431.55 10765.3
1430.94 10756.5
1431.39 10753.9
1431.78 10745.1
1432.12 10698.3
1432.17 10664.2
1432.3 10629.9
1432.3 10615.2
1434.27 10644.9
1433.23 10737
1433.11 10760
1433.56 10753.4
1433.79 10745.7
1433.79 10742.4
1433.69 10734.4
1433.89 10738
1434.02 10757.2
1434.24 10771.6
1435.42 10728.6
1435.28 10748.2
1435.03 10738.6
1435.11 10760.9
1434.99 10794.2
1434.88 10785.7
1433.3 10814.1
1432.72 10829.5
1432.99 10841.4
1433.13 10870.3
1432.54 10887.2
1431.82 10915.5
1431.29 10911
1430.85 10905.7
1430.75 10919.2
1430.81 10928
1430.77 10924.5
1430.72 10940.3
1429.85 11004.8
1429.77 11021.5
1428.77 11035.6
1429.03 11034.5
1428.47 11059.2
1428.41 11085.2
1427.78 11027.1
1427.8 11007.5
1424.42 10964
1423.81 11003.1
1424.64 11032.9
1424.68 11057.9
1424.68 11075.1
1429.02 10890.2
1429.13 10880.2
1427.99 10816.3
1427.47 10838.3
1426.89 10859.6
1426.6 10854.8
1425.95 10857.5
1426.19 10876.8
1426.76 10801.8
1426.38 10757.9
1426.96 10698
1426.33 10667.6
1426.77 10736.5
1426.75 10717.7
1426.58 10706.5
1426.86 10687
1426.97 10674.6
1426.62 10667.8
1425.56 10664.9
1427.67 10574.1
1427.54 10555.8
1428.68 10556.8
1428.4 10590.3
1428.5 10604.7
1428.5 10592.3
1428.35 10573.3
1428.65 10557.4
1428.65 10558.5
1428.24 10565.5
1428.19 10566.2
1427.75 10561.8
1426.99 10553.6
1428.31 10561.1
1428.19 10578.2
1428.88 10587
1429.57 10558
1428.71 10490.7
1428.72 10371.5
1429.21 10348.1
1429.69 10380
1429.85 10435.2
1429.69 10443.6
1429.79 10444.7
1429.97 10434.8
1428.23 10324
1428.13 10322.3
1427.42 10332.5
1427.25 10379.9
1426.9 10411.8
1427.17 10524.9
1428.02 10606.5
1428.02 10599.1
1429.57 10650.3
1429.73 10591.7
1429.78 10526.2
1430.2 10510.5
1429.72 10532.9
1429.71 10565.7
1429.66 10593.7
1429.08 10621.1
1429.34 10645.7
1429.43 10669.7
1428.63 10654.6
1428.52 10670.2
1428.62 10690.5
1428.26 10678
1426.99 10659
1427.41 10672.2
1427.72 10678.2
1427.68 10679.3
1426.71 10643.6
1425.52 10753.1
1425.41 10744.8
1425.09 10792.1
1425.12 10805.1
1425.72 10805.4
1426.43 10786.9
1426.22 10787.2
1426 10825.6
1425.34 10846
1425.27 10870.9
1425.68 10895.2
1426.14 10874.8
1425.49 10879.4
1425.44 10874.5
1425.53 10899
1425.24 10937.2
1425.25 10945.5
1425.63 10900.9
1425.28 10865.1
1425.06 10863
1424.3 10922.1
1424.06 10991.3
1424.16 10979.2
1424.6 10975.2
1424.64 10981.6
1424.54 10992.4
1424.2 10958.4
1424.04 10949.6
1424.52 10941.7
1424.63 10946.9
1425.39 10931.4
1425.52 10946.2
1425.51 10950.5
1424.54 10958.8
1424.29 10957.5
1424.32 10967.4
1424.05 11018.5
1424.14 11065
1424.53 11071
1424.44 11078.7
1424.96 11084.7
1425.02 11100.6
1424.39 11142.3
1425.52 11206.5
1425.5 11249.8
1425.72 11332
1425.72 11352.9
1425.55 11360.7
1425.55 11366
1425.72 11369.8
1426.08 11392.1
1427.27 11404.6
1429.06 11454.4
1428.91 11473.2
1428.95 11499.4
1428.96 11528.6
1428.81 11547
1428.46 11546.4
1427.85 11542.4
1429.33 11555.3
1429.46 11585.7
1429.55 11615.2
1430.15 11611.9
1430.14 11548.2
1430.38 11566.5
1424.02 11679.3
1426.17 11721.2
1426.45 11741.4
1426.71 11763.2
1426.28 11768.9
1426.87 11781.3
1427.94 11742.2
1428.18 11738.5
1428.13 11745.7
1427.94 11734.6
1427.95 11743.4
1428.01 11754.5
1427.84 11749.5
1427.46 11900.8
1427.59 11989.6
1427.61 11996.5
1428.22 12003.9
1428.23 11995.2
1428.33 11995.2
1428.28 11993.3
1428.32 11963.5
1428.41 11952.3
1427.8 12024
1427.25 12066.3
1428.82 12078.9
1428.78 12116.1
1428.82 12107
1429.1 12102.5
1429.04 12094.4
1429 12097.8
1429.75 12141.5
1429.81 12185.2
1429.59 12208.4
1429.86 12186.2
1430.06 12175.3
1430.2 12149
1430.46 12125.6
1430.65 12218.9
1431.43 12210.1
1431.29 12317.4
1431.28 12396.7
1431.92 12417.7
1432.45 12468.7
1431.73 12447.9
1430.44 12486.1
1430.37 12527.1
1429.91 12526
1429.67 12504.6
1429.49 12486.6
1429.24 12481.7
1429.17 12466.3
1429.54 12473.6
1429.33 12434.5
1429.11 12443.9
1428.59 12438.8
1428.79 12436.8
1429.04 12452.2
1429.26 12448.6
1429.93 12511.2
1429.93 12517.1
1429.8 12532.7
1429.83 12471.7
1430.12 12480.2
1430.19 12445.4
1428.71 12369.3
1428.79 12400.3
1428.79 12394
1429.29 12421.1
1430.27 12437.6
1430.28 12419.5
1430.64 12427
1430.2 12435.3
1430.19 12416.2
1430.38 12392.6
1423.59 12515.1
1424.75 12554.8
1425.18 12568.6
1425.46 12556.9
1425.33 12532.6
1425.45 12497.3
1425.33 12485.6
1425.37 12464.2
1425.35 12457.6
1425.43 12441.5
1423.83 12435.7
1423.4 12425.6
1423.43 12411.2
1423.54 12400.9
1423.83 12386.6
1423.92 12398.1
1424.49 12395.3
1424.6 12414.6
1424.54 12418.6
1424.7 12442.7
1426.46 12482
1427.05 12496.8
1428.87 13925.3
1428.89 12725.8
1429.27 12550.2
1428.8 12363.3
1428.86 12354.4
1431.24 12371.7
1432.15 12386.7
1432.93 12398.1
1432.95 12423.7
1432.81 12447.2
1432.51 12442.4
1432.47 12451.9
1434.73 12475.4
1435.06 12462.3
1433.93 12403.5
1435.05 12435.6
1434.89 12418.6
1435.12 12422
1434.75 12392.1
1434.55 12385
1434.42 12382.5
1435.12 12373.8
1435.01 12367.2
1434.56 12368
1434.38 12345.1
1431.06 12298.9
1431.36 12289.8
1431.26 12271.1
1431.05 12218.4
1431 12185.8
1430.76 12181.1
1430.49 12175.5
1430.46 12170.5
1428.88 12134.2
1429.18 12126.6
1429.09 12132.8
1429.18 12115.1
1429.26 12098.7
1429.69 12084.2
1429.58 12078.6
1429.08 12087
1429.85 12093.8
1429.81 12093.3
1429.72 12114.6
1429.83 12102.6
1429.52 12081.3
1429.57 12087.9
1429.87 12087.3
1429.92 12086.7
1432.49 11943.9
1432.65 11955
1431.92 11934.6
1431.97 11943.8
1431.97 11989
1431.9 12002.3
1431.77 11989.2
1432.06 11982.6
1431.96 12003.8
1431.84 12006.1
1432.09 12007.5
1432.77 12021.1
1433.21 12039.2
1433.14 12038.2
1433.16 12014.3
1433.36 12016.1
1433.36 12027.7
1433.55 12087.2
1434.1 12098.1
1433.68 12054.7
1433.87 12047.1
1433.72 12023.5
1434.61 12036.3
1434.93 12067.2
1434.78 12071.4
1434.76 12066.1
1434.55 12072.9
1434.19 12095.5
1434.2 12119.1
1434.99 12154.7
