94.3489 0
98.2785 0
376.165 13.3573
431.907 13.0346
542.755 33.3956
545.792 32.579
560.239 32.2393
560.896 32.1757
670.911 48.5826
670.965 47.898
719.926 50.3558
795.63 80.3803
797.028 72.327
810.956 72.2296
895.673 89.4566
896.579 88.5674
896.724 88.3779
957.044 100.687
958.82 100.521
958.807 100.695
958.677 99.9693
999.627 105.759
1001.84 106.372
1070.66 130.637
1107.14 132.932
1112.68 131.337
1142.88 131.658
1144.91 131.519
1145.66 131.499
1201.96 184.081
1201.09 317.718
1201.31 330.327
1201.36 327.185
1210.85 308.613
1231.91 292.359
1241.74 285.966
1290.16 288.764
1332.11 291.862
1332.34 290.398
1335.8 412.934
1355.47 634.408
1355.45 596.427
1390.98 643.86
1427.48 711.783
1426.83 747.538
1426.95 759.418
1421.98 759.784
1422.64 785.091
1422.77 795.734
1416.7 958.505
1431.53 988.584
1464.54 1092.46
1463.79 1203.04
1469.34 1402.91
1484.06 1471.65
1482.56 1497.17
1504.18 1503.43
1508.46 1518.75
1510.49 1600.91
1520.98 1666.92
1516.96 2405.71
1636.1 3603.94
1662.5 3730.49
1594.99 4375.22
1599.87 4803.78
1665.86 5032.97
1680.08 4971.34
1647.3 5254.62
1647.49 5319.48
1712.66 5238.75
1723.41 5270.17
1696.96 5837.71
1704.2 6014.92
1704.11 6131.25
1703.01 6298.39
1705.48 6434.34
1704.13 6503.08
1668.56 6939.81
1680.94 6600.16
1681.23 6743.32
1692.2 6785.12
1685.17 7099.38
1647.16 8635.37
1677.12 8327.64
1686.88 8036.99
1688.73 8054.87
1688.81 8082.57
1692.18 8012.85
1688.06 8118.78
1687.21 8812.7
1675.91 8902
1679.22 8778.19
1687.9 8437.37
1715.32 8587.53
1709.95 8552.09
1709.1 8456.48
1711.02 8464.74
1710.32 8529.57
1710.96 8576.59
1712.16 8593.88
1718.85 8603.17
1719.75 8512.5
1721.78 8578.09
1724.31 8616.17
1726.47 8672.26
1727.6 8681.02
1727.6 8710.74
1728.3 8760.93
1730.3 8827.14
1754.88 8855.11
1756.3 8965.68
1756.84 8876.48
1756.42 8815.06
1757.31 8845.92
1758.14 8754.51
1760.49 8812.27
1761.57 8841.34
1760.71 8833.32
1768.62 9120.71
1772.05 9006.72
1787.53 9434.36
1788.01 9243.38
1787.99 9073.64
1789.23 8912.47
1811.31 8855.57
1814.2 8852.33
1798.26 8930.27
1762.83 9293.14
1764.19 9626
1764.13 9782.46
1765.71 9829.08
1763.54 9848.27
1757.8 9819.37
1758.24 9849.02
1758.43 9855.3
1775.21 9944.03
1774.46 9977.46
1786.14 10624.7
1782.44 10923.8
1804.12 11435.7
1805.56 11522.9
1805.38 11448.6
1805.32 11411.4
1805.67 11380.6
1805.62 11284.7
1805.81 11169.5
1806.43 11147.5
1807.57 11199.3
1808.9 11247.8
1811.78 11506.3
1810.71 11425.5
1812.14 11639.8
1813.77 11681.2
1802.96 11729.9
1802.38 11906.1
1799.95 12001.2
1799.9 11950
1799.63 11979.3
1799.57 11960.3
1799.81 12002.3
1799.9 11971.4
1802.84 12092.8
1799.11 11967.9
1801.74 12510.6
1802.15 12363
1802.2 12251.3
1802.16 12207.6
1799.32 12203.3
1799.59 12225.8
1798.97 12215
1796.36 12145.3
1792.03 12036.5
1798.47 12361.4
1798.44 12362.1
1799.15 12408.9
1799.67 12320
1809.96 12378.9
1799.03 12852.2
1797 13101.1
1797.53 13039.7
1797.13 13019
1797.63 12998.2
1806.51 13009.3
1805.02 13167.4
1798.5 13273.3
1798.26 13352.1
1799.92 13402.8
1798.08 13458.6
1797.78 13483.4
1793.7 13484
1807.58 13689.7
1807.69 13436.5
1807.93 13413.1
1819.03 13775.2
1819.29 13683.6
1826.48 13620.1
1824.82 13717.4
1826.45 13672.1
1829.54 13602.7
1829 13435.1
1829.63 13446.1
1829.63 13431.8
1829.58 13376
1827.87 13320.5
1825.19 13259.2
1822.93 13322.5
1824.82 13268.5
1826.99 13336.7
1827.09 13410.9
1829.44 13775.4
1829.86 13542.4
1818.62 13327
1821.3 13314
1821.79 13161.1
1823.62 13271.4
1823.31 13195.5
1831.07 13193.7
1832.72 13354.7
1833.37 13338
1835.84 13384.1
1852.8 13647.8
1856.01 13773.2
1856.03 13943.2
1856.17 13975.9
1853.81 13969.6
1852.6 14096.3
1858.46 14605
1859.03 14791.1
1859.02 14701.2
1859.04 14641.5
1857.81 14589.6
1857.98 14687.8
1858.67 14614.7
1858.38 14571.3
1859.82 14500.9
1860.12 14501.8
1858.94 14446.2
1875.65 14611.5
1875.99 14544.6
1875.34 14613.8
1875.9 14666.3
1876.91 14702.5
1877.04 14719.1
1876.96 14790.6
1876.77 14918.8
1879.31 14904.7
1879.49 14888.1
1879.57 14936.7
1883.83 15067.7
1883.71 15081.2
1884.12 15100
1883.94 15054.8
1884.52 15104.4
1884.77 15092.6
1884.85 15112.5
1886.14 15184.1
1886.65 15143.2
1888 15136.9
1887.97 15165.4
1889.65 15275.4
1889.32 15359.8
1889.31 15352.1
1889.05 15338.8
1888.2 15321.1
1880.55 15661.7
1880.82 15709.2
1881.64 15754.4
1883.24 15805.2
1883.33 15789.6
1883.34 15790.2
1884.08 15835.2
1886.04 15847.4
1886.07 15859.4
1886.05 15860.1
1886.33 15838
1886.17 15833.8
1887.92 16086.3
1888.29 16191
1893.22 15990.2
1892.89 16365.8
1906.15 16414.6
1908.09 16079.3
1908.35 16085.7
1908.78 16070.3
1909.32 16070.7
1909.55 16062.5
1909.72 16055.6
1911.02 16112.5
1911.64 16060.4
1912.1 16070.8
1911.67 16071.4
1911.55 16051.5
1912.84 16096.9
1912.81 16153.4
1912.62 16132
1913.5 16092.4
1891 16207
1890.06 16263.1
1890.35 16271.9
1891.13 16604.5
1890.39 16736
1890.99 16751.3
1883.17 16585
1883.15 16544.2
1883.09 16507.8
1883.04 16501.5
1884.27 16475.4
1884.18 16481.7
1885.08 16497.8
1884.82 16525.7
1885.37 16563.1
1885.42 16577.5
1887.71 16595.3
1887.99 16614.3
1889.73 16632.6
1891.1 16596.9
1890.21 16585.5
1890.15 16627.1
1889.95 16622.4
1890.41 16655.9
1895.99 16794.6
1893.2 16598.7
1909.13 16634.2
1909.25 16699.6
1911.27 16805.8
1913.66 16810.1
1913.46 16797.6
1914.9 16793.5
1915.13 16769.1
1915.55 16712.6
1915.51 16679.5
1916.43 16687.4
1916.44 16688.7
1921.67 16812.7
1920.51 16850.1
1921.44 16937.5
1918.28 16843.1
1926.42 16740.4
1927.15 16792.9
1925.51 16754.6
1925.49 16789.2
1925.75 16814.4
1925.6 16816.2
1926.52 16821.2
1924.76 16827.9
1924.98 16809.4
1930.47 16838.3
1930.47 16898.9
1931.21 16892.2
1930.76 16923.4
1929.3 16946.2
1929.64 16947.9
1932.03 16979.9
1931.75 17038.4
1931.93 17074.7
1932.5 17069.7
1932.56 17108.6
1933.08 17114.8
1932.65 17158.8
1932.32 17179.6
1931.56 17136.2
1931.55 17115
1930.97 17085.7
1930.58 17054.2
1932.2 17088.3
1932.58 17078.5
1931.21 17020.7
1933.43 16944
1931.91 16882.2
1931.86 16950.4
1931.8 16956.4
1919.7 16838.3
1919.47 16915.4
1919.32 16881.8
1919.91 16872.9
1921.82 16833.8
1921.78 16775
1923.01 16806.1
1918.82 16711
1918.78 16732.8
1921.62 16783.7
1921.62 16766.5
1921.88 16778.5
1923.11 16731
1925.19 16725.9
1921.91 16791.1
1922.13 16808.2
1923.04 16840
1924.82 16809.4
1923.03 16889.3
1922.67 16928.4
1928.33 16930.3
1928.65 16850.8
1928.59 16819.3
1928.09 16887.2
1928.1 17010.3
1927.39 17014.2
1927.4 17025.4
1927.48 17018.3
1927.73 17010
1927.22 16986.8
1927.17 16993
1927.38 17008.5
1927.26 16972.8
1927.23 16941
1924.62 16931.1
1925.41 16940.8
1925.43 16919.9
1925.41 16894.8
1925.41 16887.6
1927.96 16949.5
1927.7 16960.8
1927.73 16940.1
1926.8 16893.9
1925.62 16818.7
1925.05 16807.4
1924.12 16810.8
1925.29 16814.1
1925.3 16808
1925.93 16782.5
1925.56 16806.5
1930.73 16794.4
1933.98 16781.8
1937.96 16808.3
1938 16787.2
1938.32 16769.5
1938.13 16764.5
1938.36 16774.9
1937.92 16793.2
1940.29 16793.8
1939.68 16844.8
1940.08 16890.4
1939.73 16882.4
1940.17 16894.9
1941.03 16958.5
1941.15 16969.2
1941.79 16954.7
1941.83 16944.2
1942.82 16956.1
1942.97 16945.5
1943.04 16936.7
1943.95 16938.2
1945.08 16970.9
1945.11 16954.3
1944.55 16949
1952.49 17074.6
1952.5 17036
1956.63 17077.7
1956.48 17082.9
1956.41 17084.4
1956.78 17083
1956.22 17116.8
1957.32 17103.9
1956.82 17131.7
1956.67 17156
1956.51 17185.9
1956.54 17194.3
1957.9 17205.1
1957.86 17210
1958.19 17217.3
1958.25 17298.5
1958.7 17330.1
1958.75 17326.9
1959.91 17302.2
1963.31 17319.6
1963.29 17319.7
1963.52 17312.1
1963.96 17316.5
1967.11 17435.9
1948.17 17396.3
1949.83 17389.5
1960.59 17715.7
1961.15 17768.9
1961.11 17749.6
1960.91 18047.7
1960.93 18124.2
1962.07 18039.5
1962.28 18073.1
1962.53 18046.4
1969.08 17917.1
1969.14 17856.9
1974.3 17993.1
1974.91 17908.1
1971.77 17938
1971.76 17937.7
1971.6 17932.4
1971.41 17953.3
1971.52 17913.6
1971.49 17932.3
1978.08 17870
1977.79 17888
1977.89 17915.1
1986.85 18046.7
1986.67 17966.2
1987.13 17958.2
1987.09 17945.3
1987.48 17951.4
1987.92 17914.9
1987.31 17903.1
1987.25 17879.1
1987.67 17885.7
1987.11 17886.4
1984.71 17865.8
1984.28 17866.5
1983.64 17878.2
1982.95 17912.5
1983.03 17878.8
1982.38 17868
1982.35 17868.4
1982.38 17852.1
1982.12 17839.5
1990.72 17826.9
1989.97 17839.1
1990.04 17868.9
2001.04 17986.2
2001.12 17940.4
2000.97 18087.4
2001.15 18071.4
2000.85 18061.5
1995.81 18360.1
1995.54 18190.5
1995 18128.7
1995.47 18096.2
1996.6 18024.5
1996.61 18012.9
1996.64 18017.8
1996.26 18008.8
1999.2 17999.8
2000.01 17983
2000.05 18004.9
1997.49 18027
1996.79 18156.6
1998.69 18192.5
2001.39 18195
2000.93 18200.7
2003.05 18171.9
2003.08 18178.2
2003.64 18226.8
2003.98 18281.7
2005.73 18250
2005.61 18256.6
2006.1 18285
2005.91 18274.5
2007.05 18281.6
2006.96 18271.3
2005.55 18272.6
2005.36 18294.9
2002.47 18295.8
2003.27 18347.6
2003.01 18371.8
2003.08 18233.2
2003.65 18231.1
2004.22 18239
2006.26 18243.8
2006.04 18255.8
2005.55 18287.7
2005.59 18313.2
2005.04 18267.4
2006.8 18369.6
2007.17 18404.9
2007.53 18448.1
2007.43 18464.5
2007.22 18487.1
2007.22 18513.1
1996.34 18396
1997.65 18372
1997.97 18407.6
1997.93 18385.4
1997.71 18371.3
1997.16 18358.6
1997.83 18332
1997.67 18345.2
1999.34 18364.4
2001.06 18434.6
2002.24 18450.1
2001.33 18537.1
2001.34 18492.8
2001.37 18502.7
2001.31 18508.4
2001.5 18515.2
2002.72 18500.4
2002.73 18533.8
2002.69 18554.9
1999.6 18630.4
1999.99 18740.3
2000.24 18746.4
2000.22 18746.6
2000.48 18767.7
2000.54 18798.3
2000.53 18830
2000.57 18804.2
2004.19 18791.8
2004.15 18792
2004.17 18778.7
2003.99 18781.4
2003.26 18767.2
2002.8 18756.5
2005.28 18850.2
2003.37 18831.3
2003.61 18842.4
2003.5 18845.4
2004.2 18868
2004.16 18888.2
2004.16 18894.8
2004.18 18889.7
2004.26 18939.5
2005.93 18921.1
2005.23 18927.7
2005.28 18952.1
2003.07 18975.9
2004.38 18978.2
2004.4 18969.4
2004.35 18980.9
2026.53 19039.7
2026.47 19076
2026.44 19137.4
2026.63 19168.6
2025.54 19143.5
2024.65 19134.3
2024.43 19090.7
2023.79 19075.7
2023.86 19091.6
2024.83 19144.8
2024.09 19113.1
2024.43 19125.9
2024.47 19139.9
2024.52 19139.5
2024.84 19116.5
2027 19102.3
2026.98 19099.4
2032.57 19138.8
2031.53 19171.7
2031.33 19227.9
2031.37 19219.2
2031.38 19211
2032.06 19191.1
2032.49 19179.8
2032.23 19186.7
2032.74 19187.5
2033.16 19181.9
2033.44 19190.1
2033.91 19256.3
2026.99 19101.7
2027.01 19164.3
2027.65 19135.3
2027.68 19145.4
2027.43 19159
2024.78 19171.9
2024.8 19138.9
2025.24 19149.8
2025.29 19166.9
2025.28 19160.1
2018.17 19288.7
2017.69 19324.5
2024.51 19366.8
2023.78 19426.5
2023.67 19421.6
2023.96 19390.9
2024.82 19358.1
2023.74 19302.6
2023.6 19258.7
2024.09 19197.2
2024.28 19147.8
2023.95 19094
2026.09 19051.9
2025.56 19038.4
2025.56 19025.4
2026.43 19006.4
2022.49 19023.8
2022.54 18958.8
2022.41 18951.7
2022.08 18947.9
2022.32 18938.8
2022.02 18939.9
2022.59 18917.8
2022.28 18926.6
2019.24 18926.9
2019.66 18958.8
2021.77 18959.2
2021.81 18994.1
2021.62 19062.5
2023.38 19021.5
2023.57 19014.6
2022.54 19010.8
2022.67 18991.5
2022.68 18987
2022.01 18931.6
2022.08 18895.2
2022.15 18924.2
2022.01 18950.7
2022.16 18884.4
2021.36 18866.3
2020.95 18902.5
2020.97 18905
2022.8 18861
2023.97 18892.1
2007.73 18941.3
2007.74 18932.2
2006.86 18967.8
2006.63 18967.5
2006.55 19066.7
2005.35 19107
2005.48 19177.6
2003.9 19131.1
2004.24 19133.3
2002.25 19120.9
2002.84 19125.2
2003.46 19156.9
2005.68 19160.4
2005.76 19139.5
2005.62 19177.3
2006.22 19227.8
2003.53 19243.2
2003.55 19292.5
1999.61 19400.9
1999.85 19388
1999.86 19374.3
1998.81 19372.3
1999.06 19378
2000.57 19383.9
2000.46 19370
2000.37 19370
2000.54 19378.8
2000.41 19394.8
2000.43 19384.7
2000.4 19384.3
2000.52 19390.1
2000.47 19399.5
2001.51 19451.6
2001.32 19440.2
2001.62 19450.3
2001.61 19449.7
2001.44 19451.5
2003.22 19439.5
2001.51 19277.5
2001.61 19216.1
1999.42 19215.3
1999.67 19202.1
2000.7 19186.1
1999.77 19230.2
2000.34 19268.5
2000.09 19232
1998.49 19233.3
1999.64 19295.3
1999.49 19333.5
1999.54 19348.3
1999.31 19345
1996.51 19307.6
1997.09 19305
1997.1 19282.6
1996.78 19304.3
1996.92 19322.6
1997.88 19320.5
1996.99 19318.7
1998.72 19317.2
1998.71 19389.1
1998.67 19391.2
1998.06 19418.3
1997.4 19401.8
1997.39 19423
1997.53 19431
1998.01 19420.9
1998.43 19481.4
1997.9 19517.5
1997.74 19524.2
1997.91 19515.3
1997.99 19506.7
1997.44 19558
1997.33 19616.1
1996.95 19676.7
1996.82 19742
1996.52 19774.5
1996.64 19835
1996.81 19845.3
1996.84 19878.7
1997.96 19909.4
1998.26 19931.5
1999.22 19940.4
1999.18 19958.7
2000.03 20002.7
2000.42 20062.6
2000.84 20078.4
2000.73 20113
1999.98 20138.5
1999.7 20117.4
1994.42 20136.3
1990.94 20179.6
1990.85 20175.9
1990.57 20187.3
1990.72 20198.7
1992.24 20259.3
1992.09 20257
1992.57 20315.8
1991.95 20341.3
1991.91 20371.3
1991.93 20365.9
1992.19 20392.2
1992.51 20481.1
1990.85 20573.1
1991.49 20602.4
1991.47 20698.1
1990.16 20675.4
1989.77 20703.5
1988.67 20721.2
1988.73 20730.7
1989.97 20670.2
1991.4 20780.7
1991.43 20839.7
1991.5 20846.2
1994.37 20821.9
1994.26 20758.8
1993.7 20799
1993.91 20825.1
1996.32 20827.9
1996.32 20827
1997.26 20816.1
1996.89 20803.8
1998.6 20915.2
1998.86 20890.6
1998.5 20908.1
1999.83 20896.7
1999.15 20932.1
1999.57 20942.6
1999.99 20919.2
2000.01 20915.7
2001.2 20927
2001.86 20931.9
2002.15 20891.3
2002.09 20890.5
2002 20890.4
2002.55 20839.7
2002.49 20884.1
2002.64 20901.4
2001.62 20906.2
2001.43 20903.8
2001.24 20972.8
2001.14 20957.7
2000.96 20940.5
2001.43 20913.8
2001.73 20914.4
2002.09 20942.6
2001.66 20892.2
2001.59 20918.1
2001.14 20928.2
2001.24 20913.8
1996.63 21009.1
1996.76 21070.2
1999.29 21096.1
1998.08 21076.8
1998.5 21093.2
1998.45 21097.2
1988.58 21130.1
1989.15 21145
1989.11 21144
1989.16 21144.4
1989.46 21137.4
1989.25 21153.6
1989.52 21152.9
1989.52 21149.6
1989.46 21169.4
1989.68 21245.5
1989.57 21280.7
1989.59 21280.2
1989.39 21287.3
1989.27 21281.3
1989.52 21270.6
1989.47 21283.7
1978.38 21381
1978.53 21406.3
1978.97 21418.9
1978.17 21406
1978.18 21417.6
1975.6 21454.8
1975.48 21467.4
1975.48 21467.4
1975.56 21460.3
1973.62 21425.1
1972.94 21435.7
1973.2 21469.5
1975.69 21513.9
1980.43 21474.5
1980.69 21452.5
1979.48 21430.6
1980.94 21470.3
1981 21446.7
1977.54 21472.6
1977.56 21470.4
1977.43 21467.9
1977.5 21459.2
1976.75 21452.2
1971.69 21541.5
1974.79 21574.5
1975.69 21560.2
1978.67 21568.7
1978.54 21636.5
1978.86 21624.4
1979.49 21613.9
1979.05 21596.3
1979.23 21576.5
1979.43 21610.1
1979.63 21616.8
1979.14 21615.9
1981.81 21650.1
1981.76 21630.5
1981.51 21589.4
1981.75 21578.9
1981.67 21566.6
1982.65 21537.3
1983.4 21545.2
1982.88 21540.3
1981.93 21561.8
1981.86 21606.7
1982.2 21609.9
1982.19 21614.9
1983.14 21629.5
1983.18 21641.3
1983.32 21645.9
1984.16 21626.1
1983.54 21603
1982.81 21607.1
1982.93 21597.5
1982.69 21603.2
1983.25 21620.5
1984.31 21631.8
1984.76 21678.1
1984.9 21700.5
1984.76 21691.7
1988.12 21837.2
1988.13 21848.5
1989.4 21813.4
1989.11 21816.1
1989.06 21842.9
1990.37 21905.8
1990.39 21897.5
2003.79 22000
2003.69 22032.6
2004.04 22041.5
2003.97 22079
2004.03 22114.1
2003.46 22444.4
2003.01 22476.2
2003.03 22453.4
2003.22 22445
2003 22442.2
2002.38 22446.7
2002.57 22453.6
2002.65 22445.9
2002.88 22446.6
2005.49 22501.5
2005.48 22510.3
2005.48 22479.2
2005.57 22473.3
2005.52 22488.4
2004.87 22484.2
2005.41 22503.5
2005.72 22504.5
2006 22501.6
2006.03 22505.9
2006.03 22499
1996.1 22522.6
1996.12 22470.8
1996.1 22455.3
1995.65 22448
1995.86 22438
1995.82 22441.5
1995.83 22434.5
1995.81 22436.1
1995.83 22445.8
1997.35 22494.8
1996.69 22578.5
1997.3 22561.2
1997.09 22530.6
1997.34 22546.9
1996.65 22551.6
1996.19 22532.8
1996.28 22497.9
1995.68 22482.2
1995.7 22472
1997.58 22421.7
1997.28 22381.2
1996.83 22372.6
1995.42 22298
1995.61 22290.8
1994.62 22283
1994.53 22292.6
1994.7 22293
1994.47 22303.1
1996.13 22317.6
1996.58 22327.9
1996.66 22317.3
1991.33 22333.2
1991.26 22347.9
1990 22410.6
1990.18 22448.1
1990.58 22450
1990.68 22428.3
1987.94 22505.4
1988.64 22557.7
1988.85 22557.4
