131.488 0
367.118 16.8019
425.219 16.1745
433.599 15.9491
443.713 15.8782
453.951 15.8072
532.716 19.3032
536.324 19.2646
542.133 14.1256
542.186 14.2968
630.215 30.8501
640.813 26.7933
640.901 26.5772
646.056 25.936
648.457 26.0995
707.029 33.7641
717.002 33.61
717.105 33.5434
744.014 33.5239
744.861 33.5239
781.476 33.2755
783.956 33.2263
791.035 35.0899
793.142 30.6792
807.592 30.6792
811.82 30.6792
814.813 30.5772
834.551 30.5871
833.718 30.2856
849.778 30.245
885.714 31.6206
888.448 30.087
939.354 36.5071
939.627 36.4605
940.616 36.4496
939.305 40.2813
971.976 41.1773
990.813 40.577
1018.5 82.9834
1016.4 106.825
1011.05 143.986
1032.24 163.199
1086.46 469.224
1086.21 575.323
1084.36 561.37
1084.44 630.442
1060.63 797.232
1083.19 859.258
1086.2 870.456
1088.4 883.896
1089.05 877.364
1089.34 877.893
1095.47 899.708
1099.51 912.38
1096.64 1081.86
1124.85 1141.47
1125.16 1163.2
1133.99 1520.29
1137.95 1587.7
1138.93 1681.84
1144.57 2386.66
1160.1 2426.43
1192.94 3229.34
1218.97 3453.15
1203.63 3542.58
1205.06 3495.95
1202.61 3688.17
1202.61 3893.83
1204.38 4049.75
1208.84 4079.79
1201.86 4179
1199.55 4235.3
1189.58 4302.2
1193.53 4333.57
1190.19 4406.77
1231.1 4418.12
1240.78 4608.75
1229.03 4706.28
1251.24 4739.53
1249.84 4828.59
1266.15 4919.51
1265.33 5025.03
1266.67 5032.08
1265.52 5065.33
1261.03 5204.25
1261.03 5318.13
1258.03 5486.77
1259.09 5409.66
1278.66 5470.87
1278.39 5480.03
1335.22 5666.62
1362.12 5775.61
1356.34 5959.8
1355.54 6043.76
1350.81 6134.17
1353.03 6150.28
1352.65 6153.04
1365.3 6325.49
1364.97 6408.95
1358.41 6517.48
1357.47 6570.11
1355.58 6708.58
1356.87 6924.71
1357.07 6957.76
1357.73 6784.75
1357.65 6658.3
1353.97 6701.25
1353.9 6783.19
1331.03 8345.52
1336.57 8413.96
1334.18 8105.3
1331.4 8143.94
1331.11 8220.35
1325.8 8561.18
1320.49 8597.04
1320.45 8625.66
1321.79 8607.77
1324.06 8595.77
1325.01 8666.8
1322.59 8653.23
1324.87 8753.32
1325.65 8755.51
1325.35 8736.1
1328.66 8701.15
1323.71 8852.09
1321.72 9071.53
1324.04 9596.32
1329.12 9658.04
1328.56 9962.09
1327.18 10023.3
1324.52 10149.7
1325.04 10216.7
1325.21 10110.5
1325.85 10073.3
1325.18 9991
1342.09 10175.1
1423.99 10221.3
1370.71 10377.4
1373.58 10557.1
1381.04 10667
1380.41 10668.4
1379.91 10668.3
1382.39 10765.4
1376.56 11094.9
1377.55 11067.1
1388.52 11163
1392.66 11182.8
1393.33 11250.2
1393.86 11113.4
1396.08 10997.9
1408.54 10971.6
1408.3 10928
1408.86 10945.5
1413.15 11500.4
1412.06 11464.3
1412.35 11308.4
1414.33 11355.5
1405.79 11415.5
1406.49 11479.5
1415.41 11643.8
1413.45 11815
1419.9 11837
1420.34 11747.9
1421.96 11695.5
1422.43 11618.4
1423.14 11554.2
1424.16 11510.3
1424.22 11547.7
1425.19 11487.1
1424.32 11520.3
1416.3 11701.1
1417.03 11654.8
1416.09 11576.7
1416.2 11501.6
1417.89 11696.1
1417.3 12118.8
1417.47 12020.5
1418.47 11894.8
1417.34 11836.3
1418.35 11879.1
1418.33 11944.5
1415.67 12127.8
1416.94 12102.4
1416.06 12127.4
1415.85 12178.5
1418.1 12171
1409.15 12116.5
1411.36 12201.8
1407.16 12686.9
1405.69 12765.5
1410.83 12864.1
1411.48 12868.2
1411 12812.5
1410.98 12738.8
1409.34 12679.3
1409.44 12678.6
1409.53 12683
1408.94 12721.1
1409.12 12746
1413.12 12700.2
1416.35 12635.3
1416.4 12377.1
1419.32 12451.8
1419.6 12397.9
1422.52 12488.2
1425.98 12483.1
1429.06 12332.2
1427.57 12309.6
1423.19 12195.7
1426.13 12148.3
1423.39 12260.3
1423.44 12174.7
1414.48 12406.7
1414.75 12495
1421.46 12600.6
1421.93 12609.6
1421.59 12634.6
1421.44 12765.6
1421 12739.7
1424.24 12780.1
1420.58 12725.3
1421.5 12698.3
1421.48 12724.7
1422.23 12900.8
1419.53 12876.1
1420.42 12773.8
1418.89 12835.4
1418.93 12864.4
1418.83 12804.9
1423.05 12731.4
1423.75 12695.1
1425 12657.5
1425.27 12678
1425.12 12589.7
1426.13 12582.1
1426.17 12551.9
1427.96 12778.7
1426.85 12792.9
1428.33 12703.3
1429.07 12712.6
1429.88 12784.6
1430.98 12550.8
1430.57 12621.9
1429.06 12733.5
1430.02 12859.1
1427.96 12904.3
1427.91 12913.8
1427.91 12920.5
1429.67 12928.6
1432.06 13006.1
1432.84 13038.3
1433.42 12999.3
1431.74 12929
1445.66 12870.6
1445.95 12829.9
1444.68 12849.7
1443.76 12950.8
1447.16 13077.5
1446.07 13147.3
1446.22 13125.5
1446.04 13073.7
1446.39 13078.6
1444.71 13100.8
1445.13 13278.3
1445.52 13251
1445.38 13317.4
1445.6 13403
1445 13581.4
1447.35 13681.6
1445.86 13764.5
1442.65 13767.7
1468.19 13721.6
1468.86 13677.5
1467.52 13682.4
1466.3 13847.7
1466.3 13852.8
1465.82 13872.7
1464.61 13919.5
1464.59 13801.4
1465.43 13918.9
1465.76 14122.9
1465.81 14148.8
1470.62 14254.8
1470.6 14259
1471.05 14284.4
1471.45 14289.1
1470.95 14230
1470.92 14206.7
1471 14201.1
1470 14107.2
1470.95 14126.4
1471.24 14096.8
1470.33 14113.5
1469.4 14161.7
1466.21 14192.9
1468.4 14294
1466.97 14316.4
1465.05 14373.1
1465.57 14364.1
1467.31 14384.1
1467.58 14381
1467.26 14408.1
1471.97 14424.4
1473.32 14441.3
1470.07 14490.9
1470.66 14556.1
1469.98 14670
1470.24 14681.4
1474.66 14730.3
1474.93 14735.2
1475.26 14691.3
1477.62 14676.3
1478.5 14663.4
1478.44 14615.9
1476.22 14528.4
1476.23 14531.4
1476.2 14530.1
1477.28 14557.6
1481.95 14482.6
1485.7 14443.4
1483.29 14452.6
1483.07 14424.2
1482.99 14387.6
1482.32 14370.3
1485.74 14315.7
1485.55 14282.8
1486.77 14195.6
1486.8 14172.1
1487.12 14144.7
1488.28 14151.9
1488.36 14115.1
1483.11 14160.6
1482.9 14189
1483.29 14205.6
1482.46 14212.9
1481.13 14247.3
1481.42 14198.4
1480.48 14269.7
1482.49 14145.6
1482.56 14165.9
1482.75 14178.7
1484.75 14209.5
1484.78 14270.5
1485.93 14324.2
1485.87 14348.1
1490.38 14387
1487.61 14327.7
1487.39 14315.5
1486.68 14326.5
1486.51 14302
1482.8 14404.4
1482.86 14462.6
1484.76 14659.7
1484.48 14592
1484.93 14629.6
1485.18 14629.2
1485.12 14647.2
1485.31 14668.6
1485.56 14650.5
1487.11 14657.1
1487.09 14666.1
1490.93 14715.2
1490.82 14735.2
1491.4 14731.6
1493.93 14734.4
1493.5 14742.3
1491.98 14744.9
1492.74 14779.9
1493.09 14752.1
1493.78 14685.6
1493.26 14670.6
1493.31 14645
1492.4 14633.6
1491.95 14614.9
1496.65 14605.6
1496.56 14573
1496.55 14578.4
1496.59 14573.5
1495.07 14613.2
1495.51 14667.3
1494.91 14667.4
1496.02 14657.4
1495.58 14648.6
1495.96 14640.1
1495.99 14595.5
1496.55 14609.2
1496.48 14707.4
1496.39 14731.2
1496.61 14727.2
1517.64 14823.7
1517.65 14836.6
1516.77 14815.1
1524.18 14836.4
1526.32 14811.9
1532.78 14893.7
1532.94 14883.3
1532.88 14913.7
1533.31 14896.4
1533.33 14874.8
1533.11 14872.5
1533.07 14854.1
1533.22 14842
1532.89 14855.1
1532.65 14861.5
1529.87 14928.1
1524.71 14945.5
1524.01 14921.7
1523.34 14903.8
1523.69 14928.7
1523.13 14919.5
1523.36 14925.2
1523.47 14898
1525.42 14985.9
1525.31 15013.5
1522.62 15107.4
1522.24 15127.6
1519.76 15184.1
1519.51 15170.1
1514.45 15422.2
1514.41 15355.3
1506.59 15497
1506.5 15579.1
1506.71 15614.7
1506.53 15658.2
1506.39 15653.3
1506.34 15640.7
1506.58 15665.3
1506.58 15719.9
1506.5 15749
1506.82 15790.3
1507.05 15820.5
1507.32 15858.5
1507.42 15869.1
1510.18 15926
1510.49 16053.7
1511.9 16074.3
1514.12 16155.7
1513.41 16137.6
1513.7 16154.1
1514.78 16178.6
1514.25 16185.4
1514.43 16201.4
1514.85 16172.8
1516.27 16147
1516.09 16164.9
1523.65 16287.4
1527.14 16462.6
1527.14 16601.3
1526.49 16630.6
1524.2 16662
1522.65 16600.5
1522.93 16612.7
1524.25 16617.5
1524.36 16549.5
1525.07 16579.9
1524.52 16572
1524.54 16556.4
1525.81 16414.4
1527.65 16417.4
1527.9 16457.7
1528.03 16457.5
1528.11 16454.5
1528.5 16466.8
1530.04 16484.9
1531.05 16493.4
1531.44 16490.2
1532.43 16497.8
1532.72 16476
1532.36 16528.5
1534.19 16565.9
1534.18 16573.3
1532.62 16565.1
1532.56 16574.1
1533.05 16594.4
1533.46 16617.3
1542.39 16625.7
1542.46 16771.2
1542.71 16881.8
1542.76 16859.1
1542.76 16895.6
1539.55 16842.3
1539.59 16901.5
1547.76 17029.8
1548.86 17173.5
1548.61 17248
1549.65 17261.1
1549.83 17297.1
1549.9 17305.6
1549.91 17395.5
1550.42 17533.5
1550.97 17582.2
1551.23 17584.5
1551.47 17602.4
1552.38 17606.6
1555.18 17609.5
1554.16 17586.5
1554.81 17536.2
1554.9 17569.4
1555.93 17602.2
1555.9 17601.7
1556.59 17613.1
1563.51 17701.6
1563.46 17705.1
1563.35 17595
1563.23 17557.9
1562.79 17550.2
1562.89 17559.3
1563.64 17579.8
1560.15 17540
1559.73 17567.9
1560.96 17668.8
1560.76 17808.6
1560.25 17649.3
1561.24 17693
1561.24 17700.1
1561.56 17735.4
1561.58 17739.6
1561.51 17720.3
1561.36 17710.4
1561.88 17675.1
1562.3 17691.4
1562.28 17701.1
1563.43 17770.1
1563.24 17644.9
1563.5 17653
1563.3 17615.3
1563.22 17609.6
1563.38 17612
1563.42 17621.3
1563.34 17618.8
1562.98 17617
1562.6 17534.5
1563.53 17533.6
1565.84 17523.4
1565.84 17545.3
1565.61 17547.4
1565.66 17541.6
1565.29 17531.2
1565.22 17501.6
1565.41 17479.6
1568.1 17457.6
1567.85 17386.2
1569.37 17369.9
1570.06 17359.7
1568.88 17368.4
1568.81 17436.9
1572 17470.6
1572.25 17480.3
1572.27 17469.7
1572.27 17450.6
1572.27 17416.9
1574.41 17425.5
1572.7 17476.8
1585.61 17404.5
1581.4 17434.6
1582.93 17423.8
1582.99 17393.5
1583.03 17363.6
1582.56 17319.8
1582.76 17275.9
1583.23 17241.7
1578.36 17294.7
1578.35 17319.5
1578.37 17336.4
1578.73 17356.6
1578.19 17402.5
1576.87 17397.2
1577.07 17396.5
1577.06 17393.7
1576.11 17376.9
1575.32 17398
1576.47 17361
1577.02 17391.7
1577.08 17410.3
1577.19 17421.7
1577.14 17395.8
1577.03 17402
1580.58 17415.5
1580.62 17426.4
1583.03 17383.8
1582.79 17402
1581.46 17379.9
1581.59 17371.4
1582.01 17369.4
1582.4 17403.1
1582.53 17384.9
1587.59 17388.3
1587.51 17483.6
1562.65 17714.1
1562.66 17663.6
1562.93 17559.3
1563.46 17468.6
1563.29 17322.4
1563.61 17321
1566.22 17347.7
1566.17 17386.7
1567.61 17393.6
1565.47 17405.6
1564.2 17433.2
1564.25 17424.1
1564.83 17468.3
1565.56 17478.4
1565.95 17409.1
1568.17 17449.2
1568.25 17482.7
1568.09 17488.9
1567.86 17433.6
1568.08 17444
1567.55 17459.7
1567.31 17504.8
1567.31 17529.8
1566.8 17599.7
1566.31 17617.9
1566.11 17622.9
1564.56 17630.9
1564.3 17660.5
1564.56 17693.3
1563.7 17716
1564.28 17678.7
1563.5 17676.2
1563.55 17650.1
1563.51 17608.7
1563.54 17592
1565.11 17637.3
1565.1 17649
1564.85 17584.6
1565.02 17519.7
1564.93 17533.6
1564.98 17522.4
1565.76 17518.7
1565.83 17511.1
1565.72 17518.6
1566.11 17655.3
1568.18 17628.4
1568.45 17678.8
1568.48 17690.7
1568.7 17652.7
1567.33 17626.2
1567.26 17599.3
1568.27 17578.9
1568.28 17539.7
1568.27 17581.9
1568.14 17578.7
1568.16 17580.9
1568.13 17612.2
1568.08 17619.8
1568.09 17607.5
1567.87 17558.5
1567.91 17505.2
1567.94 17464.1
1567.68 17423.5
1567.66 17408
1567.08 17393
1567.07 17344.3
1567.06 17317.1
1565.8 17348.3
1565.72 17361.8
1568.18 17373.7
1568.11 17418.7
1568.08 17434.8
1566.02 17449.8
1566.01 17480.5
1566.09 17494.8
1566.08 17503.3
1566.06 17509.7
1568.23 17524.8
1569.13 17534.3
1569.28 17544.1
1568.76 17517.6
1568.4 17500
1567.88 17500.7
1568.48 17510.6
1568.46 17459
1568.52 17532.5
1568.36 17558.7
1568.34 17574.1
1565.82 17556.8
1564.81 17551.6
1564.1 17552
1564.19 17534.4
1564.26 17532.1
1565.45 17531.9
1565.49 17516.6
1566.37 17531.4
1566.41 17521
1565.92 17531.3
1562.32 17481.9
1558.06 17476.8
1558.06 17515.9
1558.21 17543.9
1559.91 17534.2
1560.01 17562.5
1560.7 17584.9
1561.09 17583.9
1561.22 17610.5
1561.61 17598.4
1561.61 17567.7
1559.99 17602
1560.16 17606
1560.15 17690.2
1560.16 17655.1
1560.71 17606
1560.68 17587.2
1556.64 17624.5
1556.71 17726.3
1556.42 17759.8
1557.02 17687.9
1554.37 17636.5
1556.04 17759.8
1555.96 17764
1555.73 17701
1557.36 17698.8
1555.43 17759.1
1556 17847.8
1555.99 17846.1
1554.2 17863.1
1554.2 17863.8
1554.3 17881.1
1553.2 17857.3
1553.68 17847.7
1553.64 17808
1553.4 17777.3
1553.52 17765
1553.73 17758.8
1553.13 17770.9
1552.64 17817.6
1550.99 17703
1550.98 17730.6
1548.14 17763.9
1548.66 17805.7
1551.04 17706.7
1549.17 17706.5
1548.56 17741.6
1548.66 17743.5
1548.68 17733.2
1548.63 17735.1
1548.57 17717.4
1546.72 17754
1545.8 17735.6
1545.75 17702.3
1547.1 17738.2
1547.29 17710.1
1547.03 17722.8
1548.03 17724.6
1548.52 17708
1542.44 17628.1
1542.26 17635.9
1542.24 17641.9
1543.18 17639.6
1542.6 17691.7
1542.96 17699.2
1542.99 17701.3
1543.7 17747.5
1543.68 17776.7
1543.75 17804.8
1543.78 17825.7
1544.83 17867.2
1545.8 17866.8
1545.32 17909.7
1545.23 17917.9
1544.94 17827.3
1545.12 17813.5
1545.29 17769.4
1545.43 17770.9
1546.85 17790.5
1546.92 17771.8
1546.66 17776.9
1546.63 17769.5
1546.75 17768.5
1546.75 17745.5
1548.24 17747.2
1547.47 17754.3
1548.43 17717.7
1547.97 17762
1547.99 17799
1547.44 17792.5
1547.67 17821.3
1547.8 17846.3
1545.9 17795.9
1546.8 17870.9
1546.69 17959.5
1546.64 18023.8
1546.52 18021.6
1545.86 17977.7
1545.71 17998
1545.33 18010.5
1546.79 18013
1547.15 18083.5
1548.12 18157.4
1548.09 18193
1548.51 18199.1
1548.55 18219.1
1548.13 18233.9
1547.95 18230.8
1547.84 18220.4
1547.85 18214.5
1546.44 18235.5
1546.44 18270.4
1546.41 18196.5
1547.05 18207.1
1547.33 18237.2
1547.93 18249.9
1549.09 18263
1549.04 18259.4
1549.42 18246.8
1549.36 18247.8
1549.31 18266.1
1549.6 18258.1
1548.03 18240.6
1547.36 18294
1553.29 18366.2
1555.48 18418.5
1556.34 18479.8
1547.8 18560.3
1547.82 18521.3
1547.94 18513.3
1547.57 18501
1548.46 18504.1
1547.86 18497.1
1547.61 18491
1547 18501.1
1547.01 18500.8
1547.23 18500.6
1550.15 18475.4
1550.12 18482.8
1551.44 18518.5
1550.62 18477.9
1550.46 18492.8
1550.41 18531.8
1550.56 18700.1
1550.11 18694.9
1550.49 18728.1
1548.59 18759.9
1548.57 18762.1
1548.17 18824
1548.93 18861.8
1549.25 18898.4
1548.86 18928.8
1548.58 18946.5
1547.85 18891.1
1547.83 18833.8
1547.98 18814.9
1548.03 18819.4
1548.09 18792.1
1548.21 18791
1548.22 18776.8
1548.74 18779.7
1549.08 18790.1
1550.7 18787.2
1551.04 18798.5
1551.14 18800.5
1549.18 18817.5
1549.15 18830.7
1548.98 18844
1549.11 18842.8
1550.12 18938.5
1550.58 18954.2
1550.6 18966
1550.63 18963.2
1550.6 18939.4
1550.51 18910.2
1550.7 18916.3
1550.89 18927
1550.68 19032.4
1550.96 19056.8
1551.09 19059.2
1550.61 19032.7
1551.47 19038.6
1551.7 18971.4
1551 18994.6
1550.93 19029.9
1550.61 19002.1
1550.74 18997
1550.73 19005.9
1552.3 19025.1
1552.44 19037.9
1552.2 19037
1552.53 19003.3
1548.63 18886
1546.8 18879.2
1544.71 18915.5
1544.62 19277.2
1545.65 18902.9
1545.46 18794.7
1545.35 18690.2
1545.83 18698.5
1546.83 18749
1546.33 18740
1546.19 18743.2
1546.97 18742.7
1547.38 18766
1547.3 18758.3
1547.7 18751.7
1546.45 18720.8
1547.15 18735.8
1547.12 18742.4
1546.64 18815.9
1548.26 18816.7
1548.61 18827.3
1548.54 18832.6
1548.5 18833.6
1548.49 18836.4
1548.41 18870.7
1548.21 18884
1548.4 18911.2
1548.57 18890
1546.64 18898.8
1547.65 18902.9
1547.95 18922.5
1548.01 18887.5
1547.76 18930
1547.77 18861.3
1547.83 18858.6
1548.94 18743.9
1548.77 18735.7
1548.74 18716.4
1548.64 18731.2
1548.19 18734.2
1548.63 18814.4
1548.56 18837.3
1548.41 18791.4
1548.29 18780.3
1548.27 18779.9
1548.6 18803.3
1548.57 18774.7
1548.58 18769.1
1548.36 18789.1
1548.33 18799.1
1548.07 18815.8
1548.2 18824
1547.98 18829.8
1548.17 18831.3
1548.41 18841
1548.52 18843
1548.8 18845.6
1549.32 18847.8
1548.73 18826.6
1548.75 18824
1548.97 18826.1
1550.29 18838.8
1550.31 18809.6
1550.01 18808
1549.95 18814.7
1548.89 18819.9
1548.46 18859.4
1548.47 18839.8
1547.26 18870.7
1548.29 18857.7
1548.52 18899.7
1548.41 18908.2
1548.47 18923.3
1548.57 18952.7
1548.56 18961.7
1548.57 18939.7
1548.39 18948.7
1548.6 18937.6
1548.36 18972.1
1548.35 18939
1547.64 18926.8
1546.91 18923.3
1546.97 18923.2
1545.35 18908.4
1545.36 18900.2
1545.62 18889.2
1545.12 18880.5
1544.69 18885.1
1544.23 18870
1542.76 18911.2
1542.72 18936.6
1547.77 18997.2
1547.94 19017.7
1548.08 19032.8
1548.19 19059.4
1548.46 19094.7
1546 19162.7
1545.36 19183.6
1546.27 19153.1
1546.16 19105.6
1546.39 19057.9
1546.11 19089.4
1546.1 19065.3
1546.07 19047.7
1545.67 19050.5
1545.35 18996.5
1544.22 19036.6
1544.36 19020.3
1544.01 19043.6
1544.76 19056.5
1545.01 19100.9
1545.1 19109.7
1547.26 19103.6
1548 19109.3
1548.32 19119.6
1548.28 19140.6
1548.24 19136.2
1547.34 19143.4
1547.33 19152.2
1547.25 19158.2
1547.42 19154.6
