10.4877 0
112.282 0
256.658 0
297.385 0
306.546 0
316.394 0
329.86 0
424.096 0
446.864 0
454.797 0
488.847 0
513.203 0
513.389 0
534.351 0
534.901 0
536.089 204.51
582.117 164.936
594.205 171.209
597.835 174.101
665.915 176.704
753.446 177.193
807.646 179.319
816.414 303.416
817.604 279.002
920.089 304.578
926.123 293.017
928.035 262.62
1001.13 300.132
1039.38 258.389
1025.14 339.521
1024.6 382.405
1070.23 427.441
1069.12 422.217
1076.93 427.494
1097.45 431.81
1128.55 425.371
1130.52 442.031
1127.97 507.144
1130.19 545.487
1211.27 569.775
1202.88 671.489
1229.63 731.945
1246.58 835.669
1264.29 788.368
1264.23 772.258
1271.92 769.406
1272.42 774.737
1287.54 759.651
1299.34 826.33
1303.25 958.501
1299.97 1036.89
1357.14 1800.86
1361.52 1908.02
1388.59 2328.91
1375.83 2547.26
1403.29 2640.35
1407.08 2627.52
1424.12 2608.21
1469.83 2763.28
1469.77 2719.87
1472.16 2717.98
1497.86 2774.07
1540.19 2797.58
1541.01 2725.68
1542.91 2694.75
1706.65 7488.65
1714.7 6527.94
1686.01 5722.22
1655.97 3908.51
1678.32 4728.34
1681.38 5002.86
1682.4 5125.49
1682.69 5202.28
1682.82 5202.65
1678.98 5107.81
1663.02 4983.16
1717.97 5658.86
1718.99 5108.56
1718.5 5034.2
1711.03 5132.73
1710.39 5183.59
1728.18 5166.74
1629.75 5251.56
1627.29 4421.91
1639.86 4044.56
1643.51 3934.92
1639.49 4007.2
1640.33 3979.39
1633.84 3984.08
1632.72 4044.65
1634.53 4297.13
1636.5 4361.65
1642.32 4405.36
1642.21 4416.06
1637.31 4511.08
1630.04 4691.08
1630.53 4768.28
1633.19 4840.12
1642.56 4840.89
1648.29 5151.78
1647.51 5265.73
1643.9 5229.03
1629.96 5230.78
1633.06 5233.55
1632.72 5193.47
1633.8 5123.16
1633.7 5073.43
1631.93 5122.12
1636.8 5288.8
1636.61 5359.97
1636.58 5298.01
1635.12 5243.05
1635.91 5302.86
1637.49 5329.38
1637.32 5334.51
1641.2 5225.39
1639.96 5175.25
1640.27 5199.67
1640.33 5239.54
1640.08 5261.83
1641.23 5298.12
1639.52 5360.57
1644.95 5393.68
1645.72 5369.88
1645.36 5322.22
1644.69 5302.03
1642.61 5357.24
1642.11 5345.89
1642.6 5298.85
1642.59 5145.87
1642.62 5051.14
1642.17 5014.85
1643.12 5080.5
1642.27 5129.46
1643.18 5159.19
1642.77 5201.42
1642.72 5250.37
1642.39 5225.27
1642.4 5232.95
1636.06 5239.04
1635.89 5243.48
1636.29 5248.17
1633.51 5415.92
1633.7 5485.49
1633.26 5530.53
1633.85 5537.88
1632.52 5501.26
1631.16 5452.46
1631.13 5408.89
1631.71 5393.84
1631.56 5292.19
1635.52 5277.97
1633.52 5291.53
1634.26 5247.76
1634.3 5217.22
1634.98 5180.49
1636.52 5123.93
1633.81 5132.16
1632.11 5156.37
1632.25 5156.89
1628.79 5167.49
1627.58 5204.21
1626.83 5193.07
1626.97 5210.1
1629.17 5120.41
1629.08 5129.38
1632.79 5195.96
1640.51 5110.73
1640.27 5098.45
1640.57 5126.43
1643.73 5276.5
1642.49 5301.28
1643.22 5270.31
1643.15 5160.37
1643.59 5106.67
1653.73 5054.21
1654.32 5066.61
1654.33 5085.05
1653.4 5137.37
1653.52 5164.3
1653.99 5187.87
1654.22 5202.18
1654.56 5207.91
1656.78 5226.72
1656.77 5236.53
1657.46 5246.97
1658.65 5234.55
1658.62 5243.76
1656.95 5135.05
1654.78 5160.18
1652.85 5556.94
1650.96 5476.34
1650.91 5440.4
1650.37 5508.03
1650.42 5570.08
1650.62 5523.83
1651.06 5678.32
1650.74 5738.61
1651.22 5722.2
1650.7 5705.31
1653.51 5799.44
1656.79 5867.43
1655.75 5901.17
1655.94 5903.02
1656.62 5899.28
1656.57 5907.55
1657.02 5949.15
1657.2 6010.89
1663.72 6041.19
1664.93 6062.98
1669.81 6102.7
1671.1 6333.81
1671.28 6371.53
1671.48 6337.81
1673.09 6383.13
1672.79 6321.26
1672.91 6323.73
1672.86 6315.21
1671.73 6305.61
1671.56 6311.74
1672.62 6275.55
1673.77 6287.83
1673.24 6317.83
1675.17 6325.2
1678.87 6423.42
1679.5 6449.82
1679.15 6468.55
1682.01 6499.88
1681.37 6528.58
1680.06 6551.38
1680.2 6543.34
1680.36 6530.36
1680.62 6520.61
1682.62 6524.45
1682.2 6507.93
1685.5 6549.98
1685.46 6567.21
1685.51 6573.52
1685.32 6516.21
1685.47 6501.62
1689.07 6459.94
1690.17 6392.59
1687.81 6301.44
1686.06 6254.91
1686.12 6225.33
1686.05 6216.52
1685.95 6198.95
1686.16 6209.88
1685.62 6220.86
1685.68 6199.49
1685.35 6182.75
1686.93 6084.05
1686.71 6075.45
1686.47 6111.9
1686.09 6107.66
1686.69 6099.58
1688.79 6106.74
1691.17 6143
1691.3 6164.29
1691.3 6082.96
1691.31 6033.61
1691.59 6034.33
1692.08 6029.22
1692.35 6006.84
1692.46 5968.48
1693.27 5959.17
1693.03 5965.47
1692.98 5960.5
1693.38 5941.6
1694.14 5947.93
1693.78 5949.72
1692.69 5938
1692.64 5938.16
1692.41 5952.36
1691.63 5966.78
1691.81 5979.18
1692.14 5961.86
1693.44 5978.48
1693.89 6008.3
1693.9 6011.56
1694.1 6014.56
1693.39 6023.25
1696.05 6150.31
1696.42 6119
1696.46 6092.11
1696.31 6005.1
1696.28 6025.88
1695.93 6017.3
1695.39 6021.61
1696.38 6039.18
1696.92 5991.33
1697.36 5977.34
1697.11 5988.84
1696.68 6006.21
1696.83 6006.09
1696.67 5963.51
1696.83 5934.38
1697.15 5918.77
1697.06 5910.29
1696.04 5993.17
1694.74 5959.56
1695.42 5962.87
1695.61 5946.34
1694.6 5939.61
1694.53 5943.19
1694.3 5938.25
1694.45 5945.42
1694.24 5921.27
1694.33 5903.87
1694.61 5898.42
1694.78 5923.5
1693.66 5889.21
1693.77 5878.26
1694.29 5865.14
1695.75 5859.18
1693.03 5909.19
1693.11 5904.76
1693.14 5907.39
1692.94 5919.28
1692.83 5912.29
1690.54 5980.25
1690.56 5972.02
1690.8 6001.21
1690.54 6003.33
1690.98 6025.23
1686.79 6045.71
1686.51 6063
1687.57 6103.74
1687.49 6122.07
1686.69 6125.52
1687.26 6115.11
1687.66 6118.99
1688.64 6161.28
1688.26 6155.3
1688.36 6161.52
1689.33 6080.83
1689.52 6053.49
1689.28 6039.54
1689.74 6051.32
1689.54 6033.37
1689.08 6022.57
1689.1 6011.18
1689.05 6001.17
1688.26 5988.88
1686.86 6044.37
1686.17 6058.11
1686.01 6055.18
1686.33 6043.54
1686.05 6040.99
1686.01 6023.29
1686.26 6028.09
1686.25 6022.45
1683.71 5976.56
1683.4 5968.55
1682.64 5825.59
1682.64 5816.15
1682.87 5821.02
1682.8 5802.14
1682.91 5826.15
1681.14 5846.44
1680.42 5844.33
1680.82 5847.17
1679.92 5799.8
1679.8 5835.48
1679.65 5841.65
1679.33 5834.34
1679.6 5853.58
1679.29 5977.13
1675.68 6044.45
1675.73 6090.06
1676.23 6072.56
1676.55 6138.31
1676.5 6188.53
1676.13 6221.51
1675.79 6253.61
1675.43 6240.09
1675.64 6229.22
1675.64 6134.74
1675.79 6145.45
1675.87 6107.65
1676.13 6088.4
1676.08 6056.41
1677.76 6032.04
1677.61 5994.88
1676.92 5987.45
1676.91 5895.54
1677.14 5862.09
1678.78 6021
1678.94 6104.81
1678.61 6121.14
1678.3 6129.24
1678.27 6120.49
1679.47 6147.14
1679.5 6158.9
1679.45 6151.06
1681.5 6154.74
1681.52 6135.59
1683.3 6129.62
1682.51 6123.2
1683.92 6122.94
1683.67 6105.68
1684.2 6091.33
1684.81 6079.15
1684.41 6067.74
1684.69 6061.96
1685.07 6076.18
1684.81 6077.22
1685.85 6081.52
1685.15 6089.2
1686.21 6160.24
1686.16 6177.93
1683.41 6121.89
1683.54 6095
1682.94 6055.47
1682.86 6046.53
1682.15 6053.36
1681.12 6085.52
1679.19 6118.44
1679.03 6081.74
1677.87 6093.86
1677.49 6100.58
1677.34 6103.31
1676.38 6083.2
1676.15 6065.24
1675.86 6032.98
1675.81 6030.31
1675 6069.45
1675.03 6076.63
1675.05 6099.88
1675.06 6096.25
1675.24 6132.91
1673.95 6119.59
1673.69 6120.95
1673.71 6098.34
1674.21 6079.36
1674.66 6078.1
1674.65 6076.38
1674.68 6076.05
1675.49 6099.46
1675.49 6084.33
1675.94 6054.71
1675.97 6048.67
1675.77 6034.71
1675.69 6019.77
1675.53 6032.92
1675.34 6042.55
1674.91 6028
1674.68 6026.75
1673.89 6027.6
1674.43 6034.62
1674.39 6050.61
1674.34 6076.1
1675.6 6134.18
1675.26 6111.84
1675.5 6062.54
1675.44 6049.97
1675.31 6030.43
1674.21 6051.44
1674.65 6061.41
1674.71 6098.82
1674.73 6113.53
1675.4 6117.84
1676.67 6140.72
1676.71 6153.02
1676.18 6148.28
1676.18 6138.88
1675.78 6159.59
1675.71 6133.21
1675.42 6169.02
1674.26 6233.94
1674.31 6261.31
1674.6 6279.99
1674.6 6271.88
1674.52 6290.38
1675.33 6321.51
1674.84 6356.99
1677.04 6387.47
1676.74 6397.81
1676.83 6377.67
1678.24 6442.93
1676.82 6470.38
1677.11 6368.3
1675.32 6412.69
1675.26 6450.04
1675.72 6379.74
1675.76 6348.55
1676 6331.76
1675.92 6338.59
1676.48 6336.73
1676.25 6329.84
1676.28 6296.34
1676.33 6268.12
1676.37 6227.1
1676.85 6215.64
1676.73 6235.46
1676.43 6229.45
1676.33 6228.42
1676.09 6245.54
1676.1 6244.15
1675.83 6271.84
1675.63 6310.46
1675.22 6325.64
1675.11 6263.42
1674.82 6247.96
1673.95 6220.83
1673.96 6212.59
1674.09 6197.22
1673.76 6202.16
1673.54 6193.19
1673.97 6180.06
1674.29 6184.17
1674.34 6194.11
1674.46 6210.72
1674.5 6208.07
1674.46 6212.55
1675.03 6245.14
1674.95 6269.13
1675.18 6289.88
1675.36 6286.9
1675.4 6277.26
1675.33 6307.25
1675.33 6323.66
1675.35 6318.2
1675.48 6293.23
1675.47 6307.05
1675.7 6328.62
1676.18 6324.27
1676.31 6330.42
1676.17 6330.82
1675.77 6337.08
1674.37 6341.29
1674.29 6308.77
1673.27 6248.51
1673.1 6224.55
1676.78 6213.45
1676.75 6247.72
1676.78 6249.9
1676.75 6264.4
1676.31 6277.59
1676.62 6272.46
1673.75 6312.84
1673.71 6334.64
1673.6 6333.66
1673.88 6327.73
1673.79 6300.11
1673.13 6288.8
1673.84 6298.44
1673.35 6319.06
1672.92 6376.99
1674.44 6415.29
1674.3 6408.42
1672.81 6461.84
1673 6495.19
1673.13 6526.25
1672.46 6549.12
1672.92 6556.45
1673.14 6581.1
1672.94 6606.91
1672.86 6608.7
1672.71 6626.67
1670.62 6628.56
1670.71 6649.28
1671.42 6655.52
1670.88 6680.51
1670.67 6717.24
1670.77 6712.24
1671.02 6751.32
1672.38 6738.43
1672.06 6775.49
1672.14 6767.99
1671.63 6770.07
1671.6 6779.74
1672.07 6779.45
1672.1 6787.82
1671.97 6776.14
1673.17 6784.58
1673.23 6767.95
1674.48 6859.04
1673.89 6877.81
1673.58 6870.65
1673.63 6852.5
1675.54 6865.18
1675.55 6848.84
1675.23 6852.97
1676.33 6868.76
1676.29 6871.09
1674 6915.85
1675.23 6908.69
1675.06 6900.82
1675.56 6944.06
1675.97 6984.88
1675.91 7001.82
1675.83 6994.46
1675.8 6990.21
1675.79 6986.26
1675.7 6990.51
1675.7 6997.97
1675.8 7006.4
1675.83 7021.6
1675.3 7024.98
1675.6 7054.13
1674.98 7091.1
1674.8 7085.69
1674.83 7034.82
1675.56 7017.11
1675.26 6997.23
1675.2 7010.84
1674.64 6993.85
1675.39 7037.69
1675.24 7050.42
1675.06 7046.66
1675.08 7060.11
1675.08 7085.59
1674.28 7109.53
1674.33 7123.05
1674.45 7119.88
1674.54 7131.5
1674.32 7163.38
1674.49 7171.32
1674.5 7186.31
1674.86 7217.85
1675.53 7238.57
1675.08 7259.93
1674.56 7286.76
1674.37 7315.48
1674.55 7323.48
1674.23 7331.9
1674.13 7327.67
1674.11 7337.38
1674.04 7342
1674.07 7346.89
1673.89 7354.57
1674.85 7360.71
1675.57 7350.36
1675.41 7355.56
1674.93 7354.16
1674.22 7359.02
1674.16 7353.81
1673.91 7334.21
1673.9 7305.76
1673.69 7258.21
1673.79 7211.51
1673.64 7164.24
1673.53 7142.11
1673.71 7136.7
1673.78 7158.59
1673.92 7155.87
1674.21 7151.64
1674.14 7137.68
1674.24 7112.32
1674.09 7074.48
1674.81 7042.66
1674.43 7033.99
1674.44 7019.99
1672.6 7000.28
1672 7015.87
1672 7010.44
1671.63 7010.51
1671.55 7009.1
1671.46 6999.43
1671.85 6996.61
1671.68 6980.36
1671.59 6981.49
1671.41 6958.99
1672.16 6941.54
1672.15 6938.1
1671.82 6946.36
1671.84 6949.58
1671.78 6942.69
1671.89 6932.79
1671.9 6939.62
1672.02 6923.42
1672.05 6906.95
1671.92 6910.16
1672.04 6921.64
1671.65 6909.02
1672.19 6914.98
1672.18 6919.38
1671.31 6866.69
1671.27 6824.03
1671.27 6857.21
1670.2 6812.3
1670.62 6834.87
1670.62 6820.99
1670.39 6852.1
1670.94 6874.75
1671.32 6929.34
1671.18 6959.22
1671.17 6969.11
1671.97 6980.64
1673.48 6971.75
1673.58 6951.28
1673.17 6947.87
1672.73 6956.27
1672.76 6955.86
1672.85 6941.42
1673.37 6940.83
1673.88 6954.48
1673.96 6948.86
1673.94 6981
1673.71 6970
1673.94 6966.24
1674.71 6938
1674.83 6906.27
1674.64 6844.93
1671.97 6896.6
1672.39 6908.63
1672.64 6903.7
1672.66 6902.27
1671.62 6878.65
1672.39 6865.82
1672.5 6867.99
1672.83 6878.4
1673.36 6920.01
1673.64 6929.19
1673.66 6914.47
1673.68 6907.54
1673.68 6921.04
1673.81 6914.92
1674.31 6909.27
1674.31 6894.28
1674.32 6889.06
1674.03 6866.64
1673.21 6908.87
1673.38 6909.71
1673.76 6913.51
1673.58 6919.15
1673.46 6920
1677.63 6891.12
1677.62 6894.24
1677.6 6906.76
1677.41 6896.88
1677.37 6891.54
1677.84 6896.39
1677.61 6912.56
1677.34 6920.17
1677.01 6925.15
1677.2 6924.66
1677.15 6920.03
1673.78 6956.49
1672.71 6981.96
1672.28 7004.49
1672.09 7011.56
1672.11 7014.98
1672.09 7007.49
1673.52 7031.56
1682.7 7048.59
1683.56 7069.92
1683.42 7069.54
1683.43 7063.44
1683.31 7198.14
1683.77 7259.55
1684.04 7241.32
1684.07 7263.75
1684.04 7276.52
1684.03 7245.22
1682.47 7212.05
1682.8 7247.67
1682.89 7248.41
1682.91 7231.64
1682.98 7226.38
1683.5 7229.28
1683.58 7251.1
1683.28 7254.5
1683.26 7266.33
1683.2 7284.37
1682.69 7304.39
1682.69 7284.66
1683.8 7332.65
1683.9 7381.03
1684.03 7385.16
1684.11 7371.27
1684.27 7360.8
1684.31 7356.04
1684.64 7378.65
1684.65 7407.25
1684.83 7430.01
1684.86 7412.44
1684.74 7400.29
1684.63 7388.93
1683.4 7395.61
1683.3 7395.24
1683.03 7390.47
1684.72 7383.92
1684.63 7374.97
1685.77 7370.51
1685.68 7387.47
1685.7 7403.04
1685.94 7398.31
1685.96 7395.81
1692.36 7462.27
1692.28 7443.07
1692.56 7446.77
1692.85 7420.69
1692.79 7423.94
1692.97 7420.17
1693.18 7434.53
1693.41 7528.06
1693.64 7566.68
1692.9 7525.6
1693.03 7493.36
1692.6 7462.67
1692.67 7451.51
1689.73 7367.99
1689.9 7325.3
1691.64 7265.75
1691.71 7252.46
1691.19 7317
1690.93 7312.85
1690.93 7301.67
1692.91 7364.14
1693.2 7402.67
1692.63 7454.23
1691.82 7436.94
1691.33 7455.2
1691.19 7461.26
1691.22 7474.89
1691.03 7487.19
1695.77 7644.22
1696.37 7783.89
1696.51 7820.58
1696.48 7823.82
1696.24 7816.55
1696.18 7809.94
1696.02 7808.42
1696.16 7824.36
1695.99 7827.88
1696.12 7844.01
1696.18 7807.4
1696.11 7813
1696.15 7825.65
1696.1 7845.01
1697.36 7852.44
1697.68 7872.38
1697.64 7886.12
1697.45 7920.37
1697.77 7927.68
1697.24 7925.06
1696.9 7917.15
1698.62 7920.54
1698.58 7918.9
1698.49 7903.94
1698.35 7897.82
1698.32 7889.75
1699.99 7930.61
1700.74 7951.07
1700.74 7963.37
1701.01 7970.26
1701.13 8002.65
1701.05 8002.14
1701.26 8004.46
1701.34 8025.31
1700.79 8011.1
1701.26 8051.49
1699.68 8037.39
1699.35 8038.35
1699.17 8043.86
1698.94 8037.54
1698.81 8003.23
1698.85 7999.27
1699.44 8007.16
1699.44 7997.76
1699.34 7996.02
1699.27 7990.21
1699.58 7976.99
1699.6 7974.57
1699.34 7942.04
1699.33 7894.92
1699.27 7866.29
1700.12 7866.29
1699.68 7864.2
1702.77 7892.07
1702.59 7861.55
1702.59 7836.19
1702.36 7817.22
1702.22 7821.32
1702.12 7826.4
1702.13 7820.54
1702.07 7766.24
1702.59 7695.22
1702.56 7669.9
1702.29 7679.04
1699.08 7783.8
1698.75 7808.36
1698.88 7807.77
1699.49 7828.37
1699.59 7847.02
1699.64 7856.93
1699.62 7870.94
1699.35 7866.23
1699.36 7842.35
1699.68 7863.75
1699.78 7877.97
1700.18 7891.26
1700.31 7899.94
1700.01 7886.31
1699.76 7855.07
1699.69 7769.96
1700 7750.76
1700.01 7722.32
1699.96 7709.9
1700.15 7715.33
1700.31 7719.26
1700.31 7717.92
1700.04 7714.5
1700.8 7712.97
1700.85 7718.47
1700.92 7727.65
1702.38 7759.22
1701.8 7757.44
1700.79 7778.54
1700.66 7790.68
1699.66 7810.1
1699.3 7761.17
1699.66 7739.18
1699.52 7755.58
1699.74 7750.57
1699.72 7710.1
1699.81 7693.57
1699.27 7673.84
1698.79 7644.87
1698.94 7608.87
1701.69 7580.94
1701.73 7593.8
1701.72 7580.81
1701.6 7571.6
1701.73 7569.15
1701.11 7580.87
1701.02 7567.7
1701.09 7578.52
1701.1 7584.93
1701.2 7573.54
1699.95 7578.86
1699.95 7569.26
1699.97 7559.53
1700.73 7559.08
1701.46 7560.73
1701.67 7559.32
1699.66 7602.65
1699.8 7612.72
1699.9 7613.43
1700.45 7607.53
1700.34 7621.01
1702.66 7730.15
1702.72 7810.29
1702.91 7826.8
1702.95 7827.68
1702.5 7820.57
1702.61 7830.55
1702.62 7825.76
1702.62 7834.43
1703.42 7837.29
1703.4 7813.84
1703.12 7799.88
1702.9 7785.63
1702.83 7800.64
1703.14 7806.98
1703.19 7814.35
1699.98 7834.98
1699.68 7818.95
1699.42 7820.96
1699.42 7825.51
1699.65 7889.74
1699.53 7902.77
1698.77 7887.73
1698.77 7872.83
1699.2 7895.39
1699.18 7891.27
1699.44 7887.25
1699.72 7905.5
1699.71 7884.41
1700.63 7903.04
1701.36 7905.4
1700.96 7919.46
1698.12 7913.24
1698.23 7926.74
1696.16 7893.15
1696.88 7921.26
1696.85 7921.04
1697.14 7934.7
1696.57 7943.82
1696.28 7937.99
1696.84 7952.93
1697.33 7964.7
1697.26 7962.35
1697.13 7964.41
1697.15 7977.54
1697.3 7977.05
1697.21 7977.83
1697.49 8011.3
1698.7 8030.13
1698.71 8041.88
1698.71 8044.59
1699.42 8063.52
1699.13 8067.95
1699.06 8088.45
1699.41 8087.58
1699.58 8099.45
1699.67 8105.29
