5.53073 0
86.6566 0
175.506 0
175.507 0
324.703 0
326.559 0
340.51 0
342.031 0
363.115 0
363.623 0
364.492 0
388.118 0
409.49 0
421.191 0
450.921 0
462.353 0
480.266 0
482.329 0
482.797 0
490.876 0
491.458 0
580.83 33.2018
583.896 28.6002
589.018 28.5066
651.515 31.4336
721.271 34.4697
734.367 34.4465
737.523 34.4387
737.57 34.433
752.531 34.433
753.71 34.433
769.442 34.433
775.208 34.433
819.62 68.4906
841.589 239.104
841.639 284.231
842.75 335.626
866.598 368.499
876.759 478.369
884.582 526.195
884.592 545.547
885.259 554.625
888.789 561.167
893.287 713.612
884.327 904.523
887.926 1151.73
900.499 1190.88
892.651 1307.38
907.88 1363.02
933.103 1371.13
933.437 1337.43
1253.89 29222.6
1215.21 20583.3
1304.03 8892.12
1309.89 5880.88
1321.16 6098.37
1029.83 9518.04
1029.9 5287.02
1030.08 3890.3
1011.5 3863.29
1012.16 3744.85
1017.63 3656.69
1041.97 3585.99
1058.99 3606.53
1077.58 3507.24
1080.87 3364.08
1081.06 3334
1076.72 3311.81
1078.63 3286.81
1078.76 3301.19
1070.55 3390.88
1093.16 3397.34
1092.13 3388.83
1080.46 3565.79
1077.44 3794.88
1077.62 4030.67
1075.42 3893.64
1077.62 3874.84
1075.35 3918.25
1089.05 4179.76
1104.74 4319.43
1102.58 4395.98
1120.63 4396.59
1118.22 4564.88
1117.75 4586.8
1107.75 4724.13
1111.79 4731.02
1116.26 4781.59
1114.62 4784.86
1112.54 4745.53
1111.7 4644.45
1082.61 5058.64
1080.61 4282.03
1083.13 4113.58
1083.39 4095.04
1097.76 4942.59
1099.73 4087.09
1099.36 4001.18
1115.61 4747.39
1115.8 5144.79
1115.76 4894.77
1103.58 4834.28
1103.31 4870.28
1102.92 4834.35
1099.3 4890.21
1093.07 5039.9
1096.28 4976.8
1098.88 5113.7
1099.38 5128.9
1100.25 5152.88
1095.88 5487
1093.84 5300.51
1094.31 5327.71
1095.45 5269.38
1093.11 5288.17
1093.26 5751.7
1103.81 5689.18
1106.4 5777.72
1106.36 5795.79
1106.14 5801.36
1104.63 5763.58
1099.16 6296.45
1099.59 7131.33
1106.93 6728.51
1102.72 6622.91
1111.16 6716.16
1107.43 6517.68
1119.86 6431.36
1119.61 6515.1
1168.53 6554.11
1167.35 6549.13
1149.27 6565.01
1147.62 6591.46
1153.9 6525.57
1155.65 6660.82
1155.68 6694.77
1160.47 6742.43
1164.66 6727.81
1169.95 6774.14
1171.55 6734.58
1171.69 6733.38
1184.86 6762.63
1182.91 6645.47
1176.21 6668.53
1176.47 6698.39
1177.99 6700.8
1179.08 6749.11
1178.05 6815.89
1177.62 6820.17
1177.79 6847.59
1162.19 6976.66
1161.84 7086.03
1161.49 7063.83
1159.26 7137.42
1153.14 7249.47
1149.75 7346.15
1155.75 7516.41
1155.72 7628.17
1155.72 7519.21
1156.07 7313.26
1156.13 7133.25
1155.13 7130.17
1158.11 7183.3
1158.16 7137.46
1158.02 7157.5
1157.59 7179.58
1157.23 7158.1
1156.87 7198.74
1156.94 7224.33
1157.06 7215.24
1158.23 7196.09
1157.67 7174.58
1155.35 7119.81
1153.74 7089
1153.62 7083.24
1152.16 7023.04
1152.81 6987.73
1151.92 7098.64
1151.83 7154.64
1151.3 7042.56
1146.5 7183.77
1146.92 7350.66
1146.42 7414.8
1143.99 7391.21
1138.73 8145.01
1152.56 8163.1
1150.11 8117.61
1148.97 8077.74
1147.27 8062.12
1159.17 8017.27
1159.18 8065.82
1152.68 8309.76
1156.26 8186.11
1156.31 8172.16
1155.52 8119.44
1157.6 8145.33
1160.3 8114.09
1161.81 8098.8
1166.18 8282.15
1165.37 8122.66
1163.35 8061.9
1160.15 8258.56
1160.99 8699.76
1161.35 8834.81
1157.53 8947.67
1157.98 8765.01
1153.72 8632.69
1139.99 8715.44
1140.31 8553.73
1140.86 8344.97
1144.08 8275.35
1144.1 8197.69
1142.37 8083.18
1137.05 8016.79
1135.54 7955.36
1139.84 7889.28
1138.83 7868.73
1140 7856.96
1140.27 7862.82
1140.92 7866.45
1141.26 7886.13
1141.87 7820.09
1140.88 7835.34
1144.71 7868.49
1144.84 7888.47
1145.61 7874.78
1144.78 7889.66
1142.33 7980.04
1144.29 8064.39
1149.78 8147.33
1149.2 8226.07
1147.38 8174.46
1151.01 8152.03
1151.07 8158.77
1150.94 8128.29
1150.91 8096.12
1148.57 8135.33
1148 8136.27
1147.99 8138.25
1150.02 8116.86
1149.59 8111.07
1151.01 8154.22
1139.48 8338.1
1138.66 8291.81
1135.95 8328
1133.67 8297.4
1135.43 8275.36
1133.69 8283.51
1136.52 8368.47
1137.11 8411.82
1132.12 8606.45
1134.66 8799.3
1133.49 8876.38
1133.65 8879.77
1133.89 8877.18
1136 8890.32
1136.24 8934.75
1137.57 8949.38
1136.96 9097.5
1136.64 9194.73
1136.37 9255.11
1135.65 9256.86
1132.69 9274.32
1133.6 9281.32
1131.49 9340.88
1127.92 9362.54
1126.74 9392.2
1124.08 9531.9
1123.12 9493.16
1123.27 9465.4
1123.19 9437.07
1124.39 9409.87
1121.09 9304.91
1122.08 9392.08
1122.02 9384.99
1124.23 9351.98
1123.7 9454.87
1123.17 9435.75
1123.23 9404.04
1123.95 9383.57
1125.32 9359.82
1125.22 9376.84
1126.8 9441.75
1126.94 9580.59
1127.24 9594.12
1127.44 9601.67
1126.42 9588.1
1126.46 9609.92
1125.99 9478.04
1126.1 9471.23
1126.33 9474.54
1126.63 9486.85
1122.94 9563.18
1127.03 9608.17
1127.76 9599.65
1125.53 9591.74
1124.95 9604
1125.08 9552.5
1121.94 9342.06
1122.15 9335.74
1122.18 9446.37
1124.14 9512.91
1123.43 9599.66
1124.06 9552.08
1123.83 9545.2
1124.59 9548.85
1124.83 9533.62
1124.94 9516.06
1125.01 9501.13
1126.91 9484.24
1124.6 9798.55
1121.04 9682.18
1120.99 9749.96
1121.33 9824.31
1121.84 9744.12
1120.54 9822.18
1120.56 9816.65
1120.46 9781.16
1118.49 9758.22
1107.17 9816.64
1107.93 9830.85
1109.57 9839.11
1111.65 10035.4
1111.49 10090.7
1114.58 10165.3
1116.83 10220.8
1118 10219.4
1117.18 10204.6
1117.25 10250.8
1116.72 10950.7
1116.73 10716.5
1115.61 10377.2
1112.28 10347.7
1110.8 10352.9
1111.22 10211
1111.23 10207.9
1113.7 10179.9
1113.23 10245.1
1113.76 10252.2
1113.88 10266.7
1113.13 10281.2
1113.69 10309.9
1113.98 10272.3
1117.74 10428
1121.34 10286.5
1122.42 10207.8
1122.39 10250.4
1122.42 10260.9
1122.22 10189.3
1121.01 10096
1120.57 10078.7
1120.63 10043.4
1120.26 10032.4
1120.92 10004.9
1121.71 9906.62
1121.75 9768.59
1121.76 9760.43
1123.57 9534.51
1123.42 9626.81
1123.29 9630.13
1123.98 9643.51
1123.23 9620.71
1122.96 9616.33
1122.89 9622.99
1124.88 9622.88
1125.65 9628.91
1112.98 9734.38
1113.48 9939.59
1113.59 10097.8
1113.78 10190.4
1113.76 10205
1114.26 10212.6
1112.91 10151.6
1112.61 10161.9
1112.81 10211.1
1112.14 10211.4
1112.64 10178.3
1112.65 10150.6
1113.55 10129.8
1113.52 10119.5
1114.64 10086.6
1114.65 10073.5
1123.24 10237.7
1126.89 10346.3
1124.75 10709.8
1124.55 10830.6
1125.94 10871.8
1125.87 10856.6
1126.82 10778.2
1127.19 10827
1127.68 10878.6
1127.46 10904.6
1127.54 10919.4
1127.55 10942.7
1125.68 10959.1
1118.43 10998.2
1117.43 11318
1118.42 11506.1
1118.39 11456.6
1118.37 11423.8
1117.93 11369.2
1117.9 11373.4
1117.91 11399.3
1118.33 11424.5
1118.3 11437.1
1117.93 11448.7
1118.62 11466
1118.51 11476.5
1119.79 11467.6
1119.45 11372.9
1121.74 11256.4
1121.25 11169.3
1120.93 11121.8
1120.65 11041.4
1120.62 10903.1
1120.69 10826.1
1120.75 10859.4
1120.68 10859.7
1117.83 10969.3
1117.68 10932.7
1118.55 10884.6
1118.34 10797.9
1118.93 10740.1
1119.61 10738.6
1120.17 10727.7
1117.85 11103.5
1118.17 11226.6
1119.83 11328.9
1121.9 11379.2
1125.04 11484.6
1125.52 11476.2
1124.86 11347
1125.56 11308.1
1124.65 11320.1
1124.47 11379.7
1124.41 11456.6
1124.48 11482.9
1125 11498.3
1124.14 11547.4
1124.23 11515.7
1124.61 11361.1
1124.1 11315.8
1124.28 11261.4
1124.26 11258.2
1124.63 11295.3
1124.16 11342.2
1124.05 11356.2
1124.34 11413.1
1123.85 11453.3
1124.57 11482.3
1124.19 11536.5
1124.26 11599.5
1123.18 11661.1
1121.77 11612.3
1122.02 11625.1
1121.75 11638.2
1121.97 11628.3
1122.19 11617.8
1121.72 11645.1
1121.77 11665.8
1121.58 11691.5
1120.95 11668.9
1120.64 11650.2
1121.69 11611.5
1121.23 11622.2
1121.47 11671.2
1121.6 11698.3
1120.4 11702.9
1122.39 11689
1121.95 11590
1121.3 11419.1
1121.57 11334.1
1124.64 11367.4
1124.54 11299.1
1122.89 11246.8
1122.16 11301.3
1122.22 11438.9
1122.23 11473.3
1122.22 11452.8
1120.65 11509.9
1120.83 11485.4
1120.94 11501
1121.5 11532.3
1121.24 11510.2
1121.1 11459.1
1121.24 11421.6
1121.28 11389.6
1121.09 11357.5
1122.06 11344.9
1121.99 11330.7
1121.31 11345.3
1122.41 11362.3
1122.86 11394.1
1122.69 11401.3
1122.78 11473.1
1122.79 11507.4
1122.5 11489.3
1122.88 11511.6
1122.97 11505.8
1122.46 11474.1
1122.3 11467
1122.21 11480.7
1122.36 11476.5
1122.49 11463.2
1121.4 11461.5
1120.65 11457.8
1120.54 11429.2
1120.58 11392.3
1120.5 11404.5
1122.39 11389.2
1123.27 11373.6
1124.52 11395.7
1123.92 11438.2
1123.94 11442.9
1125.08 11458.8
1125.34 11439.2
1125.38 11395.4
1125.89 11372.2
1125.49 11365.2
1125.45 11374.8
1124.62 11379.5
1123.7 11367.6
1123.94 11394.9
1124.53 11401.6
1124.5 11400
1124.19 11430.3
1125.07 11421.7
1126.06 11405.2
1130.71 11402.6
1131.2 11388.1
1130.07 11444.1
1130.13 11413.5
1130.53 11395.1
1129.93 11359.7
1129.68 11362.6
1129.91 11366.3
1128.19 11380.7
1128.35 11389.4
1128.39 11444.8
1127.85 11480.2
1127.67 11461.5
1127.56 11345.7
1131.4 11331.4
1131.59 11285.3
1132.74 11262.1
1132.64 11284.7
1131.02 11434.2
1131.53 11440.1
1131.44 11445
1131.27 11469.5
1131.06 11475.6
1131.15 11471.9
1131.01 11487.3
1131.13 11519.7
1133.14 11483.1
1133.21 11526.1
1132.64 11520.8
1132.8 11555.9
1133.02 11531.2
1133.95 11535.2
1134.26 11510.7
1134.24 11503.8
1133.81 11497.3
1137.44 11608.8
1138.35 11680.9
1142.03 11779.8
1145.22 11849.9
1145.4 11753.7
1145.62 11757.9
1145.89 11732.8
1146.48 11799.4
1146.52 11855.4
1144.45 11922.4
1144.3 11962.6
1144.34 12006.5
1144.1 12051.7
1144.49 12108.2
1144.31 12155.3
1142.34 12172.2
1141.8 12250.1
1141.79 12294.6
1139.53 12373.5
1139.96 12345.1
1139.67 12351.5
1139.84 12359.5
1139.61 12352
1139.73 12359.1
1139.71 12376.5
1139.68 12392.1
1137.95 12425.5
1154.42 12371.6
1156.09 12347.2
1155.82 12339
1155.71 12335
1154.13 12249.7
1154.28 12235.8
1151.41 12223.4
1152.11 12227.4
1152.03 12226
1152.14 12213.9
1151.67 12202.2
1152.57 12197.3
1150.4 12316.4
1150.14 12183.6
1149.98 12029.6
1149.94 12021.7
1149.81 12011.9
1149.87 12013.3
1149.86 12015.9
1149.86 12011.1
1149.52 12042.7
1150.03 12044.3
1150.19 12020
1150.5 12031.4
1152.39 12032.7
1152.52 12032.6
1151.7 12042.8
1151.7 12085.3
1153.27 12208.2
1153.2 12160.6
1152.89 12109.7
1150.69 12253.6
1151.55 12214
1150.16 12298.8
1150.29 12347.4
1151.24 12339.1
1151.28 12316.7
1149.6 12317
1149.34 12363.1
1149.29 12385.9
1149.32 12359.7
1148.43 12391.7
1148.38 12405.4
1147.91 12264.6
1147.89 12309.9
1148.57 12364.3
1148.79 12439.2
1148.34 12457.1
1148.54 12461
1149.04 12444.4
1149.12 12435.1
1150.48 12425
1150.48 12440.7
1149.78 12437.6
1149.9 12457
1150.99 12555
1151 12583.7
1150.96 12620.5
1151.02 12603.2
1149.95 12607.7
1150.27 12663.8
1150.35 12643
1150.27 12679.8
1150.48 12664.9
1151.29 12547.5
1151.54 12512.1
1151.6 12506.4
1151.71 12498.4
1151.64 12502.6
1152.3 12522.3
1152.08 12340.7
1152 12355.3
1151.89 12357.9
1152.29 12429.3
1150.75 12479.1
1150.67 12518.5
1150.33 12530.7
1150.27 12533.5
1150.98 12538.4
1151.23 12526.5
1151.28 12482.8
1152.19 12534.2
1152.15 12488.6
1151.8 12435.5
1151.93 12379.7
1151.58 12366.5
1151.7 12385.9
1151.38 12422.2
1151.13 12415.1
1151.44 12405.4
1151.55 12407
1153.46 12494.2
1153.48 12510.4
1153.89 12531.7
1154.16 12536.6
1154.31 12557.2
1154.24 12595.6
1154.02 12600.5
1154.2 12605
1153.94 12610.5
1154.06 12613.1
1154.24 12606.7
1153.82 12609.9
1154.49 12635.8
1156.14 12682.3
1155.99 12689.7
1154.97 12698.4
1155.05 12707.9
1154.84 12706.5
1154.95 12671.9
1155.69 12578.9
1155.64 12578
1155.02 12578.5
1154.85 12604.1
1154.83 12621.9
1154.15 12603.8
1154.17 12593.4
1154.07 12547.4
1154.09 12548
1154.12 12529.6
1154.13 12536.7
1157.01 12654.3
1157.25 12647.8
1158.07 12749.2
1158.07 12821.7
1156.68 12853.7
1156.76 12878.2
1156.87 12882.5
1156.53 12883.6
1157.21 12861.8
1157.28 12853.9
1157.18 12863.1
1156.46 12907.3
1156.42 12905.9
1155.95 12811.5
1156.02 12678.8
1156.6 12615.6
1156.3 12604.5
1156.24 12561.3
1158.56 12640.9
1158.73 12595.8
1158.73 12564.6
1159.32 12547.4
1160.14 12519.7
1160.32 12561.9
1160.3 12508.4
1160.06 12522
1160.01 12570.7
1160.06 12552.6
1160.01 12516.1
1160.91 12571.8
1161.24 12638.3
1160.68 12650.3
1162.08 12627.4
1162.24 12638.8
1162.22 12661.2
1162.28 12693.8
1161.83 12720.7
1161.91 12751
1161.84 12774.4
1162.61 12777.5
1162.61 12773.6
1162.91 12820.6
1160.9 12761.3
1160.49 12739.9
1160.55 12697.3
1161.53 12744.3
1162.01 12769.4
1162.03 12790.9
1161.38 12876.1
1160.87 12864.6
1160.13 12869.4
1160.04 12882.4
1160.5 12841.5
1161.2 12790.9
1161.36 12788.4
1161.41 12821.4
1158.73 12810.2
1139.91 12844.2
1139.88 12854.9
1139.94 12816.6
1139.39 12911.9
1139.28 12884.4
1139.48 12815.5
1138.49 12777.2
1139.34 12760.9
1139.04 12803.6
1138.44 12828.7
1138.23 12802.3
1137.64 12820.8
1136.79 12801.1
1136.78 12774.9
1135.02 12808.8
1135.16 12875.1
1136.02 12919.2
1135.97 12996.3
1136.12 12976.3
1136.12 12952.7
1136.05 12943.4
1135.84 12940.5
1136.61 12928
1136.63 12929.8
1137.23 12942.6
1136.81 12907.8
1136.82 12881.4
1136.81 12875.7
1137.9 12885.8
1138.15 12899.3
1138.03 12930.4
1137.99 12984.6
1138.14 13007.8
1138.41 13017.8
1137.87 13023.2
1138.52 13013.8
1138.91 13050.7
1139.29 13051.7
1139.24 13051.7
1139.17 13042.6
1139.14 13049.9
1138.69 13036.6
1138.43 13053.9
1138.52 13086.8
1132.9 13118.8
1132.39 13224.6
1132.39 13208.4
1132.6 13147.2
1132.62 13123.3
1136.23 13065.2
1136.15 13087.1
1135.72 13079.8
1135.56 13091.6
1136.29 13076.6
1136.16 13079.4
1137.14 13029.5
1137.05 12993.1
1137.57 12967.7
1139.19 13002
1141.95 13092.6
1142.43 13021.7
1143.2 13017.7
1142.96 12974.3
1143.39 12974.2
1143.04 12992.6
1143 12990.1
1143.01 12995.1
1142.69 12955.7
1143.39 12961.9
1143.62 12895.2
1143.47 12885.6
1143.16 12872.7
1144.18 12883.8
1143.87 12898.2
1143.98 12855.5
1143.65 12828.2
1143.81 12798.2
1143.49 12773.3
1143.65 12733.5
1143.83 12647.6
1143.94 12671.3
1142.86 12721
1143.32 12726.8
1143.37 12710.1
1142.8 12727
1143.29 12712.1
1143.31 12718.1
1144.35 12769.1
1144.43 12754.4
1144.2 12827.6
1144.29 12836.9
1144.86 12889.8
1144.78 12879.7
1144.79 12890.9
1144.8 12884.9
1144.8 12880.8
1144.87 12877.4
1144.61 12872.9
1144.16 12864.1
1144.15 12867.2
1146.23 12995.7
1146.1 13062.7
1145.84 13027.3
1145.95 13016.8
1146.25 12996.4
1146.46 12995.5
1146.45 12986.3
1146.95 12993.2
1146.98 12987.2
1147.32 12983.2
1146.82 12906.8
1146.26 12925.1
1146.19 12984.1
1155.89 13006.7
1155.9 13075.7
1156.2 13143.3
1155.18 13221.2
1155.26 13166.9
1155.26 13135.9
1154.36 13155.7
1154.6 13166.5
1154.67 13170.2
1155.03 13198.5
1156.96 13259.2
1156.36 13227.3
1156 13189.3
1156.31 13175.1
1154.05 13349.3
1154.1 13367.9
1154.31 13321.1
1154.7 13318.2
1153.5 13292.4
1153.15 13303
1153.13 13317.1
1151.95 13260.2
1151.98 13216.7
1152.37 13199.4
1154.65 13375
1154.69 13346.2
1153.39 13267
1153.25 13318.5
1151.34 13580.4
1151.43 13643.5
1152.26 13643
1152.25 13637.9
1152.22 13630
1149.93 13545.8
1150.02 13415.8
1149.9 13352.9
1149.8 13328.5
1150.25 13325.4
1149.38 13379.1
1149.37 13481.8
1149.06 13399.8
1149.04 13355.1
1148.87 13347.4
1149.15 13339.1
1148.99 13300.4
1148.96 13248.7
1149.68 13304
1149.56 13258.8
1149.41 13241.1
1149.39 13226.3
1149.39 13224.8
1151.17 13284.8
1151.26 13368
1151.95 13361.7
1156.75 13357.6
1156.6 13360.7
1156.21 13329
1156.69 13332.7
1157.54 13346.1
1157.75 13355.5
1158.05 13363.8
1158.05 13373.7
1158.25 13353.7
1158.38 13442
1157.97 13444.1
1158.16 13477
1156.39 13439.5
1157.29 13413
1157.45 13378.8
1157.47 13343.6
1157.64 13380.8
1157.44 13370.6
1157.54 13376.8
1158.24 13380.5
1158.1 13447.1
1158.25 13545.8
1158.3 13553.1
1158.32 13537.3
1158.33 13536.9
1157.61 13461.1
1157.5 13470.1
1157.63 13464.9
1158.62 13549
1158.13 13527.5
1158.25 13549.6
1158.48 13571.1
1158.49 13589.5
1158.67 13610.7
1158.83 13621.1
1158.71 13630
1158.71 13628.1
1159.32 13612
1159.29 13606.9
1159.45 13597.8
1158.99 13607.8
1159.41 13600.4
1159.4 13577.5
1159 13601
1159.43 13581.9
1158.5 13604.7
1157.57 13606.5
1157.72 13628.4
1158.92 13637.3
1158.4 13647.2
1163.38 13657.2
1163.39 13608.3
1163.65 13609.5
1162.77 13595.4
1162.86 13594.8
1162.95 13604.4
1162.88 13592.9
1162.88 13573.1
1163.04 13561.3
1163.2 13560.6
1163.22 13557.8
1163.4 13525.7
1162.64 13511.2
1163.37 13503.1
