514.651 17.2451
516.7 16.7396
616.336 22.4969
663.281 22.8806
768.375 40.6826
768.404 40.2784
821.637 62.5395
823.18 62.4476
824.734 62.7558
857.667 63.1895
860.398 63.5003
892.352 63.7207
892.881 63.8747
892.888 63.98
908.049 64.0787
927.137 64.1513
927.223 64.2047
929.132 64.244
931.026 62.9927
974.143 66.1643
975.448 273.912
979.685 425.982
1015.43 435.718
1016.64 440.175
1033.28 436.45
1040.44 431.998
1055.74 431.573
1115.77 508.893
1129.43 511.624
1150.09 581.724
1157.72 569.23
1181.23 594.903
1180.8 618.524
1191.79 635.241
1225.69 665.328
1242.32 716.295
1261.17 740.669
1267.8 750.599
1275.36 762.8
1281.43 892.419
1284.11 889.593
1306.19 930.238
1336.01 994.324
1340.42 1010.57
1361 976.591
1361.09 971.115
1360.21 922.328
1383.73 910.04
1389.64 901.187
1388.01 953.39
1394.55 981.105
1390.64 989.79
1398.44 1025.92
1399.11 1050.52
1395.41 1415.18
1410.93 1624.4
1412.45 2309.33
1399.17 2819.42
1387.31 2926.55
1387.51 2890.51
1373.24 3162.47
1374.8 3329.98
1376.86 3515.06
1404.57 3442.44
1408.11 3380.16
1428.4 3265.34
1456.91 3257.27
1424.44 4154.94
1420.1 4791.55
1419.19 4573.26
1441.95 4604.27
1467.17 5131.42
1467.3 5179.13
1476.3 5889.88
1491.16 6547.69
1502.78 6964.36
1497.12 6790.83
1562.01 7203.93
1550.48 6758.7
1555.44 6302.46
1525.75 6249.01
1548.07 6554.75
1549.04 6653.6
1551.49 6685.25
1551.26 6616.85
1552.08 6757.87
1563.8 6817.55
1521.42 7030.02
1523.14 7050.31
1520.06 7164.43
1543.65 7239.2
1573.12 7812.02
1582.8 7820.99
1571.07 7799.66
1591.66 7856.05
1571.46 7897.44
1572.76 7896.51
1568.44 7952.2
1568.41 7925.61
1552.25 7996.57
1550.85 8006.08
1551.35 7990.5
1560.63 7954.46
1560.61 8512.7
1568.66 8469.63
1591.4 8565.73
1592.72 8460.09
1593.36 8542.07
1591.46 8377.01
1622.87 8426.82
1606.17 8498.56
1597.17 8681.76
1596.07 8731.62
1591.77 8818.7
1586.16 8863.27
1594.06 8887.47
1562.41 9116.74
1561.37 9200.92
1560.96 9287.09
1560.6 9420.46
1560.41 9482.89
1549.34 9674.92
1556.99 9699.34
1557.66 10260.4
1558.15 10435.1
1553.15 10304.9
1555.61 10210.2
1557.03 10233.2
1566.24 10391.1
1571.7 10503.3
1575.58 10551.2
1575.03 10626.4
1575.65 10655.7
1572.82 10752.5
1577.42 10818.4
1559.79 11864.5
1560.77 11877.5
1558.61 11731.3
1557.58 11700.9
1556.35 11631.4
1562.02 11636.2
1561.84 11548.5
1561.9 11532.9
1562.14 11445.1
1561.98 11431.9
1565.49 11418.4
1566.64 11325.9
1566.38 11290.7
1567.28 11319.9
1570.31 11390.8
1570.62 11595.6
1561.5 12022.4
1570.63 12184.7
1572.07 12239
1575.13 12138.4
1574.83 12259.4
1574.88 12259.4
1574.94 12341.7
1569.67 12216.1
1572.05 12190.5
1583.87 12251.8
1580.23 12319.3
1579.9 12393
1579.68 12401.9
1576.53 12467.5
1575.13 12382.2
1577.22 12298.3
1578.47 12282
1578.55 12315.1
1588.57 12351.3
1588.82 12381.8
1566.84 13224.9
1567.17 13687.1
1566.91 13552.6
1568.41 13567.1
1568.35 13553.3
1573.62 13901.1
1573.46 13561.9
1574.12 13628.4
1573.36 13541.5
1572.71 13527.2
1572.88 13483.7
1581.06 13631.2
1585.13 13406
1581.74 13666.7
1574.53 13592.8
1575.08 13550
1575.06 13528
1576.44 14652.9
1572.65 14614.6
1572.79 14644.7
1571.72 14653.5
1579.81 14655.4
1578.66 14583.6
1580.27 14486.4
1573.62 14497.6
1573.57 14504.2
1571.62 14528
1567.16 14599.9
1570.58 14590
1570.4 14681.5
1571.56 14817.8
1575.96 14747.1
1575.96 14851.2
1582.51 15042.1
1583.05 14934.9
1584.87 15113.5
1583.27 15028.8
1582.94 14927.6
1583.91 14753.2
1580.31 14651.9
1587.82 14644.9
1588.22 14595.3
1588.12 14678.5
1587.43 14769.7
1586.85 14776.4
1586.99 14773.2
1588.03 14785.2
1589.94 14812.5
1600.09 14963.8
1600.16 15004.6
1600.13 14991.3
1601.09 15027.2
1601.68 14990.5
1602.28 14926.9
1601.99 14962.1
1602.08 15002.4
1598.37 15219.9
1598.56 15206.1
1599.52 15177.6
1599.38 15144.9
1599.32 15125.7
1600.64 15029.8
1601 15040.7
1600.63 15166.2
1600.45 15193.9
1599.36 15168.5
1600.02 15150.3
1597.32 15126.7
1599.68 15073.9
1599.81 15053.5
1602.06 14997.4
1601.74 14972
1601.83 14972.8
1597.74 15002
1599.58 14997.1
1600.43 14981.1
1602.07 14990.1
1602.36 15024.3
1598.43 15037.3
1599.14 15121.1
1595.04 15317.9
1594.64 15217
1596.85 15154.5
1596.8 15201.1
1596.71 15234.2
1596.33 15054.7
1597.19 15041.2
1596.85 15016.4
1595.14 15014
1595.32 14936.6
1603.13 15125
1606.89 15102.6
1606.33 15099.3
1611.88 15439.7
1611.87 15252.9
1611.9 15262.7
1611.06 15238.9
1611.71 15443.4
1609.53 15662.3
1609.5 15713
1609.89 15698
1608.65 15688
1608.91 15744
1609.75 15726.6
1611.14 15764.7
1612.67 15729.7
1612.62 15678.6
1613.09 15764.6
1617.65 15749.3
1617.66 15571.4
1619.99 15738.2
1619.95 15772.7
1620.13 15683.8
1619.96 15672.7
1619.42 15676.5
1619.56 15674.1
1619.74 15673.8
1620.67 15710.6
1615.59 15718.7
1615.64 15809.5
1615 15818.2
1615.45 15881
1615.64 15922.1
1619.07 15982.1
1619.85 15999
1620.17 16077
1620.03 16106.7
1620.34 16115.5
1620.3 16099.1
1621.5 16099.7
1621.77 16006.4
1622.09 15994.4
1625.05 15961.1
1639.26 16812.1
1638.54 16855.7
1637.61 16668.9
1637.37 16609.9
1635.98 16582.6
1640.94 16573.7
1640.93 16518.9
1640.82 16554.9
1642.42 16576
1641.6 16324.6
1641.32 16401.1
1642.77 16353.5
1643.42 16349.4
1641.77 16340.9
1641.76 16350.9
1641.6 16358.3
1637.85 16411.2
1639.63 16445.6
1641.96 16539.1
1642.47 16689.1
1644.37 16751.3
1643.47 16748.1
1645.14 16734.6
1645 16721.8
1644.8 16705.4
1645.39 16668.5
1645.28 16671.4
1645.18 16679.4
1645.95 16807.4
1648.82 16803.2
1647.8 16827.9
1649.42 16716.4
1649.29 16761.4
1647.89 16775.7
1647.1 16781.5
1646.27 16799.5
1643.45 16630.3
1643.7 16652.9
1644.77 16681.7
1646.83 16661.2
1647.88 16837.8
1647.83 16879.9
1648.3 16881.5
1647.83 16892.1
1647.37 16977.8
1647.34 17004.9
1647.71 16988.8
1648.96 17022
1649.06 17149.6
1648.52 17313.2
1649.44 17373.7
1654.95 17492.5
1655.09 17461.9
1655.41 17450.1
1654.65 17430
1657.66 17380
1656.65 17530.7
1656.79 17489
1656.19 17530.8
1656.09 17481.9
1657.71 17535.6
1659.24 17585
1659.62 17614.8
1659.19 17588.9
1658.72 17543.9
1658.69 17521.8
1656.54 17711.3
1656.65 17882.3
1656.97 17941.6
1656.38 17990
1656.48 18002.1
1657.36 17933.2
1657.52 17951.6
1657.34 18020.9
1655.36 18046.5
1652.8 18195.1
1652.77 18239.3
1652.67 18236.9
1653.19 18291.2
1653.62 18297.7
1652.08 18378.4
1653.22 18378.9
1657.77 18471.1
1657.04 18446
1657.49 18463.1
1657.98 18603.7
1658.41 18571.7
1656.59 18655.9
1656.97 18661.5
1657.74 18772.2
1658.24 18719.9
1657.35 18752.1
1657.12 18726.9
1656.69 18776.2
1658.58 18909.4
1660.23 18915.5
1659.79 18946.9
1659.43 18975.1
1659.42 18986.5
1660.64 19019.1
1660.7 19033.2
1661.73 19021.1
1662.87 19042
1661.4 19097.3
1661.97 19142.5
1663.48 19203.3
1663.74 19232.6
1664.38 19061.6
1664.65 19086.1
1664.85 19106
1664.27 19104.7
1660.94 19361.5
1661.82 19255
1662.76 19156.1
1661.21 19144.9
1661.47 19119.4
1663.4 19088.9
1663.4 19163.6
1662.92 19150.4
1662.9 19152.3
1662.54 19150.7
1662.45 19178.9
1662.28 19149.8
1661.96 19104.2
1662.31 19066.9
1663.03 19049.1
1663.39 19004.7
1667.62 18974
1668.24 18972.2
1667.5 18986.2
1667.23 18957.6
1667.39 18958.2
1667.98 18984.8
1664.52 18963.7
1667.49 19033.6
1665.52 19041
1665.33 18994.9
1664.89 18988.1
1666.91 18988.5
1667.51 19015.2
1667.47 19011.1
1667.16 19029.8
1666.55 19034.1
1665.84 19051.6
1666.21 19022.5
1665.53 19047.8
1664.6 19095.3
1664.27 19186.5
1663.9 19219.9
1662.99 19412.8
1663 19395
1663.57 19405.2
1663.75 19342.8
1664.15 19322.7
1663.19 19302.5
1663.04 19328.3
1662.72 19386.6
1661.7 19390.1
1661.97 19356.8
1662.2 19407.3
1661.84 19409.3
1662.47 19400.7
1662.45 19386
1666.63 19392.8
1665.03 19451
1664.76 19436.9
1666.39 19396.4
1666.77 19390
1667.01 19446.4
1668.31 19455.2
1668.52 19451.7
1668.54 19442.3
1668.71 19425.7
1668.99 19425.4
1672.22 19520.5
1672.49 19444.7
1672.06 19392.4
1672.08 19385.4
1673.08 19316.1
1675.35 19281.6
1675.29 19303.9
1675.63 19323.2
1675.23 19331.1
1675.6 19336.6
1675.14 19442.6
1675.13 19479.5
1675.13 19511
1675.06 19494.6
1675.38 19487
1678.84 19505
1679.04 19464.2
1678.57 19449
1679.47 19530.5
1679.33 19582.4
1679.61 19524.9
1679.79 19752.8
1679.81 19998.4
1681.46 20031.6
1681.63 20095.3
1681.63 20151.9
1680.64 20193.6
1681.06 20256
1681.53 20288.4
1680.14 20290.4
1680.38 20332.1
1680.15 20281.7
1680.29 20297.2
1679.93 20297.6
1680.31 20315.4
1682.07 20412.6
1683.36 20441.6
1683.69 20458.5
1683.37 20446.7
1683.45 20419
1682.55 20508.2
1682.91 20554.5
1682.84 20562.4
1683.14 20532.3
1683.23 20509.7
1683.21 20506.9
1682.84 20491.3
1682.7 20502.6
1682.38 20514.2
1681.88 20415.6
1681.35 20493.7
1683.19 20501.8
1681.91 20458
1681.82 20447.7
1681.75 20446.4
1681.23 20428.1
1680.95 20396.1
1681.11 20365.4
1679.6 20348.3
1679.09 20367.7
1679.27 20373.8
1678.52 20408.7
1679.41 20431
1679.45 20427.3
1679.58 20365.1
1681.75 20340.4
1686.22 20408.5
1687.06 20424.8
1687.16 20428.2
1687.36 20419.3
1687.9 20404.6
1687.92 20402.9
1688.15 20390.6
1688.21 20407.1
1686.7 20378.6
1686.69 20369.4
1687.38 20368
1687.73 20323.4
1687.84 20317.9
1693.68 20322
1693.81 20371.8
1694.3 20361.3
1694.21 20371.3
1692.63 20382.8
1692.4 20396.3
1691.52 20312.4
1691.2 20241.9
1692.18 20240.2
1691.62 20269.6
1691.78 20277.5
1690.61 20532.4
1690.47 20563.4
1690.6 20571.8
1690.56 20559.2
1689.28 20578.7
1689.07 20598.9
1688.99 20575.2
1689.34 20568.7
1689.37 20560.2
1689.5 20595.9
1689.74 20588.9
1689.42 20587.4
1688.7 20567.8
1688.66 20559.7
1688.51 20512.1
1688.69 20435.6
1688.5 20433.1
1688.25 20439.7
1690.4 20514.6
1690.57 20516
1690.75 20529.3
1690.76 20568.2
1690.77 20490.6
1689.52 20424.7
1692.38 20297.1
1692.11 20306.2
1692.11 20370.9
1692.59 20396.5
1691.41 20411.5
1691.17 20412.7
1691.01 20440.1
1691.11 20469.1
1691.38 20497.5
1691.33 20511.7
1691.24 20506.8
1691.26 20516
1691.28 20531.9
1691.85 20567
1691.82 20582.5
1693.99 20632.4
1693.99 20585.9
1694.21 20606.9
1694.21 20648.6
1693.73 20738.1
1693.44 20750.8
1694.21 20798.7
1694.3 20796.2
1693.75 20802.9
1693.71 20817
1692.48 20820.1
1692.16 20857.5
1692.32 20755
1692.93 20748.4
1693.81 20783.9
1694.7 20830.3
1694.68 20819.2
1692.91 20847.6
1694.9 20861.8
1694.49 20851.4
1694.29 20833.7
1694.2 20825.8
1694.03 20788.4
1694.3 20795.3
1694.08 20807
1693.03 20922.6
1693.1 20960.2
1692.85 20965
1692.87 20970.7
1692.72 20969.7
1693.22 21003.7
1693.01 20975.9
1693.48 20994.3
1693.77 20965.4
1693.7 21019
1693.1 21041.2
1693.07 21074.5
1692.91 21104.1
1694.39 21117.7
1695.41 21127.6
1695.47 21139.1
1695.15 21174.1
1695.06 21160
1692.9 21178.2
1692.98 21193.7
1693.47 21200.5
1693.62 21109.1
1693.78 21056.8
1693.52 21010.8
1693.39 20994.5
1697.71 20923.1
1696.78 20873.7
1696.91 20913.4
1696.73 20958.4
1696.48 20970.8
1696.39 20987.2
1695.53 21002.2
1696.3 20899.8
1696.34 20882.8
1696.46 20881.6
1696.38 20929.8
1697.32 20953.6
1698.56 20973
1699.16 21092.3
1699.02 21118.1
1699.18 21105.2
1700.04 21123.7
1700.62 21133.5
1700.33 21104
1700.06 21084
1699.31 21182.2
1699.04 21134.3
1698.3 21158.5
1698.64 21110.4
1699.21 21132.9
1699.26 21104.5
1699.72 21137.9
1699.98 21155
1700.21 21164.2
1700.45 21172.3
1700.58 21181.6
1688.49 21783.3
1688.43 21613.8
1688.85 21578.1
1688.73 21582.9
1688.49 21544.5
1688.27 21458.4
1688.55 21362.2
1687.01 21328
1686.9 21273.7
1687.12 21206.3
1687.08 21186.6
1683.73 21369.4
1684.23 21325.3
1684.22 21301.6
1682.19 21425.7
1681.66 21342.1
1681.85 21282.5
1681.77 21241.5
1682.35 21239.4
1682.28 21221
1680.71 21234
1680.28 21119
1679.88 21129
1680.27 21113.6
1680.55 21123.5
1680.19 21142.7
1679.72 21172
1679.51 21196.3
1679.61 21208.8
1679.84 21202.3
1680.18 21195.1
1680.02 21199.6
1683.43 21339.8
1683.25 21327.6
1683.28 21296.1
1682.37 21325.3
1682.56 21391.8
1680.9 21464.7
1681.91 21528.7
1681.82 21502.2
1681.86 21486
1681.93 21483.1
1682.39 21422
1682.43 21414.9
1682.29 21392.3
1683.66 21381.8
1683.66 21383.9
1683.63 21376.6
1683.11 21362.7
1683.12 21328.2
1682.41 21325
1682.22 21317.2
1681.5 21315.4
1681.55 21291.7
1681.7 21362.7
1681.53 21379.9
1681.61 21364.8
1681.62 21367.5
1681.9 21474.2
1682.17 21493.8
1682.46 21483
1682.67 21453.2
1682.92 21417.3
1683 21397.7
1681.2 21450.2
1680.59 21509.9
1680.58 21535.4
1680.69 21551.9
1680.58 21560.9
1680.93 21545.8
1681.1 21546
1681.89 21535.3
1682.24 21532.1
1682.57 21509.4
1683.27 21617.6
1682.95 21607.8
1683.01 21558.2
1682.6 21520.4
1682.71 21490.3
1683.27 21510.5
1683.6 21512.9
1683.75 21509.6
1683.51 21521.2
1683.51 21530.5
1683.75 21538.6
1683.34 21543.3
1685.43 21500.1
1685.39 21492.5
1685.36 21497.2
1685.52 21498.6
1685.51 21503.8
1685.36 21516.9
1685.07 21532.5
1685.12 21506
1685.16 21520.1
1687.06 21530.6
1686.96 21543.5
1686.78 21547.9
1686.9 21544.2
1687 21534.1
1687.47 21547.9
1687.93 21533.6
1688.76 21502.6
1689.53 21500.5
1689.47 21475.4
1689.37 21482.6
1689.39 21494.2
1689.37 21469.9
1689.25 21471.6
1689.44 21477.3
1689.62 21459.2
1689.62 21499.2
1689.68 21504.7
1689.66 21516.1
1689.76 21537.7
1689.77 21408.3
1689.86 21408.7
1689.78 21424.9
1689.88 21437.9
1689.8 21436.9
1690.12 21431.1
1690.24 21425.2
1690.03 21430.1
1690.25 21423.4
1690.49 21437.2
1690.4 21465.3
1690.57 21487.5
1690.59 21479.8
1690.51 21475.7
1690.59 21445
1690.92 21418
1691.77 21430.4
1691.76 21431.4
1693.51 21460.8
1695.91 21508.5
1695.69 21511.3
1696.75 21530.5
1697.6 21520.9
1699.06 21528.4
1700.18 21532.9
1700.22 21549.3
1700.26 21530.9
1700.26 21534.5
1700.56 21531.1
1700.22 21514.6
1700.21 21505.8
1700.06 21510
1699.5 21529
1700.79 21550.6
1700.43 21509.3
1700.73 21505.1
1701.47 21525.7
1701.38 21505.8
1701.54 21586.8
1701.31 21667.1
1701.78 21832.4
1701.77 21807.3
1703.67 21775.9
1704.91 21769
1705.65 21787
1705.65 21813.1
1705.34 21819
1705.04 21847.9
1705.51 21836.8
1705.28 21841
1707.77 21875.7
1709.12 21924.9
1708.88 21901.3
1706.83 21902.6
1706.75 21946.6
1706.49 21893.3
1706.31 21908.5
1705.74 21874.3
1705.71 21846.8
1705.93 21841.8
1705.78 21827
1705.71 21836.9
1706.04 21868.6
1706.04 21859.2
1706.62 21883.8
1706.63 21881.2
1706.67 21868
1707.87 21866.7
1707.99 21859.8
1710.54 21852.4
1711.48 21868.1
1711.89 21855.5
1711.61 21797.2
1710.54 21843
1710.97 21814.1
1708.65 21826.2
1708.73 21830.3
1707.67 21839.9
1707.7 21832.9
1707.73 21842.4
1707.7 21839.8
1708.29 21831.1
1707.72 21579.7
1707.34 21558.5
1707.39 21590.3
1707.27 21582.7
1707.18 21580
1706.98 21567.5
1706.22 21498.1
1705.89 21433.7
1705.95 21429.9
1705.4 21467.8
1705.4 21491.4
1705.67 21507.2
1706.74 21539.1
1708.16 21587.3
1708.05 21606.6
1708.39 21614
1707.78 21588.4
1708.71 21545.4
1708.71 21510.6
1708.69 21494
1709.53 21400.2
1709.6 21400.1
1709.95 21421.2
1709.9 21416.9
1709.86 21404.8
1709.33 21414.8
1709.01 21399.9
1709.01 21385.3
1708.87 21383.3
1708.52 21381.4
1708.21 21375.6
1708.26 21374.6
1713.89 21277.8
1716.23 21302.4
1716.42 21326.2
1716.58 21339.3
1716.44 21347.6
1716.52 21357.3
1717.03 21374.1
1716.94 21353.5
1716.16 21373.8
1717.33 21410.4
1717.61 21381.6
1717.6 21405.8
1716.99 21486.2
1717.51 21643.3
1717.29 21715.2
1717.37 21722.9
1717.36 21734.2
1717.43 21741
1716.85 21742.4
1714.12 21762.2
1714.12 21815.1
1714 21822.5
1713.76 21741.2
1714.11 21748.4
1714.16 21755.4
1713.77 21764.6
1713.99 21738
1714.45 21847.6
1714.52 21819.6
1714.3 21812
1714.5 21801.7
1714.57 21787.4
1714.67 21788.5
1714.65 21782.9
1714.67 21783.6
1714.83 21783.1
1714.6 21823
1714.34 21904.3
1714.26 21868.6
1714.15 21856.4
1714.66 21852.6
1714.81 21850.1
1714.84 21845.5
1714.65 21826.4
1713.51 21838.9
1714.33 21846.5
1714.43 22047.2
1714.25 22132.9
1714.37 22122.8
1714.08 22117.1
1714.01 22198.5
1713.46 22166.6
1717.92 22216.4
1718.04 22267.1
1717.93 22282.8
1718.3 22286.4
1718.35 22313.5
1718.16 22310.4
1717.88 22299.4
1717.77 22286.5
1718.22 22282.9
1718.79 22258.8
1718.58 22250.5
1718.67 22251.8
1717.92 22244.2
1718.03 22279.7
1718.03 22243
1718.04 22231.7
1718.06 22241.9
1717.16 22203.3
1716.91 22197.1
1716.69 22280.3
1716.87 22305.7
1716.78 22329.6
1716.66 22355
1717.1 22382
1717.2 22412.1
1717.01 22439
1716.79 22445.7
1716.7 22453.7
1716.7 22452
1716.89 22456.4
