22.6003 0
326.903 7.80012
365.571 7.72747
395.244 7.70223
395.627 7.69203
445.747 7.68184
457.07 7.67596
624.919 20.9504
650.77 21.0732
650.877 21.1914
678.318 21.2455
747.569 26.3844
746.915 26.3686
752.875 26.3751
829.82 35.8221
855.721 35.6232
871.043 35.5229
881.58 50.4788
897.013 54.0359
905.809 55.5654
947.525 57.5654
947.525 57.7972
959.167 58.1255
959.701 58.1979
986.158 93.6653
986.159 106.391
1011.16 114.567
1046.1 197.593
1099.57 185.086
1099.56 179.169
1091.89 177.621
1116.34 176.143
1116.42 174.08
1118.41 172.872
1119.27 171.906
1126.92 180.663
1130.27 180.198
1132.37 179.754
1176.03 185.566
1186.86 189.863
1207.46 192.263
1213.58 193.023
1211.58 191.037
1213.36 193.401
1249.02 196.914
1237.53 254.472
1366.24 803.501
1365.29 1423.99
1376.02 2390.14
1375.53 2399.51
1381.37 2308.18
1377.47 2254.87
1379.07 2238.3
1384.17 2185.74
1384.19 2146.85
1385.35 2132.45
1395.6 2138.03
1341.07 2573.88
1263.14 2710.13
1264.7 2672.62
1253.83 2794.26
1247.93 2885.5
1273.89 2811.8
1268.07 2822.73
1276.88 2844.97
1276.95 2862.54
1276.33 2875.33
1269.2 2948.48
1278.08 3055.97
1279.67 3096.88
1281.86 3088.67
1286.78 3243.04
1284.82 3325.12
1290.43 3398.9
1296.09 3428.39
1302.81 3412.51
1309.28 3429.82
1309.35 3437.57
1315.11 3459.75
1316.19 3551.87
1315.92 3562.24
1311.75 3564.15
1310.08 3682.8
1379.52 4165.8
1381.83 4135.43
1384.27 4088.38
1384.5 4424.1
1362.06 4495.14
1360.48 4588.29
1361.94 4453.65
1365.9 4505.34
1367.67 4549.64
1368.09 4510.56
1369.28 4519.97
1368.83 4556.78
1374.89 4798.95
1378.39 4847.92
1388.59 5249.71
1397.66 5962.61
1396.14 5873.16
1397.21 5669.86
1391.02 5617.54
1394.12 5762.99
1374.3 5947.08
1370.33 6243.03
1369.02 6227.3
1372.24 6305.79
1377.82 6356.44
1391.38 6441.11
1389.76 6823.53
1393.02 7082.2
1429.49 7540.48
1428.08 7965.38
1428.69 8008.65
1428.18 8033.72
1422.34 7969.51
1418.45 7931.29
1418.76 7910.73
1417.83 7895.38
1468.27 7976.05
1466.49 8064.98
1466.35 8088.14
1465.57 8110.73
1465.8 8144.3
1458.22 8186.28
1458.13 8249.5
1459.52 8300.03
1459.93 8271.63
1460.62 8249.12
1472.24 8203.98
1470.33 8172.61
1474.15 8810.49
1475 8285.28
1474.97 8076
1474.59 7973.83
1472.56 8058.13
1475.24 8335.07
1475.25 8438.76
1475.32 8381.68
1492.25 8604.1
1491.46 8540.29
1491.12 8502.67
1489.35 8546.88
1489.39 8530.31
1486.16 8497.13
1486.1 8515.72
1470.01 8867.04
1469.42 8936.18
1476.75 9009.1
1475.82 9032.91
1474.73 9058.11
1472.42 9095.14
1473.12 9071.81
1468.6 9212.22
1505.02 9769.16
1501.57 9502.71
1499.41 9607.27
1500.71 10535.4
1497.71 10668.6
1499.78 10519.9
1502.46 10430.9
1490.79 10245.2
1489.05 10228.4
1488.04 10184.7
1488.05 10209.2
1480.24 10136
1480.42 10126.5
1480.28 10197.1
1475.71 10279.6
1472.08 10347.2
1471.72 10360.3
1470.07 10380.7
1468.41 10476.1
1468.99 10311.5
1469.07 10337.5
1465.26 10379.2
1464.63 10344.2
1463.26 10353.2
1461.41 10485
1461.4 10757.8
1461.41 10836.2
1460.66 10846.9
1469.8 10916.8
1470.29 11027.9
1475.39 11121
1474.87 11058.9
1474.04 11052.1
1468.55 10966.9
1465.83 10822.3
1465.79 10815.4
1466.27 10909.1
1463.49 10923
1463.34 10899.2
1464 10863
1466.12 10760.7
1464.55 10596.4
1464.44 10576.3
1464.36 10577.4
1458.68 10530.6
1458.06 10494.2
1457.16 10497.2
1460.72 10489.3
1463.05 10518.5
1463.39 10920.6
1458.76 10994.3
1458.05 10861.1
1458.31 10870.2
1470.51 10982.7
1466.89 11129.4
1468.53 11375.3
1469.58 11546.7
1469.3 11656.3
1469.19 11700.3
1472.41 11726.9
1472.39 11725.5
1469.77 11687.8
1468.9 11852.7
1472.68 11908.2
1472.37 11972
1473.83 11917.2
1478.53 11987.1
1477.75 12133.3
1478.48 12103.7
1478.68 12119.7
1482.24 12182.3
1480.95 12199.9
1483.53 12184.4
1481.45 12195.6
1482.63 12162.6
1483.54 12191.8
1483.2 12175.6
1484.31 12156.6
1484.9 12186.9
1485.02 12169.5
1486.87 12182.6
1485.58 12209.7
1485.72 12211.6
1485.7 12205.4
1482.82 12267.4
1482.63 12314.4
1482.8 12294.4
1482.78 12267.6
1482.84 12237.8
1480.61 12214.8
1478.7 12228.9
1477.94 12223.3
1478.26 12250.6
1479.15 12299.9
1480.94 12581.4
1484.85 12544.7
1484 12529.7
1484.24 12517.3
1483.77 12506.4
1477.9 12762.4
1476.64 12835.8
1476.41 12829
1475.22 12815.3
1475.9 12809.2
1474.6 12761.3
1474.69 12733.3
1477.46 13063.5
1478.82 13378.8
1477.96 13399.7
1476.07 13418.5
1476.97 13251.4
1477.19 13181.9
1477.08 13152
1474.17 13163.9
1477.8 13211.1
1480.35 13314.5
1481.41 13274.7
1482.12 13422
1482.96 13525.5
1482.69 13553.4
1484.89 13609.8
1484.55 13597.2
1484.79 13669
1486.74 13743.5
1485.79 13761.8
1486.98 13759.5
1487.09 13773.3
1487.65 13726.1
1490.54 13933
1497.37 14053.1
1498.77 14079
1498.8 14047.6
1498.61 14030.2
1498.56 14007.3
1499.02 13985.6
1495.05 13983.9
1495.18 13960.1
1496.85 13903.6
1494.2 13852.4
1493.05 13712.8
1493.23 13662.6
1495.06 13674.5
1495.08 13680.4
1496.91 13689.6
1498.17 13711.7
1497.98 13711.8
1498.93 13728.3
1497.81 13764.4
1493.91 13844.9
1493.75 13858.5
1490.16 13880.7
1490.7 13880.6
1492.69 13903.5
1493.95 13889.7
1498.82 13935.2
1498.86 13997.8
1500.84 14114.1
1501.4 14022.3
1501.21 14046.3
1502.88 14105.6
1502.1 14107.4
1501.67 13940.5
1504.97 14055.4
1504.51 14188.2
1503.95 14197
1504.03 14201
1504.35 14215.9
1504.47 14227.7
1501.81 14149.4
1501.58 14107.6
1501.75 14108.6
1505.08 14104.8
1505.34 14121
1505.18 14127.4
1505.3 14133.1
1505.25 14098.3
1505.17 14086.1
1505.28 14080.1
1505.52 14094.3
1505.95 14146.7
1505.8 14130.9
1507.67 14140.3
1507.31 14148.1
1508.33 14205.1
1508.49 14225.6
1508.51 14262.9
1508.66 14270.9
1508.53 14324.5
1508.31 14333.5
1509.17 14325
1508.78 14346.9
1508.28 14407.2
1508.88 14389.1
1508.94 14394.1
1509.19 14531.3
1509.84 14662.8
1508.22 14895.5
1509.44 15092.6
1510.89 15130.5
1510.82 15131.2
1512.19 15234.8
1513.51 15222.9
1513.48 15255
1513.57 15257.4
1513.71 15287.6
1514.18 15254.4
1513.8 15245.2
1513.56 15226
1513.4 15207.7
1515.55 15221.6
1515.23 15269.6
1515.92 15346.3
1515.79 15364.1
1514.79 15376.7
1514.42 15356
1514.37 15354.7
1514.43 15343.5
1510.76 15069.7
1513.06 15048.1
1512.36 14987.9
1512.37 14953.5
1511.9 15093.9
1512.18 14989
1511.73 15087.8
1511.49 15087.9
1511.35 15105.5
1511.12 15129.1
1511.75 15203.7
1511.26 15258.1
1511.26 15266.9
1510.36 15268.4
1510.45 15258.3
1511.14 15291.2
1511.29 15391.1
1511.79 15363.9
1512.52 15389.6
1511.65 15357.7
1511.21 15332.2
1512.17 15373.1
1511.52 15378.2
1510.98 15312
1510.43 15281.6
1510.27 15267.8
1509.91 15276.3
1510.28 15310.3
1509.76 15283.9
1507.6 15289
1507.7 15284.6
1516.5 15553.2
1514.57 15489.2
1513.26 15356.9
1510.35 15370.8
1512.01 15326.7
1512.07 15346.4
1512.98 15367.2
1512.84 15366
1513.95 15385.8
1515.17 15389.3
1514 15492.9
1513.89 15551.2
1513.95 15617
1505.86 15615.9
1505.97 15696.8
1505.62 15684.5
1505.82 15690.2
1505.86 15666.2
1506.22 15640.6
1506.1 15634.1
1506.1 15637.9
1505.5 15631.3
1505.57 15629.6
1504.93 15647.8
1505.3 15687
1505.64 15725.6
1506.37 15709.5
1506.38 15724.9
1507.01 15707.4
1508.83 15755.4
1508.83 15784.8
1508.46 15755.4
1508.34 15732.8
1508.57 15728.6
1509.84 15741.6
1509.82 15734.9
1509.5 15714.5
1509.58 15699.1
1509.32 15696.6
1508.56 15641.3
1508.7 15617.7
1508.3 15637.1
1508.42 15648.4
1509.34 15662.1
1509.47 15691.9
1509.92 15733.5
1513.65 15769.9
1514.26 16009
1514.53 15955
1514.3 15952.3
1513.67 15997
1516.68 16106.1
1516.98 16166.8
1517.3 16156.8
1517.26 16105.7
1516.4 16043
1516.65 16031.5
1517.15 16067.5
1517.26 16051.2
1518.82 16096.2
1519.02 16160.1
1519.21 16186.9
1519.21 16204.5
1519.48 16200.4
1519.07 16226.1
1519.39 16277
1520.28 16351
1520.32 16378.5
1520.21 16397.7
1520.26 16392.7
1519.83 16454
1519.7 16497.5
1519.8 16488.2
1519.87 16452.7
1519.7 16438.7
1519.99 16419.9
1518.82 16453.5
1518.06 16441.7
1517.8 16413
1518.25 16402.8
1518.3 16453.1
1518.48 16490.5
1518.94 16511
1518.59 16516.9
1518.48 16472.8
1519.67 16467.7
1519.59 16485
1521.84 16487.7
1522.18 16480.6
1524.76 16468.2
1525.53 16496.1
1525.33 16541.4
1525.66 16565.2
1526.06 16568.5
1526.08 16574.1
1526.69 16634.5
1525.47 16677.6
1527.49 16675.2
1527.26 16712.3
1527.25 16759.4
1527.07 16771.7
1527.48 16816
1530.03 16853.7
1529.69 16891.2
1529.68 16912.6
1529.19 16920.9
1529.1 16932.6
1529.15 16935
1528.83 16911
1528.81 16955.4
1529.8 16977.9
1530.18 17011.4
1532.4 17040.1
1532.33 17056
1532.05 17045
1531.37 17072.7
1531.7 17142.6
1531.73 17161
1534.2 17180.8
1534.05 17223.6
1537.35 17352.6
1537.44 17333.6
1537.22 17291.9
1537.23 17291
1538.6 17275.2
1539.23 17266.1
1538.67 17364
1540.66 17387.8
1540.6 17356.9
1544.38 17420.7
1544.59 17456.3
1544.05 17400.8
1543.4 17338.5
1543.38 17482.2
1543.66 17480.1
1544.41 17527.7
1545.16 17556.6
1545.56 17589.5
1546.5 17608.4
1546.43 17607.9
1546.5 17606.5
1546.96 17425.2
1547.85 17341.9
1548.48 17376.8
1548.61 17377.8
1548.68 17372.4
1548.68 17361
1548.61 17372
1549.71 17396.2
1549.87 17395.8
1550.27 17393.1
1550.43 17406.2
1550.55 17420.6
1550.49 17419.6
1548.86 17430
1546.7 17562.4
1546.25 17620.1
1545.87 17723.3
1545.61 17748.9
1545.57 17784.7
1545.84 17784.7
1547.47 17739.8
1547.96 17692
1547.91 17669.4
1547.54 17712.9
1548.17 17729.7
1548.26 17774.6
1548.31 17796.5
1548.15 17806.3
1548.18 17806.5
1548.19 17777.2
1548.11 17757.9
1548.14 17804.7
1548.4 17813.4
1547.85 17803.5
1548.82 17832.4
1548.56 17768.3
1548.62 17750.8
1549.57 17766.2
1549.5 17783.7
1551.96 17821.4
1551.94 17861.2
1551.8 17799.8
1551.19 17744.7
1553.14 17799.3
1555.91 17849.3
1555.55 17798.9
1555.54 17807.8
1555.55 17819
1556.31 17836.1
1556.02 17876
1558.06 17876.4
1558.3 17919.4
1557.84 17955
1557.46 17965.2
1557.28 18036.8
1557.64 18064.4
1558.41 18121.5
1558.53 18140.7
1559.52 18162.2
1562.1 18217.7
1562.07 18240.8
1562.31 18291.4
1562.37 18303.4
1562.32 18339.4
1562.75 18339.9
1561.96 18317.2
1562.43 18298.9
1561.96 18306.4
1561.61 18103
1552.53 18128
1552.5 18105.7
1552.67 18179.5
1552.74 18240.7
1552.56 18221.3
1553.77 18220.2
1553.74 18189.5
1555.04 18202.3
1555.19 18194.4
1555.65 18167.4
1562.18 18270.5
1562.31 18354.6
1561.97 18290.4
1561.96 18160.1
1561.58 18169.6
1561.65 18162.5
1564.62 18174
1558.48 18166.7
1558.87 18149
1558.87 18027.1
1561.06 18062.2
1562.26 18062
1560.6 17983.8
1555.74 18094.8
1555.74 18127.2
1556.15 18128.4
1557.22 18129.4
1557.42 18115.2
1557.59 18100.7
1557.61 18110.6
1556.57 18112.6
1556.42 18113.5
1556.41 18143
1556.13 18168.6
1555.51 18126.5
1556.17 18132.9
1555.85 18116.6
1554.14 18146.5
1553.79 18215.8
1552.45 18228.6
1552.4 18253.7
1552.51 18279.3
1552.37 18283.7
1552.07 18280.8
1552.09 18278.8
1552.06 18277.8
1552.25 18277.7
1553.96 18356.2
1554.49 18353.6
1554.09 18351.5
1553.95 18351.4
1553.71 18384.2
1554 18382.7
1554.01 18391.8
1554.95 18403.8
1553.97 18406.1
1554.37 18432.2
1554.88 18444.7
1554.91 18446.1
1555.09 18438.1
1555.04 18404.2
1554.82 18411.6
1555 18401.1
1555.19 18409.3
1555.35 18409.9
1555.46 18416.2
1556 18434.5
1556.25 18453.7
1556.16 18394.1
1555.99 18419.5
1555.92 18437.6
1555.99 18445.3
1557.04 18450.6
1556.7 18484.1
1557.84 18487
1557.75 18469.6
1557.43 18448.6
1556.96 18441.6
1557.4 18434.3
1556.13 18448.1
1556.17 18443
1556.32 18440.4
1550.25 18397
1550.24 18384.3
1550.24 18368.5
1549.97 18379
1549.85 18368.1
1549.8 18377.2
1549.97 18373.6
1550.17 18370.7
1550.34 18368.1
1550.52 18387
1551.53 18373.4
1551.46 18383.5
1551.53 18378.9
1551.32 18430
1550.79 18427.2
1550.52 18412.4
1550.64 18419.6
1550.89 18434
1550.3 18444.3
1550.2 18457.3
1552.15 18488.7
1551.98 18515.2
1551.7 18535.3
1554.03 18695.7
1553.68 18767.6
1553.74 18776.1
1554.46 18828.7
1554.95 18840.7
1554.96 18835.2
1554.23 18849.4
1554.18 18784.1
1550.64 18698
1549.39 18744.8
1549.46 18816.2
1550.09 18848.1
1546.51 18874.6
1546.54 18890.1
1546.32 18890.1
1545.72 18831.1
1545.8 18842.5
1547.51 18850.2
1547.69 18850.2
1547.16 18828.4
1547.21 18802.9
1547.63 18820.7
1547.76 18779.8
1548.4 18749.3
1548.37 18745.3
1549.25 18780.6
1549.03 18825.8
1548.83 18812.9
1548.94 18799.6
1549.93 18742.3
1550.08 18736.3
1549.48 18751.2
1549.5 18756.1
1549.69 18765.9
1549.57 18785.4
1549.46 18776.7
1549.47 18760.8
1549.88 18769
1550.19 18785.1
1549.81 18711.5
1549.88 18671.2
1549.92 18725.7
1549.53 18722.7
1549.05 18725
1549.72 18726
1549.13 18691.6
1548.78 18673.3
1548.75 18649.4
1548.62 18635.6
1549.75 18646.1
1549.98 18644.4
1549.99 18619.8
1550.02 18606.9
1550.06 18597.8
1550.15 18593.7
1551.1 18606.3
1552.53 18596.3
1552.3 18618.1
1552.62 18521.8
1552.71 18546.3
1552.47 18565.2
1552.98 18566.4
1552.6 18575.7
1552.61 18577
1552.61 18577.8
1552.33 18579.6
1551.66 18544.2
1552.39 18562.6
1552.36 18554.1
1552.65 18524.2
1552.63 18575.7
1553.24 18616.4
1552.21 18559.8
1553.29 18595.1
1552.88 18603.3
1552.95 18641.1
1551.64 18691.6
1551.78 18712.8
1552.14 18678.6
1554.01 18704.2
1554.22 18700.9
1554.29 18728.5
1554.16 18756
1554.07 18779.6
1553.89 18794.5
1553.86 18765.9
1553.77 18774.4
1553.85 18779.7
1553.81 18764.6
1553.94 18749.5
1554.16 18766.4
1554.02 18785.8
1554.54 18819.5
1555.61 18877.7
1556.54 18854.3
1556.21 18891.1
1556.29 18884.9
1556.43 18889.4
1556.65 18889.7
1556.64 18887.1
1556.29 18887.7
1555.85 18874.4
1555.52 18891.4
1555.64 18917
1554.55 18914.5
1554.34 18940.1
1554.86 19000.5
1561.92 19172
1562.86 19282.9
1563.54 19343
1563.6 19361.7
1565.93 19379.2
1565.34 19373.9
1565.41 19411.8
1565.56 19407.6
1565.45 19403.9
1564.46 19379.2
1564.08 19373.8
1564.34 19368.3
1563.81 19379.7
1563.83 19363.9
1563.79 19362.8
1564.79 19334.1
1564.94 19333.8
1564.94 19332.1
1564.45 19354.5
1564.13 19371.3
1562.81 19356.4
1562.46 19353.3
1562.37 19360.9
1562.58 19369.7
1562.35 19382.4
1564.49 19386.3
1566.26 19488
1566.87 19504.4
1567.4 19539.9
1567.55 19588.9
1567.63 19612.1
1567.55 19619.8
1567.19 19626.7
1567.47 19637.3
1568.2 19637.1
1568.65 19635.5
1570.97 19622.9
1571.28 19653
1571.89 19681.1
1571.54 19703.6
1570.74 19687.8
1570.91 19734.5
1570.84 19836
1572.2 19913.9
1568.84 20012
1568.85 20090.4
1569.32 20079
1568.68 20052.6
1567.89 19969.4
1568.36 19958.6
1568.27 19942.8
1568.65 19955.6
1568 19927.9
1567.9 19940
1568.11 19975.9
1568.38 19924.6
1564.6 19706.9
1564.97 19689.9
1565 19712.8
1565.74 19705
1565.72 19715.7
1565.69 19716
1568.46 19725.1
1568.64 19748.5
1568.21 19835.7
1567.99 19828.2
1568.46 19813.4
1568.44 19819.2
1568.2 19822.4
1568.63 19828
1568.81 19843.2
1568.4 19820.6
1568.42 19817.5
1568.38 19816.9
1569.85 19872.7
1569.77 19870.7
1569.51 19861.2
1568.87 19904.4
1567.9 19819.3
1567.12 19854
1566.99 19900
1566.81 19915.6
1567.01 19918.3
1567.03 19918.9
1566.92 19904
1566.3 19855.5
1566.14 19833.8
1567.13 19924.1
1567.24 19919.3
1567.18 19907.8
1567.43 19916.9
1567.38 19844.9
1567.56 19823.6
1567.58 19822.5
1567.84 19837.9
1568.22 19848
1568.13 19874.6
1568.14 19873.1
1567.94 19864.9
1567.9 19872.4
1567.88 19878.5
1567.87 19884.9
1568.79 19921.7
1566.94 20004
1566.4 20017.6
1566.01 20050.8
1565.71 20053.6
1565.16 20043.7
1565.38 20027.4
1565.49 20026
1565.27 20020.5
1565.47 20010.6
1566.61 20058.4
1566.28 20061.1
1566.59 20055.4
1566.59 20024.3
1566.67 19989.5
1567.27 20014.2
1567.39 20035.2
1568.47 20068.4
1568.22 20063.6
1570.62 20119.2
1570.28 20156
1570.8 20149.7
1571.36 20038
1571.37 20051.1
1571.31 20056
1571.8 20044.6
1571.63 20057.5
1571.33 20085.3
1569.68 20044.4
1569.73 20024.1
1569.8 20022.6
1569.81 20034.8
1569.7 20027.4
1569.65 20032.9
1569.59 20034.5
1569.48 20030.8
1569.43 20023.5
1569.19 20011.6
1569.51 20017.6
1569.72 20019.1
1569.8 20019.8
1569.85 20017.1
1570.27 20013.8
1570.24 20042.2
1570.22 20048.5
1570.23 20041.3
1569.81 20046
1570.94 20101.8
1570.74 20224.9
1570.72 20216.9
1570.49 20181.5
1570.46 20172.6
1570.13 20174.6
1570.12 20188.3
1569.15 20206
1569.24 20193.2
1569 20203.4
1568.67 20207.1
1568.77 20219.1
1568.93 20220
1568.95 20213.7
1568.97 20211.8
1569.18 20198.3
1570.46 20193.1
1570.13 20208.5
1570 20207.9
1569.17 20192.1
1569.18 20197.4
1569.25 20203.8
1569.18 20206.8
1569.12 20190
1569.54 20161.3
1570.25 20143.4
