210.277 0
214.758 0
220.303 0
288.639 0
314.609 0
317.88 0
495.313 33.1652
540.661 31.612
541.735 31.2155
547.136 30.819
560.079 30.7247
570.909 30.7247
571.373 30.7247
640.752 48.4047
673.045 48.4047
684.724 48.4047
699.243 253.021
705.963 256.101
705.998 258.179
726.533 259.528
751.118 267.779
742.802 270.585
830.676 290.017
840.907 298.959
914.916 1007.48
923.198 837.375
957.889 876.718
973.226 841.75
970.334 799.438
979.68 705.544
983.34 769.421
1018.26 827.065
1021.08 831.214
1022.17 1005.44
1058.3 944.495
1076.95 909.436
1124.69 929.487
1210.27 1462.73
1223.6 1507.9
1229.32 1475.6
1230.68 1455.64
1258.16 1448.44
1262.42 1616.79
1260.61 1575.79
1264.72 1525.09
1279.25 1637.78
1303.6 1753.04
1304.71 1805.7
1298.19 1853.27
1297.89 1819.51
1283.49 2402.75
1289.1 2302.05
1296.53 2273.86
1285.72 2875.25
1298.06 2442.79
1283.07 2312.96
1276.72 2283.75
1274.16 2285.73
1263.46 2280.3
1280.65 2283.58
1273.18 2329.15
1272.28 2363.94
1273.01 2345.73
1275.46 2376.35
1265.55 2445.52
1262.71 2537.1
1275.4 2553.98
1268.91 2754
1272.74 2918.82
1276.48 3012.65
1275.83 2974.37
1276.53 2953.46
1279.75 2925.01
1284.61 2927.9
1287.88 2903.66
1288.78 2829.74
1287.28 2841.57
1289.24 2878.82
1289.34 2896.29
1291.93 2943.34
1291.48 2976.38
1294.69 3182.64
1295.68 3224.26
1295.69 3181.88
1319.9 3115.46
1349.21 3130.37
1340.82 3511.55
1339.35 3661.04
1341.41 3708.68
1351.22 3780.83
1367.33 3874.08
1376.45 3944.02
1378.45 3962.1
1378.84 4030.77
1377.45 4244.65
1381.16 4293.03
1382.32 4289.35
1368.95 4295.75
1360.79 4385.25
1359.82 4520.3
1359.74 4588.64
1365.04 4603.61
1362.69 4616.79
1368.83 4681.2
1376.89 4707.34
1385.73 4806.46
1386.58 4845.35
1387.46 4858.29
1384.88 4861.39
1384.89 4850.14
1389.09 4780.5
1388.99 4811.87
1389.49 4809.46
1390.37 4797.99
1391.81 4805.26
1392.09 4794.86
1383.5 4699.76
1383.11 4705.85
1383.16 4730.6
1383.22 4701.53
1376.12 4670.15
1376.13 4600.89
1376.22 4596
1371.05 4610.08
1370.77 4598.19
1373.67 4639.82
1373.45 4664.59
1372.52 4678.27
1372.46 4631.07
1373.55 4698.66
1373.07 4725.04
1370.88 4747.03
1370.75 4718.01
1370.77 4674.46
1373.28 4771.36
1373.28 4863.33
1374.27 4883.82
1374.09 4875.21
1374.08 4871.56
1374.77 4852.17
1364.68 5135.82
1365.5 5201.82
1364.16 5235.23
1359.24 5300.63
1358.2 5354.72
1358.43 5401.61
1358.69 5470.88
1359.19 5551.07
1360.83 5564.91
1359.74 5596.67
1359.79 5660.09
1360.59 5691.75
1364.17 5758.31
1375.42 5798.97
1372.16 5885.69
1371.7 5892.49
1371.22 6107.52
1371.79 6208.85
1371.79 6228.41
1370.69 6276.85
1370.19 6254.44
1370.25 6263.03
1370.59 6267.86
1370.49 6138.7
1375.12 6282.07
1383.17 6358.67
1384.4 6299.85
1385.36 6266.22
1386.51 6277.52
1384.56 6316.63
1384.59 6374.42
1384.87 6440.49
1384.85 6508.81
1383.69 6498.54
1383.27 6521.81
1386.01 6539.92
1384.67 6548.48
1383.82 6361.45
1380.41 6277.75
1380.56 6259.68
1374.08 6275.1
1379.45 6277.45
1379.98 6260.52
1376.21 6238.88
1376.32 6209.04
1377.55 6190.78
1377.33 6197.03
1377.6 6196.74
1377.64 6187.89
1383.73 6332.62
1383.88 6464.48
1385.5 6562.9
1385.25 6591.47
1385.38 6643.65
1384.1 6683.62
1384.08 6754.29
1384.54 6788.48
1384.75 6824.83
1384 6847.18
1383.33 6841.53
1385.91 6840.96
1386.6 6848.09
1386.69 6819.75
1387.85 6806.97
1387.95 6785.82
1389.58 6687.71
1389.73 6645.04
1389.48 6641.17
1396.11 6674.72
1395.78 6718.01
1395.54 6733.4
1395.25 6761.44
1393.82 6817.84
1392.29 6850.51
1393.19 6873.42
1395.04 6875.83
1395.65 6921.99
1395.97 6904.73
1389.63 6866.45
1389.49 6866.27
1388.18 6879.82
1386.6 6892.44
1388.51 6961.33
1386.27 7074.22
1384 7093.78
1383.94 7150.53
1382.99 7188.63
1381.33 7157.37
1382.64 7210.32
1381.93 7205.34
1381.85 7217.93
1380.2 7180.81
1380.54 7243.1
1381.12 7305.4
1376.02 7412.58
1376.06 7402.59
1376.91 7406.98
1373.18 7406.01
1372.85 7479.18
1372.3 7604.99
1371.26 7570.13
1370.97 7515.52
1370.81 7515.87
1371.23 7509.86
1371.28 7515.56
1374.25 7554.24
1373.85 7522.28
1375.42 7490.47
1375.56 7555.99
1374.52 7549.55
1375.17 7509.4
1376.09 7466.36
1376.1 7416.61
1374.93 7322.72
1374.97 7331.27
1375.08 7347.75
1375.05 7362.21
1378.22 7264.71
1377.93 7247.09
1382.5 7178.77
1382.73 7197.34
1382.69 7220.79
1382.91 7210.86
1387 7229.37
1389.78 7209.58
1390.5 7212.28
1388.32 7246.61
1388.99 7284.74
1388.84 7295
1388.62 7289.81
1388.91 7327.62
1389.01 7356.82
1387.26 7372.78
1386.82 7409.66
1386.74 7387.43
1386.47 7377.07
1389.42 7328.38
1389.5 7334.98
1389.26 7216.11
1389.87 7152.59
1389.71 7022.39
1389.54 7210.78
1389.2 7202.37
1389.1 7145.81
1389.56 7138.66
1390.17 7113.44
1390.11 7120.84
1389.66 7105.54
1387.65 7061.68
1387.3 7037.24
1390.4 6993.35
1387.92 7028.42
1386.95 7075.91
1388.19 7145.14
1388.49 7260.09
1388.56 7275.81
1387.17 7408.54
1386.89 7419.61
1388.56 7423.39
1389.18 7447.59
1389.29 7503.26
1390.23 7544.65
1390.03 7532.27
1389.97 7568.21
1390.7 7514
1389.66 7475.53
1390.82 7488.81
1390.94 7472.93
1386.94 7548.79
1387.28 7525.76
1386.83 7505.3
1383.66 7541.94
1384.47 7538.39
1387.03 7576.91
1386.83 7591.71
1387.15 7600.75
1387.06 7605.2
1387.29 7599.21
1387.47 7596.95
1387.44 7598.95
1386.6 7584.56
1395.13 7874.19
1395.1 7970.38
1395.1 7919.34
1394.8 7864.14
1396.02 7858.49
1396.31 7839.44
1395.91 7812.99
1396.14 7764.72
1395.95 7753.17
1396.94 7791.97
1396.64 7781.29
1396.36 7770.15
1395.57 7773.41
1395.69 7787.19
1394.19 7807.43
1393.14 7805.55
1393.68 7720.56
1389.6 7889.11
1389.79 7965.67
1389.78 8012.16
1389.77 8000.38
1388.81 8076.04
1388.59 8098.67
1387.59 8052.88
1387.62 8065.1
1389.73 7972.51
1390.54 8020.25
1390.99 8034.74
1391.12 8043.81
1391.39 8065.46
1390.83 8094.73
1391.02 8102.98
1390.94 8104.6
1390.98 8094.22
1391.01 8078.22
1391.43 8085.78
1391.15 8073.81
1391.33 8070.18
1391.22 8065.41
1391.16 8057.79
1388.84 8104.66
1388.8 8128.07
1388.22 8093.24
1388.3 8098.15
1386.57 8085.35
1387.91 8084.04
1388.85 8077.94
1389.42 8087.68
1388.94 8109.69
1388.51 8071.42
1387.33 8085.21
1388.13 8104.5
1388.4 8114.42
1388.37 8178.25
1389.08 8242.21
1389.07 8276.6
1394.32 8288.7
1393.08 8174.05
1392.83 8283.9
1392.99 8325.47
1393.78 8261.33
1393.76 8216.88
1393.42 8227.27
1393.73 8257.8
1393.85 8265.09
1393.04 8216.85
1393.5 8195.11
1393.45 8190.94
1394.01 8166.31
1394.32 8155.27
1395.05 8181.68
1396 8212.32
1396.05 8213.19
1395.87 8224.49
1395.59 8272.24
1395.52 8295.67
1396.67 8296.95
1396.88 8315.33
1396.64 8330.38
1398.35 8334.63
1398.34 8320.2
1400.03 8364.37
1400.04 8341.46
1399.68 8343.54
1400.08 8362.53
1399.37 8372.81
1399.8 8481.48
1398.78 8438.29
1399.24 8463.85
1399.48 8491.27
1400.34 8537.65
1401.91 8497.62
1402.28 8544.78
1396.53 8397.93
1396.39 8404.24
1397.06 8413.34
1397.08 8440.54
1396.81 8367.32
1397.48 8404.57
1398.08 8359.86
1397.91 8325.24
1398.03 8309.04
1398.58 8355.04
1397.92 8363.25
1398.18 8359.92
1397.73 8343.65
1399.35 8382.79
1400.46 8356.56
1399.73 8305.11
1399.62 8201.43
1397.09 8223.72
1397.11 8212.77
1396.84 8215.81
1396.68 8191.11
1398.43 8225.46
1398.16 8182.98
1399.22 8062.31
1401.77 8034.01
1402 7996.33
1402.4 8028.48
1402.46 8024.68
1402.11 8003.38
1403.04 8014.03
1399.31 7973.4
1397.05 7953.97
1397.21 7944.82
1397.26 7972.41
1396.97 7985.81
1394.48 7987.13
1393.75 7921.1
1393.43 7914.34
1393.44 7932.65
1393.07 7960.83
1392.2 7984.35
1392.13 7974.54
1392.53 8007.77
1392.92 8112.47
1394.41 8173.34
1393.27 8309.07
1392.9 8355.63
1393.15 8415.95
1392.7 8463.82
1394.69 8402.84
1395.36 8331.97
1395.52 8416.58
1394.96 8433.11
1394.97 8473.94
1394.29 8508.83
1394.16 8508.91
1394.24 8503.12
1393.02 8560.65
1392.61 8593.95
1392.46 8566.43
1392.86 8540.89
1392.67 8531.41
1392.69 8528.69
1392.3 8505.83
1392.41 8474.23
1392.28 8455.38
1392.2 8484.32
1393.43 8498.16
1393.38 8502.57
1390.62 8504.28
1391.24 8502.11
1391.33 8499.06
1392.62 8471.02
1391.46 8508.27
1391.07 8493.5
1390.77 8515.66
1390.28 8558.22
1390.72 8551.4
1390.68 8550.01
1391.1 8559.69
1391.27 8580.87
1390.79 8529.26
1392.46 8487.78
1390.86 8477.17
1391.03 8463.47
1391.39 8445.04
1390.61 8453.16
1391.34 8409.32
1390.76 8361.11
1392.7 8368.25
1392.74 8366.87
1392.6 8387.33
1389.93 8406.33
1389.95 8398.92
1389.07 8384.83
1389.06 8411.82
1388.31 8433
1388.42 8439.36
1388.84 8452.28
1388.64 8465.69
1381.8 8497.17
1384.29 8590.17
1384.27 8601.46
1390.52 8535.33
1390.57 8564
1389.87 8563.43
1389.98 8554
1390.09 8520.83
1394.83 8482.71
1394.74 8478.64
1394.75 8476.58
1395.92 8458.12
1395.86 8515.77
1401.95 8504.09
1402.09 8494.56
1402.26 8484.26
1403.34 8501.74
1406.35 8507.6
1405.16 8533.71
1403.03 8562.27
1402.94 8583.47
1404.9 8467.54
1404.66 8496.64
1405.69 8501.75
1405.74 8489.78
1403.92 8514.5
1403.84 8523.46
1403.61 8521.82
1401.49 8546.7
1401.5 8527.94
1402.01 8502.01
1402.14 8491.59
1404.07 8503.93
1403.72 8520.81
1403.14 8497.88
1402.01 8504.09
1404.41 8519.64
1404.26 8540.89
1404.22 8516.61
1405 8545.94
1404.93 8562.48
1404.82 8574.36
1405.13 8586.98
1405.13 8601.96
1405.18 8610.63
1404.66 8673.58
1403.07 8674.03
1402.9 8680.99
1402.82 8674.32
1401.78 8676.16
1401.72 8658.18
1403.73 8662.59
1403.97 8688.58
1403.94 8698.15
1404.1 8698.98
1408.29 8796.25
1408.25 8778.44
1410.07 8843.7
1408.75 8891.17
1410.87 8908.71
1410.73 8996.87
1409.96 9047.49
1409.94 9056.2
1412.12 9017.37
1412.16 9012.19
1412.12 9014.46
1412.79 9043.75
1412.56 9040.1
1412.72 9001.3
1412.15 9004.79
1411.91 9008.89
1411.63 9014.14
1411.66 9009.08
1411.64 9023.59
1412.11 9027.87
1409.77 9038.17
1410.28 9042.03
1410.08 9026.33
1411.03 9037.17
1410.96 9068.62
1410.71 9057.42
1412.13 9040.1
1413.87 9101.93
1413.86 9057.53
1414.47 9032.41
1412.76 9014.57
1412.58 9015.45
1412.44 9026.53
1410.58 9115
1410.47 9161.32
1411.46 9142.49
1411.85 9137.98
1412.08 9177.08
1411.87 9188.87
1411.87 9174.79
1412.17 9177.66
1413.1 9184.21
1412.74 9181.43
1412.5 9168.26
1412.64 9160.98
1412.49 9187.6
1412.39 9202.24
1412.53 9234.98
1414.2 9102.58
1414.2 9058.38
1414.15 9095.73
1414.28 9109.54
1414.36 9125.73
1414.17 9146.93
1414.78 9144.79
1415.02 9147.17
1414.06 9189.57
1413.37 9235.2
1413.36 9232.92
1413.39 9221.44
1413.41 9202.79
1413.41 9190.19
1412.47 9181.67
1411.33 9179.4
1410.82 9169.45
1410.73 9158.52
1409.77 9150.36
1410.29 9134.57
1411.13 9137.88
1411.39 9128.77
1411.06 9112.1
1411.25 9103.5
1411.69 9102.05
1411.61 9058.88
1411.7 9048.58
1412.28 9014.16
1412.46 9006.55
1411.87 8983.3
1412.27 8989.08
1412.61 8975.48
1412.54 8975.92
1411.45 8980.24
1410.97 8957.93
1411.45 8949.62
1411.09 8937.4
1411.29 8959.37
1411.27 8980.79
1411.22 8995.24
1411.87 8983.4
1411.7 9003.64
1412.69 9093.08
1414.13 9097.46
1414.42 9134.71
1414.38 9173.61
1417.88 9234.08
1418.41 9242.57
1418.45 9256.4
1418.29 9270.5
1420.11 9303.4
1419.79 9278.09
1419.81 9283.95
1419.82 9288.49
1419.74 9286.13
1419.78 9218.21
1420.07 9193.41
1421.63 9184.68
1422.14 9156.16
1422.2 9168.55
1422.9 9163.32
1422.98 9103.34
1422.49 9077.45
1421.81 9052.49
1421.74 9000.93
1421.96 8996.27
1421.98 9003.31
1421.97 9016.72
1421.74 9016.31
1422.33 8970.83
1421.89 8917.65
1420.85 8936.89
1420.97 8960.6
1421.01 8966.81
1419.88 8958.83
1417.84 8896.89
1417.28 8874.35
1410.43 8979.21
1410.45 8982.68
1409.34 8983.59
1409.19 8987.78
1409.1 9006.82
1409.14 9015.66
1409.14 9019.29
1408.87 9026.06
1408.76 9024.66
1409.34 9019.29
1408.95 9008.42
1407.98 9013.93
1408.02 9007.08
1407.94 8975.01
1408.73 8962.82
1409.87 8919.73
1409.59 8903.27
1409.58 8907.24
1409.78 8894.05
1409.45 8872.68
1409.43 8865.64
1408.98 8828.46
1409.65 8814.03
1409.59 8813.53
1409.85 8816.43
1409.95 8830.91
1409.47 8830.2
1409.77 8824.2
1409.73 8807.04
1409.76 8812
1409.53 8826.01
1409.66 8840.94
1409.51 8846.72
1409.51 8852.2
1407.2 8758.96
1407.9 8800.85
1407.55 8817.41
1407.62 8828.29
1408.16 8835.2
1407.99 8826.09
1407.34 8826.23
1407.41 8804.16
1407.26 8791.27
1407.71 8793.61
1407.69 8787.76
1408 8784.87
1408.4 8818.97
1408.6 8798.78
1409.02 8793.65
1409.49 8802.12
1409.03 8822.7
1409.11 8821
1409.72 8879.27
1409.76 8904.51
1413.89 9006.06
1413.61 9000.54
1413.57 9048.44
1413.45 9061.69
1412.36 9061.24
1412.32 9059.32
1412.6 8956.95
1410.97 8905.15
1409.41 8995.59
1409.89 9039.93
1410.22 9038.39
1408.43 9014.41
1408.26 9045.69
1408.76 9046.89
1409.32 9032.58
1408.37 9056.45
1408.23 9147.66
1408.66 9130.32
1409.66 9144.8
1409.03 9141.89
1409 9147.23
1409 9140.34
1408.31 9138.89
1408.19 9180.91
1408.72 9222.59
1408.94 9241.24
1409.24 9278.08
1410.36 9312.1
1408.9 9337.02
1408.75 9343.1
1409.24 9349.4
1409.33 9358.33
1409.47 9367.12
1409.46 9369.98
1410.09 9371.58
1410.48 9383.27
1410.26 9387.24
1410.26 9393.29
1410.01 9380.54
1409.03 9407.33
1409.48 9426.77
1408.6 9548.32
1409.17 9572.59
1409.27 9566.29
1409.27 9562.97
1409.34 9557.95
1409.61 9572.06
1410.05 9572.64
1412.78 9542.5
1412.89 9603.96
1412.87 9635.36
1414.57 9683.92
1414.81 9490.73
1414.26 9479.67
1414.56 9495.35
1414.52 9532.35
1414.51 9548.63
1414.56 9557.06
1414.14 9568.44
1414.17 9577.03
1414.17 9573.48
1414.2 9585.55
1414.26 9586.76
1413.83 9595.08
1413.94 9583.49
1414.77 9592.52
1419.17 9595.47
1418.44 9580.41
1418.63 9579.32
1418.55 9595.4
1419.64 9605.18
1419.65 9612.1
1419.06 9604.12
1418.87 9629.05
1419.13 9671.61
1418.19 9693.25
1418.29 9708.96
1418.41 9720.17
1418.47 9721.15
1418.93 9743.66
1418.89 9755.49
1417.56 9796.68
1417.49 9821.28
1417.42 9813.8
1417.37 9804.07
1417.45 9782.48
1418.03 9774.58
1418.21 9773.21
1417.24 9788.58
1417.26 9791.41
1417.27 9817.98
1417.32 9798.49
1415.96 9768.02
1416.44 9779.76
1417.31 9799.05
1417.09 9805.43
1417.25 9796.31
1417.34 9790.56
1417.54 9811.95
1417.66 9804.44
1418.33 9881.91
1417.94 9915.05
1418.29 9990.47
1419.03 10109.6
1418.97 10148.6
1418.56 10152.9
1419.52 10184
1420.64 10211.5
1420.49 10196.3
1420.5 10217.4
1420.03 10241
1421.29 10269.7
1419.04 10295
1418.62 10277.3
1419.64 10311.4
1419.63 10367
1419.44 10396.2
1420.29 10441.7
1419.19 10429.1
1419.45 10438.2
1419.57 10448.6
1419.96 10416.6
1420.05 10393.8
1421.04 10424.7
1421.15 10434.6
1422.84 10390.9
1423.22 10379.9
1422.99 10410.1
1423.08 10438
1423.01 10466.3
1423 10469.3
1422.77 10459
1422.65 10452.8
1422.69 10438.2
1423.14 10444.5
1423.2 10421.3
1422.95 10411.4
1422.95 10404
1422.75 10406.1
1427.81 10530.4
1427.94 10625.2
1428.1 10614
1428.12 10609.7
1428.61 10620.5
1428 10601.6
1428.12 10597.6
1428.21 10584.8
1428 10565.1
1428.77 10560.8
1428.79 10577.5
1429.04 10602.5
1429.05 10621.5
1428.46 10621.3
1428.47 10630.7
1428.41 10629.9
1428.67 10616
1428.65 10618.7
1428.65 10618.1
1428.74 10587.7
1429.41 10527.4
1429.38 10536.8
1429.58 10543.5
1429.25 10557.9
1428.97 10551
1429.06 10519.7
1428.97 10481.7
1429.09 10486.7
1428.52 10513.1
1429.93 10533.3
1430.03 10555
1429.67 10569.2
1430.16 10560.2
1430.39 10527.7
1430.75 10517.6
1430.73 10536.3
1430.38 10553
1431.25 10561
1431.26 10572.6
1431.44 10585.5
1431.72 10609.1
1431.77 10629.3
1431.88 10643.7
1431.94 10644.5
1431.77 10648.2
1431.83 10661.9
1431.25 10690.1
1431.23 10699.3
1430.84 10704.4
1431.11 10707.7
1431.61 10754.1
1431.27 10778.3
1431.25 10740.9
1430.96 10729.6
1430.71 10756.9
1431.28 10733.2
1431.97 10748.7
1432.8 10771.5
1432.86 10784.8
1434.9 10750.7
1433.41 10703.2
1434.17 10707.9
1434.37 10715.6
1433.5 10757.5
1434.12 10740
1434.02 10735.3
1433.92 10738.1
1433.85 10741.9
1433.89 10728.2
1435.11 10727.7
1435.84 10697.3
1435.84 10686.8
1436.85 10659.6
1436.94 10624
1436.82 10618.9
1436.4 10634.1
1435.8 10626.2
1436.09 10644.5
1436.09 10648.9
1437.62 10547.3
1437.51 10550
1437.04 10574.8
1437.14 10584.3
1437 10603.9
1436.91 10618.6
1436.96 10630.5
1436.58 10628.4
1437.21 10633.8
1437.35 10620.6
1437.13 10637.7
1437.87 10661
1438.31 10698.1
1438.4 10651.3
1438.6 10649.5
1438.68 10650
1438.64 10637.6
1438.74 10611.4
1438.17 10610.4
1437.72 10577.4
1437.34 10558.7
1436.99 10545.4
1437.13 10534.6
1437.01 10530.1
1438.87 10527.7
1439.05 10543.2
1438.91 10557.9
1439.8 10576.9
1439.86 10594.3
1439.53 10590.6
1439.45 10592.5
1439.54 10589.9
1439.67 10561.8
