157.64 0
394.953 47.1687
446.418 44.9174
491.605 43.8872
510.539 43.4134
641.51 72.4984
643.376 70.4401
738.075 120.176
749.436 116.1
861.064 126.268
884.43 125.107
889.061 138.287
901.233 139.311
999.686 151.783
1014.68 121.667
1014.65 121.108
1014.62 121.1
1012.92 105.648
1022.5 105.631
1043.57 105.618
1043.88 105.604
1074.96 151.774
1113.86 149.416
1120.8 149.467
1132.04 146.331
1193.48 174.124
1197.89 173.816
1221.32 864.019
1222.74 673.192
1259.05 614.018
1259.16 621.828
1297.62 561.848
1300.61 566.694
1302.38 543.063
1302.41 519.01
1307.94 508.253
1339.18 521.661
1385.59 567.318
1387.82 556.584
1389.28 550.121
1406.91 589.305
1408.32 566.704
1408.58 550.456
1399.84 498.43
1460.38 859.85
1463.34 863.605
1476.34 853.668
1474.95 828.411
1471.68 825.869
1448.26 932.157
1448.23 998.129
1458.13 1020.08
1473.1 1035
1473.57 1050.63
1522.29 1067.29
1525.88 1110.21
1525.06 1131.41
1589.59 1258.01
1588.3 1220.46
1621.04 1263.03
1680.83 1333.66
1680.51 1292.01
1680.46 1271.49
1683.16 1284.29
1688.82 2141.98
1706.34 2101.98
1741.99 1987.12
1740.93 1918.59
1744.01 1876.02
1747.71 1880.22
1748.4 2060.62
1746.41 1899.45
1759.12 1800.25
1758.58 1728.17
1765.4 1669.7
1765.32 1680.9
1764.08 1703.94
1787.65 1734.81
1779.99 1724.5
1785.12 1726.7
1789.07 1780.4
1789.51 1761.36
1803.39 1755.11
1808.33 1795.03
1801.61 1941.56
1802.29 2134.4
1802.19 2209.12
1803.48 2268.88
1809.1 2318.42
1845.85 2375.64
1842.05 2490.65
1835.78 2447.47
1838.74 2422.26
1838.72 2533.79
1844.91 2764.65
1846.09 2838.69
1849.76 3335.73
1849.69 3310.44
1849.52 3316.72
1852.43 3336.84
1861.76 3327.72
1863.37 3309.67
1861.21 3424.79
1865.1 3444.09
1870.74 3444.43
1871.89 3435.62
1871.32 3418.46
1870.49 3413.47
1859.38 3522.91
1862.61 3527.39
1862.27 3481.92
1861.25 3439.35
1853.27 3738.21
1859.94 3697.18
1863.05 3735.13
1856.78 3762.89
1855.14 3818.64
1855.18 3847.46
1859.27 3833.67
1861.53 3888.36
1861.81 3922.52
1865.38 3928.1
1865.55 3907.46
1859.72 4033.24
1859.72 3964.48
1860.23 3827.39
1862.02 3766.48
1862.84 3729.88
1875.14 3792.03
1875.13 3811.82
1874.94 3929.98
1870.99 3910.41
1870.7 3893.71
1868.8 3852.15
1868.83 3841.69
1877.61 3868.95
1877.34 3815.19
1877.45 3782.4
1878.4 3767.86
1877.48 3797.38
1878.21 3831.71
1878.19 3853.72
1882.02 3873.44
1883.47 3990.06
1883.43 4040.75
1883.13 4071.32
1882.45 4065.29
1881.9 4081.47
1878.57 4086.45
1878.73 4095.48
1884.7 4091.38
1884.42 4104.73
1883.71 4091.07
1881.85 4131.34
1881.53 4162.6
1881.93 4154.86
1881.98 4199.7
1882.43 4241.83
1875.12 4334.19
1874.56 4357.32
1876.81 4401.57
1877.05 4395.83
1876.18 4379.78
1884.26 4406.3
1883.54 4343.48
1883.75 4336.61
1884.14 4339.86
1883 4349.16
1883.61 4339.54
1883.67 4360.16
1882.91 4344.14
1882.95 4332.58
1879.17 4514.23
1880.76 4436.14
1878.92 4407.63
1878.52 4461.3
1878.44 4478.32
1878.48 4483.8
1875.14 4457.51
1876.21 4567.42
1876.88 4600.82
1878.73 4673.48
1878.14 4665.71
1878.35 4657.89
1877.99 4623.87
1877.9 4578.94
1875.71 4547.63
1878.87 4504.13
1877.48 4499.23
1877.75 4489.7
1877.79 4456.02
1878.11 4453.47
1880 4494.09
1880.69 4491.38
1876.88 4427.78
1876.95 4449.37
1877.65 4483.61
1878.62 4462.09
1877.97 4442.55
1878.08 4456.43
1877.89 4456.49
1877.17 4462.93
1877.18 4527.99
1876.83 4548.56
1876.22 4436.66
1876.73 4479.82
1874.59 4473.98
1874.47 4471.74
1874.36 4435.25
1885.59 4415.16
1885.82 4410.99
1886.38 4411.08
1886.26 4424.01
1886.81 4447.17
1888.36 4479.04
1888.22 4480.6
1888.02 4481.51
1894.66 4483.86
1895.1 4504.99
1897.2 4483.38
1896.84 4579.41
1896.88 4511.66
1904.86 4558.48
1904.97 4630.65
1907.09 4683.09
1906.68 4692.2
1906.2 4690.01
1905.65 4671.35
1906.77 4682.78
1907.91 4679.46
1908.04 4703.49
1906.97 4707.85
1906.99 4735.97
1906.97 4745.01
1905.82 4727.2
1904.35 4734.68
1904.34 4705.79
1905.1 4736.23
1905.07 4651.11
1905.05 4668.03
1904 4591.7
1901.58 4582.48
1899.9 4556.18
1899.91 4514.39
1898.35 4469.48
1898.01 4470.18
1898.22 4471.88
1898.88 4480.55
1898.52 4470.98
1899.77 4481.84
1899.99 4497.12
1900.54 4499.83
1899.41 4481.95
1900.23 4479.02
1901.5 4496.07
1901.36 4458.79
1900.91 4457.69
1900.16 4481.25
1912.47 4576.59
1911.07 4545.64
1910.31 4559.76
1912.99 4552.54
1916.97 4529.51
1917.01 4607.14
1917.25 4584.97
1917.2 4572.58
1917.8 4554.65
1916.79 4514.38
1916.79 4515.03
1918.73 4539.03
1918.97 4401.33
1918.47 4300.25
1918.76 4285.79
1918.71 4276.83
1919.62 4288.91
1919.81 4272.06
1924.23 4280.65
1922.67 4235.53
1924.6 4166.72
1923.82 4184.55
1923.81 4170.88
1922.84 4154.28
1922.62 4145.54
1922.68 4148.76
1923.04 4128.69
1922.58 4110.46
1922.17 4079.9
1921.9 4065.57
1920.72 4056.18
1921.4 4068.07
1920.73 4115.25
1920.53 4132.48
1920.38 4121.63
1920.39 4120.27
1920.37 4113.2
1920.25 4193.87
1920.79 4151.32
1922.78 4168.72
1925 4189.07
1924.79 4187.75
1924.67 4195.51
1924.49 4198.28
1924.1 4201.07
1925.28 4237.84
1928.73 4238.98
1929.47 4243.31
1931.41 4262.02
1931.84 4268.69
1931.28 4266.65
1931.29 4259.39
1927.79 4298.65
1927.8 4301.89
1927.16 4299.56
1928.39 4311.52
1928.58 4294.4
1928.71 4279.09
1928.77 4266.44
1928.15 4265.4
1929.79 4274.99
1930.02 4262.42
1929.72 4246.69
1929.52 4242.02
1929.41 4268.96
1927.05 4264.41
1927.02 4273.76
1926.92 4255.23
1925.34 4274.44
1926.6 4283.53
1924.85 4279.85
1924.89 4293.01
1925.04 4292.88
1925.24 4291.4
1925.11 4303.84
1924.57 4315.65
1924.46 4316.21
1924.59 4323.88
1923.93 4302.16
1923.89 4306.57
1923.61 4302.25
1923.39 4293.87
1926.47 4307.41
1926.67 4251.61
1926.72 4254.04
1927.11 4273.9
1927.15 4287.95
1926.62 4313.42
1926.38 4328.03
1926.27 4328.37
1926.43 4320.61
1926.56 4316.93
1927.99 4346.92
1928 4356.42
1927.15 4374.04
1927.14 4392.96
1927.15 4398.46
1927.1 4411.08
1926.91 4420.76
1927.04 4427.05
1925.8 4426.01
1924.06 4423.26
1926.36 4433.78
1925.98 4463.6
1925.78 4475.58
1925.78 4478.19
1925.72 4487.26
1925.92 4513.57
1925.92 4508.76
1923.55 4499.43
1924.63 4473.87
1923.24 4508.6
1923.22 4483.05
1923.44 4458.31
1923.69 4422.95
1923.91 4410.71
1923.85 4409.98
1923.85 4410.24
1923.78 4423.34
1924.27 4434.14
1924.15 4430.96
1924.24 4444.11
1924.63 4439.53
1924.1 4448.05
1924.13 4421.19
1924.44 4445.39
1925.24 4469.1
1925.02 4480.01
1925.16 4514.27
1925.66 4527.4
1926.02 4462.79
1928.36 4497.63
1925.55 4558.4
1924.45 4584.04
1924.8 4587.9
1924.47 4614.09
1924.58 4635.16
1924.46 4635.82
1925.07 4673.97
1925.87 4727.01
1924.35 4740.8
1924.36 4735.4
1924.68 4746.37
1924.6 4751.15
1924.17 4744.92
1924.13 4750.54
1923.98 4748.73
1923.84 4750.2
1923.72 4747.15
1922.41 4758.43
1921.83 4743.48
1921.53 4733.75
1923.71 4719.44
1922.99 4701.96
1920.94 4736.8
1920.58 4700.89
1918.31 4688.18
1917.54 4722.26
1917.54 4737.82
1917.93 4737.95
1916.85 4722.2
1917.47 4737.78
1917.42 4723.57
1918.6 4725.49
1918.64 4720.54
1918.68 4720.13
1918.27 4707.81
1917.91 4701.43
1917.62 4693.56
1917.33 4698.59
1917.23 4696.06
1917.43 4697.2
1917.1 4690.13
1916.39 4683.84
1916.81 4693.75
1916.91 4685.77
1916.89 4671.23
1915.75 4649.76
1915.82 4653.6
1917.08 4673.45
1916.69 4685.17
1918.67 4682.26
1919.87 4658.59
1920.71 4667.92
1920.96 4679.2
1921.37 4684.25
1921.35 4682.27
1921.57 4672.31
1921.38 4674.03
1921.03 4682.02
1920.55 4705.09
1920.4 4702.37
1919.27 4663.03
1919.54 4666.1
1919.48 4644.8
1919.53 4629.63
1919.01 4634.03
1919.04 4623
1919.09 4621.98
1918.34 4603.44
1916.88 4610.51
1917.16 4621.82
1916.5 4635.47
1916.55 4660.03
1916.42 4642.77
1916.52 4625.34
1916.5 4627.62
1916.52 4611.64
1916.66 4600.36
1915.65 4582.78
1915.63 4594.47
1915.65 4610.7
1915.61 4619.59
1915.62 4612.57
1916.52 4631.42
1916.5 4630.67
1916.29 4646.97
1916.09 4646.87
1915.52 4625.57
1915.54 4618.81
1913.64 4625.42
1913.86 4628.67
1913.86 4693.9
1915.61 4675.25
1915.51 4669.02
1914.7 4688.92
1914.62 4697.21
1914.54 4707.63
1915.22 4725.02
1914.6 4700.77
1914.7 4705.07
1914.83 4704.65
1914.49 4695.04
1915.35 4681.56
1916.39 4726.99
1916.5 4727.27
1916.48 4707.7
1916.33 4696.88
1916.59 4701.05
1917.29 4737.55
1915.56 4711.3
1915.51 4695.77
1915.67 4707.28
1915.1 4677.64
1915.05 4666.89
1914.83 4698.06
1916.46 4724.71
1916.84 4772.64
1919.28 4855.41
1917.26 4867.71
1917.33 4866.75
1917.25 4865.35
1917.17 4854.7
1916.99 4860.51
1916.73 4872.03
1916.46 4868
1916.2 4854.61
1918.2 4853.78
1919.12 4913.16
1918.55 4935.55
1918.39 4944.75
1918.44 4949.86
1918.43 4961.68
1918.54 4963.52
1918.11 4972.63
1918.34 4968.71
1919.74 4992.34
1919.74 4966.93
1919.94 4968.64
1919.94 4968.31
1919.48 4970.68
1919.43 4951.23
1918.88 4933.4
1918.83 4915.24
1918.13 4892.36
1918.04 4867.65
1917.02 4843.39
1916.58 4822.71
1916.54 4800.67
1916.92 4804.07
1917 4799.18
1916.93 4802.08
1916.89 4799.25
1916.91 4816.16
1916.77 4808.07
1915.63 4830.55
1915.12 4793.06
1914.92 4797.48
1915.01 4800.79
1915.04 4809.25
1914.74 4837.12
1914.81 4854.8
1914.65 4857.78
1914.59 4858.7
1914.75 4855.88
1914.8 4851.38
1915.12 4803.06
1915.06 4792.38
1914.37 4865.9
1914.44 4830
1914.73 4809.09
1914.9 4816.4
1914.85 4822.98
1914.86 4833.07
1914.55 4872.61
1914.27 4886.02
1914.11 4891.41
1914.49 4883.41
1914.5 4889.76
1913.67 4863.83
1913.51 4867.08
1913.59 4856.07
1914.01 4859.7
1913.17 4864.44
1913.24 4882.67
1913.46 4914.61
1913.58 4923.09
1913.57 4920.97
1913.64 4923.68
1913.04 4899.31
1912.63 4914.54
1913.36 4935.56
1913.21 4933.57
1912.77 4926.89
1912.57 4926.64
1912.46 4923.58
1912.46 4979.82
1910.12 4914.06
1912.02 4846.46
1912.64 4895.62
1912.58 4912.31
1914.39 4929.57
1914.04 4928.22
1914.1 4907.55
1913.73 4883.87
1913.57 4879.53
1913.82 4870.32
1913.84 4841
1913.94 4823.13
1913.78 4809.82
1914.46 4803.91
1914.43 4795.23
1914.24 4805.94
1913.15 4680.69
1913.09 4626.37
1913.03 4601.28
1913.03 4588.05
1913.87 4634.08
1913.57 4655.79
1913.42 4652.01
1913.85 4651.1
1914.36 4614.83
1914.52 4606.04
1914.43 4604.36
1912.34 4594.05
1912.56 4554.15
1912.57 4545.6
1912.85 4531.37
1912.77 4537.87
1912.92 4553.39
1911.26 4569.24
1912 4593.58
1911.65 4601.37
1911.67 4598.79
1911.65 4603.85
1911.65 4595.95
1911.3 4600.53
1910.92 4607.73
1910.55 4628.48
1910.59 4628.81
1910.91 4626.54
1911.03 4618.89
1912.14 4527.29
1912.19 4525.33
1912.25 4534.72
1912.42 4540.52
1912.02 4561.26
1912.06 4564.31
1912.22 4570.86
1912.59 4568.57
1913.52 4570.23
1913.6 4559.49
1913.84 4536.01
1913.76 4514.05
1913.81 4492.88
1912.42 4488.59
1912.26 4520.47
1912.07 4523.35
1911.17 4529.51
1911.72 4577.46
1911.3 4608.82
1912.01 4682.02
1911.34 4696.27
1911.28 4715.23
1910.8 4718.58
1910.93 4708.97
1913.86 4722.2
1913.2 4728.56
1913 4737.21
1913.33 4747.42
1913.79 4756.51
1914.16 4763.61
1914.76 4794.22
1914.75 4804.06
1914.91 4800.49
1914.96 4815.64
1913.76 4861.72
1914.05 4868.22
1913.94 4875.52
1913.79 4886.08
1914.05 4896.97
1914.43 4913.62
1914.5 4961.95
1914.43 4970.04
1914.3 4976.52
1913.59 4963.72
1913.25 4956.52
1913.4 4976.12
1913.07 4982.82
1913.05 4989.26
1913.03 4971.68
1913.03 4982.41
1913.47 4982.25
1913.43 4986.16
1912.88 4986.18
1912.88 4984.78
1912.43 4991.92
1910.98 4944.99
1910.8 4959.22
1910.55 4961.94
1910.42 4969.48
1910.99 4964.43
1911.59 4985.78
1911.89 5003.58
1911.78 5021.85
1911.3 5035.99
1911.33 5043.26
1911.33 5045.91
1911.38 5048.46
1911.42 5023.82
1910.72 4980.67
1910.76 4934.42
1910.95 4921.38
1910.87 4914.28
1910.9 4901.2
1910.94 4890.01
1909.94 4858.98
1909.62 4839.34
1909.64 4835.04
1911.14 4843.76
1911.39 4843.44
1911.01 4823.83
1911.64 4825.88
1912.32 4826.08
1912.26 4830.1
1912.08 4829.59
1911.79 4825.31
1912.27 4847.05
1912.32 4860.49
1912.07 4858.17
1911.93 4830.5
1911.87 4799.87
1911.78 4789.76
1911.25 4788.93
1911.21 4787.73
1910.81 4792.84
1910.79 4822.99
1910.82 4832.96
1910.74 4825.26
1910.75 4867.68
1910.59 4846.7
1910.85 4790.4
1910.76 4783.46
1910.75 4778.96
1910.88 4777.4
1911.14 4768.23
1912.6 4738.79
1912.92 4751.78
1912.5 4781.07
1913 4775.14
1912.09 4780.13
1912.04 4774.01
1912.04 4768.44
1912.05 4762.96
1912.56 4754.24
1912.55 4751.77
1912.42 4746.12
1912.38 4740.49
1912.28 4728.9
1912.52 4716.54
1912.13 4710.13
1912.42 4734.7
1912.45 4757.24
1912.4 4770.43
1911.77 4788.89
1911.73 4776.14
1911.93 4753.9
1911.78 4774.31
1911.75 4780.88
1911.96 4771.58
1912.51 4776.62
1912.51 4782.39
1912.22 4795.55
1912.24 4767.5
1912.01 4749.29
1911.81 4756.87
1910.63 4758.66
1910.77 4772.8
1910.56 4783.58
1910.52 4786.55
1910.7 4790.86
1910.5 4793.62
1910.54 4797.68
1910.36 4806.73
1910.55 4812
1909.75 4818.37
1910.41 4817.19
1910.4 4813.23
1910.12 4809.75
1910.06 4812.19
1910.08 4802.37
1905.04 4868.29
1905.37 4854.22
1906.12 4725.45
1905.78 4716.76
1905.54 4722.6
1905.82 4715.85
1905.19 4699.17
1905.35 4678.48
1905.35 4672.94
1905.36 4667.23
1904.59 4689.1
1904.59 4700.6
1905.07 4699.09
1905.3 4705.47
1905.35 4703.74
1905.29 4699.82
1904.93 4745.97
1904.93 4755.33
1904.59 4762.34
1905.21 4772.62
1905.43 4818.74
1904.18 4800.21
1902.86 4766.46
1902.78 4741.58
1903.35 4744.46
1903.36 4756.65
1903.57 4773.43
1903.24 4784.77
1903.29 4789.1
1903.21 4791.53
1904.75 4800.53
1904.67 4846.25
1904.38 4881.34
1903.87 4883.57
1903.89 4879.08
1903.65 4869.45
1903.8 4864.19
1905.45 4847.35
1905.01 4866.63
1904.97 4861.55
1904.76 4856.75
1904.7 4847.37
1906.18 4861.19
1906.17 4868.93
1906.01 4871.26
1906.31 4876.5
1906.44 4876.71
1906.62 4878.46
1907.17 4826.02
1907.39 4836.33
1907.41 4842.71
1906.99 4832.6
1906.74 4834.29
1906.6 4829.25
1907.58 4833.58
1907.17 4831.4
1907.39 4817
1907.34 4803.46
1907.36 4794.87
1908.1 4787.84
1908.07 4789.23
1908.1 4789.68
1908.37 4783
1908.46 4782.95
1908.42 4807.76
1908.59 4792.25
1907.78 4791.25
1907.83 4792.06
1907.71 4785.77
1907.18 4774.67
1907.27 4766.84
1907.33 4763.15
1908.14 4775.26
1908.18 4778.07
1908.16 4776.9
1908.17 4780.84
1908.5 4780.63
1908.62 4785.5
1908.96 4799.58
1908.92 4829.47
1908.9 4835.35
1909.09 4839.02
1909 4841.62
1909.58 4844.85
1909.48 4898.67
1909.82 4896.02
1909.84 4898.87
1909.81 4901.92
1909.89 4908.04
1909.98 4808.91
1909.96 4774.08
1910.55 4725.63
1910.57 4737.87
1911.56 4728.68
1911.66 4725.06
1911.58 4771.08
1911.38 4790.72
1911.37 4806.33
1911.65 4815.31
1911.23 4813.9
1911.94 4824.28
1911.93 4827.83
1911.85 4807.86
1911.93 4797.04
1911.29 4827.87
1911.21 4841.7
1911.24 4846.59
1911.47 4850.48
1911.27 4849.45
1911.35 4852.65
1911.39 4850.89
1911.6 4861.55
1911.77 4867.74
1911.79 4870.86
1910.94 4872.17
1911.18 4874.2
1911.34 4867.92
1911.49 4906.32
1911.58 4881.27
1912.57 4908.24
1912.71 4930.72
1915.22 4893.13
1915.13 4884.84
1915.02 4875.46
1915.68 4878.03
1915.8 4881.33
1915.83 4912.68
1915.81 4916.34
1915.6 4928.7
1915.57 4934.61
1915.47 4940.35
1915.45 4944.13
1915.29 4948.11
1916.82 4954.08
1916.78 4968.04
1916.57 4971.49
1916.78 4978.22
1917.21 4976.79
1917.32 4967.75
1917.37 4942.81
1916.57 4955.27
1916.51 4984.98
1916.54 4997.68
1916.49 4987.91
1916.7 4976.83
1916.67 4963.1
1916.69 4971.21
1915.98 4970.43
1915.94 4973.03
1916.56 4889.36
1916.85 4864.33
1916.77 4855.66
1916.77 4859.41
1916.94 4848.8
1917.81 4839.81
1917.85 4839.93
1917.53 4804.68
1917.65 4798.41
1917.64 4802.17
1917.27 4801.27
1917.24 4801.96
1917.47 4803.02
1917.32 4793.47
1917.54 4814.39
1917.66 4820.12
1919.35 4798.97
1919.68 4808.26
1919.99 4812.57
1920.16 4809.31
1920.45 4801.66
1920.28 4785.07
1920.22 4778.09
1920.51 4770.24
1920.57 4761.96
1920.9 4753.08
1920.91 4751.84
1919.35 4756.16
1919.47 4765.07
1920.69 4786.53
1920.21 4784.04
1919.57 4799.52
1919.55 4793.55
1919.08 4790.47
1918.51 4800.38
1918.83 4811.69
1918.78 4802.43
1918.69 4800.25
1918.15 4786.67
1918.12 4792.56
1918.08 4801.88
1918.08 4823.65
1918.01 4826.16
1918.05 4826.55
1917.88 4827.24
1917.79 4828.14
1918.26 4834.09
1917.65 4834.88
1918.03 4837.61
1918.02 4825.33
1918.02 4812.66
1917.86 4799.14
1917.82 4785.76
1917.83 4770.81
1918.26 4787.9
1918.6 4781.66
1918.61 4790.92
1918.06 4798.43
1918.21 4785.1
1917.95 4793.6
1917.08 4800.18
1917.1 4794.66
1916.97 4784.25
1917.15 4782.31
1916.78 4774.97
1916.59 4767.31
1916.59 4771.44
1916.95 4787
1916.76 4813.06
1916.38 4814.84
1916.51 4814.04
