50.2985 0
51.2873 0
314.477 0.999139
487.973 84.5669
547.46 79.0796
616.066 95.9477
721.038 106.787
771.595 112.372
800.616 112.32
800.839 112.32
842.55 120.752
847.4 96.3701
862.329 88.7753
878.142 80.2505
906.613 78.5289
909.567 60.9901
909.612 63.7191
1022.75 85.1125
1028.84 71.3867
1042.74 73.0561
1052.46 73.1245
1126.12 105.89
1138.02 99.527
1206.41 131.094
1205.87 136.021
1207.13 135.063
1247.03 146.106
1252.97 137.08
1292.58 151.47
1302.48 145.19
1332.78 153.053
1332.99 153.785
1334.56 153.858
1335.44 155.948
1364.51 161.824
1362.91 187.255
1369.15 172.666
1415.31 187.986
1413.75 190.531
1413.39 178.537
1434.81 194.659
1511.23 508.145
1539.88 636.494
1539.69 607.513
1599.68 609.028
1642.28 662.468
1656.94 881.466
1667.51 819.991
1663.51 915.956
1664.25 928.353
1666.58 932.716
1682.14 972.987
1677.39 997.68
1678.35 1474.18
1704.74 1753.77
1714.65 1506.41
1730.41 1521.25
1735.68 1528.03
1735.83 1545.3
1758.94 1690.06
1792.51 2063.81
1791.08 2096.78
1791.39 2199.76
1813.48 2669.57
1813.23 2612.47
1791.26 2667.8
1796.15 2613.63
1796.72 2510.41
1783.54 2493.25
1769.48 2841.59
1774.18 2912.61
1778.8 2888.32
1779.33 2865.88
1784.67 2867.88
1776.24 2906.41
1773.95 2886.1
1800.37 3124.78
1801.44 3239.02
1799.28 3169.74
1813.28 3162.74
1813.01 3180.51
1818.44 3186.92
1824.19 3166.59
1816.36 3179.65
1807.81 3648
1846.86 3714.59
1858.87 3744.75
1827.57 4193.58
1893.72 5316.04
1868.01 4939.06
1868.32 4861.36
1855.42 4825.65
1863.23 4716.84
1857.4 6962.2
1857.36 6044.59
1861.24 5365.44
1859.02 5081.54
1850.51 5004.17
1850.51 4796.21
1855.59 5107.22
1864.52 5046.23
1866.38 5094.99
1866.25 5069.06
1863.86 5034.37
1863.5 4961.01
1865.44 4918.28
1851.19 5044.62
1857.22 5235
1860.01 5350
1861.71 5387.89
1854.31 5506.43
1854.49 5492.36
1863.04 5399.39
1864.31 5502.45
1865.63 5488.18
1865.72 5456.78
1865.83 5473.51
1874.15 5493.4
1874.13 5331.99
1867.05 5302.13
1871.15 5372.15
1870.63 5412.16
1868.99 5421.37
1875.46 5411.8
1877.75 5457.09
1883.14 5556.52
1883.37 5561.55
1885.83 5504.96
1883.12 5508.49
1881.21 5473.51
1881.6 5422.75
1881.56 5369.58
1882.02 5343.84
1881.74 5355.64
1881.29 5349.81
1880.85 5334.83
1878.37 5568
1878.35 5627.13
1867.78 5718.83
1867.87 5824.2
1878.81 5918.58
1879.97 5941.25
1880.58 5965.24
1882.76 5937.49
1879.87 5967.55
1880.98 5970.22
1883.98 5933.03
1890.55 5906.8
1886.72 5840.36
1889.18 5849.46
1908.52 6048.79
1909.62 6029.73
1908.53 6016.11
1909.1 5987.32
1906.91 6004.51
1906.52 6014.26
1906.66 5972.13
1904.96 6026.66
1902.71 6063.59
1904.82 6128.21
1901.19 6229.76
1900.77 6265.3
1899.75 6270.39
1899.4 6223.24
1899.41 6234.95
1878.26 6212.93
1879.13 6253.06
1879.52 6306.2
1880.91 6337.07
1867.14 6577.73
1871.85 7090.3
1866.36 7260.7
1866.45 7293.19
1866.03 7217.67
1893.77 7329.28
1895.66 7524.96
1895.18 7675.09
1894.94 7896.89
1899.37 7872.55
1897.79 7885.49
1898.02 7920.81
1896.33 8033.16
1895.71 7966.54
1899.68 8169.21
1900.62 8078.56
1901.2 7982.66
1886.76 8587.01
1885.92 8797.48
1886.56 8791.89
1898.97 8782.28
1898.32 8795.39
1898.67 8778.89
1900.87 8769.29
1901.72 8815.14
1904.01 8869.38
1902.89 8802.6
1897.52 8819.8
1897.33 8882.26
1898.45 9154.18
1900.94 9316.29
1899.18 9359.3
1897.52 9345.01
1898.5 9309.78
1898.32 9313.66
1897.98 9289.13
1897.68 9286.63
1897.54 9257.77
1900.43 9252.75
1899.47 9277.25
1899.64 9287.34
1899.63 9377.47
1908.05 9516.56
1925.48 9619.47
1927.1 9729.71
1926.42 9744.85
1930.7 9741.88
1938.7 9855.22
1937.47 9891.89
1934.3 9893.61
1934.25 9843.87
1934.88 9804.98
1934.99 9776.74
1935.58 9736.56
1939.3 9833.05
1940.11 9873.45
1940.56 10352.2
1940.46 10294.5
1939.37 10255.1
1939.38 10243.3
1939.31 10213.9
1941.71 10209.1
1943.79 10267.2
1943.28 10188.2
1943.29 10162.4
1943.35 10210
1943.11 10137.6
1948.64 10008.8
1948.93 9971.02
1948.61 9958.37
1952.69 10013.1
1952.95 9901.92
1954.39 9894.76
1957.24 9903.6
1958.04 9874.31
1957.84 9909.59
1963.79 9925.45
1941.74 10154.2
1941.07 10562.3
1940.47 10839.6
1940.47 10939
1946.75 10947.5
1946.8 10951.8
1949.91 11100.3
1949.91 11101.2
1953.17 10970.2
1953.72 10951.9
1953.88 10942.4
1955.07 10930.8
1963.75 11076.3
1961.22 11229.1
1961.91 11348.2
1961.84 11399
1962.33 11382.8
1964.51 11309.2
1963 11411
1961.12 11548.4
1955.46 11688.1
1954.92 11898
1956.02 11914
1956.43 11939
1956.44 11945.2
1957.22 11897
1956.11 11856.3
1956.79 11865
1955 11872.4
1954.73 11891.7
1953.83 11858
1953.93 11833.6
1953.59 11843.5
1952.32 11908.5
1952.34 11937
1951.04 11975.1
1951.04 12386.4
1952.42 12311.2
1951.77 12340.6
1951.22 12355.3
1950.8 12293.7
1949.43 12153.2
1947.37 12123.2
1946.39 12271.9
1946.55 12357
1941.99 12494.7
1941.96 12585.7
1941.96 12669
1941.56 12700.6
1943 12741.5
1941.04 12799.3
1940.78 12793.8
1940.8 12819.6
1945.58 12859.3
1945.56 12889.8
1945.47 12960.1
1945.65 12998.2
1946.06 13026.3
1946.43 13031.6
1946.18 13017.1
1946.65 13013.5
1946.8 13031.3
1946.73 13044
1947.41 13025.3
1947.51 12995
1946.96 12906.4
1947.59 12858.3
1947.37 12975.7
1947.44 13045.2
1942.04 13081.7
1941.44 13077.3
1940.97 13030.3
1940.97 12982
1940.95 12942
1945.52 12900.2
1945.35 12872.8
1946.11 12861.3
1946.83 12822.1
1949.84 12775.4
1949.76 12716.4
1949.67 12702
1949.63 12705.2
1950.19 12676.8
1948.72 12836
1948.48 12893.7
1948.13 12925.8
1948.13 12903.6
1944.6 12891.5
1944.57 12907.2
1944.61 12915.7
1945.13 12934
1938.81 13029.5
1938.65 13021.8
1938.88 12909.4
1939.09 12813.5
1939.18 12821.9
1941.38 12850.2
1939.86 12888.5
1941.84 12829.5
1941.88 12809.9
1942.1 12780.7
1944.26 12737.1
1938.11 12868.6
1937.98 12898.4
1937.85 12913.5
1938.08 12939.8
1936.7 13027.1
1936.41 13016.3
1935.67 12999.5
1935.23 13178.5
1935.27 13260.6
1934.72 13276.9
1939.6 13371.2
1937.92 13296.2
1937.97 13218.6
1938.78 13222.7
1938.67 13249.5
1938.66 13239.6
1939.19 13168.5
1939.17 13145.7
1938.87 13177.1
1938.87 13199.4
1939.17 13227.4
1939.15 13222.5
1947.46 13282.4
1947.12 13300.8
1947.11 13306.6
1946.8 13327.4
1946.8 13368.1
1947.8 13379.4
1948.67 13378.7
1948.17 13362.5
1954.12 13455.4
1954.53 13412.6
1954.96 13423.7
1955.52 13500.4
1955.66 13513
1954.45 13565.2
1954.02 13592.7
1955.62 13656.7
1956 13682
1958.03 13697.4
1958.02 13730.6
1957.65 13727.8
1955.78 13476.2
1954.14 13361.4
1953.69 13412.9
1951.68 13400
1951.71 13450.7
1951.75 13469
1944.09 13653.3
1944.05 13756.9
1944.46 13771.1
1945.03 13853.9
1945.4 13869.2
1945.44 13838
1945.67 13805.1
1945.46 13774.2
1944.71 13752.8
1945.09 13777.4
1945.2 13789.8
1945.95 13851.5
1945.74 13837.1
1945.1 13869.7
1945.19 13960.7
1945.04 13966.6
1946.02 13937.1
1940.18 13827.7
1942.72 13736.6
1936.03 13699.1
1936.01 13803.6
1933.98 13864.4
1933.6 13910.6
1933.5 13960
1943.52 13985.6
1942.61 14070.9
1941.56 14055.1
1941.51 14044.2
1942.28 14051.6
1941.99 14018.2
1941.49 13959.9
1941.85 13915.3
1942.33 13899.2
1943.39 13930.5
1940.3 13981.4
1940.32 13989.9
1940.46 13987.3
1941.14 13998.1
1943.69 14031.1
1943.95 14052.2
1943.97 14026.7
1943.98 14033.1
1946.24 14075.9
1946.66 14115.7
1948.45 14124.9
1945.12 14378.2
1946 14467.8
1945.94 14426.1
1945.31 14402
1945.97 14404.7
1946.5 14376.9
1946.27 14367.6
1945.38 14388.9
1945.18 14394.5
1946.83 14412.8
1947.45 14404.2
1948.87 14423.7
1948.75 14445.1
1947.82 14413
1946.46 14452.4
1946.74 14520.4
1947.2 14543
1945.38 14549.1
1944.93 14564.5
1944.22 14586.5
1944.94 14594.2
1945.42 14561.6
1944.99 14525.6
1943.07 14471.4
1942.21 14415
1945.16 14248.5
1945.34 14147.5
1948.08 14101
1948.12 14060.6
1950.42 14055
1950.17 14081.7
1950.08 14059.5
1950.93 13985
1950.42 13919.7
1951.03 13924.1
1947.44 14008.5
1946.38 14018.2
1946.79 14083.5
1947.4 14116.5
1946.92 14122.6
1946.41 14114.7
1946.65 14129.6
1947.48 14143.2
1950.69 14187.1
1952.12 14160.1
1955.39 14179
1956.75 14193.4
1956.71 14175.8
1956.71 14197.2
1956.34 14172.6
1957 14210
1958.69 14332.8
1959.63 14418.7
1959.19 14398.8
1957.22 14422.9
1957.94 14443
1956.85 14423.2
1955.27 14410.2
1955.82 14379.7
1955.86 14366.8
1952.35 14375
1957.62 14300.1
1957.68 14277.7
1952.96 14305
1953.09 14280
1953.15 14260.6
1953.16 14265
1952.64 14262.4
1952.56 14267.8
1952.06 14267.5
1952.05 14266.5
1953.5 14250.7
1952.41 14205.1
1954.55 14195
1951.44 14290.2
1950.78 14295.3
1950.92 14298.1
1951.56 14306.9
1951.25 14363.2
1952.57 14430.4
1952.97 14459.6
1953.28 14461
1952.64 14476.4
1952.7 14474.9
1953.15 14477.6
1952.11 14497
1953.54 14492
1954.27 14475.7
1953.72 14506.2
1953.89 14537.5
1955.08 14555.7
1955.78 14554.2
1953.71 14607.3
1954.88 14700.8
1955.01 14781
1955.41 14802.4
1955.05 14840
1953.79 14898.5
1954.33 14940.7
1953.49 14923.8
1953.43 14762.7
1956.07 14705.2
1957.75 14660.1
1957.92 14618
1957.5 14625.6
1956.92 14645.7
1957.74 14648
1957.06 14573.1
1957.4 14515.3
1954.87 14485
1954.88 14464.5
1955.05 14495.4
1954.88 14534.4
1952.97 14534.4
1953.14 14527.7
1953.07 14551.5
1953.63 14560.3
1955.93 14536.3
1956.15 14523.6
1956.27 14510.7
1956.67 14509.6
1957.05 14498.3
1957.07 14502
1957.06 14507.7
1956.24 14614.3
1956.12 14669.5
1955.78 14694.8
1956.67 14661.8
1957.67 14622.9
1955.14 14710.8
1962.51 14763.6
1961.99 14766
1961.48 14657
1961.4 14643.9
1961.35 14679.3
1960.51 14648.4
1960.54 14664.2
1960.38 14654.4
1959.88 14646.8
1960.02 14602.3
1962.13 14579.9
1962.15 14557.7
1961.55 14608.9
1961.19 14627.5
1963.5 14633.1
1960.63 14650.1
1960.9 14629.7
1960.46 14606
1960.37 14575
1961.51 14597.7
1961.61 14627.2
1960.55 14645.7
1960.58 14645
1961.02 14651.5
1961.04 14640.4
1961.46 14654.8
1959.34 14673.3
1959.58 14652.3
1959.25 14622.6
1959.06 14601
1956.94 14588
1957.33 14522.7
1956.85 14517.2
1956.87 14696.6
1956.65 14705.4
1956.68 14712
1956.33 14794.9
1956.66 14797.7
1956.32 14805.3
1956.74 14816.5
1950.06 14754
1949.36 14700.9
1949.01 14678.9
1948.12 14738.8
1948.4 14734.6
1948.56 14706.2
1949.03 14681.7
1948.75 14652.9
1948.82 14630.4
1949.18 14935.6
1948.87 14946.2
1946.99 14946.2
1950.61 14962.8
1950.61 14875.5
1951.43 14885.6
1951.16 14856.7
1950.32 14816
1950.57 14772.2
1950.92 14753.2
1950.93 14751.3
1951.57 14842.8
1952.13 14841
1952.31 14864.5
1952.23 14872
1951.97 14876.2
1950.77 14875
1950.72 15073.4
1950.8 15062.9
1950.36 15065.4
1950.42 15067.6
1950.63 15047.3
1950.65 15056.9
1943.55 15139.7
1944.21 15194.5
1945.84 15204.3
1945.71 15203.4
1946.44 15203.4
1946.47 15241.5
1945.89 15207.3
1946.06 15226.2
1946.32 15172.4
1946.24 15160.8
1921.52 14727.3
1921.43 14497.6
1924.54 14854.6
1928.24 14987.7
1928.21 14948.4
1928.07 14918.2
1930.58 14927
1930.53 14905.9
1930.09 14896.5
1933.12 14924.1
1933.14 14915
1933.16 14900.1
1934.81 14924.2
1934.61 14942.1
1934.57 14954.6
1933.42 14959.5
1933.85 14957.9
1933.82 14937.9
1933.82 14935.7
1934.13 14912
1933.85 14934.6
1933.93 14946.6
1933.94 14952.5
1933.99 14952.9
1935.15 14956
1934.31 14979.1
1934.96 14993.8
1934.98 15018.3
1931.02 15044.8
1930.78 14990.7
1930.61 14977.9
1930.58 14977.6
1930.57 14931.1
1930.17 14963.3
1929.16 15003.1
1929.25 14958.1
1929.17 14911.3
1929.55 14875.4
1929.89 14846.7
1929.79 14845
1930.22 14870.1
1930.15 14899.6
1929.31 14927.8
1929.39 14992
1929.25 14973
1928.79 14987
1926.46 15142.3
1926.25 15168.4
1925.63 15191.5
1925.21 15242.6
1925.93 15294.3
1924.98 15341
1924.97 15315.4
1925.03 15305.3
1925.73 15259
1926.27 15287.2
1924.14 15351
1923.44 15371.6
1923.7 15423.5
1924.17 15345.4
1924.1 15335.1
1924.3 15321.2
1924.88 15261.9
1925.12 15257.4
1925.93 15279
1924.65 15282.8
1924.46 15275.4
1925.54 15278.4
1925.59 15296.6
1925.6 15234.4
1925.5 15253.1
1925.63 15260.1
1925.47 15260.3
1925.56 15263.7
1922.66 15323.3
1922.41 15302.8
1921.66 15307.2
1921.56 15403.3
1921.24 15408.1
1920.99 15429.2
1920.48 15452.7
1916.55 15532.8
1916.45 15517.3
1917.35 15531
1917.34 15567.9
1916.14 15560.4
1915.76 15512.4
1915.69 15512.7
1915.81 15517.2
1916.71 15515.3
1916.36 15516.9
1916 15530.6
1915.78 15535.7
1914.73 15583.6
1915.01 15591.8
1915.22 15466.1
1915.02 15481.7
1915.01 15480.8
1915.8 15497.3
1915.77 15512.2
1915.81 15518.7
1914.16 15607.8
1913.96 15677.9
1915.8 15666.1
1915.84 15626.8
1915.85 15610.2
1915.82 15571.1
1916.42 15586.6
1916.46 15591.9
1916.45 15592.8
1916.82 15664.8
1916.63 15685.5
1916.49 15702.4
1916.9 15727.6
1916.83 15748.1
1916.31 15818.9
1916.17 15830.9
1916.31 15835.2
1917.88 15855.4
1918.51 15861.4
1918.53 15857.8
1918.53 15857.8
1916.76 15960.2
1916.76 15980.2
1916.66 15996.2
1916.34 16000.2
1916.4 16003.9
1915.7 15980
1916.23 16103.6
1916.22 16257.2
1916.02 16332.7
1913.03 16602.9
1913.5 16689.7
1913.58 16658.7
1913.53 16677.3
1913.23 16706.8
1913.29 16740.4
1913.43 16758.7
1913.49 16775.6
1913.47 16763.2
1913.59 16781.7
1913.55 16788
1913.6 16782.6
1913.43 16789.8
1912.7 16805.1
1912.68 16852.2
1913.19 16896.1
1915.15 16968.2
1914.04 16934.1
1913.54 16868.2
1913.5 16871.5
1913.49 16910.7
1909.68 17138.5
1909.87 17125.7
1908.96 17146.6
1909.05 17097.3
1908.84 17083
1908.45 17074.5
1908.4 17086
1907.82 17103.1
1908.61 17125.6
1908.6 17129.4
1907.77 17140.3
1907.76 17152.5
1907.52 17132.8
1908.34 17130.9
1897.07 17640.5
1897.06 17214.7
1896.8 17292.8
1893.73 17270.2
1894.6 17264.4
1894.63 17229.5
1894.72 17240.6
1894.68 17230.1
1893.96 17233.4
1894.66 17092.5
1894.71 17090.4
1894.71 17117.1
1894.31 17136.5
1894.31 17149
1891.88 17269.8
1892.32 17244.8
1893.18 17249.7
1893.2 17240.4
1893.16 17193.1
1893.43 17170.5
1893.13 17108.3
1893.06 17092.9
1896.92 17112.9
1896.92 17153.2
1896.94 17166.7
1897.14 17177.1
1897.34 17185.1
1898.58 17199.7
1899.43 17159.1
1900.71 17349.8
1900.86 17328.5
1901.71 17319.8
1902.41 17419.9
1901.72 17262.8
1901.72 17275.4
1901.54 17258.9
1901.51 17256.5
1901.88 17263.8
1901.79 17243
1901.55 17252.8
1900.57 17281.6
1900.32 17273.4
1900.31 17265.9
1899.88 17267.1
1899.68 17268
1899.69 17260
1899.94 17259.8
1900.1 17249.9
1900.57 17282.3
1901.38 17298.2
1901.57 17303.2
1901.59 17306
1908.07 17415.4
1908.98 17374.7
1909.03 17344.8
1909.03 17327.6
1908.82 17333
1909.47 17343.5
1910.29 17375.1
1910.37 17377.8
1910.35 17391
1910.27 17386.6
1910.4 17383.4
1910.49 17392.2
1910.21 17347.8
1909.98 17325.8
1910.22 17316.5
1910.47 17327
1916.37 17373.9
1916.46 17390.7
1916.42 17410.4
1917.1 17417.3
1917.4 17435.5
1917.53 17436.5
1917.58 17441.4
1917.64 17429.3
1917.7 17429.7
1917.97 17435.6
1918.32 17430.9
1918.37 17435
1917.63 17484.3
1917.83 17471.1
1913.6 17474.9
1913.62 17502
1913.49 17524.9
1912.9 17545.8
1912.73 17599.3
1913.85 17642.6
1914.22 17666.6
1914.7 17694.8
1915 17708.7
1914.97 17725.1
1914.25 17688.1
1916.04 17699.6
1914.33 17722.4
1914.22 17747.1
1913.93 17734.3
1914.12 17701.8
1914.79 17634
1914.78 17588.7
1912.32 17622
1908.36 17617.4
1908.26 17684.7
1907.21 17691.6
1907.57 17634.3
1908.44 17566.8
1908.71 17552.4
1908.56 17549.5
1908.21 17553.6
1908.19 17557.5
1908.03 17535.7
1909.81 17569
1909.84 17582.4
1910.95 17581.6
1910.95 17571.6
1911.3 17540.8
1911.25 17529.9
1912.42 17543.8
1913.34 17555.1
1915.49 17566
1913.09 17572.9
1913.43 17586.9
1913.32 17597.9
1912.72 17614.5
1913.48 17601.9
1913.6 17582.7
1913.2 17559.4
1912.52 17587.8
1912.6 17584.5
1913.09 17556.7
1913.2 17553
1913.34 17557.8
1913.2 17573.9
1913.13 17585.9
1915.49 17622
1917.26 17749.2
1918.12 17765.7
1906.43 17444.6
1905.88 17391.8
1905.71 17293.9
1905.61 17256.9
1906.04 17256.4
1905.96 17231.3
1905.73 17252.2
1907.75 17332.1
1906.44 17305.2
1905.35 17358.6
1905.08 17373.6
1905.21 17383.5
1905.7 17385.9
1905.76 17374.3
1905.65 17375.7
1902.02 17540.1
1902.06 17566.5
1902.18 17597.4
1902.12 17625.1
1902.21 17594.2
1905.64 17394.1
1905.62 17373.9
1907.2 17400.5
1907.18 17370
1907.2 17345.6
1907.18 17341.6
1907.54 17352.6
1907.74 17370.7
1907.77 17378.1
1908.42 17394.7
1908.78 17407.2
1912.31 17478.1
1912.66 17530.6
1911.67 17537.1
1912.98 17684.6
1913.04 17652.3
1913.31 17426
1913.99 17586.4
1914.2 17590.7
1914.09 17550.6
1913.8 17547.6
1913.91 17541.7
1913.51 17540.9
