440.254 46.5748
615.488 112.966
632.529 105.959
639.986 103.994
640.347 102.181
675.031 100.975
743.185 106.321
777.041 106.248
814.336 106.248
815.192 106.248
851.16 118.322
861.396 118.127
1036.45 160.113
1039.04 156.04
1041.92 157.619
1113.41 166.568
1121.36 166.083
1161.16 167.928
1192.56 172.579
1194.73 172.405
1199.78 172.456
1234.95 186.104
1235.55 186.936
1238.87 706.892
1218.74 755.051
1221.77 797.667
1234.67 812.309
1268.44 845.314
1257.77 858.4
1263.02 876.218
1265.43 884.518
1311.56 909.729
1324.44 925.833
1325.56 936.705
1351.09 939.646
1374.89 955.232
1374.47 969.884
1376.12 979.655
1452.44 1036.3
1455.55 1054.51
1454.85 1055.87
1459.47 1067.98
1460.1 1090.48
1632.41 1760.63
1635.74 1850.5
1736.41 1860.49
1783.21 2471.65
1805.71 2429.14
1818.12 2443.82
1839.41 2430.5
1866.66 2581.07
1880.99 3627.51
1893.32 3360
1989.73 4829.88
1906 4883.74
1931.44 5368.58
1932.7 5012.43
1960.57 5264.18
1912.67 4943.6
1904.89 4860.4
1859.02 4941.77
1862.31 5140.28
1858.99 5210.17
1876.89 5235.64
1878.18 5201.13
1929.71 5216.87
1958.18 5220.95
1965.62 5286.75
1969.11 5269.16
1968.76 5219.69
2002.86 5289.99
1989.27 5396.69
1993.66 5482.86
1993.67 5561.8
1995.52 5547.11
2011.32 5555.95
1998.56 5587.16
2001.59 5760.75
1942 5841.86
1962.94 6035.94
1959.19 6065.96
1954.41 6077.96
1954.41 6017.73
1955.09 5957.21
1957.19 6097.84
1957.66 6250.65
1952.11 6303.19
1924.68 6306.25
1910.29 6301.42
1913.19 6232.95
1918.76 6208.62
1973.99 6501.85
1993.98 7006
1991.81 7759.65
1990.36 7883.52
1987.85 7829.81
1983.6 7866.15
1995.34 7862.46
1998.9 7780.03
1997.89 7659.24
1988.94 7610.04
1987.38 7573.28
1990.49 7635
2042.32 7570.98
2049.71 7567.07
2062.91 7486.47
2062.21 7463.61
2079.27 7853.25
2078.74 7854.01
2079.29 7911.25
2077.84 7902.34
2076.63 7874.21
2076.82 7894.08
2053.53 8103.39
2052.09 8065.31
2053 8044.6
2056.77 8082.21
2057.42 8101.58
2057.31 8117.51
2057.3 8125.87
2054.66 8176.92
2055.25 8195.98
2055.46 8151.51
2052.65 8111.67
2052.33 8096.7
2056.09 8229.66
2051.8 8169.15
2051.91 8150.37
2053.26 8146.99
2054.32 8221.89
2057.06 8234.55
2062.25 8145.32
2062.07 8118.09
2062.45 8097.33
2063.28 8120.9
2062.99 8212.95
2062.76 8235.34
2062.87 8292.32
2062.42 8392.69
2066.94 8454.23
2072.37 8491.27
2088.29 8575.89
2090.85 8747.34
2058.74 9146.13
2046.51 9496.43
2045.9 9575.32
2045.34 9620.85
2045.49 9697.29
2049.87 9749.6
2050.09 9805.02
2050.08 9833.77
2098.51 9862.03
2098.62 9887.05
2125.03 10528.5
2127.18 10303.8
2127.22 10306.6
2125.73 10429.3
2097.82 10273.4
2098.62 10294.9
2094.42 10297
2093.52 10316.6
2094 10322.5
2095.62 10331
2084.1 10323
2077.43 10370
2077.71 10398.7
2074.6 10433.5
2077.71 10438.2
2078.53 10419.4
2078.6 10370.4
2078.95 10323.4
2081.69 10331.8
2082.58 10332.5
2081.47 10311.7
2081.93 10297.5
2073.19 10570.9
2073.18 10614.1
2073.16 10599.6
2072.98 10608.1
2072.75 10639.1
2072.6 10580.8
2064.2 10585.6
2064.17 10653.6
2064.18 10692.8
2062.47 10765.3
2061.44 10848.7
2061.1 10950.2
2062.57 10944.8
2063.37 11094.7
2067.44 11203.5
2066.81 11245
2065.85 11298.1
2064.83 11333.6
2067.86 11358.1
2069.07 11405.9
2069.11 11412.1
2068.99 11433
2072.81 11420.6
2070.56 11409.2
2077.67 11443
2077.77 11477.2
2079.63 11565.7
2080.19 11638.9
2080.69 11750
2080.12 11792.1
2077.36 11804.5
2076.9 11793.1
2076.15 11761.3
2076.12 11724.3
2075.7 11798.6
2076.11 11799.7
2075.99 11794.7
2075.08 11759.5
2075.08 11772.7
2072.1 11713.7
2071.69 11667.3
2075.07 11935.3
2067.93 12159.7
2068.24 12230
2067.42 12255.3
2068.2 12174.4
2073.47 12109.5
2074.94 12130.3
2075.72 12015.5
2075.93 11976.3
2075.92 11957.1
2076.23 12011.8
2072.52 12042.6
2072.48 12090.3
2074.05 12155.7
2073.06 12204.1
2080.56 12466.3
2080.6 12378.9
2081.06 12270.3
2081.55 12264.4
2082.76 12316.7
2086.55 12345.2
2085.11 12354.8
2086.11 12377
2086.1 12339.9
2086.17 12336
2081.15 12366.3
2081.16 12394.5
2080.24 12414.6
2080.32 12394.9
2080.73 12405.5
2079.85 12375.1
2080.98 12404.4
2078.18 12410.5
2075.92 12367.1
2077.25 12344.2
2076.87 12384.8
2077.26 12434.2
2075.63 12462.6
2075.76 12490.3
2075.56 12474.1
2075 12393.6
2075.37 12373
2073.96 12398.4
2074.63 12351.5
2075.35 12355.4
2076.76 12332.9
2076.59 12301.2
2076.01 12362.3
2075.96 12411.5
2076.37 12442.1
2084.33 12595.9
2085.54 12711.2
2085.82 12757.7
2086.64 12871.1
2086.73 12791.1
2081.96 12812.7
2081.15 12741.4
2081.36 12736.8
2082.17 12753.3
2084.06 12840.6
2085.13 12897.4
2085.15 12928.7
2085.13 12877.7
2085.45 12839.4
2085.53 12821.8
2085.24 12831.6
2086.89 12848.7
2085.26 12880.9
2085.31 12890.3
2083.59 12919.7
2091.79 12861.4
2091.61 13013.2
2090.99 13055.5
2090.98 13081
2093.76 13130.9
2093.69 13063.4
2099.98 13191.7
2100.08 13239
2099.95 13287.1
2100.85 13331.8
2101.78 13419.7
2102.87 13500.7
2102.86 13522.7
2102.7 13523.3
2101.88 13521
2100.61 13538.3
2100.04 13554.4
2099.78 13568.1
2099.85 13579.9
2099.26 13576.4
2099.29 13599
2099.6 13597.7
2100.59 13612.3
2100.99 13616.6
2101.89 13615.3
2102.4 13613.1
2101.95 13632.3
2101.55 13647.5
2100.17 13643.2
2103.3 13710.2
2103.53 13736.5
2103.5 13738.7
2100.27 13733.3
2100.56 13685.2
2102.98 13721.2
2105.34 13738.5
2106.14 13765.4
2103.74 13775.4
2103.94 13787.3
2100.79 13819.5
2100.73 13839.5
2100.28 13786.1
2103.65 13781.9
2102.63 13864.6
2105.76 13927.6
2105.62 13881.1
2104.39 13931
2103.13 13890.9
2104.14 13913.2
2103.28 13953.3
2103 13956.1
2103.12 13963
2103.54 13950.8
2112.57 13968.4
2112.6 14018.4
2112.87 14043.5
2110.94 14086.2
2111.25 14085.6
2111.79 14084.8
2110.35 14110.4
2106.16 14354.3
2107.15 14357.3
2108.03 14357.8
2105.25 14333.2
2104.2 14355.7
2104.08 14374.5
2107.53 14383.7
2107.35 14370
2107.17 14385.6
2107.52 14418.5
2107.86 14432.9
2119.59 14480.7
2119.59 14468.7
2120.08 14429.4
2120.07 14464.9
2122.48 14619.1
2122.52 14667.1
2124.68 14726
2124.82 14762.4
2126.32 14754.1
2127.3 14754.9
2127.35 14749.8
2127.5 14745.1
2128.01 14755.9
2128.12 14781.7
2126.99 14792.9
2126.92 14798.6
2126.95 14761.2
2129.08 14824.6
2129.6 14920.7
2132.97 14953.5
2135.29 14976.5
2135.43 15018.6
2135.19 15048.4
2135.2 15077.7
2134.3 15127.1
2131.06 15144.2
2124.78 15187.2
2125.16 15265
2125.25 15293.8
2124.47 15352.8
2126.66 15393.5
2126.27 15404
2126.93 15388.8
2125.98 15383.6
2126.23 15372.3
2126.36 15376.5
2125.95 15366.8
2125.74 15365.9
2124.97 15432.4
2122.89 15437.7
2121.09 15450.9
2121.47 15484
2121.95 15509
2121.69 15519.9
2123.79 15708.3
2127.28 15735.6
2127.31 15751.5
2126.81 15735.3
2125.22 15713.7
2124.19 15675.2
2124.85 15656.2
2126.57 15689.4
2125.72 15664.8
2125.8 15648.9
2134.04 15766.9
2133.89 15754.6
2133.8 15768.3
2135.02 15757.7
2136.6 15708.8
2136.14 15722.4
2132.85 15786.2
2136.99 15804.4
2136.99 15792.3
2137.82 15821.7
2139.89 15923.5
2138.91 15909.3
2138.98 15911.8
2138.97 15889.5
2139.62 15899.8
2140.49 15902.9
2140.34 15851.1
2140.4 15824.3
2141.06 15823.2
2141.01 15805.4
2141.12 15785.8
2141.18 15747.8
2141.24 15746.5
2141.58 15740.7
2141.61 15729.2
2142.11 15764.8
2142.56 15800.5
2141.16 15744.5
2139.19 15701.8
2139.28 15723.5
2143.06 15740.7
2142.83 15711.6
2142.93 15682.1
2144.14 15686.5
2143.82 15672.3
2145.12 15658.6
2145.95 15636.7
2145.81 15614.4
2147.68 15617.3
2167.75 15634.6
2166.95 15730.1
2165.35 15766.3
2165.35 15791
2167.23 15968.9
2166.95 15904.1
2167.24 15809.3
2167.4 15780.9
2167.73 15798.6
2168.84 15770.8
2169.02 15728.9
2168.89 15714.4
2169.8 15720.7
2169.94 15695.2
2169.52 15679.9
2173.7 15687.2
2173.77 15621.6
2175.18 15609.2
2174.53 15595.5
2174.61 15570.5
2175.12 15547.7
2175.24 15535.2
2176.25 15514.4
2176.74 15491.4
2177.05 15491.3
2177.04 15486.6
2176.71 15471.9
2176.51 15469.7
2175.93 15464.9
2174.06 15432.1
2173.8 15417.5
2174.18 15388.4
2176.39 15415.4
2177.09 15429.5
2177.04 15402.6
2176.54 15391.7
2176.83 15371.7
2177.17 15371.4
2174.89 15404.7
2174.73 15410.6
2174.76 15410.6
2174.59 15419.5
2174.23 15423.8
2175.52 15431.3
2175.36 15415.1
2175.66 15395.9
2175.42 15360.5
2175.93 15333.6
2176.34 15350.5
2176.63 15350.8
2176.62 15326.9
2174.91 15308.8
2175.04 15301.1
2175.08 15298.3
2174.96 15291.2
2177.73 15355
2177.35 15292.8
2177.85 15289.1
2177.94 15301.2
2178.12 15315.3
2180.57 15319.1
2180.37 15455.9
2180.26 15483.6
2180.38 15536.4
2180.97 15579.7
2180.9 15601.3
2182.69 15637.6
2182.86 15670.7
2183.34 15659.7
2183 15644.2
2183.01 15627.7
2185.92 15654.9
2185.96 15646
2186.17 15635.9
2185.77 15644
2189.08 15611.3
2188.31 15616.5
2185.71 15608.4
2185.72 15609.9
2185.64 15603.3
2185.26 15615.7
2184.27 15624.3
2184.83 15615
2184.99 15634.7
2184.61 15633.8
2184.67 15629.7
2184.57 15612
2184.77 15620.7
2184.77 15613.3
2184.8 15603.5
2184.29 15523.3
2184.47 15497.9
2183.39 15517.7
2183.38 15559.9
2184.32 15586.5
2185.36 15628.5
2185.4 15627.5
2186.58 15649.8
2186.56 15639.5
2186.28 15648.7
2186.45 15630.9
2185.65 15613.6
2185.51 15636.2
2186.64 15709.8
2185.28 15773.6
2184.31 15758.9
2183.7 15772.1
2183.39 15784
2183.04 15810.5
2182.28 15783.5
2183.19 15787.6
2183.27 15806.1
2183.49 15801.7
2183.28 15800.4
2182.79 15838.6
2181.73 15877.8
2181.86 15882.4
2181.93 15887.2
2182.24 15890.7
2183.48 15873.7
2183.61 15870.8
2183.87 15845.8
2184.18 15849.8
2185.13 15830.6
2185.32 15829.6
2185.24 15823.4
2187.82 15819.7
2191.76 15851.3
2192.25 15835.4
2192.12 15840.3
2193.1 15845.2
2194.14 15859.2
2195.23 15824.5
2195.05 15810.6
2195.89 15811
2196.41 15800.9
2196.12 15795.1
2194.32 15787.5
2194.83 15777.3
2195.19 15775.2
2195.84 15785
2194.98 15790.1
2194.65 15816
2194.82 15819.5
2194.82 15830.6
2192.72 15836.6
2190.74 15999.4
2189.89 15974.7
2188.52 16010.8
2187.37 16003.8
2188.18 16017.8
2187.85 16002.6
2188.56 15988.3
2188.83 15985.7
2188.45 15982.1
2188.16 15974.4
2188.25 15986.6
2188.31 16000.9
2187.31 16012
2187.61 15996.4
2187.12 16004.5
2186.42 16005.9
2185.93 16008
2185.55 16038.7
2188.93 16063.6
2189.33 16050.7
2188.76 16021.3
2188.82 15993
2188.36 16004
2188.52 16011.1
2188.57 16027
2186.94 16049
2187.27 16074.7
2184.02 16095.1
2184.19 16088.3
2184.19 16088.4
2183.83 16110.3
2183.69 16117.9
2183.07 16140.1
2184.48 16160.9
2184.89 16177
2184.85 16221.7
2185.15 16243.8
2185.64 16254.6
2185.56 16273.3
2185.7 16299.8
2185.9 16323.3
2185.9 16331.9
2185.84 16338.4
2185.93 16342.9
2185.98 16350.1
2185.52 16391.6
2185.34 16402.3
2189.19 16403.8
2189.05 16422.7
2189.01 16439.7
2188.94 16442.5
2188.96 16442
2189.06 16443
2189.47 16421.7
2189.81 16438.9
2190.05 16451.9
2190.68 16447.5
2192.08 16435.9
2192.12 16429.2
2192.19 16419
2191.88 16425.1
2191.87 16439.4
2192.45 16474.8
2195.91 16459.7
2195.78 16468.9
2195.78 16456
2195.87 16439.6
2196.06 16431.1
2196.65 16411.8
2195.74 16394.8
2195.91 16377.8
2195.94 16326.4
2194.92 16325
2195.59 16337.1
2195.63 16336.5
2195.55 16321.1
2195.21 16314.4
2195.39 16317
2195.45 16340.4
2195.79 16422.9
2197.27 16411.1
2197.4 16431.6
2197.43 16447.8
2197.49 16453.8
2199.83 16446.7
2200.43 16423.3
2200.23 16414.8
2199.87 16430.8
2199.91 16434.2
2200.29 16352.1
2199.82 16310.5
2199.85 16322.3
2199.68 16337.2
2196.44 16348.4
2196.17 16351.6
2196.21 16345.9
2196.06 16324.7
2195.99 16263.3
2195.15 16231.8
2195.33 16226.4
2197.42 16250.1
2200.37 16267.1
2200.56 16317.2
2200.78 16335.5
2200.4 16335.4
2200.7 16331.8
2200.85 16327.5
2202.57 16309.8
2203.14 16297
2202.88 16277.9
2203.04 16286.2
2203.77 16282.8
2203.37 16277.7
2203.28 16260.9
2204.78 16266.4
2206.58 16278.5
2206.32 16277.1
2207.65 16319.1
2201.91 16427.6
2201.92 16414.9
2202.64 16411.9
2202.62 16407.3
2202.68 16399.4
2202.76 16425.2
2202.43 16389.5
2202.46 16381.9
2203.5 16391.1
2203.08 16335.2
2203.14 16318.9
2202.82 16347.5
2202.81 16362.4
2201.88 16347.6
2201.39 16354.2
2200.75 16368.4
2200.46 16385.1
2202.89 16414.4
2204.46 16392.8
2203.52 16396.7
2203.84 16413.7
2202.66 16426.5
2203.82 16423.9
2203.33 16422.5
2203.89 16417.5
2203.71 16395
2204.58 16396.5
2204.19 16406
2203.43 16393.9
2203.78 16388.1
2203.8 16384.6
2205.2 16397.9
2205.32 16383.8
2204.05 16394.3
2204.66 16412.8
2204.64 16424.1
2204.73 16444.9
2204.9 16458.7
2204.88 16468.7
2205.47 16468.6
2205.3 16454.1
2205.61 16457.6
2204.16 16475.4
2203.4 16476.9
2203.72 16474
2201.92 16481.7
2201.88 16484.2
2202.87 16486.6
2202.9 16498.8
2204.28 16543
2204 16556
2204 16557.5
2204.01 16563.1
2204.3 16558.3
2204.3 16543.3
2204.94 16526.5
2206.36 16523.9
2206.31 16539.9
2206.57 16544.2
2206.38 16548.8
2206.36 16552.6
2206.2 16557.2
2205.5 16641.1
2205.29 16614.3
2205.36 16594.1
2202.84 16679.4
2202.86 16664.8
2203.25 16642.8
2204.16 16613.4
2204.18 16599.4
2204.06 16579.7
2203.57 16565
2204.87 16562.4
2204.84 16560.5
2204.72 16542.5
2204.4 16526.3
2203.5 16534.8
2203.83 16544.7
2204.22 16548
2203.47 16515.7
2203.8 16519.7
2203.89 16512.6
2203.69 16521
2203.72 16521
2203.97 16525
2204.48 16531.3
2204.71 16529.2
2202.49 16441.7
2202.74 16434.8
2202.71 16432.5
2203.4 16463.4
2203.48 16446
2203.57 16429.2
2203.3 16421.7
2202.79 16406.1
2201.46 16406.7
2202.53 16407.7
2202.41 16411.4
2202.44 16407.2
2202.3 16409.9
2202.2 16424.3
2202.25 16427
2202.5 16430
2203.24 16442.8
2203.13 16448.8
2203.15 16450.2
2203.25 16449.6
2203.06 16457.7
2203.17 16454
2202.96 16457.4
2203.72 16452.9
2203.57 16454.3
2203.94 16452.7
2203.97 16451.7
2204.73 16448.3
2205.13 16446.6
2203.86 16457.7
2203.29 16474.1
2203.19 16485.5
2202.94 16500.9
2202.81 16512.5
2202.57 16515.1
2203.01 16518.1
2203.08 16563.9
2203.34 16597.6
2204.54 16589.7
2204.11 16590.5
2203.46 16606.6
2203.34 16622.5
2202.8 16646.1
2202.98 16659.1
2202.69 16662.8
2202.83 16655.3
2202.85 16651.2
2202.64 16663
2203.79 16696.8
2205.15 16712.6
2205.26 16733.9
2205.29 16733.4
2206.97 16746.1
2207.34 16747.3
2207.5 16760.4
2212.56 16813.5
2212.48 16814
2212.02 16820.7
2211.29 16849.4
2213.02 16897.6
2214.31 16890
2214.1 16860.8
2214.34 16888.7
2214.28 16885.2
2214.26 16881.1
2212.9 16888.8
2213.3 16901
2213.46 16909.3
2213.81 16918.4
2213 16932.1
2213.09 16952.8
2213 16957
2212.99 16963.2
2212.84 16971.7
2213.05 16977.1
2212.21 17004.6
2212.56 17014.6
2212.68 16993.6
2212.84 16971.7
2212.88 16957.2
2212.42 16926.1
2213.37 16901.2
2215.68 16886.2
2213.65 17147
2213.62 17015.2
2213.97 17010.5
2213.8 17030.5
2213.59 17028
2213.55 17023.3
2213.66 17020.1
2213.61 17013.7
2213.42 17022.5
2213.44 17023
2213.48 17140.7
2213.06 17102.4
2213.06 17107.6
2212.86 17117.4
2212.58 17130.9
2212.69 17122.4
2212.77 17146.6
2213.08 17176.4
2213.47 17190.1
2213.47 17192.6
2213.39 17211.1
2213.01 17245.5
2213.3 17260.5
2211.92 17278.4
2208.76 17382.1
2208.75 17465.4
2208.52 17552.1
2208.47 17633.9
2208.97 17637.9
2207.76 17879.5
2209.07 17729.1
2209.03 17709.4
2209.69 17770.8
2209.8 17808.8
2209.69 17831.7
2209.66 17847.4
2214.54 17925.4
2215.91 17878.2
2215.4 17854
2214.82 17837.1
2214.78 17821.1
2215.31 17815.8
2215.09 17815.1
2215.67 17807.3
2215.73 17804.9
2215.81 17801.3
2216.01 17793.6
2215.92 17786.7
2213.31 17808.1
2213.45 17799.2
2214.67 17775.3
2214.63 17772.1
2214.57 17765.5
2218.54 18062.9
2218.52 17946.3
2218.34 17924
2218.54 17930.1
2218.3 17948.2
2218.66 17960.5
2219.06 17932.3
2218.99 17932.9
2219 17937.8
2219 17943.5
2219.25 17931.8
2218.48 17943.4
2218.14 17943.8
2218.75 17943
2219.56 17945.1
2219.67 17963.4
2224.44 17933
2226.15 18029
2226.34 17982.5
2228.24 17984.1
2228.53 18018.2
2229.37 18023.5
2229.55 18055
2229.55 18056.5
2240.87 18110
2241.11 18173.5
2241.55 18240.2
2243.01 18290.2
2243.35 18270.2
2243.39 18254.8
2243.31 18249.6
2244.34 18231.3
2245.22 18226
2245.42 18216.7
2245.59 18211.5
2245.63 18205.7
2245.17 18206.2
2245.85 18318.1
2244.91 18278.9
2245.25 18291.2
2245.6 18315.1
2246.16 18318.8
2246.14 18312.2
2248.13 18312.2
2248.19 18311.6
2248.53 18313.1
2248.63 18306
2248.64 18274.5
2251.15 18265.6
2252.25 18278.2
2252.3 18296.3
2252.38 18303.7
2251.97 18300.1
2252.03 18313.1
2250.96 18332
2245.51 18384.6
2245.24 18436
2245.7 18505.4
2245.67 18518.1
2246.9 18509.5
2247.34 18510.6
2247.71 18544.3
