508.62 18.9286
515.078 18.1208
736.329 45.8699
745.19 44.5873
745.952 48.7075
779.055 48.3592
804.622 48.2205
815.953 48.0943
820.734 47.9784
824.019 46.8114
842.137 57.0292
842.777 56.5186
881.16 56.0386
888.913 53.1655
893.743 39.9475
898.616 36.8902
898.786 36.7924
4819.73 65242.1
4821.2 93290.6
4840.19 105443
4839.61 110619
4840.91 112687
4853.95 113451
4854.51 113624
4859.97 113516
4861.89 113292
4862.1 113034
4863.69 112720
4879.85 112466
4888.93 112163
4890.85 111846
4888.68 111534
4858.14 110194
4854.58 109271
4863.12 108978
4864.07 108660
3695.27 138027
3697.56 131808
3734.15 128861
3736.76 127300
3739.29 126251
3738.51 125535
3745.36 124791
3715.61 124091
3723.59 123715
3741.11 124374
3740.39 124792
3744.73 125027
3772.55 125123
3771.97 125264
3762.23 125298
3767.55 125152
3440.83 164681
3439.57 163044
3441.1 161983
3437.49 161662
3427.58 160486
3429.79 159715
3444.71 159766
3445.06 159302
3457.19 158742
3445.22 158397
3444.73 157664
3442.22 156926
3491.07 161504
3489.54 160035
3489.71 158782
3489.67 158388
3490.73 157410
3490.89 156469
3508.83 155608
3502.52 154788
3516.23 153830
3514.2 153170
3509.31 152697
3513.59 151740
3515.94 150877
3516.01 150136
3516.23 149398
3514.95 148708
3527.67 148033
3535.92 147360
3533.33 147079
3506.91 149862
3506.42 147581
3505.7 145968
3504.23 144723
3512.72 143868
3477.21 143502
3471.16 142112
3472.36 141598
3473.9 141659
3474.17 140717
3474.02 139764
3479.55 139168
3480.49 138611
3480.09 137965
3479.81 137319
3479.81 136658
3478.74 135968
3488.16 135289
3193.69 135363
2541.22 137582
2541.5 135219
2541.24 132530
2541.23 130637
2537.79 128494
2540.35 126519
2538.07 124672
2537.59 122853
2537.95 121048
2472 119401
2472.39 117828
2474.74 116256
2232.61 116753
2128.97 114563
2130.08 112728
2124.51 110844
2149.84 109048
2149.84 107152
2149.93 105794
2154.86 103881
2149.85 102546
2146.73 101483
2146.15 100670
2145.72 99951.3
2146.81 98997.6
2146.81 97971.7
2146.77 96981.3
2146.73 96105.3
2150.85 95211.3
2147.65 94291.2
2146.48 93529.3
2146.17 92738.1
2147.85 92687.8
2147.74 91679.7
2133.52 92227.4
2133.54 91321
2133.6 89414.6
2113.02 87771.8
2114.73 85879.8
2114.76 84793.3
2114.74 84047.3
2114.66 83331.1
2146.18 83376.8
2146.32 82561.4
2145.77 81797.5
2148.19 81146.4
2148.25 80527.3
2150.14 79879.5
2149.92 79212.6
2145.76 78546.1
2145.69 77921.6
2137.82 77251
2132.03 76619.8
2131.92 76015.6
2136.44 75336.4
2135.99 74660.2
2135.74 74018.5
2134.92 73406.2
2135.72 72744.2
2135.9 72117.1
2137.34 71498.9
2141.81 70996.2
2121.57 70267.8
2113.39 69525
2113.32 68835
2119.47 68189.8
2119.41 67477.5
2121.28 66804.2
2121.53 66123
2160.51 66351.7
2126.45 65258.5
2128.36 64121.1
2128.35 63289.1
2128.92 62567.3
2131.63 62045.1
2131.71 61470.7
2133.63 60801.6
2135.36 60097.1
2037.93 58744.9
2037.86 56749.5
2039.25 56104.2
2039.03 55685.2
2038.94 55482.6
2038.92 55403.2
2039.02 55344.2
2038.99 55364.9
2036.99 55307.2
2036.76 55272
2038.71 55251.2
2038.34 55190.2
2038.8 55145.5
2038.11 55102.2
2038.23 55048.5
2038.75 54948.9
2039.46 54864.8
2039.84 54779.8
2045.45 54730.8
2045.63 54680.7
2045.64 54641.6
2043.77 54546.3
2042.59 54433
2041.07 54303.6
2041.03 54223.7
2040.96 54145.6
2040.51 54077.9
2040.77 54014.5
2041.08 53929.1
2041.49 53845.3
2041.53 53804.3
2041.53 53785.1
2041.56 53656.5
2041.57 53534.9
2042.36 53467.8
2041.06 53312.2
2040.51 53213.4
2040.25 53128
2042.94 53001.4
2043.59 52883
2043.51 52779.5
2043.83 52680.7
2040.8 52617
2041.98 52571
2042.72 52496.3
2042.73 52441.5
2026.74 52354.4
2026.44 52028.3
2023.2 51869.8
2022.93 51817.1
2023.4 51783.7
2023.24 51714.6
2024.49 51652
2024.1 51572.1
2024.43 51498.8
2026.05 51428.9
2026.87 51351.1
2026.92 51245.4
2025.13 51144.9
2025.21 51053.5
2025.26 50970.2
2023.5 50868.7
2024.34 50771.1
2024.72 50665.6
2024.22 50590.8
2023.69 50485.2
2023.74 50419.2
2023.78 50389.9
2012.53 51364
2014.22 51282.4
2014.47 51328.4
2014.34 51367.6
2015.59 51419.7
2015.65 51482.1
2012.1 51508
2012.29 51427.3
2008.53 52225.1
2007.54 52257.2
2007.62 51668.8
2007.68 51138.7
2007.69 50935.1
2007.47 50942.9
2007.35 50978.7
2007.01 50984.2
2006.55 50947.8
2007.04 50897.4
2006.62 50700.9
2006.32 50418.7
2004.45 50132.6
2004.76 49829.1
2004.02 49600.4
2003.7 49326
2003.74 49016
2003.6 48714.2
2002.21 48436.8
2001.75 48171.1
2002.62 47961.7
2001.92 47669.5
2001.93 47257.8
2001.27 46815.4
1997.68 46436.1
1997.54 46007.7
1997.38 45598.6
1997.29 45190.2
1997.24 44780.8
1995.71 44404.9
1995.73 44030.8
1992.52 43542.6
1992.87 43234.3
1992.95 42814.6
1992.83 42453.6
1992.55 42085.8
1990.98 41748
1989.03 41320.8
1988.62 40855
1988.45 40449.6
1987.88 41335
1987.83 41579.5
1987.8 42196.3
1987.98 42296.2
1987.93 42018.5
1988.41 41756.3
1986.43 41465.3
1986.41 41113
1986.59 40730.2
1989.62 40376.5
1989.64 39953
1989.37 39571
1989.21 39155.9
1990.97 38860.7
1989.2 38553.8
1988.56 38267.4
1988.56 37974.3
1981.41 37652.3
1980.84 37330.6
1979.48 37114
1979.43 36812.5
1980.12 36501
1979.87 36177.9
1978.94 36060.1
1978.69 35860.5
1978.6 35508.1
1978.65 35196.2
1978.64 34902.3
1978.68 34350
1977.68 33903.7
1979.78 33540.9
1980.35 33139.8
1977.69 32629.7
1977.69 32181.8
1977.76 31762.9
1977.77 31370.4
1978.25 31022.9
1980.28 30695.5
1980.64 30355.5
1983.47 30039.5
1983.51 29781.2
1981.84 29517.8
1980.76 29317.2
1980.55 29134.8
1980.53 28949.8
1980.93 28764.2
1980.93 28551.7
1979.08 28323.9
1979.24 28098.2
1979.49 27895.7
1979.5 27692.4
1979.94 27509.1
1979.51 27335.7
1978.7 27263.1
1978.7 27122
1978.81 26852
1980.3 26736.1
1980.04 26639.2
1980.69 26517.5
1981.19 26401.7
1980.82 26307.7
1980.33 26228.8
1979.9 26135.5
1979.92 26041.4
1979.81 25943.2
1979.55 25844.1
1979.52 25740.9
1981.06 25648.8
1979.19 25537.9
1979.63 25432.1
1978.54 25279.1
1978.54 25136.2
1976.42 25018.7
1975.72 24813.3
1975.79 24679.7
1976.69 24543.8
1976.56 24412.5
1975.96 24274
1975.98 24190.6
1975.97 24113.5
1976.01 24018.9
1974.26 23872.9
1974.46 23722
1974.24 23618
1975.21 23548.4
1974.43 23446.4
1974.46 23357.4
1974.95 23286.5
1975.26 23195.4
1974.89 23069.3
1975.21 22990
1975.01 22841.1
1975.01 22702.8
1974.65 22580.3
1974.96 22467.5
1973.81 22362.3
1975.46 22309.7
1975.96 21964.8
1975.74 21799.8
1976.84 21749.3
1976.94 21666
1976.71 21558.3
1976.59 21439.5
1976.66 21304.5
1976.86 21214.1
1977.02 21103.5
1977.01 21016.5
1976.48 20944.9
1978.23 20919.4
1978.49 20837.6
1978.34 20808
1978.36 20733
1978.06 20678.6
1977.87 20574.1
1977.72 20470.5
1977.7 20364.1
1974.73 20238
1974.55 20007
1974.48 19932.4
1974.48 19869
1974.59 19782.1
1974.64 19674.7
1974.74 19568.6
1974.96 19484
1974.96 19389.2
1974.87 19249.8
1974.95 18935.9
1973.97 19117
1973.97 18992.8
1974.61 18817.2
1975.19 18686.4
1974.88 18596
1974.96 18505.3
1974.44 18446.6
1974.56 18362.6
1974.47 18268.7
1974.82 18172.3
1975.64 18094.1
1975.91 18020.6
1975.56 17927.4
1976.42 17849.8
1977.32 17749.1
1976.99 17650.4
1977.08 17560.8
1977.45 17457
1977.45 17351.3
1977.26 17246
1976.64 17155.6
1976.55 17060.7
1976.51 16961.1
1976.72 16872.1
1975.93 16758.1
1976.32 16666.6
1976.34 16599.9
1976.01 16513.4
1981.64 16431.6
1981.71 16303.9
1981.7 16194.8
1981.8 16063.1
1980.65 15964.2
1981.68 15849.5
1981.69 15755.5
1982.45 15742.6
1982.53 15629.6
1982.07 15584.4
1982.26 15513
1982.26 15427.8
1982.23 15336.5
1982.22 15242
1981.68 15141.5
1982.61 15031
1981.88 14957
1981.65 14815.7
1981.42 14721.3
1980.89 14612.5
1980.94 14509.2
1981 14411.1
1979.65 14318.7
1979.61 14215.2
1979.77 14151.3
1980.16 14042.6
1980.16 13939.3
1979.88 13937.9
1979.88 13851.1
1979.76 13735.8
1980.02 13665.6
1982.09 13619.7
1981.15 13538.5
1981.39 13440.1
1981.61 13369
1981.29 13288.2
1981.56 13202.3
1981.03 13148.3
1980.87 13093.7
1980.93 13025
1980.92 12969.2
1981.24 12931.7
1981.22 12877.6
1981.49 12824
1981.03 12761.6
1981.29 12720.1
1981.24 12669.6
1980.74 12617.2
1980.81 12539.3
1980.75 12461.2
1980.56 12390.1
1980.39 12332.2
1980.6 12282.4
1980.57 12218
1980.41 12128.9
1980.48 12067.7
1980.47 11985.9
1980.42 11929.1
1980.45 11885.4
1982 11848.6
1982.09 11801.7
1983.21 11743.1
1983.29 11715.4
1982.77 11687.3
1983.86 11649
1983.92 11587
1983.94 11558.8
1983.75 11507.5
1984 11466.7
1983.97 11398.6
1983.01 11352.9
1982.8 11325.6
1982.79 11286.7
1983.43 11247.3
1983.46 11199.6
1981.79 11161.9
1981.75 11137.7
1981.56 11109.6
1981.56 11072.9
1981.54 11016.5
1981.47 11004.6
1981.45 10952.7
1983.22 10912.1
1982.59 10893.9
1981.87 10876.3
1981.2 10845.1
1981.49 10821.6
1982.24 10812.1
1982.36 10790.4
1982.62 10759.2
1982.33 10706.7
1982.6 10671.6
1982.69 10641.8
1982.68 10569.1
1982.42 10521.1
1982.21 10487.4
1982.37 10479.5
1982.57 10447.5
1982.91 10414
1982.89 10371.1
1982.87 10328.4
1982.82 10282.1
1983.98 10205.7
1982.34 10143.3
1982.28 10075.9
1981.79 10019.2
1981.73 9963.71
1980.82 9920.44
1980.74 9865.72
1980.28 9844
1980.75 9752.02
1980.74 9711.19
1981.51 9668.48
1981.4 9621.74
1981.82 9480.5
1982.01 9415.52
1982.48 9391.53
1983.15 9359.55
1983.15 9322.05
1983.37 9250.03
1983.26 9214.8
1982.69 9211.79
1982.03 9201.31
1981.66 9139.58
1980.98 9059.6
1979.53 8998.41
1979.41 8956.52
1979.15 8897.37
1979.15 8857.86
1979.34 8818.81
1980.07 8724.39
1978.73 8693.83
1978.82 8656.62
1981.21 8596.04
1980.21 8561.11
1980.1 8470.85
1980.2 8413.88
1979.02 8368.35
1978.83 8341.14
1979.23 8263.87
1979.14 8216.3
1979.1 8140.78
1979.15 8085.3
1979.38 8034.07
1979.38 7994.06
1979.38 7954.17
1978.88 7851.69
1978.94 7776.08
1978.48 7746.34
1978.55 7721.9
1977.8 7680.03
1977.98 7651.09
1978.11 7596.58
1977.16 7541.51
1977.14 7512.27
1977.22 7457.38
1976.78 7422.39
1976.68 7367.34
1976.98 7302.57
1977.4 7253.81
1977.39 7207.01
1978.01 7180.51
1977.93 7137.19
1977.9 7078.13
1977.93 7032.93
1977.89 6985.38
1978.11 6942.82
1978.21 6914.52
1978.51 6856.11
1978.51 6805.67
1978.61 6777.2
1978.59 6716.28
1977.74 6668.68
1975.57 6625.11
1975.66 6621.06
1975.86 6552.43
1975.8 6511.48
1975.78 6481.2
1977.35 6451.56
1977.34 6471.97
1977.28 6447.54
1977.06 6403.96
1977.08 6347.36
1976.52 6304.14
1976.27 6236.64
1975.9 6198.92
1975.91 6172.18
1975.72 6147.44
1975.68 6108.13
1976.34 6136.93
1976.42 6078.17
1976.36 6054.11
1975.69 6056.13
1975.67 6043.29
1976.01 6053.01
1976.32 6042.12
1976.44 6046.63
1976.17 6017.09
1976.26 5990.55
1975.35 5997.11
1975.47 6016.04
1975.64 5988.12
1975.81 5970.28
1975.93 5907.21
1975.99 5884.13
1976.34 5872.16
1976.44 5846.69
1976.63 5825.18
1979.18 5786.39
1977.66 5778.33
1977.59 5772.18
1977.43 5770.63
1980.38 5839.15
1980.37 5877.41
1980.95 5842.08
1980.76 5848.28
1980.73 5843.3
1983.41 5802.75
1983.46 5795.06
1983.5 5789.55
1983.5 5766.84
1982.93 5731.74
1984.19 5733.12
1983.97 5758.43
1982.93 5740.41
1981.44 5743.58
1981.39 5738.23
1981.31 5728.05
1981.26 5716.7
1981.35 5715.78
1981.01 5703.81
1980.99 5697.99
1980.83 5700.63
1978.54 5746.71
1979.36 5789.28
1980.41 5774.85
1980.49 5771.16
1980.41 5758.33
1981.89 5761.93
1982.27 5730.9
1983.37 5753.99
1983.52 5759.17
1982.99 5762.22
1983.46 5770.22
1983.45 5773.67
1983.22 5770.44
1983.38 5766.64
1983.4 5761.59
1983.01 5766.89
1982.53 5730.22
1982.18 5718.06
1982.99 5707.23
1982.99 5704.54
1982.92 5704.65
1983.2 5710.95
1983.12 5718.59
1983.13 5721.86
1982.86 5677.69
1983.43 5611.36
1983.25 5583.58
1983.28 5584.96
1983.31 5580.57
1983.17 5581.09
1983.07 5580.63
1983 5568.2
1982.75 5570.27
1984.08 5583.23
1984 5580.44
1984.05 5586.68
1984.39 5597.1
1984.46 5583.67
1984.17 5571.03
1984.5 5569.48
1984.01 5580.32
1984.06 5576.98
1984.06 5573.5
1984.11 5582.23
1984.42 5625.56
1984.36 5628.55
1984.26 5636.92
1984.28 5636.58
1982.16 5633.11
1982.12 5651.5
1982.19 5648.12
1982.35 5647.98
1982.15 5646.31
1982.59 5620.9
1982.41 5616.1
1982.39 5609.01
1982.8 5623.05
1983.06 5620.06
1983.61 5615.17
1983.61 5595.4
1983.55 5578.61
1983.31 5573.97
1983.31 5573.61
1983.57 5600.13
1983.38 5605.68
1983.62 5601.27
1983.19 5581.93
1983.01 5575.87
1983.2 5591.8
1984.07 5593.43
1984.04 5598.32
1984.67 5601.96
1984.7 5603.59
1984.43 5672.82
1984.4 5619.01
1984.4 5625.57
1984.51 5618.1
1984.15 5623.61
1984.17 5627.69
1983.95 5634.49
1983.93 5637.55
1983.92 5637.7
1983.98 5644.27
1983.99 5634.02
1984.06 5631.98
1984.01 5618.41
1984.03 5613.61
1984.06 5606.58
1984.13 5607.77
1984.32 5593.25
1984.95 5587.26
1984.95 5587.48
1984.47 5573.65
1984.29 5594.12
1984.41 5609.37
1984.53 5605.58
1984.69 5612.41
1985.28 5635.89
1985.46 5626.97
1986.22 5621.25
1986.69 5629.9
1986.37 5655.44
1986.38 5685.06
1986.23 5709.2
1983.98 5694.07
1984.08 5705
1984.45 5720.8
1984.6 5747.71
1984.38 5751.95
1985.61 5743.42
1985.78 5737.25
1985.85 5730.01
1985.59 5746.24
1985.94 5727.22
1985.94 5729.57
1986.21 5734.25
1986.74 5776.99
1988.19 5782.11
1988.24 5782.71
1988.31 5780.52
1987.4 5763.68
1987.11 5819.14
1987.09 5820.59
1986.45 5815.37
1985.91 5792.1
1985.92 5776
1985.95 5746.06
1986.02 5720.67
1985.85 5691.45
1985.92 5704.09
1986.26 5679.88
1986.85 5673.01
1986.54 5618.03
1986.62 5595.31
1986.12 5599.08
1986.08 5616.73
1986.05 5626.83
1986.05 5632.81
1985.66 5696.81
1985.69 5718.85
1985.01 5772.25
1985.39 5774.11
1985.35 5789.58
1985.33 5796.28
1985.41 5797.11
1985.27 5809.29
1984.28 5820.59
1984.32 5824.57
1984.25 5830.71
1984.3 5850.66
1984.15 5871.08
1983.67 5872.41
1983.59 5872.44
1983.62 5871.99
1983.54 5865.96
1983.32 5872.12
1982.45 5892.21
1982.71 5900.86
1982.92 5912.76
1980.51 5940.03
1980.02 5966.03
1979.33 5940.81
1979.34 5923.4
1980.85 5959.61
1980.76 5944.57
1980.8 5926.83
1980.98 5910.15
1980.67 5897.17
1980.84 5877.06
1980.69 5844.94
1980.47 5833.95
1981.06 5863.47
1981.03 5852.48
1980.36 5870.25
1980.32 5860.2
1980.35 5859.97
1979.91 5883.52
1979.88 5888.33
1980.29 5903.61
1979.43 5903.19
1979.45 5914.26
1979.45 5913.44
1979.55 5897.33
1979.59 5916.72
1979.75 5918.84
1979.65 5917.71
1979.59 5910.9
1979.59 5910.26
1980.15 5912.55
1979.98 5931.31
1980.61 5968.9
1980.5 5953.94
1980.48 5956.88
1980.49 5977.12
1981.19 5981.25
1981.32 5994.7
1981.38 6001.01
1981.07 5995.97
1981.1 5984.72
1980.45 5953.73
1980.69 5943.46
1980.82 5950.7
1980.33 5938.45
1977.4 6182.46
1977.36 6197.57
1977.34 6173.13
1977.05 6158.25
1976.59 6130.78
1977.24 6146.16
1976.73 6166.14
1976.68 6178.85
1976.3 6195.91
1976.59 6216.67
1976.59 6222.44
1976.31 6225.71
1975.94 6235.2
1975.99 6233.3
1975.14 6216.78
1975.13 6227.72
1975.39 6228.02
1975.4 6228.38
1975.72 6257.49
1975.79 6237.66
1975.8 6225.14
1975.78 6231.5
1975.7 6239.67
1975.54 6234.12
1976.22 6233.84
1976.19 6237.08
1976.04 6257.38
1977.95 6273.94
1977.56 6267.21
1977.56 6279.03
1977.59 6275.92
1978.39 6267.94
1978.33 6267.34
1978.26 6271.55
1978.22 6273.16
1978.25 6281.56
1978.14 6268.9
1978.16 6260.41
1977.97 6253.75
1977.99 6250.18
1978.14 6252.8
1978.24 6242.01
1978.25 6241.1
1978.1 6247.23
1977.98 6250.92
1978.09 6246.06
1978.15 6245.6
1977.9 6217.22
1977.89 6205.53
1977.96 6202.77
1978.22 6213.77
1977.81 6205.2
1978.27 6208.62
1978.28 6210.03
1978.27 6207.44
1978.77 6198.01
1978.94 6195.82
1978.71 6183.06
1978.3 6186.12
1978.58 6182.37
1979.01 6197.32
1978.98 6217.62
1977.5 6183.71
1977.7 6189.98
1977.57 6198.13
1977.51 6205.4
1979.39 6194.23
1979.36 6198.82
1979.44 6191.41
1979.93 6190.11
1980.07 6183.08
1980.08 6146.29
1980.27 6144.19
1980.4 6155.6
1980.41 6148.18
1980.51 6113.35
1980.62 6117.43
1980.87 6141.92
1981.05 6142.16
1981.26 6143.65
1981.32 6142.02
1981.77 6150.9
1981.84 6151.3
1981.9 6158.71
1981.12 6141.97
1981.18 6128.36
1981.18 6122.16
1984.19 6125.14
1984.19 6127.88
1982.56 6136.46
1983.26 6141.48
1983.18 6149.42
1982.79 6149.66
1982.97 6145.82
1983.21 6084.34
1983.73 6074.65
1983.77 6079.2
1983.7 6083.73
1983.83 6089.26
1983.8 6102.71
1983.83 6110.52
1983.98 6110.04
1983.98 6108.97
1983.99 6109.35
1983.92 6118.33
1983.88 6135.44
1983.87 6136.29
1983.61 6137.93
1983.09 6142.4
1983.13 6152.77
1983.16 6140.5
1982.35 6166.28
