227.929 0.063973
359.642 14.7975
424.86 14.118
425.389 14.0758
429.003 14.0758
434.309 14.0758
438.11 14.0758
439.503 14.0758
464.352 14.0758
626.131 23.5382
670.446 23.4036
678.419 23.3479
693.069 23.3124
696.584 23.2848
700.382 23.2609
729.345 23.24
729.67 23.2206
795.727 23.3993
847.528 29.4916
861.164 29.4102
898.786 30.4322
941.575 49.3974
950.208 48.3743
959.071 44.3172
961.311 45.2597
990.244 46.3637
1012.64 46.088
1022.13 46.5831
1070.23 47.396
1077.77 52.3605
1085.65 51.818
1112.56 75.592
1146.07 100.047
1190.72 258.149
1190.08 308.386
1205.32 316.827
1206.95 342.752
1214.97 365.838
1215.15 370.535
1271.63 384.243
1274.6 382.337
1273.74 385.283
1326.92 425.81
1358.28 423.437
1374.86 412.235
1420.18 407.005
1404.48 602.019
1405.42 642.563
1491.52 638.975
1492.05 638.767
1492.18 635.422
1493.63 644.297
1499.49 597.614
1506.94 609.14
1521.33 613.889
1512.97 644.441
1512.05 645.982
1513.74 638.408
1516.21 642.553
1516.15 675.069
1516.94 725.223
1537.04 993.696
1542.81 1059.82
1549.06 1076.61
1543.47 1235.95
1559.83 1250.33
1559.66 1254.03
1563.82 1262.52
1563.86 1261.27
1561.76 1280.84
1581.36 1288.72
1579.68 1361.33
1594.8 1551.53
1594.56 1710.54
1595.44 1839.96
1588.89 1956.72
1592.54 2216.86
1592.57 2179.24
1600.13 2217.6
1603.15 2529.52
1606.52 2763.91
1606.85 2851.76
1607.5 2885.61
1597.85 2876.25
1643.22 2981.33
1681.35 3554.92
1677.61 3626.52
1677.27 3661.5
1685.38 3715.2
1691.25 3743.87
1691.88 3761.98
1694.09 3775.64
1694.87 3793.21
1706.11 3758.5
1707.21 3723.2
1726.22 3743.06
1743.38 3798.47
1741.65 3968.93
1742 4049.71
1743.05 4113.52
1759.13 4444
1756.77 4691.47
1758.56 4750.42
1758.61 4752.75
1752.91 4881.06
1755.97 4866.65
1759.45 4855.27
1763.53 4836.55
1763.71 4811.94
1762.43 4779.64
1774.09 4982.14
1779.96 5024.44
1777.7 5014.91
1777.58 5009.55
1775.38 4984.12
1774.26 4954.74
1777.75 4933.66
1775.38 4942.15
1775.42 4934.5
1774.57 4915.81
1773.32 4949.88
1771.24 4918.74
1771.27 4948.01
1769.75 5004.27
1770.22 5008.04
1769.42 4979.19
1769.88 5002.79
1772.32 4962.42
1775.16 4904.96
1775.18 4930.54
1773.05 4813.76
1773.36 4787.83
1774.64 4782.18
1769.18 4955.84
1766.26 5009.85
1766.21 5148.19
1757.52 5226.96
1756.49 5291.58
1755.84 5325.12
1754.94 5384.66
1760.03 5409.92
1762.14 5461.2
1763.4 5537.7
1764 5593.53
1765.63 5634.67
1769.6 5733.79
1769.08 5759.28
1766.65 5813.65
1766.12 5855.64
1766.84 5860.86
1766.9 5855.08
1767.29 5787.96
1766.27 5807.21
1765.37 5807.72
1765.76 5764.68
1764.59 5734.37
1760.04 5803.87
1760.03 5864.9
1759.99 5919.77
1760.99 5952.99
1760.65 5958.65
1760.58 5947.73
1761.33 5907.9
1764.43 5865.02
1767.99 5873.12
1767.8 5894.03
1769.22 5880.48
1769.23 5817.69
1773.19 5745.83
1770.54 5768.89
1770.66 5780
1770.75 5795.31
1770.98 5814.37
1771.01 5841.3
1774.02 5867.83
1776.12 5907.05
1775.55 5934.13
1781.79 5922.68
1780.23 6056.65
1780.35 6059.38
1779.27 6123.74
1780.46 6161.46
1780.41 6202.3
1778.54 6207.68
1779.55 6187.42
1778.81 6191.57
1777.96 6173.94
1777.92 6178.15
1777.17 6198.56
1777.26 6218.23
1775.76 6150.3
1778.27 6062.81
1777.72 6029.79
1778.53 6018.76
1780.9 6002.71
1783.92 6032.49
1783.74 6034.07
1784.31 6029.69
1784.26 6049.41
1782.29 6102.89
1781.17 6179.48
1780.9 6201.47
1780.76 6235.27
1780.39 6259.18
1780.84 6223.62
1781 6223.19
1781.06 6235.42
1780.72 6255.93
1780.39 6267.19
1780.44 6264.65
1780.77 6262.31
1788.06 6294.9
1788.17 6317.98
1788.36 6313.53
1788.13 6314.32
1786.77 6349.7
1785.26 6350.46
1784.84 6300.74
1785.56 6275.65
1787.71 6270.08
1788.18 6277.97
1788.85 6319.42
1790.34 6336.94
1791.58 6361.29
1791.61 6381.19
1791.71 6404.17
1792.03 6417.46
1792.09 6385.27
1792.17 6252.93
1792.14 6220.88
1791.63 6290.62
1791.38 6319.78
1791.34 6358.21
1790.83 6390.36
1791.59 6412.26
1791.63 6420.88
1789.65 6423.34
1789.19 6448.52
1789.15 6475.26
1785.19 6538.85
1785.54 6553.7
1784.59 6542.55
1782.71 6580.52
1782.8 6581.32
1782.7 6596.79
1782.59 6527.97
1782.59 6529.72
1782.52 6522.68
1782.17 6495.84
1782.49 6464.18
1782.47 6436.51
1783.37 6424.49
1783.14 6394.95
1783.3 6373.76
1783.34 6355.56
1783.06 6340.77
1781.93 6360.56
1778.67 6347.97
1777.84 6355.35
1777.76 6354.48
1777.52 6330.89
1776.45 6276.12
1776.24 6269.13
1778.07 6288.37
1777.84 6247.19
1777.93 6220.15
1777.74 6227.07
1776.28 6258.24
1776.15 6284.87
1776.44 6303.81
1777.94 6360.49
1778.66 6413.86
1778.61 6441.28
1777.07 6509.39
1778.33 6544.34
1778.36 6578.65
1778.14 6616.7
1778.5 6656.19
1778.58 6689.63
1778.41 6714.51
1778.23 6764.9
1778.35 6826.82
1777.77 6861.42
1778.8 6884.47
1777.9 6983.36
1779.9 7108.71
1779.83 7207.94
1779.41 7226.73
1779.41 7230.5
1787.23 7300.66
1786.46 7295.99
1785.66 7299.09
1785.69 7298.7
1785.83 7263.55
1785.2 7211.09
1785.17 7250.63
1791.09 7308.46
1791.35 7317.65
1791.77 7348.12
1799.81 7397.62
1799.83 7355.04
1799.68 7349.16
1799.68 7345.12
1799.67 7393.32
1799.81 7393.36
1799.78 7396.92
1799.98 7402.99
1800.15 7409.73
1795.18 7443.53
1794.75 7471.1
1794.73 7470.77
1794.74 7441.85
1795.55 7473.4
1795.61 7489
1798.21 7562.67
1797.9 7586.23
1799.08 7616.49
1798.64 7658.36
1799.05 7741.91
1798.35 7855.19
1798.31 7897.28
1797.55 7941.61
1797.54 7942.4
1796.9 7947.54
1798.05 7965.71
1798.17 7966.66
1797.04 7930.6
1797.11 7839.43
1796.93 7760
1797.58 7801.16
1797.21 7800.53
1797.04 7756.25
1796.35 7736.18
1796.21 7727.81
1797.5 7707.03
1797.63 7668.89
1797.48 7658.4
1797.16 7647.03
1795.99 7638.44
1794.97 7626.43
1794.97 7607.27
1794.34 7591.16
1798.61 7643.12
1800.16 7700.78
1801.71 7736.42
1801.66 7751.72
1805.06 7719.25
1805.04 7684.37
1805.09 7691.73
1807.09 7707.68
1807.38 7710.41
1807.46 7685.09
1807.61 7686.39
1807.89 7655.42
1808.03 7656.34
1810.89 7667.64
1808.64 7637.7
1809.2 7627.31
1811.64 7592.23
1810.11 7593.09
1809.93 7612.25
1808.98 7611.55
1808.88 7608.43
1808.91 7615.84
1808.91 7628.41
1809.89 7617.79
1809.6 7615.9
1809.33 7615.74
1806.66 7631.04
1806.62 7624.64
1807.74 7609.77
1807.58 7682.88
1807.1 7701.93
1806.78 7666.98
1805.51 7626.72
1805.4 7562.54
1805.89 7549.27
1804.94 7579.97
1806.33 7590.27
1805.81 7579.55
1805.97 7579.1
1806.4 7579.13
1805.45 7594.38
1805.16 7600.86
1804.66 7598.16
1804.71 7617.63
1799.89 7637.26
1799.33 7640.85
1798.55 7642.42
1798.73 7615.23
1799.13 7589.51
1799.15 7566.39
1799.4 7548.82
1799.06 7560.2
1798.97 7548.79
1798.96 7582.45
1799.21 7577.77
1799.21 7583.37
1801 7613.08
1800.26 7630.01
1800.04 7638.11
1797.73 7487.99
1797.45 7481.38
1797.43 7490.85
1797.03 7465.17
1796.91 7459.77
1796.41 7430.47
1796.43 7428.63
1796.43 7426.48
1796.49 7437.02
1796.42 7384.47
1796.4 7396.11
1796.88 7390.28
1797.04 7394.35
1797.62 7377.45
1798.23 7382.44
1797.99 7385.56
1796.92 7387.52
1796.96 7387.76
1797.05 7387.82
1796.95 7380.43
1796.94 7377.91
1796.8 7403.74
1796.55 7409.99
1794.05 7495.43
1793.82 7513.58
1793.89 7517.27
1793.47 7505.97
1793.9 7525.74
1793.89 7533.66
1793.4 7519.31
1793.14 7536.57
1794.32 7528.24
1794.98 7568.65
1788.31 7581.61
1788.7 7623.77
1788.8 7680.95
1788.84 7704.4
1789.93 7712.19
1790.7 7907.45
1790.62 7971.12
1790.57 7993.41
1790.36 8024.47
1790.56 8047.62
1790.64 8066.47
1791.23 8074.21
1788.13 8076.54
1787.77 8092.69
1787.94 8085.85
1785.57 8088.81
1785.53 8119.18
1785.75 8127.39
1786.1 8152.13
1785.6 8166.17
1786.35 8166.04
1784.59 8163.39
1784.22 8190.8
1783.91 8183.51
1781.71 8129.29
1782 8098.59
1783 8103.5
1783.07 8105.66
1783.24 8103.7
1783.49 8120.77
1783.76 8099.98
1783.76 8065.69
1783.49 8052.1
1783.53 8041.29
1783.47 8036.77
1783.46 8035.37
1783.71 8026.5
1783.35 8033.95
1783.45 8016.76
1783.81 7994.68
1781.95 7994.76
1782.8 8039.28
1782.41 8062.77
1781.42 8050.21
1781.38 8061.91
1781.16 8082.26
1781.26 8086.32
1780.14 8220.59
1780.04 8300.63
1779.55 8272.91
1779.67 8249.21
1779.55 8253.47
1778.56 8307.23
1778.54 8311.96
1778.61 8337.28
1778.36 8363.61
1778.33 8365.79
1781.66 8396.63
1781.48 8377.87
1781.46 8360.86
1780.91 8352.2
1780.75 8351.57
1781.37 8363.35
1781.37 8345.41
1779.19 8430.24
1779.21 8386.9
1779.41 8368.04
1779.43 8352.3
1779.1 8354.74
1779.34 8354.93
1779.32 8311.31
1780.64 8250.43
1780.57 8175.91
1781.28 8099.52
1781.47 8107.92
1781.36 8091.28
1781.4 8084.64
1780.16 8121.52
1779.98 8120.13
1779.98 8134.39
1778.93 8077.25
1778.86 8047.03
1779.04 8025.8
1779.12 8010.13
1778.82 8020
1778.39 8020.28
1779.67 8096.11
1778.93 8137.1
1779.44 8159.3
1779.12 8193.56
1779.01 8216.48
1780.5 8241.46
1780.46 8255.41
1780.37 8261.4
1780 8272.2
1779.9 8274.2
1781.95 8216.39
1780.57 8212.12
1780.6 8216.55
1780.48 8206.05
1779.78 8191.61
1780.54 8177.26
1780.52 8169.72
1780.33 8201.8
1780.72 8250.59
1781.53 8283.13
1778.97 8336.63
1779.78 8357.12
1780.18 8386.93
1780.78 8397.4
1780.7 8389.16
1780.79 8365.17
1781.36 8361.12
1779.76 8317.47
1779.9 8321.89
1780 8335.4
1778.81 8360.36
1778.59 8401.56
1778.3 8434.39
1778.87 8452.89
1779.16 8384.08
1779.05 8402.55
1780.06 8408.61
1779.82 8443.45
1779.83 8478.32
1779.53 8507.83
1780 8550.02
1776.34 8341.8
1776.59 8374.97
1776.87 8373.3
1776.67 8421.04
1776.55 8400.69
1776.48 8395
1775.63 8400.88
1775.79 8379.39
1774.97 8380.2
1775.35 8394.31
1775.17 8423.11
1775.15 8426.75
1774.2 8426.14
1774.43 8410.87
1774.25 8412.68
1774.62 8425.1
1774.74 8434.77
1775.39 8452.58
1775.6 8473.21
1775.71 8492.24
1775.91 8489.05
1776.09 8476.38
1775.48 8472.25
1776.16 8459.65
1776.44 8476.44
1776.48 8478
1776.9 8477.74
1776.98 8467.41
1776.23 8465.1
1776.29 8442.79
1776.19 8449.85
1776.3 8457.76
1776.26 8442.2
1776.17 8422.99
1776.09 8395.16
1775.78 8402.09
1775.74 8411.07
1776.05 8403.02
1776.09 8398.47
1775.85 8411.81
1775.64 8442.66
1775.68 8430.15
1773.24 8446.86
1772.73 8494.58
1774.47 8547.06
1771.77 8556.02
1771.02 8755.23
1771.08 8801.8
1770.52 8813.79
1769.31 8821.15
1768.83 8825.46
1767.12 8814.78
1767.1 8822.19
1768.3 8839.22
1765.71 8858.36
1766.56 8859.83
1766.49 8858.57
1765.88 8878.51
1765.87 8886.02
1766.2 8881.14
1766.11 8883.74
1766.36 8886.45
1768.85 8888.66
1769.15 8909.85
1768.88 8908.33
1768.88 8991.37
1768.9 9063.36
1768.92 9065.98
1769.25 9079.38
1769.67 9064.04
1768.96 9049.28
1768.64 9096.31
1766.94 9190.49
1766.91 9169.23
1766.34 9197.2
1765.01 9231.06
1765.58 9187.91
1765.62 9147.17
1765.5 9125.04
1769.65 9144.07
1769.83 9068.39
1769.95 9068.3
1772.63 9061.32
1772.64 9051.25
1772.7 9048.47
1771.02 9092.77
1771.77 9113.13
1771.11 9076.09
1768.93 9039.85
1768.68 9021.1
1769.67 8998.26
1770.02 9023.16
1770.02 9023.1
1769.19 9076.17
1769.8 9061.86
1769.79 9086.28
1769.69 9112.41
1769.68 9159.63
1769.99 9141.55
1769.93 9170.69
1769.94 9182.58
1769.96 9193.94
1769.53 9184.65
1770.06 9174.93
1770.06 9166.11
1769.52 9183.83
1769.36 9191.08
1769.23 9191.12
1769.72 9211.51
1769.04 9208.2
1768.67 9232.24
1769.06 9236.86
1768.94 9241.18
1768.8 9245.15
1768.83 9256.1
1768.78 9169.45
1767.85 9141.92
1766.4 9196.38
1766.21 9227.48
1766.28 9204.75
1765.86 9206.66
1765.93 9213.15
1765.91 9209.22
1765.76 9211.76
1767.41 9190.83
1766.9 9195.4
1767.01 9194.58
1767.27 9159.79
1766.86 9170.16
1766.85 9170.8
1766.54 9186.73
1766.51 9186.46
1766.72 9186.37
1767.86 9221.72
1767.85 9249.34
1767.94 9254.52
1767.94 9271.77
1767.87 9270.29
1769.36 9284.74
1769.4 9293.81
1771.1 9304.25
1770.41 9308.29
1770.46 9318.98
1770.7 9316.57
1770.53 9333.37
1770.54 9364
1770.56 9386.32
1770.62 9403.31
1770.61 9410.81
1773.25 9362.86
1773.11 9376.32
1774.28 9388.25
1773.87 9405.92
1774.04 9419.72
1774.11 9418.35
1774.08 9419.13
1774.22 9419.18
1774.35 9409.8
1775.16 9419.3
1775.4 9407.26
1777.34 9421.83
1777.41 9444.74
1778.04 9452.44
1778.8 9464.66
1778.66 9467.39
1778.48 9452.66
1778.66 9451.11
1777.62 9419.44
1777.74 9440.62
1777.57 9447.75
1777.49 9449.83
1777.35 9442.66
1777.22 9445.64
1777.33 9431.02
1777.44 9416.58
1780.06 9437.04
1780.25 9448.63
1780.67 9516.51
1780.75 9552.06
1781.36 9559.42
1782.45 9608.22
1782.35 9554.68
1782.7 9524.67
1782.86 9514.33
1782.89 9514.98
1782.91 9510.97
1782.96 9513.18
1782.71 9526.22
1780.3 9539.6
1780.45 9569.98
1780.24 9572.7
1780.36 9588.12
1778.04 9625.21
1776.89 9686.94
1776.87 9688.76
1776.67 9690.62
1776.67 9689.05
1776.69 9677.34
1776.96 9679.37
1776.69 9655.88
1775.54 9655.11
1775.2 9663.72
1775.14 9679.38
1775.05 9687.38
1775.14 9702
1775.4 9718.49
1775.39 9745.38
1775.37 9767.93
1775.32 9772.32
1775.36 9781.95
1775.51 9775.25
1774.91 9770.87
1774.87 9764.4
1774.14 9741.6
1776.43 9655.51
1776.38 9641.57
1777.33 9648.05
1777.31 9660.62
1777.26 9673.19
1777.05 9693.87
1777.07 9739.01
1777.07 9763.93
1777.24 9795.5
1777.16 9799.54
1777.39 9789.49
1777.57 9785.62
1777.43 9781.44
1777.38 9792.93
1777.37 9788.46
1777.32 9794.16
1779.21 9805.97
1779.12 9808.75
1780.01 9827.48
1778.6 9827.49
1778.54 9856.62
1778.74 9892.57
1778.01 9934.32
1774.79 9939.77
1774.61 9949.09
1774.8 9990.54
1774.46 9986.78
1774.55 9996.95
1774.41 10003.8
1773.43 9994
1773.6 10011.4
1773.97 10026
1773.97 10035.7
1773.98 10035.2
1773.36 9996.67
1773.43 9981.19
1773.35 9974.09
1771.74 9952.42
1772.03 9974.11
1772.48 9988.46
1772.45 9985.64
1772.66 9950.77
1772.79 9944.77
1772.94 9948.77
1772.51 9946.9
1772.5 9945.42
1772.23 9942.21
1771.82 9945.91
1772.81 9955.27
1772.69 10017.4
1773.4 10038.1
1774.71 10072.4
1774.72 10111.7
1775.81 10123.3
1775.85 10127.6
1779.05 10110.1
1779.21 10098.9
1779.8 10093.2
1778.12 10145.6
1778.13 10165.9
1778.04 10157
1778.48 10156.5
1778.24 10150.2
1778.88 10180.5
1778.59 10107.7
1778.61 10134.3
1777.35 10373.5
1777.21 10409.4
1778.93 10393.3
1779.03 10373.8
1779.03 10355.5
1779.76 10324.9
1779.93 10320.8
1779.94 10319.8
1780 10316.3
1780.21 10312
1781.81 10306
1782.61 10224.3
1784.26 10228.3
1784.16 10242.6
1786.26 10214.5
1786.25 10215.3
1786.36 10209.1
1786.7 10251.4
1786.89 10270.1
1786.65 10280.2
1786.32 10259.9
1786.17 10252.8
1787.66 10215.3
1787.78 10190.6
1785.63 10216.2
1781.73 10223.3
1781.34 10217
1781.16 10213.3
1781.29 10212.5
1781.73 10219.8
1782 10235.2
1782.02 10239
1782.08 10239.8
1781.83 10241.8
1782.98 10239.5
1783.34 10238.5
1783.05 10244.9
1782.84 10267.3
1782.78 10272.8
1782.69 10266.9
1782.71 10259
1783.77 10251.8
1783.02 10319.5
1782.97 10335.3
1782.94 10360
1783.09 10371.5
1782.4 10360.1
1781.86 10333.7
1781.76 10366.6
1781.79 10376.8
1783.1 10380.6
1783.82 10365.9
1783.58 10336.4
1783.34 10318.3
1784.86 10317.8
1785.2 10318.9
1785.68 10324.7
1785.93 10311.2
1786.05 10289.9
1786.21 10255.5
1787.29 10236.4
1788.16 10231.5
1788.46 10238.5
1787.56 10239.4
1787.57 10239.4
1787.11 10261.8
1787.69 10340.9
1787.82 10337.3
1787.34 10318.2
1787.31 10303.8
1787.22 10302.6
1787.23 10293.4
1787.67 10289.1
1787.8 10273.2
1787.81 10259.9
1787.15 10272.7
1787.32 10281.2
1787.95 10288.2
1787.95 10275.5
1788.31 10287.2
1788.24 10290.7
1788.27 10290.7
1788.32 10280.7
1787.8 10266.2
1787.87 10254.1
1788.54 10237.6
1788.68 10196.6
1788.73 10201.7
1788.58 10200.1
1788.25 10171.7
1788.19 10184.6
1788.13 10171.6
1788.12 10165.6
1788.65 10168.3
1789 10155.7
1788.8 10149
1788.82 10157.6
1788.76 10139.7
1788.74 10134.5
1788.76 10148.2
1789.22 10189.1
1789.02 10211.8
1789.12 10198.9
1789.05 10168.7
1789.03 10153.3
1789.1 10143.2
1788.94 10131.4
1787.85 10112
1787.35 10051.7
1787.31 10058.8
1787.18 10030.7
1787.18 10018.5
1787.76 10016.4
1787.02 10014.9
1786.47 10015
1786.51 10025.4
1786.76 10038
1786.81 10055.7
1786.96 10061.2
1786.99 10061
1786.16 10055.9
1786.26 10065.4
1786.26 10072.8
1786.07 10070.1
1785.23 10072.8
1785.22 10076.9
1785.78 10079.9
1785.77 10072.3
1785.77 10063.6
1786.28 10052
1786.29 10046.8
1786.08 10055.4
1786.5 10069
1787.92 10083.4
1788.03 10104.3
1787.99 10115.4
1787.7 10146.8
1787.52 10151.7
1787.52 10145.1
1787.56 10155.8
1787.89 10169.2
1788.52 10191
1789.07 10161.3
1789.15 10172.5
1789.07 10193.2
1788.6 10199.8
1789.26 10195.6
1787.59 10187.8
1787.52 10193.5
1787 10211.5
1787.16 10200.7
1787.17 10191.6
1787.47 10183.9
1787.27 10190.4
1787.23 10109.6
1787.97 9939.46
1787.94 9878.23
1787.88 9860.66
