120.699 0
154.981 0
390.968 7.83558
415.008 7.75485
417.46 7.72705
418.047 7.71316
459.048 7.70639
470.015 7.70007
478.744 7.69648
497.539 7.69455
596.066 29.4774
634.929 28.7603
650.839 28.5409
692.982 29.4305
704.409 29.4286
704.553 29.4267
705.476 29.4466
708.746 29.4461
713.016 29.4461
766.162 29.4461
766.18 29.4461
791.659 29.4461
795.338 29.4461
797.773 29.4461
809.131 29.4461
814.353 29.4461
814.928 29.4461
815.066 29.4461
817.027 29.4461
821.018 29.4461
826.096 29.4461
826.854 29.4461
881.458 37.3742
914.197 500.857
993.873 647.102
1028.54 770.963
1082.7 861.594
1101.8 874.793
1102.53 891.23
1100.54 899.367
1148.77 1023.63
1143.39 1058.86
1163.82 1069.37
1137.11 1269.92
1135.1 1552.18
1127.69 1814.75
1131.41 1914.72
1109.19 2225.22
1109.24 2231.26
1118.3 2202.7
1091.29 2432.75
1076.49 2824.52
1084.06 2818.6
1086.76 2857.84
1061.3 3150.69
1061.02 3260.27
1081.13 3680.89
1117.5 3868.52
1117.52 3828.7
1070.91 4069.62
1072.79 4072.55
1071.53 4194.74
1071.56 4214.18
1126.95 4396.34
1141.71 4604.33
1142.41 4653.79
1144.26 4689.6
1140.42 5060.74
1180.64 5058.99
1214.53 5295.67
1215.76 5553.59
1223.72 5739.63
1222.46 5715.39
1223.61 5656.44
1339.02 5627.65
1298.01 6250.5
1307.92 6355.25
1311.59 6307.35
1311.86 6287.59
1315.37 6275.77
1312.74 6283.78
1316.73 6274.1
1383.93 6209.34
1428.56 6257.6
1431.87 6324.49
1468.56 6533.09
1484.28 7372.09
1478.74 7587.22
1475.77 8021.77
1477.56 8393.48
1477.49 8309.52
1476.53 8326.87
1476.4 8332.67
1482.28 8166.17
1486.36 8068.74
1491.73 8020.86
1488.02 7992.24
1485.32 8226.42
1478.8 8287.75
1474 8455.76
1482.13 8599.44
1484.64 8707.53
1481.64 8615.82
1481.78 8406.87
1464 8367.21
1470.84 8520.45
1487.1 8981.12
1476.62 9147.22
1471.06 9266.23
1473.94 9369.56
1495.35 10034.4
1497.37 10680.1
1485.27 11254
1482.69 10718
1480.6 10464.1
1479.77 10444.8
1483.59 10312.7
1476.2 10574.8
1483.98 10905.2
1511.54 11987.9
1519.28 11803.8
1515.99 12731.9
1521.43 12730.5
1520.92 12714.1
1516.93 13027.7
1541.02 13079.1
1522.77 13277.1
1522.74 13419.5
1523.77 13507.9
1549.73 14298.3
1547.3 14934.5
1544.99 14515.9
1554.98 14248.6
1552.3 14291.6
1555.11 14338.8
1556.7 14235.9
1560.82 14329.1
1560.71 14255.3
1564.6 14463.1
1566.45 14589
1568.13 14361.3
1568.1 14305.1
1565.19 14321.7
1566.85 14240.6
1576.08 14233.9
1576.33 14552.5
1577.32 14479
1573.53 14511.8
1577.41 14516.3
1575.09 14481.4
1577.82 14492.1
1575.02 14415.1
1611.71 14438.4
1621.91 14487.3
1621.53 14502.1
1624.88 14487.4
1626.28 14438.4
1626.7 14412
1623.68 14542.1
1622.03 14712.1
1620.88 14486.1
1617.95 14592.4
1620.94 14862.3
1620.82 14927
1618.18 14858.2
1613.57 15124.7
1613.42 15077.7
1614.16 15024.2
1618.34 14952.5
1617.23 15197.9
1617.27 15001
1620.98 14958.4
1620.97 14978.8
1619.96 14991
1642.5 15029.7
1645.58 15176.2
1645.98 15183.4
1647.13 15192.5
1648.59 15175.4
1705.72 17013.8
1690.13 15664.1
1689.91 15599.3
1681.35 15600.4
1679.74 15553.3
1678.67 15520.2
1674.66 15525.2
1674.71 15480.3
1675.35 15597.3
1675.35 15573.6
1675.3 15407
1677.25 15336.8
1677.31 15194.3
1678.57 15174.5
1681.74 15164.9
1682.87 15139
1688.21 15119
1687.79 15168.2
1687.43 15262.8
1652.84 15258.8
1665.88 15519.3
1666.06 15412.8
1668.86 15449
1676.42 15583.2
1677.04 15488.4
1677.34 15403.1
1678.19 15408.6
1665.65 17069.8
1665.46 16090.8
1665.54 15946.5
1664.86 16108.7
1659.53 15980
1659.5 16002.7
1660.94 16185.6
1663.34 16310.8
1663.18 16311.5
1664.47 16076.5
1664.1 16252.3
1664.51 16299.3
1661.78 16369.3
1667.46 16495.4
1667.41 16689.1
1667.52 16708.2
1667.47 16571.1
1671.51 16689.1
1670.81 16534.7
1659.22 16584.3
1661.63 16627.5
1661.64 16688.7
1661.27 16651.5
1660.46 16726.8
1660.83 16821.8
1660.8 16844.3
1664.75 16930.6
1665.17 16992.7
1667.79 17138.9
1667.8 17266.7
1669.87 17346.4
1678.46 17406.4
1679.83 17391.8
1682.18 17405.9
1680.94 17404.6
1681.5 17402.2
1682.12 17404.1
1682.12 17393.7
1682.58 17382.5
1693.57 17272.9
1692.73 17284
1692.73 17289
1693.6 17364.7
1693.06 17218.3
1695.96 17119.3
1696.03 17153.1
1698.13 17075.8
1696.93 17116
1697.42 17130.6
1697.44 17121.7
1697.35 17061.6
1698.35 17072.1
1695.75 17078.3
1696.62 17127.4
1696.38 17145.4
1687.74 17255.3
1686.12 17164.8
1686.3 17216.4
1689.18 17210.6
1689.64 17269.3
1694.17 17291.9
1700.13 17325.9
1702.78 17374
1703.13 17465.4
1702.49 17479.1
1704.28 17517.5
1705.66 17569.7
1706.41 17555.5
1707.47 17593.3
1707.05 17642.2
1707.08 17647.7
1714.52 17806.3
1713.43 17878.7
1714.36 18014.3
1713.28 18036.6
1713.3 18048.7
1713.89 18045
1713.97 18023.4
1719.37 18345.5
1720.81 18240.1
1722.1 18308.8
1718.25 18303.4
1718.51 18334.2
1717.72 18321.2
1717.05 18283.8
1718.33 18271.1
1717.43 18268.3
1716.38 18278.3
1707.5 18322.3
1707.79 18335.4
1707.85 18310.2
1707.59 18310
1707.09 18332.8
1707.08 18353.8
1711.16 18285.7
1714.38 18233.3
1714.18 18258.3
1721.16 18480.2
1721.28 18568.3
1714.56 18560.7
1714.59 18568.9
1714.86 18532
1711.47 18528
1711.06 18577.5
1711.35 18736.3
1710.23 18643.5
1710.41 18621.7
1706.12 18670.3
1705.01 18697.9
1705.62 18719.6
1706.02 18716.1
1703.93 18723
1701.2 18803
1701.3 18846.4
1701.7 18868.8
1701.13 18849.4
1710.03 19023.3
1709.46 19142.2
1709.45 19187.1
1709.45 19212.9
1714.54 19207
1714.42 19175.6
1714 19145.1
1712.86 19092.6
1709.92 19134.7
1711.84 19148.8
1708.9 19314.4
1707.79 19289.5
1707.78 19309.6
1707.83 19308.5
1711.37 19211.7
1711.29 19137.3
1711.84 19152
1712.22 19149.7
1712.77 19179.2
1677.98 18894.2
1678.32 19127.4
1677.99 18924.9
1672.96 18679.5
1672.08 19028.9
1671.95 19016.5
1671.71 19003.1
1671.76 18978.9
1671.75 18977.9
1671.27 18962.9
1668.81 18947
1670.24 18972
1670.32 18950.7
1669.86 18957.9
1668.35 18945.9
1670.18 18960.9
1670.35 18977.6
1670.86 18951.3
1674.23 19068.6
1674.12 18906.3
1675.01 18863.7
1673.5 18970
1672.76 18981.1
1673.01 18986.4
1675.12 18949.2
1677.21 18933.5
1677.33 18892.9
1676.79 18889.5
1675.99 18938.9
1675.19 19317.1
1668.42 19231.9
1675.92 19214
1678.76 19218.9
1679.46 19263.1
1677.68 19350.5
1678.83 19377
1678.34 19432.2
1680.63 19508.1
1680.52 19538.2
1679.85 19532.7
1679.88 19561.7
1683.07 19640.7
1682.49 19648.9
1682.75 19631.1
1682.9 19607.9
1682.21 19594.6
1682.85 19601.7
1682.36 19654.4
1682.68 19680.4
1683.6 19752.4
1682.35 19801.1
1682.17 19900.2
1684.61 19888.5
1688.89 20012.2
1688.77 19963.3
1689.75 19977.7
1691.61 20036
1690.84 20032.3
1690.93 20110.2
1691.06 20147.8
1690.56 20151.3
1691 20216.2
1691.66 20242
1691.58 20242.5
1693.64 20314.5
1694.23 20395
1694.25 20359.5
1694.62 20361.2
1694.12 20469.3
1692.41 20474.7
1690.37 20521.1
1691.61 20584.6
1680.94 20560
1680.6 20591.1
1680.52 20628.1
1680.14 20656
1680.25 20722.2
1683.93 20662.5
1684.36 20728.4
1685.53 20750.1
1677.44 20673
1678.43 20708.1
1678.41 20710.3
1678.49 20733.9
1677.97 20725
1677.83 20704.6
1679.53 20709.3
1679.46 20694.9
1679.17 20641.4
1679.7 20631.5
1679.04 20668.6
1679.32 20637.1
1679.1 20649.5
1679.21 20640.6
1678.98 20632.3
1678.88 20624.7
1679.9 20589.3
1682.65 20535
1685.37 20663.1
1675.81 20887
1675.85 20801.1
1676.15 20790.8
1677.28 20717.3
1675.3 20698
1675.68 20693.3
1676.46 20628.3
1676.19 20543.7
1674.9 20485.1
1674.71 20455.9
1674.81 20428.3
1675.82 20403.7
1671.93 20408.1
1672.02 20412.4
1672.25 20417
1668.38 20515.8
1668.81 20514.1
1668.61 20501.6
1668.44 20503.1
1669.16 20463.4
1669.28 20414.2
1669.36 20382.7
1665.76 20373.9
1667.24 20334.2
1667.17 20291.3
1667.53 20284
1667.89 20297.1
1667.69 20332.7
1665.26 20393.7
1665.15 20387.7
1664.96 20406
1663.56 20440.3
1665.32 20431.6
1664.89 20428.9
1665.42 20433
1664.57 20442.6
1665.75 20451.6
1665.49 20446.6
1665.49 20462.1
1665.56 20456.8
1665.28 20459.4
1666.23 20487.2
1666.69 20544.5
1667.57 20496.3
1669.37 20519
1669.54 20505
1665.7 20550.4
1665.72 20546.7
1665.7 20541.9
1665.42 20564.4
1664.72 20762.7
1666.25 20833.7
1666.48 20920.9
1669.33 20933.3
1669.3 20980.1
1669.25 20987.2
1668.05 20964.8
1667.8 20823.8
1668.96 20814.2
1671.5 20805.4
1672.04 20816.3
1671.6 20832
1671.76 20837
1670.5 20867.6
1670.83 20872.7
1666.86 20899.7
1667.06 20879.2
1669.14 20898.9
1668.97 20913.2
1668.81 20927.2
1668.91 20936.4
1669.48 20953.6
1670.71 20967.2
1671.61 20956.8
1671.49 20982.7
1671.05 20999.8
1671.04 20998.8
1670.88 21003.7
1670.85 20997.1
1671.44 20993.5
1676.91 21021.3
1676.12 20943.9
1675.67 20946.2
1675.89 20962.5
1677.21 20959.4
1679.21 20995.5
1680.5 20937.5
1680.58 21014
1680.18 21038.4
1662.12 21183.7
1661.71 21225.3
1662.22 21247.6
1663 21245.3
1663.17 21200.2
1666.55 21269.2
1666.85 21274.7
1667.8 21277.9
1667.9 21292.3
1668.55 21296.4
1667.39 21354.1
1667.3 21364.4
1654 21335.7
1652.66 21320.3
1652.43 21355.6
1651.3 21313.6
1645.15 21264.5
1643.7 21292.4
1638.56 21292.8
1638.76 21269.9
1638.3 21272.2
1639.27 21246.3
1638.97 21238.6
1637.18 21229.1
1638.67 21222.5
1638.82 21204.9
1635.62 21262.5
1635.33 21236
1643.27 21327.9
1643.53 21443.3
1647.41 21486.7
1647.7 21501.9
1648.8 21467.8
1648.66 21423.2
1648.68 21436.9
1648.56 21437
1649.92 21457.1
1649.85 21455.8
1651.65 21407.1
1651.67 21403.1
1653.66 21439.1
1651.77 21302.8
1652.44 21268.3
1651.89 21261.4
1653.84 21290.6
1653.85 21263.2
1654.25 21236.5
1654.23 21207
1654.3 21211.4
1654.32 21205
1653.12 21197.1
1653.08 21211.6
1652.15 21224.6
1652.25 21230.6
1652.8 21219.1
1653.17 21203.1
1653.2 21129.3
1653.22 21149.3
1653.11 21149.4
1652.67 21168
1652.01 21064.9
1653.37 21041.7
1653.87 21094.8
1654.02 21125.5
1653.99 21129.4
1653.71 21115
1653.77 21136.4
1654.96 21147.2
1655.5 21155.3
1656.01 21154.7
1656.24 21149.9
1656.28 21148.2
1653.45 21067.8
1653.51 21105
1653.37 21118.8
1661.11 21223.4
1662.1 21323.3
1662.17 21372.2
1662.15 21413.9
1662.08 21417
1662 21404.9
1661.9 21404.7
1662.24 21415.4
1662.73 21452.2
1663 21504.5
1663.28 21491.7
1663.47 21474.5
1663.21 21464.4
1662.89 21422.6
1663.2 21380.5
1664.14 21349.6
1663.15 21483.2
1662.66 21472.2
1664.1 21490.4
1664.35 21486.8
1664.99 21529.3
1663.87 21503.9
1662.14 21543.8
1662.09 21581.4
1661.04 21560.7
1660.21 21537.9
1660.01 21521.4
1659.57 21516.3
1659.19 21512.3
1659.48 21546.8
1661.26 21606.3
1660.42 21610.4
1663.41 21598.3
1664.16 21704.6
1663.69 21721.4
1663.63 21734.3
1663.73 21675.2
1664.49 21644.9
1664.62 21644.6
1665.76 21651.1
1665.09 21635.2
1662.92 21643
1663.05 21709.2
1663.61 21717.4
1662.65 21690.3
1662.87 21692.5
1663.15 21674.7
1663.87 21727.4
1645.01 21713.9
1645.02 21685.6
1644.03 21715.3
1647.61 21882.8
1647.24 21902.8
1647.25 21962.4
1648.8 22194.1
1647.76 22196.7
1648.69 22227.8
1649.25 22176.8
1643.93 22114.6
1643.91 22093.6
1643.58 22072.7
1643.61 22073.6
1643.21 22040.3
1643.55 21989.8
1644.93 21807.5
1644.65 21863.7
1646.61 21884
1646.63 21887.2
1646.48 21856.9
1644.79 21834
1645.53 21912.9
1645.59 21947.2
1645.83 21903.3
1645.83 21900.9
1644.45 21816.6
1645.62 21782.6
1645.82 21783.4
1645.77 21786.5
1652.09 21892.3
1652.22 21980
1652.49 22011.7
1652.59 22037.4
1653.05 22047.2
1652.93 22059.4
1654.43 21956.1
1654.57 22002
1655.1 22028
1653.93 22042.6
1650.02 22021.2
1651.08 22101
1651.83 22037.5
1652 22084.7
1652.13 22082.2
1652.13 22087.4
1651.11 22107.8
1650.89 22096.7
1651.22 22074.8
1651.1 22065.5
1651.15 22046.7
1648.33 21907.4
1648.84 21948.4
1648.82 21934.7
1647.79 21956
1647.08 21951.8
1647.28 21843.3
1647.1 21765.4
1647.1 21736.7
1648.57 21736.4
1648.46 21768.8
1648.51 21733.6
1649.29 21725.6
1650.44 21673.2
1651.59 21607.2
1651.61 21660.5
1651.42 21685.3
1651.43 21679.9
1651.62 21667.6
1650.5 21682
1650.27 21688.7
1650.39 21646.9
1647.43 21627.4
1647.63 21679.1
1647.85 21698
1648.38 21717.7
1649.5 21711.9
1649.87 21683.5
1649.6 21663.4
1649.88 21850
1648.09 21866.1
1648.13 21847.5
1648.35 21837.3
1648.6 21851.2
1640.2 21885.1
1640.19 21889.9
1640.22 21872
1639.19 21864.7
1639.08 21859.1
1639.43 21887.9
1638.94 21881.5
1637.3 21912.7
1637.26 21886.5
1636.45 21872.2
1611.27 21666.3
1611.3 21701.4
1611.35 21578.9
1612.63 21541.1
1612.46 21491.4
1612.46 21514.5
1612.32 21545
1609.3 21635.9
1609.03 21655.1
1609.23 21622.3
1589.19 21601.1
1589.17 21587.9
1588.57 21553.7
1588.4 21562.8
1587.82 21758.5
1586.4 21691.8
1587.05 21695.3
1587.12 21699.6
1587.14 21687.3
1587.07 21690.4
1587.55 21712
1587.51 21699.4
1587.5 21702.8
1587.59 21700.7
1587.59 21689.7
1587.3 21641.8
1587.58 21609.3
1588.64 21586.6
1589.64 21608.4
1589.19 21601.2
1589.2 21593.7
1588.97 21579.6
1589.32 21548.5
1588.89 21573.4
1589.06 21573.4
1589.88 21585.3
1589.78 21689
1582.7 21720.4
1582.59 21569.2
1581.96 21479.7
1581.75 21499.6
1581.44 21493.2
1581.92 21479.1
1582.18 21448.3
1583.76 21428.7
1584.2 21403.3
1584.19 21418.4
1584.24 21415.1
1584.31 21414
1584.21 21412.6
1584.95 21413.1
1585.05 21401.3
1585.55 21371.2
1584.96 21333.1
1585.37 21366.9
1585.17 21370.3
1585.48 21294.3
1585.58 21272.9
1584.73 21266.4
1584.18 21259.3
1584.2 21244.2
1585.41 21226.5
1585.44 21237.3
1585.2 21245
1585.14 21252.2
1584.58 21266.5
1584.07 21357.5
1584.38 21353.9
1578.23 21445.1
1578.4 21430.3
1578.41 21357.8
1578.18 21312.4
1578.67 21307.7
1578.35 21308
1578.23 21321
1578.06 21336.3
1577.28 21339.1
1577.57 21324.9
1577.78 21332.3
1578.38 21498.9
1578.32 21562.1
1579.08 21520.9
1578.86 21503.8
1579.23 21497.2
1579.45 21505.4
1579.31 21506.2
1579.59 21505.2
1579.83 21501.8
1579.69 21535.4
1579.71 21520
1580.1 21506.4
1580.05 21516.4
1580.36 21510.2
1580.88 21505.6
1580.91 21506.4
1580.42 21586
1580.05 21584.7
1580.06 21572.6
1580.74 21582.3
1580.63 21615.8
1580.54 21584.1
1580.14 21570.1
1580.07 21570.6
1580.06 21552.4
1579.99 21505.4
1580.4 21501.1
1580.45 21502
1580.4 21512.8
1582.36 21442.7
1582.34 21479.8
1582.41 21622.5
1582.94 21543.1
1582.94 21433.5
1582.74 21487.2
1582.65 21582
1582.8 21575.2
1583 21563
1583.04 21584
1586.15 21603.3
1586.23 21633.9
1586.46 21642.1
1586.7 21635.9
1587.31 21641.3
1587.31 21645.2
1587.22 21649
1587.23 21652.9
1587.34 21649.5
1587.33 21647.4
1586.18 21588
1586.18 21512.8
1586.35 21484.6
1586.35 21454.5
1586.22 21398.2
1586.26 21418.7
1585.77 21434.4
1587.55 21474.7
1587.63 21493.4
1587.68 21502
1587.71 21513.7
1587.95 21507.4
1588.75 21548
1587.86 21563.5
1588.32 21618.8
1588.08 21649.8
1588.12 21661.2
1588.12 21672.3
1588.14 21657.6
1587.95 21661.9
1588.34 21652.7
1588.36 21656.8
1588.35 21657.6
1589.78 21644.9
1585.77 21719.6
1585.72 21683.1
1584.64 21645.3
1584.69 21636.7
1584.49 21628
1587.04 21660.1
1587.06 21673.3
1587.13 21661.4
1587.07 21651.8
1587.13 21613.6
1587.21 21594.7
1587.12 21571.7
1587.06 21554
1587.02 21538.2
1587.38 21539.9
1589.21 21626.9
1589.31 21654.2
1588.4 21719.2
1588.01 21752.2
1588.38 21745.6
1588.03 21698.8
1587.76 21674.9
1588.12 21674.6
1588.29 21662.3
1588.8 21650.1
1590.71 21650
1590.8 21676
1590.97 21662.2
1588.03 21638
1588.22 21674.1
1588.52 21671.5
1589.75 21703.9
1589.97 21701.8
1590.01 21697.9
1589.27 21698.3
1589.17 21704.4
1589.73 21708.4
1588.12 21850.1
1594.87 21950.6
1594.81 21905.5
1594.84 21900.2
1595.94 21916.8
1595.34 21946.6
1595.17 21939.9
1594.69 22033.8
1595.2 22049.3
1595.26 22045.9
1595.13 22046.5
1595.21 21997.9
1596.2 21984.1
1596.11 21972.9
1596.01 21968.4
1596.22 21951.7
1598.11 21971.1
1598.12 21936.1
1596.99 21912.7
1597 21908.6
1597.03 21924
1591.92 21940.7
1592.04 21961.5
1591.22 21991.3
1591.05 22008
1591.28 22004.3
1591.25 22005.6
1589.77 22038
1589.87 22001.5
1590.02 21945
1589.39 21946.9
1589.46 21946.6
1590 21941
1589.98 21951.6
1589.3 21931.8
1589.35 21926.2
1589.22 21923.2
1588.93 21923.6
1588.29 22003.8
1588.67 21964.3
1583.64 22316.7
1583.7 22379.5
1583.36 22176.1
1583.21 22048.8
1583.7 21984.7
1584.03 21951.5
1584.48 21951.2
1584.41 21944.5
1582.97 21968.8
1583.42 21934.2
1583.41 21987.5
1583.48 21959.7
1583.51 21958.6
1583.47 22011.4
1583.62 22022.9
1583.53 21973.6
1584.34 21935.7
1584.4 21926.7
1583.3 21856.7
1582.91 21855.6
1582.75 21860.5
1579.88 21804.9
1581.96 21772.9
1581.94 21767.6
