3.06854 0
169.829 0
187.148 0
218.465 0
277.713 0
377.311 1.67649
424.359 1.6745
432.334 1.67363
449.517 1.67363
589.705 7.23494
590.118 6.88948
635.551 6.86655
645.728 6.85638
655.833 6.84622
669.492 6.84264
661.615 102.71
694.682 185.802
733.112 224.208
742.714 784.301
744.806 520.583
766.765 479.762
780.382 499.153
788.753 502.653
789.348 500.533
801.175 497.515
857.695 497.233
868.36 492.596
897.706 488.534
904.981 487.465
935.49 489.482
943.132 654.586
956.192 612.235
1038.78 926.349
1045.64 550.508
1073.27 504.94
1077.16 477.771
1079.83 463.594
1090.41 466.546
1091.16 463.922
1068.5 526.358
1070.5 559.599
1070.71 583.634
1071.96 596.613
1085.46 600.476
1128.28 606.934
1130.49 604.251
1168.29 610.572
1142.19 869.35
1151.5 1122.28
1151.4 1341.65
1168.76 1461.95
1190.75 1542.52
1198.63 1611.8
1201.8 1658.81
1174.19 1834.51
1182.47 1995.03
1187.63 2097.77
1185.83 2153.27
1177.97 2413.04
1177.09 2420.31
1181.96 2645.99
1172.97 2890.24
1184.52 3004.02
1194.7 3185.92
1205.36 3182.12
1189.26 3163.18
1189.2 3175.22
1190.31 3124.34
1190.32 3106.5
1188.06 3091.97
1187.59 3089.34
1185.08 3106.78
1171.21 3183.22
1199.24 3341.84
1199.73 3411.55
1204.77 3516.23
1197.94 3563.86
1187.43 3753.01
1193.33 4159.71
1191.46 4182.71
1182.64 4225.62
1190.91 4246.55
1186.78 4308.96
1170.46 4377.63
1174.26 4409.39
1172.13 4459.53
1191.87 4613.17
1191.13 4646.09
1173.66 5205.31
1165.01 6158.04
1169.77 5965.2
1174.72 5873.43
1173.71 5825.13
1167.55 5748.4
1166.44 5726.37
1186.3 5711.47
1184.79 5533.37
1192.37 5429.99
1199.47 5744.28
1194.65 5923.34
1197.05 6088.06
1202.32 6272.93
1199.89 6360.54
1200.79 6414.51
1199.64 6460.01
1194.71 6490.75
1195.88 6518.13
1203.29 6585.79
1193.65 6667.38
1183.52 6824.27
1184.9 6827.05
1183.74 6805.27
1185.56 6892.89
1185.46 7070.04
1171.53 7848.24
1172.19 7877.25
1178.82 7925.71
1181.57 7969.69
1180.07 7927.79
1178.48 7798.8
1178.43 7764.36
1176.03 8028.35
1175.71 8260.69
1176.76 8310.51
1172.37 8365.56
1175.63 8354.85
1177.54 8372.59
1178.03 8372.77
1184.19 8576.41
1198.89 9045.35
1198.15 8830.01
1199.07 8677.84
1199.18 8989.56
1198.51 9092.53
1188.55 9207.23
1189.49 9098.7
1187.57 9085.48
1187.17 9200.93
1184.56 9205.02
1182.26 9042.12
1182.42 8932.74
1188.53 8875.3
1177.4 9378.71
1166.69 11508.4
1164.56 11092.9
1166.55 11238
1178.02 11015.1
1178.67 10935.2
1187.22 10907.2
1190.91 10894.7
1193.56 10842
1193.84 10702.2
1198.45 10650
1198.1 10601.1
1199.4 10615.7
1194.55 10674.6
1198.04 10748.1
1189.72 10901.8
1188.55 10874.5
1182.08 10600.1
1180.99 10269.8
1182.15 10139.6
1183.9 10249.9
1179.3 10295
1180.49 10540.1
1180.99 10833.1
1181.15 10956.3
1193.16 11044
1204.4 11144
1204.27 11038.6
1204.14 11056.8
1204.89 11192
1205.31 11351.7
1205.36 11437.4
1205.48 11435.2
1205.29 11450.2
1204.56 11405.9
1205.06 11477.8
1207.79 11546.8
1210.63 11494.8
1211.45 11371
1210.32 11301
1208.03 11216.1
1207.82 11137.1
1206.99 11075.4
1209.68 11128.2
1202.79 10963
1202.72 10917.2
1195.74 10920.8
1203.59 11137.9
1211.49 11382
1211.55 11430.2
1211.88 11476.9
1207.69 11882.3
1206.35 11845.3
1206.92 11860.6
1207.82 11861.6
1209.9 11735.8
1217.78 11843.4
1218.1 11788.9
1219.24 11720.7
1219.85 11724.4
1219.01 11664.7
1216.75 11941.6
1216.95 11847.3
1218.32 11792.6
1219.5 11783.1
1220.03 11833.8
1219.64 11778
1217.21 11751.4
1217.44 11773.4
1220.1 11755.4
1220.22 11729.4
1219.5 11477.8
1220.16 11304.5
1219.12 11278.3
1219.65 11315.9
1219.91 11258.4
1220.77 11152.7
1224.25 11337.8
1223.06 11201.8
1221.86 11059.3
1221.54 10964.6
1221.75 11006.6
1223.3 11040.7
1222.55 11059.8
1226.62 11095.5
1226.32 11048.8
1235.13 11125.5
1235.15 11084.8
1235.09 11053
1237.94 11046.4
1243.21 10957.5
1245.29 10939.8
1250.2 10994.2
1252.32 11039.4
1249.72 11050.9
1248.03 11070.7
1248.69 11057.7
1247.38 11074.4
1254.37 11095.6
1254.32 11105
1254.77 11118.6
1258.19 11138.1
1258.72 11165.9
1263.03 11199.5
1262.35 11247.8
1262.31 11265.4
1258.9 11267.3
1254.17 11281
1255.99 11302.8
1261.54 11335
1264.41 11219.9
1265.31 11162.7
1263.94 11342.9
1263.71 11555.7
1262.94 11683.5
1262.75 11732.8
1263.65 11770.9
1265.39 11725
1270 11875.8
1268.9 11931.9
1268.96 11961
1271.44 11972.1
1272.84 11994.1
1273.04 12065.8
1273.59 11969.9
1274.31 12007.7
1277.4 11988.7
1282.97 11959.8
1296.43 11924.5
1296.04 11931.2
1298.15 11961.8
1295.96 11893.3
1295.79 11965.9
1294.32 12029.4
1292.66 12078.8
1296.27 12081.6
1296.33 12097.7
1295.07 12097.1
1299.98 12201.7
1304.55 12091.8
1306.59 12078.7
1306.87 12104.1
1307.07 12100.3
1303.88 12139.6
1303.15 12179.1
1311.04 12188.8
1312.68 12164.7
1312.28 12224.6
1311.4 12267.1
1320.2 12326.1
1313.19 12374.6
1312.57 12463.2
1311.04 12576
1309.69 12736.3
1308.93 12756.9
1308.93 12764.8
1308.79 12792.9
1310.71 12800.4
1310.93 12803.8
1308.37 12875.8
1309.74 12885.8
1310.49 12882.6
1310.57 12902
1310.57 12935.2
1309.53 12974.9
1316.35 13010
1317.2 13062.2
1316.91 13058.4
1317.02 13035.4
1317.02 13038.1
1310.08 13086.6
1315.08 13585.8
1315.16 13127.8
1314.71 13076.5
1315.96 13064.8
1317.29 13137.7
1317.38 13167.2
1317.85 13170
1318.8 13158
1318.5 13174
1338.67 13300.4
1339.41 13166.8
1339.17 13254.7
1337.59 13310.1
1338.48 13295.9
1339.3 13303.7
1338.85 13392.3
1340.02 13473.9
1341.39 13462.4
1340.9 13466.9
1337.29 13510.9
1337.43 13574
1337.07 13610.4
1337.08 13645.6
1335.48 13693.2
1335.84 13721.7
1336.92 13730.3
1337.51 13723.2
1337.51 13709.1
1337.88 13695.6
1336.48 13735.9
1335.63 13750.6
1335.71 13738.3
1339.51 13718.6
1341.63 13654.9
1339.88 13578.5
1341.32 13650.5
1341.54 13669
1342.21 13668.9
1341.8 13678.3
1340.54 13651.2
1340.14 13652.2
1340.82 13528.4
1347.41 13704
1347.74 13714.9
1347.21 13695.9
1347.64 14048.2
1351.5 14003.4
1351.46 14057.4
1352.49 14047.4
1363.17 14029.1
1362.77 14053.4
1365.11 14063.1
1364.92 14103.9
1363.27 14101.5
1362.47 14119.4
1362.49 14136.6
1362.3 14123.4
1363.45 14081.7
1360.4 14088.7
1359.59 14141.3
1359.42 14165
1355.92 14544.5
1355.73 14438.9
1356.76 14385.8
1360.37 14219.2
1362.91 14194.1
1363.7 14218.9
1364.89 14230.5
1375.2 14253.7
1378.07 14227.9
1378.99 14380.2
1398.38 14270.7
1398.94 14303.8
1399.4 14327.8
1403.71 14366.1
1402.63 14391.5
1402.78 14407.3
1406.86 14444.3
1407.44 14441.8
1410.88 14463.6
1417.96 14489.8
1414.88 14553.9
1416.54 14576.9
1416.72 14609.8
1416.72 14603.7
1413.52 14597.1
1413.34 14595.6
1414.19 14618.2
1412.89 14630.2
1413.11 14641
1414.22 14642.9
1414.73 14646.3
1414.46 14654.5
1414.31 14672
1413.44 14708.5
1413.02 14708.7
1412.1 14830.6
1411.92 14755.7
1411.29 14724.5
1411.08 14727.2
1411.55 14699.3
1408.25 14670.1
1407.42 14669.1
1410.37 14700.9
1405.98 14829.5
1408.09 14858.1
1412.25 14780.9
1413.35 14812.2
1417.35 14805.8
1417.21 14846.6
1417.06 14894.7
1423.14 14919.3
1423.62 14914.2
1424.47 14935.3
1423.78 14939.4
1422.62 14833.1
1421.39 14834.4
1420.41 14897.7
1414.54 15089.3
1414.55 15220.8
1414.67 15224.5
1414.66 15199.9
1415.48 15161.4
1415.44 15181.6
1415.33 15182.4
1415.94 15206.7
1418.72 15123.9
1420.75 15007.7
1421.6 14987.2
1420.92 14955.3
1431.61 14973.7
1431.58 15021.8
1432.24 15042.6
1431.25 15041.6
1434.01 15032
1433.67 15062
1437.18 15075
1437.48 15071.4
1435.01 15046.2
1436.19 15136.6
1436 15155.7
1435.62 15149.8
1436.22 15131.7
1436.68 15119.6
1436.76 15102.6
1438.4 15135.1
1438.66 15143.6
1439.19 15164.3
1439.06 15138.7
1439.76 15137.7
1439.79 15163.3
1440.12 15173.5
1436.87 15151.7
1436.73 15176.1
1437.26 15173.5
1437.32 15160.3
1438.14 15080.4
1438.13 15099.9
1437.41 15095.8
1435.4 15079.1
1435.56 15069.4
1435.5 15055.5
1434.79 14985.3
1434.77 14948.1
1433.76 14918.5
1436.21 14893.6
1437.7 15032.7
1440.84 14973.8
1440.84 14977.3
1440.49 15096.4
1440.41 15146.2
1441.48 15168.7
1441.5 15192.7
1440.63 15225.7
1444.61 15198.2
1444.37 15221.5
1443.98 15222.1
1444.42 15182.2
1447.32 15296.8
1447.05 15248.1
1450.18 15258.7
1449.74 15299.7
1449.52 15321.4
1449.84 15340.7
1449.94 15346.3
1448.59 15337.7
1449.09 15352.3
1449.09 15345.1
1450.3 15363
1450.19 15359.6
1450.7 15362.9
1454.82 15374.3
1454.92 15392.2
1455.18 15433.9
1455.25 15444.1
1455.46 15428.5
1463.85 15452.5
1463.68 15493.6
1464.96 15492.9
1467.01 15612.4
1467.23 15597.2
1466.27 15609.7
1462.48 15614.6
1462.61 15572.7
1464.75 15579.8
1466.67 15473.2
1464.56 15500.5
1463.94 15496.7
1463.96 15491
1467.15 15442.5
1463.91 15354.4
1464.21 15622
1463.98 15630.1
1465.64 15594.7
1466.04 15613.2
1466.89 15584.2
1467.25 15544.3
1466.37 15492.4
1472.57 15569.3
1474.07 15641.3
1474.7 15827.5
1474.78 15829.9
1475.39 15769.2
1474.76 15784.1
1473.95 15684.6
1473.76 15673.7
1474.39 15657.6
1474.74 15641.3
1474.74 15628.7
1474.46 15639.1
1476.35 15679.5
1476.79 15665.3
1476.38 15775.2
1477.45 15857.4
1478.64 15932.7
1478.13 16000.3
1478.86 15990.7
1478.88 15964.2
1479.68 15959.4
1481.36 16027.1
1481.28 16059.4
1486.76 15967.8
1486.78 16007.8
1483.64 15954.3
1485.38 15986.2
1484.79 16028
1485.02 16052
1482.61 16095.8
1482.21 16147.4
1482.41 16173.1
1482.54 16195.5
1484.45 16223.9
1483.66 16219.2
1484.94 16195.8
1486.49 16300.4
1486.32 16301.9
1484.68 16313.4
1484.76 16126.3
1484.68 16096.2
1487.45 16010.9
1487.65 16068.4
1487.13 16104.3
1486.83 16114.4
1487.08 16129.9
1487.15 16128.3
1487.37 16077
1489.91 16019.3
1490.76 15996.4
1486.95 16014.9
1487.16 16087.9
1486.06 16133.1
1485.22 16182.7
1486.69 16189.4
1486.66 16215.7
1486.37 16228.6
1485.95 16217.6
1485.81 16209.1
1487.05 16225.4
1486.59 16230.3
1487.93 16251.6
1488.15 16267.2
1489.19 16281.3
1489.63 16287.4
1491.59 16310.3
1492.19 16303.1
1491.27 16325
1490.85 16355.8
1491.32 16384.6
1490.79 16389.9
1489.22 16340.8
1489.75 16335.4
1489.77 16344.3
1489.76 16366.6
1489.15 16375.4
1489.74 16366.7
1489.89 16361.3
1489.89 16379.2
1489.82 16428.8
1489.3 16472.3
1476.78 16507.3
1476.7 16519
1478.31 16519.2
1478.27 16526.1
1478.04 16541.2
1477.68 16534.4
1478.24 16521.1
1478.25 16523.2
1478.64 16467.8
1480.13 16453.5
1479.41 16465.9
1479.75 16522.6
1479.77 16549.1
1480.13 16555
1480.36 16581.7
1480.44 16598.7
1480.61 16632.3
1481.35 16635.5
1481.62 16602.1
1481.52 16588.7
1481.81 16607.4
1482.4 16638
1482.51 16622.4
1481.63 16611.5
1482.26 16608.4
1482.32 16638.7
1482.34 16652.3
1487.22 16767.1
1478.53 16723.4
1478.42 16731.9
1478.29 16745.5
1478.47 16773.7
1478.76 16775.9
1480.37 16732.9
1480.71 16765.4
1480.77 16807.5
1480.77 16734.2
1480.71 16699.7
1481.69 16685.9
1481.41 16594.7
1482.54 16570.6
1483.51 16628.7
1483.63 16654.5
1483.65 16677.9
1484.13 16753.6
1485.61 16771.5
1485.82 16806.8
1485.44 16810.8
1485.32 16801.4
1485.37 16750.3
1484.94 16773.5
1484.12 16710.4
1484.29 16649
1482.21 16611.6
1484.62 16572.4
1484.69 16569.6
1484.51 16574.5
1484.5 16591.6
1483.93 16598.9
1484.39 16618.4
1486.16 16613.8
1488.17 16649.7
1487.99 16695
1486.79 16764.9
1487.44 16759
1489.75 16807.4
1491.67 16920.2
1491.62 16893.3
1491.94 16893.8
1493.27 16911.4
1492.24 16951.2
1492.09 16947.4
1492.41 17035.1
1490.91 17057.1
1490.69 17057.1
1489.94 17035.3
1489.37 17029.4
1489.85 17017.5
1491.17 16978.7
1491.02 16946.9
1491.16 16922.4
1491.29 16918.1
1487.72 16861.9
1487.55 16818.2
1486.94 16816
1487.84 16781.2
1488.17 16789.8
1488.08 16762.8
1486.73 16872.6
1486.41 16772.8
1486.41 16752.1
1490.22 16959
1489.32 16952.9
1489.83 16953.1
1501.66 16985.6
1502.43 16961.6
1502.94 16899.4
1502.79 16985.3
1503.01 16929.1
1502.14 16888.8
1502 16821.2
1500.03 16812.4
1502.73 16838.2
1503.37 16785.7
1503.98 16753.5
1502.89 16752.5
1502.65 16757.9
1502.04 16825.5
1502.14 16837.2
1501.92 16824
1501.3 16832
1501.27 16832.5
1501.29 16860.2
1501.54 16837.2
1500.95 16831.5
1501.1 16834.2
1501.36 16863.8
1501.46 16873.1
1501.44 16884.5
1500.52 16932.8
1500.66 16947.1
1500.72 16955.8
1500.74 16919.2
1500.52 16888.5
1500.52 16885.8
1501.04 16869.9
1501.95 16877.1
1502.04 16844.4
1501.53 16843.8
1501.23 16849.6
1501.28 16840.3
1501.34 16826.2
1502.22 16758.8
1502.33 16733.5
1505.28 16678.9
1505.22 16676.3
1505.08 16690.3
1504.42 16702.5
1504.4 16723.8
1504.7 16730.9
1505.12 16729.4
1505.46 16735.8
1504.94 16745.1
1503.94 16743
1504.99 16719.9
1505 16702.9
1505.11 16693.3
1505.06 16689.6
1505.2 16686.2
1507.06 16698.2
1507.38 16713
1508.94 16663.9
1509.41 16648.6
1507.34 16795.7
1509.8 16727.1
1504.04 16754.2
1501.26 16761.8
1501.83 16716.8
1501.41 16689
1501.57 16623.9
1502.5 16547.8
1503.73 16561.4
1503.78 16561.1
1503.72 16538.2
1501.07 16562.4
1502.85 16560.6
1504.55 16576.1
1505.69 16689
1506.25 16663.4
1506.22 16644.8
1506.21 16663.4
1506.07 16686.6
1505.24 16620.3
1504.85 16641.8
1506.53 16616.8
1506.49 16635.7
1506.21 16649.4
1505.86 16654.9
1505.82 16652.5
1506.08 16659.3
1505.8 16675.6
1508.26 16703.9
1508.67 16715.5
1508.53 16765.5
1509.05 16793.6
1509.54 16821.8
1509.86 16823.4
1509.88 16794
1509.88 16769.3
1509.9 16763.4
1510.8 16719.3
1510.8 16713.5
1512.12 16728.5
1512.23 16762.7
1512.49 16805.3
1512.42 16813.8
1512.08 16832.5
1512.24 16840.9
1511.04 16878.7
1512.62 16854.5
1512.69 16839.7
1512.39 16849.4
1511.06 16867.6
1510.76 16864.9
1512.6 16855.1
1512.35 16874.4
1511.51 16887.5
1511.77 16870.2
1512.41 16844.3
1512.34 16802.5
1511.38 16791.1
1511.4 16848.7
1511.72 16815.4
1511.31 16781.4
1511.39 16820.3
1511.51 16831.4
1511.35 16818.3
1511.84 16826.7
1511.71 16862
1511.61 16838.1
1511.52 16829.4
1511.47 16789.2
1511.5 16763.9
1511.98 16753.1
1512.89 16786.1
1513 16759.1
1513.29 16759.4
1513.56 16756.3
1516.73 16742.5
1516.05 16779.7
1516.06 16777.6
1516.12 16774.7
1516.07 16792.1
1515.74 16807.4
1517.54 16860.8
1516.95 16891.1
1516.6 16914.1
1514.54 16916.9
1514.49 16907.1
1514.02 16865.5
1515.67 16835.6
1514.86 16724
1513.49 16694.2
1513.32 16736.4
1514.4 16811.9
1515.99 16881.7
1515.79 16888.3
1514.97 16902.8
1515.51 16942.8
1515.3 16967.2
1515.7 16986
1517.2 16998.5
1517.05 17012
1517.59 17040.8
1517.64 17061.2
1517.47 17054.5
1516.67 17042.7
1515.47 17016.1
1514.48 17036.7
1515.06 17059.7
1516.18 17073.2
1517.17 17077.7
1516.62 17103.4
1516.88 17076.2
1517.19 17084.7
1513.63 17020.3
1516.31 17012.6
1516.58 17031.2
1515.27 17107.3
1516.01 17163.8
1515.94 17165.2
1514.92 17160.2
1515.04 17064.9
1516.78 17147.2
1517.37 17204.6
1515.73 17155.7
1508.49 17172.4
1508.46 17237.6
1508.44 17258.8
1508.5 17251.9
1509.33 17252.4
1510.5 17257.1
1510.24 17249.2
1510.64 17234.3
1510.78 17278.6
1510.32 17275.6
1510.37 17273.3
1510.68 17290
1510.82 17312.1
1508.15 17338.4
1508.56 17329.7
1508.37 17328.2
1508.23 17344.9
1507.72 17335.7
1508.04 17350
1508.05 17355.6
1511.16 17322.4
1511.37 17272.3
1511.22 17308
1502.54 17342
1502.53 17341.2
1503.01 17333.8
1502.57 17333.2
1503.32 17365.4
1504 17370.4
1502.69 17353
1502.66 17341.4
1503.5 17379
1502.89 17400.4
1502.75 17421
1501.85 17419.9
1502.03 17446.8
1504.91 17448
1502.61 17467.4
1503.74 17489.9
1505.3 17476.1
1505.45 17484.9
1507.5 17484.1
1507.91 17561.2
1507.65 17555.6
1507.79 17564.9
1506.41 17531.6
1506.62 17548.2
1506.73 17559.4
1506.69 17588.8
1508.52 17574.6
1508.43 17520.5
1508.37 17509.8
1509.13 17503.8
1508.42 17554.5
1508.34 17587.7
1510.15 17575.9
1511.63 17575.1
1511.82 17565.4
1511.46 17542.6
1511.82 17544.7
1511.93 17543.1
1510.99 17538.1
1510.76 17519.1
1511.77 17517
1511.78 17533.4
1512.42 17565
1510.91 17845
1509.16 17876
1509.66 17913.5
1508.85 18046.1
1508.9 18067.5
1508.85 18074.9
1507.49 18069.6
1506.27 18179.1
1506.56 18143.3
1506.72 18123.8
1511.71 18098
1511.11 18126.7
1511.16 18140.1
1511.19 18176.5
1510.8 18171.5
1511.05 18147.5
1511.11 18135.4
1508.55 18143.9
1509.02 18146.8
1509.17 18136.4
1509.38 18129.5
1510.13 18148
1510.1 18122.6
1509.89 18119.8
1509.88 18105.8
1509.02 18136.9
1509.09 18080.4
1509.04 18090
1509.07 18085.9
1509.25 18115
1509.14 18106.5
1508.82 18101.9
1508.42 18169.3
1510.26 18143.5
1509.98 18158.2
1510.7 18163.7
1510.39 18156.6
1510.34 18159.3
1510.2 18165.4
1511.2 18171.8
1511 18187.4
1511.01 18186.9
1511.86 18175.3
1511.76 18202.3
1513.41 18204.4
