93.2152 0
155.554 0
185.447 0
191.938 0
220.876 0
228.24 0
333.921 0
419.681 9.95687
465.476 9.86252
479.111 9.86252
501.619 9.86252
515.354 9.86252
548.304 19.0194
548.93 20.2867
584.583 21.1718
584.583 21.7822
584.925 22.2033
584.925 22.4937
584.811 22.0109
593.648 20.5593
653.468 24.9754
652.807 24.2057
688.344 195.225
688.769 166.42
747.222 167.057
749.073 163.469
751.143 162.52
773.734 117.115
774.088 112.499
821.418 115.705
851.638 117.552
859.858 118.154
833.935 353.35
857.005 609.845
840.909 709.875
859.153 723.558
860.044 719.878
862.613 702.46
862.519 682.21
866.781 692.49
866.399 701.125
866.408 762.501
921.191 822.215
919.273 843.177
943.088 851.407
942.498 850.072
953.964 803.652
960.547 785.834
971.38 770.275
972.345 755.872
965.899 1164.54
965.956 1350.42
961.893 1358.8
973.078 1353.62
970.882 1521.4
971.141 1528.98
910.514 2101.98
948.997 2268.29
947.677 2388.73
949.486 2430.05
950.149 2398.89
979.374 2555.74
981.07 2510.68
995.585 2477.64
993.203 2511.22
995.169 2586.91
999.925 2479.66
998.152 2520.94
992.738 2645.68
996.62 2687.07
999.973 2718.45
999.954 2745.64
1020.16 2742.72
1023.02 2732.78
1018.86 2661.6
1017.96 2630.34
1015.31 2709.64
1015.29 2751.85
1021 2880.03
1014.96 2977.79
1003.99 3118.02
1007.74 3342.29
1009.1 3541.52
1012.86 3669.99
1014.23 3738.31
1029.48 3817.26
1020.79 3816.86
1027.11 4340.52
1027.12 4302.38
1022.92 4333.71
1023.56 4429.71
1023.89 4480.65
1023.92 4518.32
1017.16 4718.88
1017.21 4783.58
1018.15 4785.63
1025.33 4782.19
1028.45 4969.88
1045.26 5009.35
1047.33 5041.98
1067.1 5056.06
1074.96 5120.55
1074.78 5250.8
1073.97 5284.7
1068.52 5305.73
1075.52 5313.32
1053.84 6324.93
1052.8 6434.09
1075.1 7076.42
1077.55 7207.35
1077.24 7184.02
1078.81 7144.66
1078.78 7064.32
1078.49 7025.73
1079.74 7162.87
1079.67 7032.36
1087.6 7462.84
1086.74 7371.75
1087.87 7217.74
1095.21 7177.35
1091.03 7109.9
1094.4 7153.42
1094.66 7034.67
1092.32 7004.87
1091.61 6984.83
1092.49 7190.58
1091.31 7233.83
1085.27 7289.54
1089.23 7299.17
1088.55 7182.96
1087.01 7122.54
1087.99 7286.98
1087.95 7342.02
1086.63 7318.33
1081.41 7363.01
1082.02 7376.38
1081.11 7412.49
1086.31 7340.57
1083.49 7362.23
1085.37 7366.96
1084.68 7451.12
1082.91 7491.51
1081.73 7634.83
1081.49 7624.45
1081.45 7504.09
1081.57 7646.57
1081 7306.22
1081.6 7367.35
1081.6 7631.77
1085.3 7691.42
1085.34 7464.54
1085.43 7340.45
1088.4 7290.93
1088.53 7327.12
1084.73 7410.05
1077.43 7478.14
1078.15 7609.97
1077.31 7505.24
1075.84 7352.07
1076.17 7344.47
1075.65 7368.76
1072.03 7464.56
1072.52 7574.49
1072.99 7722.63
1075.97 7721.2
1077.02 7725.32
1076.62 7617.74
1076.3 7534.9
1077.23 7457.9
1079.58 7460.53
1078.91 7626.78
1078.41 7643.24
1077.37 7739.79
1077.98 7802.13
1078.35 7862.91
1077.77 7911.16
1077.63 7762.24
1078.15 7654.92
1077.38 7557.55
1077.03 7539.03
1077 7493.4
1076.81 7357.08
1076.13 7463.47
1076.91 7560.83
1075.21 7548.96
1075.57 7544.66
1075.63 7530.83
1083.6 7600.38
1087.67 7599.06
1087.57 7572.14
1088.29 7467.93
1087.31 7443.05
1088.49 7554.07
1087.01 7605.06
1086.12 7653.17
1086.22 7571.23
1087.82 7557.06
1079.71 7752.18
1072.99 7399.64
1071.99 7711.56
1072.21 7728.49
1071.96 7728.04
1069.25 7713.48
1070.11 7708.55
1071.16 7722.09
1071.13 7723.02
1072.37 7704.93
1070.94 7754.08
1069.48 7873.66
1067.48 7936.93
1066.84 7951.12
1066.57 7874.07
1069.55 7883.32
1070.92 7951.22
1070.95 7986.01
1070.45 8036.2
1071.35 8027.64
1071.06 7978.86
1074.24 8046.68
1073.06 7989.78
1074.39 8012.94
1072.95 8066.68
1071.71 8138.23
1071.82 8212.29
1073.45 8200.91
1072.09 8023.74
1071.41 7905.99
1073.75 7873.68
1072.49 7843.51
1072.45 7799.97
1071.16 7839.36
1071.44 7850.26
1071.74 7860.04
1072.06 7864.07
1069.28 7930.69
1069.2 7866.97
1069.46 7823.22
1069.46 7827.65
1069.49 7815.53
1071.56 7868.22
1076.08 7931.66
1075.03 7902.71
1068.6 7976.35
1068.23 8027.78
1069.56 8059.82
1069.94 8083.81
1071.15 8106.36
1074.81 8189.44
1074.73 8302.2
1074.68 8295.32
1073.3 8253.69
1074.05 8279.33
1072.22 8268.86
1071.63 8285.82
1080.22 8282.57
1080.25 8317.1
1080.22 8318.69
1079.86 8278.68
1075.27 8331.26
1074.34 8352.19
1072.84 8351.59
1072.17 8396.33
1072.27 8485.9
1072.26 8506.61
1072.37 8483.85
1071.55 8484.36
1071.25 8515.54
1074.41 8573.08
1073.48 8589.31
1073.64 8566.6
1070.6 8529.88
1074.18 8501.8
1074.22 8428.1
1074.5 8377.68
1074.66 8373.06
1074.61 8375.2
1075.48 8329.88
1075.55 8303.5
1075.91 8304.42
1076.69 8274.57
1076.93 8291.08
1076.72 8315.7
1078.23 8366.89
1077.76 8403.26
1085.26 8488.86
1085.24 8478.93
1080.66 8474.05
1080.44 8442.33
1080.7 8384.55
1080.76 8319.78
1078.44 8442.26
1078.47 8412.75
1078.62 8380.27
1077.45 8360.56
1081.51 8402.2
1081.51 8408.63
1080.73 8403.17
1071.85 8457.84
1071.82 8575.46
1076.79 8603.47
1074.92 8686.78
1073.17 8767
1073.44 8798.26
1073.72 8833.17
1073.64 8806.75
1071.34 8803.69
1071.67 8772.24
1071.67 8790.54
1069.42 8835.39
1069.5 8868.79
1068.55 8908.83
1068.27 8961.64
1068.7 9016.83
1068.42 9053.7
1068.58 9115.87
1068.4 9166.64
1069.62 9192.74
1066.28 9317.39
1067.95 9464.41
1067.88 9515.02
1067.89 9418.39
1068.22 9415.68
1067.83 9401.5
1068.28 9390.46
1067.84 9395.63
1067.75 9401.11
1067.79 9379.79
1067.84 9387.32
1067.91 9403.02
1070.06 9352.74
1070.28 9408.17
1070.58 9363.5
1070.09 9343.35
1068.62 9323.52
1068.73 9343.22
1069.5 9250.63
1069.55 9194.12
1070.41 9392.65
1070.12 9464.41
1070.55 9440.53
1070.12 9441.78
1068.95 9452.52
1068.84 9469.91
1069.82 9534.41
1069.56 9563.11
1069.6 9591.69
1067.42 9604.66
1066.92 9635.52
1066.81 9633.28
1066.84 9617.87
1072.51 9609.38
1072.14 9591.89
1072.89 9601.31
1073.39 9612.12
1074.43 9702.83
1074.31 9755.9
1074.31 9775.23
1072.45 9854.74
1072.93 9972.05
1073.04 10062.5
1072.34 10117.9
1072.22 10118.4
1071.79 10096.6
1071.77 10096.1
1072.18 10061.8
1072.56 10064.9
1068.23 10051.9
1068.98 10047.2
1068.7 10023.7
1068.93 10004.3
1068.71 9972.87
1068.62 9942.28
1068.61 9926.12
1068.8 9871.15
1066.29 9843.67
1066.95 9937.94
1066.89 9969.9
1066.64 9965.69
1066.33 10017
1066.23 10009.1
1066.82 10045.6
1066.95 10030.5
1067 10031.8
1068.49 10184.5
1071.37 10211.3
1071.19 10220.3
1071.24 10326.1
1071.36 10404.4
1071.67 10539.4
1073.32 10623.1
1072.45 10607.3
1072.45 10589
1072.89 10721.9
1072.84 10581.1
1072.85 10454.7
1076.24 10466.7
1075.89 10432.2
1076.99 10439.5
1076.68 10420.4
1076.34 10353.1
1072.87 10484.9
1072.06 10592.6
1072.22 10717.7
1072.63 10787.8
1072.44 10894.6
1072.47 10961.2
1072.62 10880.6
1072.85 10933.8
1072.51 10971.2
1072.3 10985.1
1072.07 10990.1
1071.55 11028.3
1071.65 11058.3
1071.68 11095.7
1072.89 11160.5
1072.78 11182.9
1072.29 11190.9
1071.86 11188.9
1072.7 11187.4
1072.1 11291.8
1072.64 11313.5
1076.14 11373.1
1077.31 11470.8
1077.19 11526
1075.6 11531.2
1075.65 11365.7
1076.11 11315.9
1076.38 11307.6
1074.02 11635.7
1073.15 11504.6
1073.89 11562.7
1073.84 11563.7
1073.84 11520.1
1074.41 11482
1074.08 11506.5
1074.23 11514.4
1074.12 11504.2
1074.79 11490.6
1074.38 11515.6
1072.12 11572.7
1073.25 11513.7
1073.75 11493.4
1074.11 11538.1
1072.94 11553
1072.81 11604.7
1074.11 11705.5
1076.62 11921.9
1076.83 11934.1
1076.18 11963.1
1076.16 11943.4
1077.1 11948.4
1076.21 11880
1077.34 11897.1
1077.05 12013.1
1077.13 11812.6
1077.21 11660.2
1073.72 11450.4
1075.13 11397
1074.66 11365.7
1074.41 11408.6
1074.51 11472.4
1074.75 11522
1076.53 11545.9
1076.6 11556.4
1076.21 11561.4
1081.38 11579.6
1083.02 11612.2
1083.22 11628.4
1083.46 11630.7
1083.7 11685.4
1083.81 11674.9
1083.79 11658.5
1083.49 11604.8
1084.42 11485.8
1084.37 11450.8
1084.36 11443
1084.35 11443.7
1084.37 11458
1084.85 11463.1
1084.85 11470.6
1085.3 11426.2
1084.7 11435.4
1085.2 11446.7
1085.18 11445.3
1084.5 11440.2
1084.19 11440.6
1086.48 11410.9
1086.68 11375
1087.37 11415.1
1090.57 11427.9
1092.47 11333.4
1095.89 11286.8
1096.8 11361.8
1096.91 11436.6
1094.59 11481.2
1094.53 11506.2
1094.71 11518.5
1093.62 11529.8
1094.32 11566.2
1094.16 11585.7
1094.19 11587.6
1093.92 11592.2
1093.94 11601.6
1095.54 11679.2
1095.18 11695.9
1095.32 11651.3
1095.77 11649.1
1096.14 11645.5
1097.64 11686.6
1097.8 11701.1
1097.66 11705.4
1097.41 11715.8
1097.27 11706.5
1096.76 11709.9
1096.9 11720.9
1097.55 11722.2
1097.87 11747.5
1097.8 11769.8
1096.63 11810.8
1096.91 11861.4
1096.77 11920.4
1096.88 11937.3
1094.41 11820.6
1093.42 11739.9
1093.28 11598.9
1093.29 11522.3
1092.65 11523.8
1093.31 11543.1
1093.3 11582.9
1093.45 11616.4
1093.56 11645
1095.18 11654.4
1095.13 11650.3
1095.1 11647.2
1094.48 11654.2
1094.35 11658.2
1094.51 11698
1094.5 11704.9
1094.69 11696.8
1094.8 11692.1
1094.02 11705.1
1094.48 11748.5
1095.21 11767.1
1094.47 11788
1094.74 11798.6
1094.75 11801.3
1093.7 11768.5
1094.23 11775.3
1092.25 11788.9
1097.54 11794.4
1097.45 11823.7
1097.46 11845.5
1097.87 11819.3
1097.7 11796.9
1097.71 11766.3
1097.73 11753.2
1098.22 11715.6
1098.57 11721
1098.47 11696.2
1098.2 11592.8
1098.22 11605.5
1098.21 11602.1
1099.79 11652.9
1099.77 11661.3
1099.91 11681
1100.38 11691.1
1101.23 11805.8
1100.72 11995.4
1101.79 12184.3
1102.7 12265.5
1103.37 12367.6
1103 12431.3
1102.53 12491.8
1102.55 12525.1
1102.57 12540.5
1102.3 12566.1
1102.31 12555.6
1102.98 12589.5
1103.06 12560
1102.77 12558.7
1103.16 12577.4
1103.19 12564.7
1103.82 12519.1
1103.2 12501.7
1103.12 12484
1103.01 12437.9
1103.01 12423.3
1102.53 12430
1102.5 12376.7
1102.52 12349.7
1102.47 12309
1102.5 12294.5
1102.49 12274
1103.7 12324.1
1104.42 12310.5
1104.52 12266.4
1105.73 12236.4
1105.78 12162
1104.96 12201.3
1105.35 12259.9
1104.66 12301.1
1104.86 12317.8
1105.07 12380.9
1105.08 12389.4
1105 12390.7
1104.48 12395.6
1103.22 12433.8
1102.28 12458.8
1101.08 12498.5
1101.51 12559.4
1100.58 12556.5
1100.65 12516.9
1100.76 12509.9
1101.14 12537.4
1100.98 12575.9
1099.92 12608.2
1100.14 12610.6
1100.15 12623
1100.39 12633.5
1101.54 12630.9
1101.89 12607.2
1101.91 12597.8
1100.89 12636.2
1100.26 12587.6
1098.74 12498.2
1098.54 12487.9
1098.22 12478.4
1098.68 12463.5
1098.26 12462.3
1098.49 12461.9
1098.92 12448.3
1099.08 12465.5
1099.29 12464.2
1099.29 12459.7
1099.54 12467.4
1099.02 12474.3
1098.77 12499.7
1097.59 12513.5
1098.35 12536.6
1098.06 12571.8
1098.64 12587.6
1098.91 12613.1
1098.86 12616
1098.86 12616
1098.75 12608.7
1099.07 12532.3
1098.89 12524
1099 12532.9
1098.72 12552.2
1097.58 12707.6
1097.42 12551.1
1097.81 12635
1097.51 12645.4
1097.6 12615.5
1097.39 12596.2
1097.08 12628.9
1097.54 12661.1
1098.61 12719
1098.98 12680
1098.95 12733.6
1098.81 12788.8
1096.85 12763.4
1096.72 12813.6
1096.46 12868.9
1097.77 12999.2
1095.78 13088
1095.61 13083.2
1093.4 13124
1092.87 13136.9
1092.41 13186.8
1092.42 13135.9
1091.31 13086.9
1092.8 13092.1
1092.67 13098.2
1091.43 13217.3
1091.51 13303.2
1091.95 13315.7
1091.96 13247.3
1091.9 13207.9
1091.86 13183.8
1092.41 13130.5
1092.6 13116.4
1093.61 13115.2
1093.53 13095.2
1093.49 13073.3
1095.11 13208.3
1095.46 13215.9
1095.3 13146.1
1095.76 13018.3
1095.29 12941.3
1095.14 12946.5
1095.51 12951.8
1095.51 12942.7
1098.6 13000
1098.95 13036.7
1099.05 13059.9
1099.06 13047.1
1099.05 13050.4
1099.08 13067.1
1098.75 13081
1098.76 13102.1
1098.77 13091.8
1098.07 13114.5
1098.12 13111.1
1098.27 13118.7
1098.11 13119.3
1098.19 13115
1098.4 13110.9
1098.66 13117.1
1098.38 13153.8
1096.07 13238
1096.62 13263.3
1096.79 13325.3
1096.93 13386.1
1097.12 13401.3
1097.36 13414.5
1099.82 13424
1099.84 13424.5
1099.83 13409.7
1099.84 13398.3
1099.77 13395.9
1101.91 13528.2
1101.64 13530.2
1101.65 13518
1101.26 13501.5
1100.94 13542.3
1096.16 13620.1
1096.22 13601.1
1096.21 13616.8
1096.03 13629.3
1095.62 13602.2
1095.33 13532.6
1095.74 13508.4
1094.6 13350.1
1094.53 13402.8
1093.71 13387
1093.55 13343.5
1093.54 13363.4
1093.49 13391.3
1093.58 13413.6
1093.82 13441.3
1094.2 13455
1094.71 13453.4
1094.74 13469.7
1094.84 13491.4
1094.83 13522.9
1094.56 13560.7
1094.56 13584.4
1094.93 13608.9
1094.96 13575.6
1095.09 13563
1095.36 13563.5
1095.35 13489.7
1095.37 13481.3
1095.32 13451.7
1095.59 13400.5
1095.61 13362.9
1094.52 13346.7
1095.25 13332.8
1095.5 13338.7
1095.58 13351.2
1095.55 13345.9
1095.38 13360.5
1094.89 13365.4
1094.75 13345
1094.39 13380.3
1094.37 13329.8
1094.35 13305
1094.89 13273.1
1094.66 13267.8
1095.05 13282.6
1095.31 13316.9
1095.41 13331
1095.54 13340.8
1096.17 13335
1095.58 13347.8
1093.81 13298.6
1093.83 13287
1093.77 13285
1094.74 13270.5
1094.14 13239.8
1094.72 13261.7
1093.98 13291.1
1093.72 13310
1093.71 13302.8
1093.63 13299.4
1093.48 13273.7
1093.68 13272.8
1095.01 13251.6
1095.35 13178.9
1095.29 13184.2
1095.38 13180.5
1096.14 13151.4
1096.16 13144.9
1095.37 13174.2
1095.53 13173.1
1095.12 13171.1
1095.05 13149.4
1095.29 13138.7
1095.19 13118.8
1095.1 13101.3
1094.46 13123
1094.47 13183
1094.29 13190.5
1093.77 13195.8
1094.19 13207.2
1094.23 13211.3
1094.31 13215.4
1094.09 13212.4
1093.99 13210.5
1093.87 13366.8
1093.14 13323.7
1092.33 13326
1093.56 13225.8
1094.01 13232.5
1093.34 13263.1
1093.15 13087
1092.78 13098.4
1092.8 13076.8
1092.77 13081.9
1092.67 13084.5
1093.36 13082.5
1093.17 13005.9
1092.5 13006.1
1092.56 13022.8
1092.6 13071.4
1092.62 13105.8
1092.96 13127.5
1092.29 13156.2
1092.29 13159.7
1092.7 13197.8
1091.95 13235.8
1092.36 13285.5
1092.87 13260.1
1092.89 13246.5
1092.79 13250.8
1092.73 13227.4
1092.6 13216.5
1092.31 13243.4
1091.88 13299.9
1091.82 13360.9
1092.13 13413.4
1092.94 13451.5
1092.93 13397.5
1092.97 13398
1093.69 13497.7
1093.73 13509.9
1093.74 13489.2
1093.81 13469.5
1093.8 13457.4
1093.95 13456.4
1094.41 13473.6
1094.37 13497.3
1094.22 13506.1
1094.3 13488
1093.95 13482.6
1093.7 13447.1
1093.63 13441.6
1093.62 13459.9
1094.19 13487.1
1094.15 13498.5
1094.56 13497.4
1094.54 13498.8
1094.64 13503.4
1094.6 13500.8
1095.12 13501
1094.87 13517
1095.33 13522.8
1095.14 13529.6
1095.11 13553.3
1094.83 13554.5
1094.97 13543.9
1094.91 13538.5
1094.43 13574.3
1094.82 13602.4
1094.93 13583.7
1094.89 13573.1
1095.05 13577
1092.64 13575
1091.04 13492.1
1091.02 13405.4
1091.01 13385.9
1091.29 13396.2
1091.12 13394.6
1091.09 13413
1090.99 13374.7
1090.97 13400.9
1091.02 13470.1
1095.95 13608.9
1095.63 13708.2
1096.33 13762.5
1096.33 13755.4
1096.8 13688.6
1096.79 13703.1
1096.76 13728.2
1096.46 13756.4
1096.53 13767.9
1096.17 13792.1
1096.47 13805
1096.48 13792
1090.62 13738.5
1095.9 13826.1
1096.7 13754.8
1096.69 13791.5
1096.54 13808.7
1096.56 13793.4
1096.65 13761.7
1096.57 13783.2
1096.52 13780.6
1096.64 13783.1
1097.06 13786.8
1097.48 13740.1
1097.09 13770.3
1096.86 13760.7
1095.92 13782
1094.19 13769.6
1094.18 13789.9
1094.11 13803.3
1093.61 13821.1
1093.64 13838.4
1093.5 13894.9
1093.98 13882.2
1094.55 13885.4
1094.75 13919.1
1095.24 13974.5
1095.65 14012.8
1100.08 14073.2
1099.29 14123
1099.2 14168.6
1099.29 14196.4
1099.3 14248.5
1098.71 14245.4
1098.62 14224.7
1098.81 14183.4
1098.23 14196.5
1098.36 14183.9
1098.94 14157.2
1099.22 14131.9
1099.34 14072.2
1099.78 14046.1
1099.79 14068.1
1099.5 14090.5
1100.3 14103.6
1100.44 14153.3
1100.7 14193
1100.6 14147.9
1100.23 14180.6
1099.98 14202.7
1101.94 14299.7
1101.75 14253.1
1101.67 14228.8
1101.85 14231
1101.79 14262.4
1102.2 14295.9
1102.78 14322.2
1102.65 14312.7
1101.96 14335
1102.2 14343.4
1102.17 14360.4
1102.2 14350.5
1101.35 14312.7
1101.89 14332.6
1101.84 14384.5
1101.79 14411.8
1101.2 14422.5
1101.45 14459.1
1100.95 14464.1
1100.91 14472.3
1101.37 14518.5
1101.37 14515.8
1101.41 14501.3
1101.61 14478.6
1103.53 14603.5
1103.55 14582.9
1103.42 14533.6
1103.36 14492.4
1103.58 14464.5
1103.69 14427.9
1103.69 14414.8
1103.47 14406.2
1103.5 14382.5
1103.56 14377.5
1103.62 14372.1
1103.77 14362.3
1103.71 14288.7
1103.84 14270.5
1103.84 14279.5
1103.83 14286.6
1103.65 14312.1
1103.89 14322.3
1103.88 14324.2
1104.2 14328.5
1104.18 14304.2
1104.23 14311.2
1104.38 14329.5
1104.35 14334.9
1104.59 14344.2
1104.32 14332.4
1104.25 14308.2
