437.289 25.3963
454.088 23.8131
507.304 23.2775
725.236 56.8408
725.227 37.9266
730.009 37.5607
844.546 49.8316
904.724 60.4782
915.556 58.4433
964.155 66.6127
1018.21 71.1328
1020.95 93.1283
1134.52 112.11
1134.57 110.972
1153.05 110.194
1171.86 108.431
1171.87 108.549
1194.35 109.105
1238.48 143.448
1257.14 158.572
1329.67 168.841
1351.64 169.595
1484.24 187.708
1484.28 187.476
1498.64 187.886
1532.08 184.371
1532.64 189.299
1571.13 212.779
1568 929.979
1646.22 1359.05
1731.38 2190.2
1733.23 1627.93
1755.68 1464.4
1766.69 1527.94
1802.68 1490.34
1808.96 1430.2
1810.16 1363.67
1813.61 1354.03
1808.39 1385.81
1825.73 1518.7
1823.14 1592.83
1827.05 1552.2
1844.64 1547.93
1839.01 1720.86
1868.79 1615.75
1862.31 1383.41
1856.9 1406.9
1870.08 1399.59
1866.77 1415.07
1867.24 1396.29
1868.28 1395.38
1880.65 1360.64
1881.39 1348.89
1876.04 1388.17
1866.49 1424.39
1874.14 2314.53
1873.66 2097.5
1874.97 1993.6
1875.13 1954.36
1870.55 2005.23
1869.51 2029.69
1902.11 2287.64
1903.84 2390.37
1903.15 2466.81
1905.57 2498.98
1926.05 2497.54
1933.58 2440.68
1933.99 2381.75
1934.42 2316.9
1934.62 2299.45
1935.47 2288.15
1935.67 2286.21
1941.01 2265.01
1956.2 2259.98
1955.87 2266.96
1954.91 2241.94
1955.43 2238.75
1977.43 3004.52
1994.71 2631.02
2048.39 2603.23
2054.5 2588.19
2069.11 2732.17
2069.29 2679.27
2070.88 2609.76
2067.62 2612.2
2067.26 2613.71
2113.39 3046.8
2113.42 3151.93
2110.87 3036.91
2109.11 2899.29
2106.9 2841.41
2107.16 2809.38
2108.92 2814.77
2108.55 2801.74
2107.71 2780.88
2107.52 2900.36
2107.85 2979.38
2109.01 3096.89
2110.58 2980.64
2112.07 2970.86
2110.08 2839.16
2107.97 2794.74
2107.91 2796.89
2108 2876.52
2111.39 2820.57
2112.76 2854.73
2110.04 3065.6
2112.36 3039.65
2112.08 3089.86
2111.68 3079.31
2113.83 3196.03
2113.23 3208.29
2112 3207.4
2112.04 3215.1
2114.06 3264.03
2113.87 3272.18
2113.92 3245.06
2114.15 3304.37
2111.43 3354.43
2111.74 3353.85
2111.71 3324.53
2111.67 3305.64
2111.67 3264.98
2111.52 3254.47
2112.31 3241.07
2112.43 3233.07
2112.66 3229.75
2112.25 3243.96
2119.96 3333.63
2118.75 3297.11
2118.58 3303.47
2118.34 3301.13
2118.04 3304.96
2118.91 3296.64
2118.76 3296.34
2119.51 3341.45
2118.92 3359.91
2120.04 3399.44
2123.25 3413.41
2123.1 3421.99
2123.83 3446.7
2123.87 3441.51
2123.05 3441.91
2124.09 3434.2
2124.15 3473.22
2126.26 3536.94
2126.41 3554.58
2127.1 3524.45
2127.18 3508.86
2130.44 3563.72
2144.64 3505.12
2144.04 3483.15
2144.65 3445.55
2144.93 3418.56
2145.04 3406.19
2145.15 3434.13
2145.49 3424.22
2144.78 3436.65
2145.65 3452.54
2147.34 3460.83
2141.79 3429.45
2135.18 3271.77
2129.17 3156.81
2128.49 3193.27
2127.31 3181.84
2126.17 3182.57
2125.58 3259.02
2124.85 3272.42
2125.54 3304.07
2125.54 3307.2
2125.4 3315.84
2127.34 3310.93
2128.6 3316.18
2128.46 3302.92
2125.62 3277.36
2125.72 3279.52
2127.73 3395.71
2127.64 3390.17
2126.97 3339.46
2126.07 3334.8
2125.88 3332.8
2125.47 3369.77
2127.9 3435.84
2127.55 3449.05
2127.97 3405.22
2127.04 3375.14
2127.26 3372.51
2127.19 3369.15
2133.81 3389.54
2133.72 3474.26
2134.25 3461.12
2134.26 3481.52
2137.33 3493.34
2146.28 3563.65
2145.97 3587.21
2146.01 3610.98
2146.65 3600.39
2146.67 3591.52
2147.23 3550
2144.86 3468.57
2143.68 3503.91
2143.2 3489.31
2143.33 3508.35
2143.38 3419.51
2143.47 3405.08
2143.25 3414.04
2142.83 3378.59
2141.6 3336.51
2141.54 3310.54
2141.16 3280.55
2141.7 3256.86
2141.85 3283.14
2141.92 3297.35
2141.07 3266.79
2139.65 3264.34
2139.85 3299.64
2140.48 3301.79
2140.67 3311.4
2139.64 3274.32
2139.77 3240.26
2139.6 3238.11
2154.89 3301.15
2154.92 3338.45
2154.97 3365.15
2155.32 3385.06
2155.6 3404.52
2155.42 3410.25
2156.68 3429.57
2156.68 3454.15
2156.57 3429.23
2156.72 3456.4
2158.52 3441.18
2158.43 3434.71
2159.33 3425.93
2160.12 3409.94
2160.26 3425.55
2160.66 3421.83
2161.69 3428.73
2161.63 3436.09
2162.12 3442.23
2162.09 3447.43
2162.05 3436.85
2162.51 3506.88
2162.54 3505.66
2162.54 3521.71
2162.3 3596.36
2163.65 3592.51
2183.4 3558.45
2183.44 3544.87
2182.96 3555.79
2182.33 3561.56
2182.37 3567.13
2182.46 3566.62
2197.14 3537.06
2197.16 3494.26
2197.1 3496.6
2194.53 3519.49
2194.8 3540.59
2194.81 3544.02
2194.61 3536.71
2195.28 3540.08
2195.27 3545.95
2194.8 3547.71
2195.04 3562.42
2194.9 3564.1
2195.46 3594.72
2195.53 3600.66
2195.51 3599.66
2194.48 3584.37
2194.28 3594.16
2193.06 3603.77
2192.9 3600.75
2193.09 3593.67
2191.71 3561.03
2192.51 3565.68
2194.7 3586.58
2194.89 3591.94
2194.67 3577.79
2195.97 3573.81
2195.97 3564.82
2196.01 3572.66
2195.87 3545.46
2195.88 3538.94
2195.84 3538.55
2195.88 3537.27
2195.76 3547.57
2195.78 3545.23
2196.19 3546.41
2195.4 3605.82
2195.37 3604.66
2193.1 3607.57
2192.38 3585.98
2192.72 3561.32
2192.79 3532.51
2192.79 3525.16
2192.9 3523.41
2193.86 3496.58
2194.05 3504.9
2193.89 3501.04
2193.66 3498.32
2193.33 3479.97
2194.09 3489.21
2193.87 3464.44
2193.46 3467.91
2193.61 3509.38
2192.75 3514.86
2192.7 3531.39
2192.7 3529.95
2192.88 3544.25
2192.72 3543.34
2192.85 3557.76
2192.89 3556.24
2192.51 3582.21
2191.58 3592.65
2191.32 3620.09
2191.18 3626.86
2194.48 3761.95
2195.28 3727.81
2195.41 3734.71
2196.31 3729.89
2198.38 3715.07
2198.36 3715.24
2198.49 3683.62
2198.56 3732.44
2199.14 3721.62
2199.43 3735.65
2200.12 3757.15
2199.52 3772.19
2201.89 3797.2
2220.32 3798.4
2220.27 3775.17
2220.93 3761.35
2220.76 3747.69
2221.67 3742.82
2221.52 3746.91
2223.71 3712.26
2223.89 3727.08
2223.54 3707.01
2223.57 3699.81
2223.48 3688.5
2223.53 3681.39
2223.3 3702.45
2223.66 3697.38
2223.67 3712.77
2223.02 3718.81
2222.47 3701.69
2222.33 3700.51
2222.43 3678.04
2222.09 3678.77
2222.04 3677.44
2225.87 3677.15
2224.4 3665.75
2224.33 3639.28
2224.35 3636.07
2224.04 3635.24
2222.8 3650.17
2223.23 3645.92
2222.52 3656.65
2222.82 3640.69
2222.73 3667.71
2226.41 3656.18
2225.81 3734.42
2225.84 3729.59
2226.95 3710.17
2226.96 3706.54
2226.79 3708.88
2226.79 3714.34
2226.93 3725.59
2232.6 3814.94
2232.7 3848.95
2230.62 3846.1
2230.38 3835.54
2230.32 3853.43
2230.24 3865.92
2230.68 3887.12
2230.54 3904.9
2230.49 3883.86
2230.56 3867.39
2231.13 3862.65
2229.29 3879.14
2228.75 3872.89
2229.31 3875
2229.32 3890.92
2229.42 3892.1
2230.11 3878.16
2230.08 3891.15
2229.68 3875.42
2229.69 3853.49
2230.25 3855.56
2230.11 3868.52
2230.04 3880.37
2230.64 3861.08
2230.04 3864.68
2229.65 3873.74
2229.95 3879.48
2229.99 3885.22
2230.15 3904.14
2230.16 3913.81
2230.22 3923.58
2231.15 3915.45
2230.79 3929.93
2230.5 3938.5
2230.46 3951.36
2230.1 3963.62
2230.11 3971.94
2230.21 3974.36
2230.43 3986.03
2230.42 3969.43
2230.55 4006.33
2230.44 4037.43
2230.53 4083.35
2231 4093.96
2231.01 4100.51
2231.68 4105.68
2233.05 4085.27
2232.59 4078.94
2233.53 4087.08
2233.5 4096.38
2233.54 4104.17
2233.53 4107.29
2235.11 4153.68
2234.98 4172.39
2234.8 4159.34
2235.17 4155.11
2235.57 4166.63
2235.54 4174.93
2236.62 4171.95
2236.63 4176.97
2236.65 4180.6
2236.66 4181.79
2236.8 4212.49
2237.37 4198.28
2238.88 4195.09
2238.61 4203.35
2238.7 4163.71
2238.85 4145.86
2238.85 4119.62
2239.16 4124.24
2239.26 4133.28
2238.82 4164.18
2238.8 4179.59
2238.67 4192.97
2238.66 4213.46
2238.73 4201.01
2237.61 4192.4
2237.25 4215.59
2237.22 4226.82
2237.21 4237.64
2237.27 4231.25
2237.25 4225.5
2237.32 4228.85
2237.18 4229.48
2237.15 4227.71
2237.24 4223.61
2237.13 4228.38
2236.85 4224.17
2236.57 4230.53
2236.6 4222.42
2237.48 4214.39
2237.71 4215.65
2237.53 4213
2237.36 4219.04
2237.01 4213.28
2236.92 4224.57
2237.68 4217.78
2237.61 4228.69
2237.71 4231.84
2237.69 4232.59
2237.85 4238.46
2237.2 4227.19
2237.22 4226.05
2237.77 4207.27
2237.81 4197.84
2234.5 4193.14
2235.31 4194.43
2234.28 4230.11
2234.34 4222.75
2240.32 4225.43
2240.23 4230.01
2240.2 4222.23
2240.19 4210
2240.02 4197.47
2240.38 4189.37
2240.55 4185.96
2240.43 4181.44
2241.42 4186.71
2241.44 4190.79
2241.94 4192.81
2241.94 4190.15
2242 4193.16
2242.02 4185.54
2242.12 4188.21
2243.12 4186.21
2243.33 4173.82
2242.07 4167.14
2241.55 4162.56
2243.65 4159.8
2243.62 4154.65
2243.9 4166.14
2244.09 4178.92
2244.09 4163.35
2244.01 4157.84
2243.85 4149.47
2243.85 4152.93
2244.18 4205.78
2244.24 4233.86
2244.44 4219.6
2245.11 4217.99
2245.98 4226.36
2246.12 4238.37
2246.1 4235.27
2246.08 4230.5
2245.98 4227.75
2245.8 4228.17
2245.63 4232.65
2245.91 4226.16
2245.8 4227.85
2245.78 4233.38
2245.82 4233.89
2245.51 4232.48
2245.56 4234.38
2245.43 4238.29
2251.35 4122.62
2250.91 4113.42
2251.5 4123.89
2251.41 4129.55
2252.14 4122.41
2252.27 4126.43
2252.3 4141.03
2252.76 4138.42
2252.95 4140.36
2253.77 4141.48
2253.7 4154.47
2255.43 4165.55
2255.26 4165.59
2255.42 4164.96
2255.39 4163.57
2255.45 4155.32
2255.12 4146.53
2255.19 4153.79
2255.07 4145.45
2255.05 4140.58
2255.08 4124.49
2255.23 4132.38
2255.06 4140.05
2254.84 4142.69
2254.57 4147.78
2254.64 4152.99
2253.98 4156.44
2253.96 4165.8
2253.87 4174.59
2254.72 4198.26
2254.5 4213.14
2254.15 4210.49
2254.51 4192.38
2254.89 4189.65
2254.9 4203.77
2255.27 4200.49
2255.32 4200.65
2255.14 4204.22
2254.52 4210.07
2254.08 4213.08
2254.08 4215.35
2254.1 4214
2253.87 4217.08
2253.92 4206.29
2253.86 4196.83
2254.46 4187.96
2254.45 4185.04
2255 4156.63
2254.94 4150.86
2254.93 4144.18
2254.79 4151.37
2254.67 4155.88
2254.69 4150.38
2255.3 4150.17
2257.4 4178.75
2257.41 4209.91
2257.64 4246.72
2257.72 4232.1
2257.26 4243.65
2257.43 4249.05
2257.43 4255.97
2257.54 4260.7
2257.96 4268.75
2258.42 4290.03
2258.55 4305.06
2258.55 4308.31
2258.31 4314.88
2258.19 4322.38
2258.18 4324.8
2258.2 4327.43
2258.18 4330.99
2258.12 4331.24
2258.15 4329.92
2258.19 4332.58
2259.04 4349.55
2259.1 4325.46
2259.11 4306.96
2258.93 4305.51
2257.65 4314.01
2257.57 4271.47
2257.26 4258.74
2257.25 4256.74
2256.09 4277.93
2255.87 4283.43
2255.87 4280.98
2255.96 4272.58
2255.92 4268.87
2255.15 4249.56
2255.09 4237.3
2255.11 4228.45
2255.11 4225.81
2255.46 4214.88
2255.46 4214.66
2255.35 4210.93
2254.74 4202.08
2255.51 4222.81
2255.36 4223.4
2255.37 4211.39
2255.52 4212.53
2255.53 4229.74
2255.89 4243.35
2255.88 4247.35
2256.05 4250.52
2256.18 4254.08
2256.17 4255.77
2255.82 4263.49
2255.85 4270.19
2255.52 4271.63
2255.3 4271.94
2256.63 4277.78
2256.81 4285.99
2257.32 4272.44
2257.46 4290.8
2258.07 4289.44
2258.06 4287.26
2258.15 4293.62
2258.15 4295.88
2258.08 4309.93
2257.73 4326.33
2257.74 4332.06
2257.1 4330.76
2256.82 4336.35
2256.76 4344.89
2256.72 4348.41
2256.69 4350.5
2256.2 4347.96
2256.08 4352.64
2256.05 4353.27
2256.06 4352.98
2256.45 4355.46
2258.45 4358.93
2258.49 4371.53
2258.59 4373.55
2258.53 4379.31
2258.36 4387.92
2258.53 4390.05
2258.5 4394.88
2258.06 4397.53
2258.2 4392.94
2258.1 4392.18
2258.13 4393.29
2258.31 4391.52
2258.18 4364.44
2258.2 4316.39
2259.11 4319.56
2259.66 4325.44
2259.54 4325.61
2259.61 4327.7
2264.18 4288.06
2264.02 4310.02
2264.15 4317.32
2264.22 4337.6
2264.44 4341.3
2264.41 4349.96
2264.24 4340.08
2264.3 4336.33
2265.17 4342.85
2264.75 4331.83
2264.78 4343.4
2265.07 4340.42
2265.86 4317.55
2265.78 4330.17
2265.59 4335.11
2265.6 4342.95
2265.84 4346.35
2265.71 4364.65
2265.6 4383.06
2265.28 4396.67
2265.56 4398.89
2264.7 4397.74
2264.72 4392.84
2264.4 4383.95
2264.42 4389.97
2264.54 4389.47
2264.52 4384.07
2264.3 4373.21
2264.16 4365.54
2262.91 4360.15
2263.12 4351.99
2263.13 4357.04
2263.13 4362.83
2262.75 4358.33
2262.73 4358.41
2262.57 4347.69
2262.67 4323.64
2262.85 4330.45
2262.86 4329.08
2262.84 4326.11
2262.69 4319.73
2262.64 4328.24
2262.57 4326.34
2262.59 4332.29
2262.45 4332.46
2262.39 4328.01
2262.45 4324.7
2262.46 4322.12
2263.09 4318.37
2263.55 4316.71
2263.78 4332.02
2263.8 4325.98
2263.93 4327.37
2264.06 4327.04
2264.24 4327.5
2264.47 4343.28
2264.47 4357.83
2264.73 4355.21
2264.57 4352.56
2264.81 4349.7
2264.73 4351.02
2264.75 4350
2263.88 4343.81
2263.9 4346.97
2263.67 4360.06
2263.67 4367.81
2263.72 4356.22
2263.53 4340.43
2263.48 4330.43
2263.51 4329.33
2263.51 4328.76
2263.48 4335.13
2263.68 4333.62
2263.76 4330.71
2263.98 4325.63
2263.95 4331.62
2263.95 4335.71
2263.35 4310.19
2263.21 4309.1
2263.31 4326.24
2263.29 4333.03
2262.75 4332.68
2262.9 4334.87
2263.12 4345.54
2263.34 4359.21
2263.33 4367.58
2263.65 4380.98
2262.89 4403.76
2262.79 4398.94
2262.84 4376.24
2262.85 4368.55
2262.89 4367.44
2263.16 4354.74
2264.55 4349.5
2264.73 4339.34
2263.74 4358.52
2263.73 4378.14
2263.82 4376.61
2263.83 4368.62
2263.81 4357.21
2263.58 4383.87
2263.57 4394.6
2263.56 4401.46
2263.54 4403.31
2263.61 4416.58
2263.61 4424.17
2263.69 4427.26
2263.67 4428.21
2263.64 4421.33
2264.38 4423.92
2264.31 4433.88
2264.31 4434.94
2264.4 4435.16
2264.52 4432.37
2263.43 4442.41
2263.38 4446.24
2263.09 4412.78
2263.02 4382.57
2263.16 4374.54
2263.54 4371.6
2263.34 4371.34
2263.58 4371.61
2263.65 4371.7
2263.66 4373.33
2264.02 4364.55
2262.94 4361.03
2262.81 4359.32
2262.93 4354.83
2262.51 4360.31
2262.52 4358.1
2263.23 4354.85
2263.21 4357.41
2262.82 4351.44
2262.78 4353.66
2262.83 4351.07
2263.01 4354.38
2263.51 4365.94
2263.6 4368.6
2263.83 4363.03
2263.92 4363.24
2263.94 4363.82
2263.73 4375.26
2263.63 4390.87
2264.07 4382.22
2264.45 4383.58
2261.77 4356.51
2260.72 4349.94
2260.02 4321.37
2260.17 4316.45
2260.18 4310.89
2260.25 4303.63
2261.94 4401.88
2262.17 4421.34
2262.69 4300.49
2262.64 4322.36
2262.54 4304.27
2262.55 4306.49
2263.18 4287.4
2263.19 4271.58
2263.56 4266.35
2263.69 4262.37
2265.47 4210.99
2265.26 4197.86
2265.41 4146.38
2267.28 4152.82
2267.22 4152.89
2267.22 4153.08
2267.61 4142.52
2267.56 4149.69
2267.23 4150.5
2267.22 4148.42
2267.41 4150.3
2267.71 4163.08
2267.88 4174.02
2267.9 4177.71
2268.96 4174.53
2268.49 4170.47
2268.5 4175.88
2268.35 4184.89
2268.33 4186.06
2268.35 4183.02
2268.67 4182.07
2268.61 4195.97
2268.6 4204.64
2268.36 4200.29
2268.28 4194.13
2268.28 4190.06
2268.52 4187.49
2268.51 4183.04
2268.05 4181.5
2268.04 4185.27
2268.04 4185.91
2268.74 4189.84
2268.73 4191.95
2268.74 4189.26
2268.72 4176.97
2268.7 4169.19
2268.32 4155.41
2268.32 4152.51
2268.39 4152.44
2268.36 4156.7
2267.07 4141.51
2269.17 4132
2269.17 4132.01
2268.99 4145.39
2269.03 4157.25
2268.83 4163.21
2268.51 4178.64
2268.53 4181.5
2268.53 4184.95
2268.54 4179.44
2268.5 4186.88
2269.16 4191.99
2269.13 4193.94
2269.75 4201.39
2269.75 4210.62
2269.87 4212.06
2269.31 4201.91
2269.32 4207.22
2269.24 4222.57
2269.38 4219.17
2269.36 4217.41
2269.26 4228.84
2269.23 4228.97
2269.56 4229.99
2269.03 4233.19
2270.01 4232.71
2270.05 4233.26
2270.05 4232.86
2269.53 4252.17
2269.4 4252.25
2269.39 4251.08
2269.3 4252.64
2269.41 4257.11
2269.43 4263.93
2269.18 4282.26
2269.33 4281.69
2269.24 4276.39
2270.68 4246.08
2270.92 4239.87
2270.93 4243.2
2270.95 4243.45
2270.64 4236.95
2270.62 4247.54
2270.66 4238.28
2270.09 4224.03
2269.55 4246.96
2270.37 4250.72
2270.4 4254.55
2270.38 4258.7
2270.35 4265.48
2270.35 4266.67
2270.35 4268.35
2269.96 4282.13
2269.87 4292.86
2269.8 4296.76
2269.73 4298.52
2269.67 4297.07
2269.66 4294.49
2269.53 4290.79
2269.5 4283.1
2269.32 4272.65
2269.28 4263.43
2268.81 4202.98
2268.84 4199.47
2268.86 4190.98
2268.8 4194.1
2268.9 4183.55
2268.84 4187.87
2268.39 4178.69
2267.45 4167.72
2267.37 4164.34
2267.22 4158.03
2267.05 4117.76
2268.3 4096.59
2268.42 4078.27
2268.5 4076.1
2268.55 4074.57
2268.63 4080.5
2268.6 4083.06
2268.47 4085.66
2269.63 4062.87
2269.86 4057.85
2269.85 4045.35
2270.27 4039.81
2270.29 4042.55
2270.24 4046.03
2270.22 4061.8
2269 4078.13
2270.19 4195.69
2270.49 4192.33
2270.82 4192.19
2270.83 4184.83
2270.93 4174.77
2270.9 4169.49
2270.44 4165.81
2270.44 4169.67
2270.41 4173.44
2270.51 4182.47
2270.24 4196.43
2270.17 4197.71
2270.16 4200.36
2270.28 4196.72
2270.48 4197.82
2270.75 4203.05
2270.7 4206.57
2270.31 4211.19
2270.15 4219.09
2269.82 4234.1
2270.01 4240.94
2269.93 4244.44
2269.81 4247
2269.79 4250.37
2269.8 4251.97
2270.96 4271.27
2270.96 4274.44
2270.93 4275.83
2270.76 4262.58
2270.77 4228.47
2272.47 4213.93
2273.11 4237.37
2273.08 4238.56
2272.94 4256.81
2272.78 4253.03
2272.81 4250.83
2273.07 4254.36
2273.14 4250.78
2273.02 4247.92
2273.02 4254.06
