200.797 0
265.576 0
267.092 0
272.213 0
321.134 0
321.531 0
346.632 0
410.26 0
432.217 0
441.015 0
471.777 0
497.712 0
497.807 0
506.98 0.120074
578.866 4.64472
579.797 4.60542
605.069 4.52015
638.886 4.51404
641.552 4.51404
695.02 7.75524
704.939 7.60911
688.696 22.1121
697.065 25.2491
701.379 49.9284
717.808 66.8685
715.825 70.0655
747.068 73.4394
750.43 74.6275
751.862 74.6728
751.949 74.2684
750.998 73.6905
759.607 72.5135
789.044 63.4541
806.59 100.643
807.137 119.564
806.545 100.477
811.876 103.401
824.413 108.691
995.116 363.458
999.707 472.918
1068.72 539.03
1067.62 572.276
1067.91 554.645
1059.16 616.548
1060.42 653.231
1090.17 743.327
1093.86 798.807
1101.33 818.574
1114.49 890.065
1134.28 857.997
1140.59 832.082
1141.48 846.87
1145.99 1429.35
1260.5 1634.93
1261.64 1559.3
1256.97 1616.03
1256.54 1661.4
1252.17 1670.2
1252.15 1598.28
1265.32 1569.1
1270.69 1720.51
1244.82 1911.88
1251.48 2108.34
1250.34 2229.26
1250.66 2234.29
1256.52 2257.38
1264.16 2312.73
1296.27 3006.72
1296.24 3097.91
1301.9 3199.4
1309.45 3179.56
1275.73 3564.98
1275.38 3737.92
1263.16 3820.35
1256.55 4028.89
1177.17 4288.58
1180.6 4963.01
1177.87 5263.95
1180.93 5440.45
1174.08 5555.33
1178.66 5618.45
1185.33 5628.31
1189.21 5575.33
1185.44 5886.34
1198.1 6104.31
1199.75 5841.29
1222.87 5879.33
1223.01 5946.06
1220.29 5924.37
1230.04 6047.92
1227.49 6049.68
1244.56 6102.24
1240.78 6088.91
1240.35 6074.79
1223.6 6184
1199.85 6570.53
1198.31 6697.13
1206.9 6595.33
1175.26 6415.86
1226.84 6480.6
1225.09 6811.58
1224.81 6722.36
1226.63 6742.63
1213.58 6872.09
1210.87 6979.82
1250.22 7201.16
1237.73 7196.72
1213.26 7328.69
1208.13 7557.86
1218.76 7705.83
1221.61 7718.21
1223.44 7602.62
1262.38 7671.91
1262.58 7691.82
1255.3 7679.59
1251.47 7724.63
1252.16 7715.44
1250.01 7682.91
1253.92 7614.47
1266.4 7572.63
1265.35 7573.98
1266.74 7429.52
1266.86 7447.04
1268.74 7406.08
1277.11 7299.9
1278.07 7228.58
1278.48 7227.21
1271.2 7355.65
1265.85 7439.03
1272.66 7367.24
1276.11 7356.14
1276.92 7401.88
1277.36 7488.83
1280.68 7583.92
1283.23 7541.02
1285.11 7600.12
1283.51 7619.13
1285.29 7785.22
1288.24 7943.97
1286.35 7965.79
1298.9 8097.1
1300.34 8071.61
1299.87 8373.31
1299.73 8469.33
1306.26 8568.84
1307.23 10328
1296.11 9802.29
1294.58 9656.24
1294.79 9493.32
1292.83 9310.83
1293.18 9171.96
1290.72 9202.89
1293.48 9249.96
1293.53 9176.55
1285.8 9403.99
1335.77 9364.76
1335.38 9695.65
1333.59 9844.37
1299.44 9947.07
1299.03 10046.5
1299.36 10124.6
1302.36 10131.4
1302.4 10035.7
1302.18 9981.41
1301.98 9991
1305.98 9949.26
1307.74 9950.94
1309.03 10044.4
1308.61 10000.7
1304.34 9951.24
1303.23 9934.07
1303.85 9913.71
1298.61 10166.8
1305.17 10273.8
1309.66 10276.8
1301.95 10450.4
1303.26 10637.1
1300.35 10610.4
1307.09 10528.5
1305.89 10572.6
1306.48 10572.2
1306.15 10478.7
1305.88 10457
1305.81 10428.9
1295.54 10755.2
1306.49 10810.2
1309.83 10819.5
1310.2 10781.4
1311.24 10755.4
1309.47 10664.9
1309.48 10808.8
1303.36 10870.8
1289.2 10976.1
1290.24 11101.7
1290.66 11177.3
1288.07 11245.6
1288.04 11185.6
1287.86 11112.4
1288.61 11118.5
1300.65 10945.9
1302.76 10973.3
1305.99 10934.6
1311.14 11017.7
1315.66 11050.9
1320.77 11028.4
1319.79 11116.6
1336.66 11426.1
1336.66 11498.2
1337.5 11550.3
1342.22 11782.6
1342.22 11807.3
1341.79 11750.7
1340.15 11713.5
1341.2 11659.9
1335.75 11675.7
1338.54 11701.6
1338.81 11706.6
1342.31 12164.5
1346.12 11902.7
1350.78 11942.5
1358 12061.7
1356.31 12440.8
1361 12686.6
1362 13076.8
1359.47 12629.8
1359.46 12635.8
1360.04 12585.6
1360.32 12564.8
1362.09 12591.8
1360.34 12593.9
1360.08 12663.7
1362.87 12775
1364.73 12827.2
1364.12 12849.9
1362.74 12848.6
1364.5 12861.6
1360.3 12964.5
1358.89 12930.6
1362.02 12871.4
1362.52 12805
1362.04 12724.5
1358.64 12738.6
1363.09 12757.3
1363.15 12609.9
1362.58 12822.6
1366.12 12869
1363.28 12869.6
1362.26 12921
1365.89 12946.6
1363.86 12826.7
1362.27 12967.3
1366.63 12988.1
1367.09 12971.6
1366.43 12991.6
1366.45 13012.4
1367.73 13052.2
1371.77 13107
1373.56 13100.1
1374.8 13093.9
1374.32 13113.9
1368.26 13259.6
1366.81 13269.9
1362.31 13402
1363.76 13464.2
1364.24 13502.5
1368.99 13570.6
1368.78 13490.7
1378.35 13559.6
1378.18 13598.8
1382.13 13587.9
1383.2 13517.8
1384.49 13458.1
1384.45 13384.2
1383.49 13309.4
1382.55 13274.1
1383.13 13294.4
1382.9 13307.8
1385.25 13295.3
1387.82 13311.4
1384.71 13201
1385.62 13334.6
1385.47 13320.5
1385.49 13341.5
1393.45 13671.6
1396.7 13722.6
1398.76 13739.7
1398.57 13781
1398.4 13802.9
1398 13797.8
1396.81 13795.1
1397.74 13884.6
1399.3 13907.3
1399.01 13887.1
1400.42 13863.2
1405.53 13864.1
1406.07 13894.7
1406.29 13892.4
1405.27 13898
1418.61 13902.1
1422.04 13953.3
1422.37 13956.3
1423.18 14001.6
1424.86 14045.3
1425.63 14076.3
1426.72 14359.1
1426.2 14370.6
1426.29 14322.6
1426.33 14364.8
1427.33 14425.2
1427.32 14478.7
1423.06 14472.9
1423.25 14463.8
1422.53 14433.6
1423.75 14398.8
1423.85 14372.5
1456.53 15541.8
1445.32 15074.9
1445.42 15293.4
1443.33 14925.1
1442.03 14787.7
1442.49 14732.6
1441.28 14755.4
1442.89 14831
1443 14779.5
1442.8 14751.3
1432.52 15003.4
1432.85 14981.5
1433.2 14960.1
1432.51 14946.3
1433.78 14878.2
1435.68 14821.2
1435.46 14817.7
1437.71 14929.4
1435.53 14976.5
1432.19 15018.4
1432.79 15042.8
1432.9 15058.3
1432.83 15086.3
1433.6 15112.9
1435.75 15136.7
1437.55 15136.8
1438.97 15176
1435.5 15797.7
1434.89 15839
1444.04 16175.6
1446.68 15893.6
1442.11 15858.5
1447.13 15835
1448.29 15843.1
1451.07 15886.2
1451.1 15888.4
1450.79 15868.3
1451.9 15868.6
1452.95 15851.7
1448.88 15881.7
1449.49 15874
1451.63 15942
1453.48 16311.9
1451.94 16428.6
1451.7 16450.2
1452.35 16489.7
1453.07 16478.1
1453.25 16622.2
1451.02 16574.8
1451.5 16614
1455.69 16655.7
1454.87 16639.6
1465.24 16604.2
1463.41 16519.8
1464.29 16534.1
1464.28 16524.9
1464.38 16468.4
1464.84 16423.5
1466.15 16565.1
1466.69 16439.8
1466.35 16467.3
1474.1 16517.6
1473.97 16591.4
1471.02 16423.7
1427.78 16610.1
1427.05 16551.6
1425.46 16578.3
1425.86 16498.2
1425.62 16457.8
1425 16454.9
1426.89 16462.3
1426.2 16445.9
1426.18 16423.8
1426.07 16410.7
1426.22 16388.8
1428.23 16360.7
1428.49 16357.9
1428.02 16348.9
1427.96 16357.5
1428.07 16362.9
1428.02 16365.9
1428.69 16371.4
1428.75 16375.1
1432.7 16372.6
1439.74 16467.7
1439.97 16346.9
1440.01 16394.7
1441.03 16412.6
1441.07 16432
1441.29 16417.1
1437.94 16454.2
1439.68 16484.5
1439.83 16523.3
1442.62 16582.2
1442.1 16659
1442.24 16772.5
1441.84 16807
1441.8 16807.5
1442.29 16772
1441.25 16752.1
1440.7 16759.4
1441.17 16634
1440.08 16725.6
1440.1 16650.2
1440.69 16634.9
1442.6 16732.9
1447.27 16727.3
1448.88 16809.6
1449.03 16844.1
1448.88 16737.3
1447.12 16724.3
1448.31 16667.6
1448.27 16642.5
1448.71 16644.8
1447.67 16706.6
1447.51 16719.5
1447.92 16726.3
1447.69 16731
1441.92 16693.6
1442.26 16799.6
1441.47 16809.2
1440.16 16851.3
1439.84 16869.9
1439.76 16882.4
1438.47 16876.5
1438.66 16936.1
1438.43 16985.5
1438.52 17032.1
1438.7 17069.2
1440.64 17068
1441.26 16962
1444.13 17032.4
1444.34 17037.1
1440.54 17085.4
1441.16 17092.7
1442.44 17113.7
1441.88 17107.6
1442.01 17110.5
1444.14 17138.3
1443.88 17217.6
1444.98 17231.2
1446.55 17224.1
1446.54 17251.6
1447.65 17322.7
1448.19 17774
1443.26 18054.1
1444.6 18179.9
1445.24 18331.7
1445.22 18436.6
1445.05 18757.3
1445.4 18794.3
1446.24 18819.2
1447.46 18953
1447.76 19007.4
1447.04 19088.6
1449.38 19202.2
1449.39 19273.3
1449.82 19292.8
1449.88 19314.3
1449.88 19322
1449.94 19315.1
1447.75 19328
1447.89 19309.3
1449.62 19411.7
1452.67 19464
1452.58 19452.7
1448.83 19410.8
1449.17 19412.1
1450.71 19424.6
1450.65 19436.5
1441.81 19594.5
1442.62 19226.6
1443.08 19192.9
1443.71 19183
1442.94 19163
1442.35 19113.1
1442.2 19086.9
1441.99 19043.7
1451.55 19194.7
1451.46 19127.7
1450.29 19123.6
1450.11 19112.5
1449.94 19095.4
1449.74 19080.1
1449.86 19095.2
1449.89 19091.9
1444.26 18994.6
1444.16 19014.1
1445.21 19055.2
1445.96 19098.7
1446.03 19096.6
1446.01 19098.2
1446.16 19070.8
1445.56 19145.6
1445.96 19220.6
1446.18 19216.5
1446.19 19194.5
1445.27 19137
1445.42 19087
1443.51 19118.4
1442.98 19085.4
1442.5 19051.9
1442.34 19163.1
1441.64 19243.4
1440.44 19353.1
1440.43 19326.4
1440.85 19388
1441.37 19420.2
1441.89 19434.5
1439.8 19456.3
1440.7 19430.6
1441.44 19412.8
1440.89 19408.8
1441.85 19310.2
1444.46 19227.4
1444.56 19146.2
1443.42 19128.2
1443.36 19093.2
1443.38 19150.7
1443.62 19168.3
1444.14 19113.4
1442.49 19091.8
1442.19 19110.7
1441.72 19112.3
1441.26 19073.2
1441.72 19033.9
1441.71 19001.2
1442.57 19018.7
1441.72 19013.4
1441.75 19026.7
1438.5 19029.1
1438.48 19057.5
1439.32 19055.5
1439.18 18979.8
1437.47 19040
1436.74 19087.3
1436.87 19141.6
1436.49 19021.9
1442.93 19054.7
1443.49 19161.9
1441.13 19151.8
1440.54 19221.6
1440.69 19261.6
1442.28 19322.9
1449.66 19486.1
1450.24 19674.9
1450.25 19685.8
1449.61 19694.6
1452.08 19787.4
1453.12 19798.4
1453.31 19802.2
1452.67 19774.7
1452.38 19762.7
1452.43 19760.2
1452.5 19741.5
1453.05 19777.8
1452.2 19724.3
1452.22 19745.9
1450.55 19743.1
1451.03 19771.5
1450.67 19873.9
1452.41 19893.3
1452.29 19827.4
1452.67 19857.1
1452.77 19862.3
1452.76 19852.4
1453.59 19832.8
1457.39 19864.1
1455.4 19840.1
1455.12 19901.8
1454.87 19893.7
1455.06 19869.8
1454.53 19877.8
1454.58 19730.3
1454.57 19730.1
1454.55 19729.9
1454.45 19714.2
1453.91 19648.3
1449.96 19617.6
1448.91 19615.4
1448.9 19510.9
1448.99 19555
1450.01 19787.7
1450.07 19788.3
1451.05 19816.3
1449.31 19920.8
1447.56 19885.2
1448.7 19936.9
1448.73 19952.6
1448.95 19967.3
1448.95 19946.4
1449.04 19932.3
1449.01 19930
1449.15 19927.5
1449.24 19925
1449.24 19910.8
1449.25 19922.1
1450.38 19901.2
1450.28 19858.9
1449.85 19814.5
1449.8 19791.2
1454.95 19773.3
1455.39 19777
1455.43 19779
1455.74 19799.3
1460.92 19904.3
1461.12 19946
1461.24 19937.3
1460.87 19939.5
1460.71 19933.3
1458.63 19833.6
1459.65 19748.1
1458.3 19748.8
1458.33 19716.7
1459.67 19754.5
1459.48 19734.8
1459.75 19705.6
1461.03 19707.1
1461.03 19703.7
1460.98 19704.5
1461 19719.7
1461.14 19711.8
1462.81 19731.8
1463.58 19747.1
1462.86 19741.9
1463 19725.4
1465.29 19727
1464.94 19801.3
1465.78 19816.4
1465.8 19796.9
1466.35 19956.8
1466.5 19998.6
1466.06 19984.8
1465.66 20001.2
1465.37 20018
1465.38 20002
1467.11 20005.4
1467.18 20046.1
1467.66 20058.3
1467.93 19998.2
1467.93 20018.5
1466.84 20058
1468.48 20101
1468.48 20117.4
1471.41 20158.6
1471.42 20169.1
1471.53 20128.4
1490.46 20148.4
1491.3 20129.1
1491.17 20019.8
1490.21 19864.5
1490.16 19837.5
1490.73 19851.6
1490.69 19822.4
1490.77 19819.6
1490.98 19807.4
1491.91 19824
1493.08 19844.1
1493.71 19806.6
1493.72 19776
1494.06 19770.6
1494.08 19769.8
1493.57 19760.9
1493.8 19757.7
1491.92 19786.3
1493.06 19802.2
1492.49 19830.4
1492.51 19823.2
1492.43 19812.4
1493.13 19842.4
1493.58 19849
1493.38 19849.6
1493.39 19809.5
1493.5 19655.8
1494.32 19624.3
1494.69 19672.9
1496.33 19705.5
1496.5 19782.2
1496.46 19827.7
1496.47 19851.8
1496.72 19905
1497.35 19890.1
1497.37 19899.4
1496.51 19900.9
1496.32 19904.2
1495.82 19895.3
1496.06 19923.7
1496.58 19972.4
1495.5 19995.3
1495.76 20046.5
1495.76 20084.2
1496.09 20093.4
1499.89 20103.6
1499.67 20104.9
1499.92 20120.3
1499.7 20076.5
1499.09 20072.5
1499.15 20086.3
1499.49 20096.2
1500.1 20083.5
1499.93 20118.8
1499.7 20186.4
1500.29 20230.1
1499.75 20241.4
1499.26 20224.8
1499.7 20473
1499.86 20537.5
1499.44 20490.6
1500.18 20479.5
1499.58 20474.2
1499.56 20473
1498.87 20354.7
1498.18 20322.9
1497.98 20308.9
1499.1 20488.6
1500.47 20470.2
1500.54 20455.5
1501.57 20427.8
1501.12 20350.6
1501.34 20392.4
1501.18 20363.7
1501.17 20385.9
1501.28 20305.5
1501.98 20345.1
1501.98 20316.1
1500.66 20312.9
1501.44 20322.9
1501.58 20310.5
1501.96 20281.4
1502.04 20247.3
1502.52 20262.3
1502.18 20280.8
1501.61 20344.4
1502.04 20387.3
1501.88 20393.9
1501.5 20384.8
1502.18 20410.6
1501.93 20414.6
1501.47 20422.3
1501.33 20366.2
1501.34 20336.2
1501.87 20307.2
1502.96 20130.4
1503.03 20160.8
1506.56 20194.9
1506.74 20219.9
1506.55 20228.3
1505.83 20244.3
1505.13 20221
1505.27 20243.1
1505.9 20308.6
1505.88 20273.8
1507 20248.5
1507.44 20255.8
1507.37 20340.5
1507.57 20297.8
1507.77 20332.2
1505.92 20323.2
1505.96 20317.9
1504.52 20360.7
1504.49 20361
1504.65 20336.9
1504.11 20369.4
1504.93 20370.3
1504.57 20396
1503.06 20412.7
1503.12 20435.8
1503.18 20487.1
1502.87 20492.2
1502.8 20522.6
1505.28 20626.6
1503.64 20616.7
1504.21 20635.4
1504.01 20654.3
1502.69 20655.7
1502.7 20661.9
1502.84 20667.7
1502.74 20683.5
1502.36 20694.4
1502.41 20704.1
1502.64 20665.4
1502.45 20593.4
1502.43 20662.4
1502.64 20692.7
1502.53 20714.8
1503.36 20724.6
1503.32 20756.5
1502.97 20738.7
1503.2 20767.6
1503.31 20773.4
1503.29 20794
1503.32 20795
1503.26 20788.4
1504.06 20892.9
1504.16 20892.5
1505 20873.4
1505.19 20874.5
1505.04 20843.1
1505.58 20807.6
1507.72 20906
1506.87 20935.5
1507.19 20947.7
1508.11 20944.1
1508.03 20951.9
1507.34 21025.7
1506.9 21057.3
1505.78 21098.6
1506.26 21124.8
1506.15 21149.3
1505.39 21179.7
1505.41 21204.8
1511.31 21269.7
1511.98 21235.7
1512.07 21245.8
1511.83 21001.9
1512.2 21022.6
1511.56 21119.6
1510.02 21145.9
1509.84 21110.3
1509.83 21112.5
1508.94 21060.5
1505.74 21073.6
1504.66 21131.6
1504.66 21185.7
1505.59 21253.9
1506.39 21308.9
1519.52 21326.9
1521.15 21288.5
1519.22 21259.1
1519.38 21250.6
1519.93 21300.2
1519.7 21316
1520.09 21352
1520.07 21350.1
1519.55 21330.6
1519.45 21316.8
1519.75 21342.5
1520.02 21343.8
1520.17 21343
1520.13 21372.3
1520.27 21386.1
1520.15 21434.5
1519.86 21464.3
1518.93 21375.9
1518.81 21409.4
1518.85 21483.6
1519.47 21520.7
1520.51 21535.1
1520.31 21471.5
1520.49 21537.8
1518.97 21590.6
1519.14 21627.8
1519.18 21613.4
1519.22 21581.7
1522.65 21548.6
1522.54 21599.5
1520.53 21655.1
1520.49 21649.7
1520.34 21613.2
1520.36 21613.5
1520.38 21608.9
1520.5 21570.3
1520.53 21554.3
1520.32 21558.5
1520.29 21432.1
1520.18 21476.9
1519.24 21462.2
1520.37 21491.8
1520.44 21537.9
1520.34 21556.1
1520.5 21566.4
1520.49 21594
1520.48 21603.1
1520.64 21590.9
1520.38 21586.8
1520.31 21581.6
1521.03 21536.7
1521.63 21549.8
1522.04 21555.9
1522.08 21560.8
1522.17 21563.5
1522.42 21577.3
1522.49 21568.5
1522.55 21568.6
1523.39 21588.2
1521.72 21620.3
1521.79 21618.1
1521.37 21645.4
1521.11 21596.6
1521.08 21603.3
1521.03 21608.3
1521.17 21601.4
1521.3 21589.6
1521.64 21590
1520.78 21655.2
1520.84 21677.3
1520.7 21661.9
1520.06 21616.5
1520.05 21608.9
1520.88 21662.5
1518.65 21652.3
1518.64 21656.5
1518.01 21646.9
1517.85 21666.8
1518.01 21677.3
1518.05 21678.7
1516.33 21665
1517.96 21703.8
1518.12 21698.6
1518.48 21732.2
1518.36 21758.5
1518.06 21750
1519.22 21759.4
1519.14 21737.2
1519.15 21743.4
1518.31 21733.3
1518.36 21723
1518.28 21699.5
1518.21 21701
1519.49 21677.7
1519.51 21692.1
1519.6 21710
1519.88 21732.1
1520.22 21741.9
1519.34 21733.3
1519.33 21752.8
1519.08 21703.7
1520.21 21744.1
1519.86 21786.2
1519.63 21772
1523.34 21762.4
1524.69 21775.7
1527.24 21810.6
1527.29 21801.9
1528.22 21780.6
1528.32 21837.7
1527.97 21794.4
1527.93 21771.3
1527.88 21773.9
1527.82 21780.1
1527.72 21789.8
1521.82 21745.5
1521.12 21715.3
1521.33 21668.8
1520.28 21658.8
1522.91 21829.4
1522.95 21679.8
1521.26 21743.6
1521.32 21742.6
1521.49 21741.3
1521.54 21728.1
1521.34 21773
1521.1 21785.7
1521.2 21789.4
1520.98 21815
1521.16 21820.9
1520.8 21894.9
1520.62 21905.3
1520.94 21908.5
1519.14 21856.3
1519.3 21882.9
1519.78 21879.3
1519.55 21877.1
1519.52 21886.8
1519.35 21810.6
1519.16 21865.3
1518.48 21771.9
1518.33 21752.1
1518.31 21739.4
1519.12 21744.8
1519.42 21760.9
1518.01 21760.8
1517.57 21770.4
1517.54 21772.2
1518.37 21805.1
1519.6 21760
1521.05 21782.5
1520.96 21827.7
1520.82 21842
1520.31 21858
1520.35 21849.1
1519.31 21901.2
1519.56 22019.9
1519.94 22046.2
