327.078 20.1365
427.923 25.2238
429.674 25.2238
463.433 25.2238
468.736 25.2238
472.926 25.2238
536.884 28.2826
606.294 28.6136
655.392 28.7543
807.386 39.4322
807.74 39.6087
936.983 64.348
945.389 70.4531
945.891 69.9987
967.734 69.8462
996.271 72.8059
997.691 72.1668
1004.47 79.6501
1006.56 79.5604
1006.52 79.507
2557.97 27369.6
2562.26 24456.3
2584.36 21776.5
2585.05 19577.5
1123.74 42108.2
1128.28 44197.8
1129.77 45992.6
1361.83 46872.4
1368.61 46255.5
1391.5 45208.1
1392.58 43881.3
1399.95 42484.8
1387.43 41649.9
1423.71 40285.2
1424.3 38599.3
1428.75 36965.8
1444.55 36616.4
1458.57 35859.3
1515.79 35236.3
1518.59 34686.9
1528.76 34160.1
1675.17 34858.8
1685.11 38897.2
1686.63 36751.4
1710.02 35931.4
1711.88 35208
1724.16 34606.4
1724.3 34103.2
1726.34 33626.5
1732.86 33193.1
1735.57 32463.3
1745.28 32242.8
1765.92 31781.1
1779.35 31474.8
1748.22 30832.4
1747.75 30242.9
1738.33 29820.1
1732.52 29749.1
1738.77 29777.7
1732.55 29134.8
1745.25 28651.9
1712.32 29390.7
1712.4 30425.2
1712.39 29684.4
1721.86 29297.6
1709.31 40965.8
1740.03 36991.9
1784.58 38206.1
1780.15 37481.7
1839.17 37486.9
1804.42 37026.2
1810.04 35776.8
1822.28 34798.8
1827.33 33536.5
1867.46 32509.9
1876.01 31543.5
1879.74 30708.7
1882.61 30089.3
1882.07 66908.7
1871.93 76682.7
1867.14 78158.7
1869.27 73691.1
1865.31 70186.4
1864.87 66272.3
1862.82 62613
1866.17 73281.8
1859.4 69977.1
1873.4 67562.3
1887.42 65645.4
1934.1 63686.3
1896.49 62285.6
1878.95 60518.1
1871.19 58706
1870.27 57166.6
1868.27 55955.6
1847.36 54628.5
1848.2 54651.4
1848.51 53134.3
1823.79 51888
1826.9 50213.5
1828.94 65580.7
1830.48 67705.3
1833.04 56633.9
1838.7 52562.1
1863.28 51403.4
1863.41 50455.7
1864.88 49585.2
1825.07 48943.2
1826.52 47459.3
1811.02 46187.1
1802.33 47028.6
1870.79 50843.5
1872.01 48349.7
1871.95 46877.1
1872.82 44677.7
1873.57 52478.3
1874.24 50666.2
1873.78 48669.9
1865.9 47224.8
1865.88 46287.8
1857.39 44769.3
1888.66 43243.7
1881.73 43849
1871.88 44100
1882.96 44208.5
1885.23 42070.9
1919.26 41853.6
1919.24 40228.3
1927.9 39389.7
1927.92 40439.3
1927.25 39807.7
1924.68 39246.5
1929.73 38572.5
1923.35 37352.9
1918.97 36124.7
1910.18 34865.5
1912.73 33579.8
1911.24 32339.9
1906.1 31379.1
1913.06 30320.2
1914.93 29404.9
1916.8 28681.1
1908.87 28030.6
1908.85 27272.4
1909.69 26451.8
1938.44 25924.9
1936.83 26402.3
1930.78 24517.1
1933.85 24008.6
1934.24 23406.2
1959.73 23626.8
1959.99 23225.5
1963.21 22893.6
1970.39 22764.5
1973.17 22583.2
1977.73 22580.4
1989.14 22307.4
1991.08 22019.2
1990.69 21631.2
2001.32 21294.6
2012.35 20965.3
2012.64 20620.7
2012.52 20359.8
1984.73 20686.5
1986.21 20676.5
1986.36 20300.5
1985.21 19922.9
1986.44 19678.9
1986.24 19473.5
2008.29 19662.3
2008.31 19521.2
2008.41 19307.1
2007.6 19160.4
2007.69 19018.6
2031.63 19090.3
2031.56 18797.1
2031.51 18640
2020.19 18576.9
2020.35 18442
2019.2 18729
2021.19 18892.8
2016.51 18683.4
2017.4 18281
2016.38 18045.1
2017.27 17958.8
2016.41 17798.9
2021.22 17460.5
2025.68 17557.6
2025.68 17397.2
2024.97 17239.3
2025.7 17465.5
2025.51 17300.8
2024.9 17315.4
2024.86 17170.2
2024.58 17039.3
2028.28 16949.1
2025.99 16700
2025.86 16575.9
2026.66 16467.2
2029.09 16378.2
2046.19 16613.9
2047.51 16482.5
2046.96 16497
2044.47 16408.1
2043.3 16385.2
2051.56 16463.9
2051.45 16436.5
2052.65 16384.2
2052.59 16361
2053.59 16284.5
2052.57 16215.1
2053 16130.6
2055.34 16163.3
2059.13 16129.2
2066.42 16096
2068.17 16110.5
2071.03 16140.2
2069.19 16010.6
2076.75 16092.1
2076.65 16015.6
2076.54 16018.4
2077.9 16011.1
2098.28 16304.7
2101.56 16346.3
2098.73 16297.2
2102.57 16257.3
2103.6 16116.5
2102.8 16140.2
2100.7 16178.9
2100.94 16190.9
2101.86 16427
2103.57 16471.7
2101.54 16409.4
2102.69 16453.5
2107.48 16191.9
2107.55 16117.1
2108.35 16226.7
2111.77 16182
2110.21 16192
2122.81 16347.6
2121.2 16367.1
2145.68 16684.8
2150.6 16816.7
2150.28 16733.9
2157.34 16741.1
2156.72 16727.7
2169.28 16663.6
2172.52 16642.7
2173.42 16631.4
2174.64 16650.3
2180.91 16730.4
2189.23 16695.6
2193.39 16745.9
2193.4 16718.7
2189.77 16792.9
2190.27 16850.2
2194.87 16817.8
2178.98 16879.6
2181.22 16950.9
2181.39 16979.7
2181.31 16977.8
2180.64 16991.2
2179.87 16988.7
2180.2 16957.5
2174.83 17056.8
2177.16 17197.6
2177.03 17302
2171.25 17349.9
2168.92 17264.4
2169.56 17233.2
2176.02 17286.6
2175.14 17220.7
2175.94 17151.9
2176.62 17124.8
2176.69 17147.8
2180.22 17268.2
2195.59 17339.7
2195.94 17384.9
2196.4 17373.5
2195.73 17376.4
2195.54 17366.3
2199.35 17391.8
2199.25 17404.6
2200.17 17415.9
2205.03 17472.2
2205.52 17503.6
2195.1 17665.7
2195.51 17722.7
2195.59 17754.7
2195.67 17780
2195.84 17803.2
2197.27 17853.2
2196.75 17808.2
2196.24 17781
2196.38 17813.3
2195.88 17841.1
2196.02 17852.6
2194.63 17873.4
2194.53 17913.3
2194.55 17962.6
2193.87 18064.9
2193.76 18154
2188.8 18190.7
2184.72 18254.3
2185.98 18357.7
2200.47 18486.1
2202.8 18587.4
2202.88 18592.4
2203.44 18576.8
2204.6 18649.1
2197.82 19075.2
2214.83 19802.4
2214.83 19547.3
2215.17 19502.7
2215.67 19516.2
2216.74 19499.2
2221.36 19426.8
2222.09 19494.6
2221.65 19506.3
2221.43 19540.1
2213.05 19960
2213.02 19345.8
2212.99 19711.2
2212.63 19804.7
2214.12 19839.2
2215.1 19576.6
2218.62 19763.1
2219.37 19562.4
2219.33 19501.7
2219.51 19462.5
2219.08 19384.6
2218.51 19370.8
2218.64 19397.2
2216.56 19369.6
2216.74 19375.3
2216.62 19378
2217.13 19385.8
2216.85 19408.1
2224.18 19583.5
2225.73 19427.5
2224.06 19374.6
2221.98 19359.9
2225.4 19448.4
2225.13 19422.2
2223.83 19400.6
2223.97 19356.7
2224.01 19321.1
2222.5 19404.5
2221.9 19370.2
2221.61 19366.9
2225.45 19504.3
2227.62 19469.5
2227.72 19474.4
2234.75 19741.2
2235.89 19839.9
2236 19822.6
2237.97 19728.5
2238.07 19738
2237.91 19773
2237.24 19826.5
2239.76 19824
2241.83 19934.8
2241.34 19864.4
2240.69 19799.6
2240.99 19833
2240.43 19806.6
2242.12 19819.1
2243.17 19831.8
2244.65 19761.9
2244.48 19825.2
2243.49 19823.4
2244.34 19829.3
2246.42 19833.7
2249.22 19858.2
2248.13 19864
2248.18 19880.5
2257.55 19950
2257.11 19973.7
2258.84 20041.8
2258.84 20036.7
2256.96 20047.7
2256.53 20075.6
2257.19 20097.3
2264.15 20267.7
2264.07 20283.1
2263.67 20267.3
2279.92 20686.5
2277.43 20914.8
2276.82 20941.5
2276.7 20987.2
2276.12 21005.3
2278.08 21123.7
2278.09 21096.2
2278.79 21142.2
2278.82 21133.5
2280.38 21205.4
2280.43 21229.1
2280.79 21239.9
2280.86 21246.5
2279.1 21229.4
2278.99 21216.9
2278.82 21171.8
2278.9 21150.2
2279.23 21136.9
2283.04 21234.4
2281.98 21178.4
2282.07 21192.8
2270.97 21232.8
2270.98 21227.5
2271.17 21210.6
2286.08 21288.8
2285.9 21271.4
2290.22 21336.5
2289.22 21333.9
2290.3 21351.1
2289.36 21393.9
2290.46 21411
2290.77 21445.8
2290.71 21444.5
2289.71 21435.4
2289.54 21433.6
2288.2 21502.5
2288.2 21503.2
2287.91 21523.3
2287.94 21533.1
2288.04 21537.1
2283.28 21808.9
2283.3 21727.7
2283.7 21702.3
2285.95 21670.7
2286.97 21647.9
2288.38 21659.4
2288.71 21669.1
2288.52 21647
2289.2 21693.7
2289.94 21701.7
2291.34 21748.6
2291.33 21705.1
2291.39 21711.2
2291.41 21680.2
2292.84 21771
2292.81 21682.3
2295.95 21673.9
2295.82 21552.6
2296.26 21577
2295.57 21517.3
2294.32 21443.5
2294.9 21465.3
2292.85 21485.4
2292.45 21476.5
2292.65 21474.2
2293.42 21587.4
2293.34 21539.6
2293.57 21546.1
2293.42 21402.9
2293.42 21415.5
2293.59 21409.4
2292.82 21367.1
2295.79 21388.6
2296.03 21382.8
2298.97 21514
2298.88 21519.5
2298.7 21500.6
2298.83 21429.1
2298.68 21388
2298.78 21333.9
2301.55 21399.8
2303.23 21496.5
2303.22 21444.3
2303.13 21442.1
2303.94 21476
2304.34 21511.3
2304.32 21523.9
2306.53 21548.6
2306.26 21579.9
2307.38 21623.8
2307.49 21600.3
2307.36 21586.7
2309.64 21615.6
2309.51 21586.4
2313.48 21611
2313.56 21593.6
2313.56 21615.7
2313.54 21684.2
2313.97 21740.2
2314.03 21910.5
2316.89 21983.4
2316.79 22025
2316.36 22068.6
2320.04 22156.8
2319.96 22157.9
2321.61 22206.6
2321.21 22207.3
2321.18 22231.2
2320.9 22267.7
2322.08 22357.1
2322.96 22364.3
2322.98 22359.3
2322.98 22366.2
2323.01 22347
2323 22355.4
2324.02 22394
2324.19 22453.6
2324.48 22485.7
2322.84 22446.3
2323.67 22391.7
2323.9 22371.6
2324.11 22421.1
2323.65 22354.2
2323.66 22363.3
2323.76 22361.4
2323.79 22350.1
2323.69 22344.6
2323.76 22367.8
2325.52 22421.4
2325.35 22455.5
2325.82 22487
2321.2 22505
2321.58 22537.8
2321.88 22489.8
2322.06 22485.2
2321.89 22370.3
2321.39 22351.8
2321.66 22346.8
2321.68 22346.7
2321.56 22351.8
2320.47 22407.6
2324.84 22486.9
2331.54 22461.5
2331.61 22478.2
2332.65 22486.9
2332.31 22482
2331.89 22492.1
2335.2 22708.7
2336.45 22700.8
2336.33 22736.1
2336.48 22715.1
2332.82 22723
2332.8 22717.6
2333.9 22719
2333.81 22715.9
2334.54 22733.5
2335.26 22729.9
2334.82 22700.7
2334.85 22700.6
2334.23 22709.8
2334.15 22687.5
2334.11 22696.2
2341.69 22773.7
2341.74 22928
2341.95 23033.6
2342.01 23083.8
2342.19 23082.8
2342.03 23147.5
2339.12 23111.9
2342.04 23242.8
2337.02 23242.1
2336.79 23250.4
2340.77 23306.3
2342.08 23345
2342.07 23473.4
2342.23 23529.1
2342.18 23545.8
2342.81 23540.3
2342.68 23491.7
2342.69 23469.6
2342.72 23470.2
2343.26 23481.9
2343.6 23444
2343.48 23437.6
2343.29 23446.9
2343.23 23424
2343.15 23423.2
2347.11 23481.6
2347.21 23376.6
2347.16 23405.5
2347.63 23457.2
2347.11 23320.7
2350.48 23398.2
2357.27 23507.5
2357.08 23397.8
2358.1 23423.3
2358.12 23440.5
2358.14 23440.6
2358.13 23401.6
2357.96 23384.5
2358.37 23373.6
2355.86 23378.2
2356.28 23385.6
2356.37 23403.2
2359.39 23446.8
2359.49 23381.6
2359.62 23367.4
2360.12 23434.4
2360.14 23405.5
2365.06 23403.6
2365.06 23396.8
2365.14 23387.3
2365.85 23386.1
2365.46 23394.9
2365.7 23419
2365.75 23393.1
2365.73 23388.9
2365.76 23385
2367.32 23402.7
2367.94 23373.9
2367.99 23372.9
2368.69 23638
2368.61 23682
2368.39 23665.6
2368.3 23673.7
2368.25 23717.9
2368.26 23738.6
2368.98 23793.4
2368.98 23721
2368.99 23725.4
2369.35 23709.1
2369.36 23703.1
2369.37 23692.8
2371 23720.8
2371 23737.5
2371.84 23762.8
2371.84 23763.8
2371.6 23755.8
2371.89 23762.5
2371.38 23781.9
2370.29 23776.1
2368.83 23782.3
2373.95 23777.1
2374.52 23781.8
2374.61 23775.8
2374.86 23795.2
2376.29 23852.3
2375.79 23949.8
2375.99 23939.9
2376.01 23970.9
2374.87 23973.2
2374.81 23998.7
2374.79 24001.7
2375.47 24004.7
2375.45 23992.2
2377.08 23998.1
2377.05 23974.3
2376.61 23979.5
2376.8 23926.2
2376.69 23853.4
2376.79 23915.5
2375.74 23839.1
2376.46 23866.2
2374.06 23925.6
2373.67 23927.5
2373.65 23907.1
2373.81 23889.4
2373.72 23884.3
2373.33 23870.4
2374.29 23893.4
2373.86 23862.5
2373.8 23842.3
2373.64 23824.3
2373.34 23871.2
2374.34 23871.7
2373.89 23872.8
2374.52 23880.4
2373.6 23920.2
2374.11 23963.1
2374.34 23982
2375.44 24003.5
2377.31 23943.4
2377.83 23965.6
2377.55 23962.5
2377.55 23974.9
2377.98 23967.4
2377.99 23971.4
2377.67 23976.1
2376.93 23957.7
2377.72 23983.6
2378 23978.3
2377.22 23945.4
2377.2 23958.5
2375.94 23963.1
2376.17 23970.7
2333.62 23992.2
2333.64 24026.1
2333.88 24039.5
2334.72 24066.7
2336.69 24142.5
2336.67 24161.4
2336.6 24178
2337.73 24193.3
2337.8 24200.1
2337.97 24212
2338.07 24204.5
2341.06 24197.9
2340.95 24230.6
2343 24237.1
2344.65 24350.2
2345.01 24341.7
2345.17 24384.9
2345.16 24409.5
2345.19 24433.5
2346.13 24433.3
2345.79 24435.1
2345.1 24459.5
2344.96 24513.6
2339.92 24646.7
2339.76 24589.5
2340.1 24585
2339.55 24581.7
2339.72 24598.8
2339.77 24606
2340.08 24598.2
2340.44 24598.2
2340.45 24597
2340.82 24597.9
2341.4 24593.3
2341.69 24590.8
2341.69 24607.7
2341.55 24605.9
2341.51 24580.9
2342.46 24536.8
2342.39 24541.1
2343.11 24515.2
2343.28 24514.7
2343.37 24495.3
2343.57 24498.4
2344.84 24506.1
2344.89 24490.7
2347.52 24536.1
2347.77 24533.7
2347.8 24546.9
2347.78 24574.6
2347.76 24568.6
2348.16 24561.5
2348.67 24511
2348.65 24452.7
2348.42 24395.6
2348.98 24387.6
2349.61 24403.5
2349.38 24425.2
2349.18 24453.8
2349.33 24489
2349.25 24454.9
2344.84 24456.6
2344.83 24446.9
2344.53 24452.1
2342.63 24421.3
2342.14 24411.3
2341.49 24386.2
2341.63 24394.3
2342.11 24410.8
2342.26 24460.4
2342.25 24414.1
2342.51 24406.4
2342.51 24401.6
2342.45 24414.4
2344.14 24521.1
2344.33 24531.5
2344.3 24579.3
2343.81 24574.4
2343.91 24538.7
2343.8 24504.6
2343.74 24514.3
2343.85 24470
2344.36 24462.6
2344.48 24460.8
2344.98 24490.9
2345.15 24544.9
2345.66 24597.1
2345.84 24594.8
2346.05 24589.6
2345.96 24569.5
2347.35 24610.4
2347.16 24591.3
2345.89 24529.1
2346.5 24585.7
2347.79 24593.3
2347.83 24593.7
2347.3 24588.8
2347.15 24608
2347.42 24623.6
2347.39 24652.5
2347.27 24645.3
2347.32 24641.4
2347.22 24638.5
2347.33 24618.5
2347.29 24655.1
2347.52 24697.7
2347.53 24701.3
2347.54 24697.2
2347.63 24689.6
2347.59 24680.8
2348.46 24705.4
2348.26 24688.8
2349.63 24714.7
2349.76 24720.6
2349.76 24715.4
2349.94 24722.2
2349.99 24706.8
2350.54 24705.3
2350.74 24700.8
2350.67 24726.1
2350.6 24724.6
2351.65 24756.4
2351.66 24762.8
2351.37 24739.2
2351.3 24742.7
2351.3 24710.8
2351.02 24697.4
2350.85 24702.8
2350.8 24720.3
2353.14 24734.4
2353.32 24726.3
2353.39 24689.9
2353.52 24701.6
2353.47 24699.2
2353.18 24698.4
2352.51 24696.5
2353.04 24686
2352.64 24675.3
2353.1 24686.5
2352.78 24671.9
2354.73 24709.1
2355.22 24682.8
2355.23 24667.7
2355.27 24676.9
2355.35 24775.6
2354.63 24700.6
2354.52 24683.3
2353.93 24683.5
2353.91 24668.8
2353.89 24658.5
2356.97 24720.7
2356.04 24698.5
2355.99 24687.7
2355.97 24675.5
2355.74 24668.4
2355.5 24660.4
2355.43 24610.6
2355.15 24565.6
2355.74 24634.3
2355.64 24678.5
2355.99 24690.6
2356.02 24688.2
2355.9 24682.1
2356.1 24695
2356.18 24703
2356.1 24693.8
2356.52 24684.8
2356.7 24690.6
2356.85 24710.9
2356.35 24714.9
2356.34 24707.8
2356.83 24713.4
2356.85 24698.2
2357.65 24709.9
2357.53 24726.3
2357.57 24727.2
2356.5 24698.2
2356.51 24671
2356.5 24664.9
2356.53 24660.6
2355.82 24669.4
2356.26 24704.9
2356.18 24661.3
2355.56 24617.7
2355.94 24645.9
2355.81 24633.2
2355.81 24628.2
2355.9 24622.4
2355.99 24634.9
2356.67 24626.8
2356.58 24623.3
2355.32 24702.8
2354.65 24719.2
2354.32 24760.9
2354.57 24723
2354.46 24722.2
2354.87 24735.1
2354.87 24766.1
2354.73 24762.6
2352.38 24748.1
2352.4 24749.5
2352.41 24753.8
2352.97 24759.9
2353.13 24752
2353.11 24752.9
2353.23 24759.4
2353.27 24756.3
2353.09 24759.2
2353.48 24779.4
2353.41 24783.8
2353.33 24801.9
2354.71 24847.3
2354.58 24892.2
2354.57 24889.6
2354.58 24885.6
2354.71 24877.8
2354.8 24857
2354.63 24868.5
2353.89 24863.8
2352.6 24871.5
2352.71 24856.5
2352.58 24850.4
2352.22 24825.2
2352.22 24786.8
2352.22 24804.5
2352.26 24818.7
2352.21 24804.7
2352.52 24843.8
2352.4 24805.8
2352.36 24826.8
2352.24 24857.7
2352.58 24839.4
2352.66 24852.7
2352.41 24857.3
2352.39 24837.5
2352.78 24855.5
2352.85 24883.6
2354.14 24947
2353.91 24976.3
2353.86 24974.3
2353.85 24961.8
2354.27 24964.3
2354.36 24939.8
2354.44 24935.6
2354.34 24944.2
2354.38 24962.6
2354.26 24974.9
2354.54 25000.5
2354.58 24995.9
2354.57 24973.5
2354.64 24980.8
2355.02 24983.9
2355.02 25017.1
2354.85 24996.5
2354.65 24978.6
2353.88 25068.1
2353.87 25095.2
2354.2 25122.2
2354.1 25098.4
2354.39 25140.6
2354.58 25193.4
2354.27 25136.8
2354.13 25157
2354.89 25176.3
2354.96 25167.3
2355.28 25176.3
2355.37 25162.3
2355.36 25163.5
2355.21 25135
2355.11 25084.6
2354.65 25064.6
2354.74 25064.4
2355.14 25111
2355.35 25116.6
2355.37 25127
2355.29 25133.3
2355.33 25141.3
2355.45 25147.5
2355.46 25147
2322.95 25110.5
2324.27 25183.8
2323.83 25210.7
2323.44 25214.3
2323.5 25204
2323.64 25188.3
2323.66 25189.7
2324.29 25222.1
2325.07 25217.1
2325.33 25226.4
2325.35 25226.3
2324.89 25230.3
2325.03 25261.4
2325.69 25228.9
2325.89 25222.5
2325.81 25226.9
2325.51 25233.2
2325.51 25230.6
2326.16 25222.8
2326.17 25236.2
2326.44 25241.9
2326.55 25246.4
2326.94 25279
2327.31 25250
2327.04 25266.5
2326.24 25280.7
2328.07 25322.5
2328.17 25365
2328.34 25369.9
2328.14 25383.2
2328.28 25402.6
2329.01 25420
2328.68 25433.1
2328.2 25412.9
2328.15 25400.8
2328.15 25383.3
2328.59 25377.9
2328.74 25352
2328.75 25347.8
